0.005973
0.005057
0.004795
0.004694
0.004581
0.004495
0.004502
0.004500
0.004467
0.004430
0.004509
0.004418
0.004374
0.004437
0.004365
0.004418
0.004347
0.004351
0.004346
0.004337
0.004340
0.004337
0.004347
0.004326
0.004341
0.004451
0.004355
0.004360
0.004301
0.004343
0.004378
0.004472
0.004387
0.004385
0.004285
0.004282
0.004285
0.004329
0.004344
0.004265
0.004285
0.004330
0.004309
0.004279
0.004286
0.004284
0.004337
0.004515
0.004310
0.004277
0.004254
0.004239
0.004309
0.004250
0.004293
0.004278
0.004256
0.004258
0.004245
0.004268
0.004255
0.004306
0.004264
0.004252
0.004248
0.004242
0.004269
0.004254
0.004249
0.004246
0.004233
0.004251
0.004241
0.004268
0.004245
0.004255
0.004284
0.004252
0.004255
0.004287
0.004270
0.004237
0.004252
0.004255
0.004266
0.004289
0.004234
0.004245
0.004239
0.004238
0.004244
0.004239
0.004244
0.004233
0.004316
0.004237
0.004238
0.004241
0.004230
0.004275
0.004244
0.004232
0.004234
0.004289
0.004250
0.004235
0.004237
0.004238
0.004240
0.004234
0.004244
0.004235
0.004226
0.004247
0.004220
0.004370
0.004255
0.004277
0.004293
0.004230
0.004263
0.004234
0.004258
0.004268
0.004230
0.004241
0.004233
0.004267
0.004233
0.004247
0.004236
0.004229
0.004263
0.004241
0.004263
0.004235
0.004241
0.004255
0.004227
0.004254
0.004230
0.004251
0.004308
0.004249
0.004251
0.004298
0.004275
0.004242
0.004238
0.004231
0.004233
0.004245
0.004219
0.004256
0.004236
0.004242
0.004237
0.004288
0.004245
0.004226
0.004370
0.004245
0.004258
0.004238
0.004230
0.004246
0.004226
0.004260
0.004222
0.004250
0.004254
0.004242
0.004237
0.004229
0.004244
0.004225
0.004234
0.004235
0.004220
0.004257
0.004227
0.004245
0.004233
0.004232
0.004349
0.004297
0.004301
0.004237
0.004302
0.004232
0.004413
0.004324
0.004312
0.004335
0.004265
0.004275
0.004235
0.004303
0.004247
0.004275
0.004274
0.004227
0.004290
0.004232
0.004313
0.004297
0.004294
0.004272
0.004228
0.004293
0.004231
0.004326
0.004241
0.004281
0.004262
0.004217
0.004311
0.004247
0.004319
0.004245
0.004250
0.004252
0.004221
0.004262
0.004213
0.004304
0.004226
0.004328
0.004265
0.004221
0.004274
0.004215
0.004268
0.004229
0.004217
0.004295
0.004225
0.004258
0.004309
0.004276
0.004228
0.004227
0.004320
0.004246
0.004297
0.004236
0.004272
0.004248
0.004212
0.004264
0.004312
0.004272
0.004236
0.004267
0.004245
0.004217
0.004276
0.004217
0.004293
0.004223
0.004234
0.004311
0.004225
0.004282
0.004219
0.004367
0.004241
0.004257
0.004251
0.004214
0.004252
0.004224
0.004297
0.004267
0.004249
0.004271
0.004227
0.004268
0.004228
0.004313
0.004233
0.004210
0.004269
0.004218
0.004254
0.004256
0.004357
0.004227
0.004217
0.004296
0.004232
0.004304
0.004236
0.004289
0.004246
0.004247
0.004274
0.004227
0.004291
0.004230
0.004305
0.004250
0.004274
0.004315
0.004243
0.004306
0.004231
0.004308
0.004238
0.004219
0.004316
0.004241
0.004325
0.004235
0.004304
0.004233
0.004227
0.004281
0.004216
0.004300
0.004229
0.004243
0.004253
0.004212
0.004277
0.004253
0.004275
0.004228
0.004219
0.004263
0.004224
0.004269
0.004235
0.004312
0.004264
0.004245
0.004284
0.004228
0.004280
0.004224
0.004320
0.004258
0.004245
0.004280
0.004215
0.004297
0.004232
0.004377
0.004413
0.004306
0.004280
0.004219
0.004303
0.004258
0.004318
0.004257
0.004256
0.004310
0.004240
0.004286
0.004234
0.004297
0.004230
0.004234
0.004266
0.004214
0.004286
0.004219
0.004321
0.004251
0.004221
0.004288
0.004232
0.004360
0.004253
0.004299
0.004239
0.004225
0.004361
0.004333
0.004290
0.004316
0.004337
0.004260
0.004225
0.004319
0.004239
0.004289
0.004239
0.004320
0.004245
0.004239
0.004315
0.004238
0.004324
0.004250
0.004291
0.004265
0.004249
0.004300
0.004230
0.004300
0.004243
0.004312
0.004287
0.004252
0.004286
0.004234
0.004299
0.004240
0.004326
0.004251
0.004237
0.004296
0.004236
0.004327
0.004241
0.004337
0.004256
0.004237
0.004297
0.004230
0.004311
0.004243
0.004315
0.004323
0.004237
0.004316
0.004251
0.004335
0.004251
0.004298
0.004244
0.004235
0.004265
0.004233
0.004291
0.004414
0.004421
0.004250
0.004231
0.004262
0.004221
0.004288
0.004223
0.004403
0.004258
0.004238
0.004277
0.004225
0.004299
0.004389
0.004370
0.004266
0.004233
0.004287
0.004236
0.004309
0.004235
0.004322
0.004247
0.004233
0.004302
0.004232
0.004308
0.004233
0.004296
0.004258
0.004221
0.004282
0.004230
0.004313
0.004218
0.004288
0.004305
0.004258
0.004359
0.004268
0.004307
0.004235
0.004273
0.004248
0.004219
0.004259
0.004220
0.004301
0.004225
0.004258
0.004251
0.004285
0.004336
0.004232
0.004284
0.004222
0.004246
0.004330
0.004225
0.004260
0.004219
0.004303
0.004244
0.004253
0.004279
0.004225
0.004323
0.004275
0.004318
0.004300
0.004264
0.004275
0.004293
0.004290
0.004310
0.004330
0.004246
0.004258
0.004296
0.004237
0.004293
0.004325
0.004399
0.004278
0.004278
0.004267
0.004314
0.004307
0.004238
0.004318
0.004240
0.004271
0.004281
0.004300
0.004225
0.004220
0.004304
0.004229
0.004243
0.004254
0.004221
0.004294
0.004214
0.004270
0.004322
0.004228
0.004285
0.004226
0.004329
0.004220
0.004330
0.004266
0.004228
0.004284
0.004227
0.004318
0.004230
0.004305
0.004242
0.004238
0.004285
0.004227
0.004278
0.004224
0.004312
0.004233
0.004225
0.004293
0.004222
0.004300
0.004254
0.004309
0.004254
0.004227
0.004305
0.004226
0.004301
0.004215
0.004237
0.004245
0.004212
0.004271
0.004224
0.004289
0.004225
0.004213
0.004330
0.004226
0.004276
0.004264
0.004295
0.004234
0.004214
0.004274
0.004222
0.004285
0.004217
0.004302
0.004232
0.004230
0.004278
0.004236
0.004285
0.004232
0.004300
0.004234
0.004218
0.004261
0.004206
0.004254
0.004212
0.004285
0.004227
0.004216
0.004276
0.004213
0.004275
0.004225
0.004271
0.004265
0.004221
0.004273
0.004281
0.004297
0.004235
0.004225
0.004309
0.004272
0.004280
0.004221
0.004315
0.004258
0.004226
0.004271
0.004209
0.004276
0.004224
0.004298
0.004228
0.004216
0.004272
0.004206
0.004312
0.004228
0.004294
0.004229
0.004219
0.004261
0.004227
0.004285
0.004233
0.004299
0.004225
0.004213
0.004262
0.004222
0.004276
0.004213
0.004295
0.004234
0.004227
0.004344
0.004246
0.004279
0.004230
0.004308
0.004234
0.004229
0.004272
0.004225
0.004335
0.004226
0.004271
0.004265
0.004213
0.004277
0.004221
0.004265
0.004231
0.004255
0.004251
0.004203
0.004260
0.004214
0.004277
0.004223
0.004236
0.004305
0.004221
0.004453
0.004255
0.004318
0.004240
0.004250
0.004275
0.004227
0.004298
0.004246
0.004413
0.004248
0.004236
0.004314
0.004236
0.004294
0.004233
0.004322
0.004251
0.004249
0.004272
0.004221
0.004308
0.004250
0.004303
0.004245
0.004217
0.004270
0.004227
0.004288
0.004297
0.004290
0.004233
0.004218
0.004267
0.004213
0.004279
0.004211
0.004268
0.004248
0.004211
0.004266
0.004212
0.004289
0.004347
0.004278
0.004235
0.004222
0.004297
0.004221
0.004307
0.004230
0.004282
0.004263
0.004222
0.004289
0.004226
0.004312
0.004227
0.004287
0.004268
0.004221
0.004299
0.004222
0.004313
0.004231
0.004314
0.004298
0.004222
0.004311
0.004256
0.004306
0.004241
0.004267
0.004266
0.004238
0.004283
0.004266
0.004367
0.004254
0.004260
0.004278
0.004240
0.004291
0.004238
0.004308
0.004253
0.004243
0.004275
0.004225
0.004301
0.004233
0.004307
0.004286
0.004239
0.004272
0.004318
0.004285
0.004233
0.004270
0.004228
0.004217
0.004283
0.004213
0.004261
0.004221
0.004267
0.004236
0.004219
0.004278
0.004220
0.004296
0.004210
0.004253
0.004239
0.004207
0.004270
0.004216
0.004303
0.004231
0.004275
0.004271
0.004216
0.004282
0.004235
0.004347
0.004277
0.004295
0.004272
0.004219
0.004298
0.004218
0.004318
0.004239
0.004342
0.004392
0.004236
0.004301
0.004230
0.004328
0.004273
0.004306
0.004257
0.004228
0.004267
0.004223
0.004305
0.004235
0.004246
0.004263
0.004232
0.004267
0.004229
0.004300
0.004234
0.004219
0.004392
0.004244
0.004270
0.004251
0.004306
0.004233
0.004215
0.004263
0.004222
0.004292
0.004244
0.004318
0.004246
0.004346
0.004280
0.004238
0.004296
0.004321
0.004325
0.004261
0.004261
0.004310
0.004238
0.004313
0.004243
0.004318
0.004255
0.004230
0.004298
0.004230
0.004327
0.004267
0.004325
0.004245
0.004226
0.004289
0.004221
0.004267
0.004219
0.004269
0.004233
0.004222
0.004285
0.004228
0.004298
0.004234
0.004253
0.004253
0.004220
0.004283
0.004229
0.004374
0.004263
0.004254
0.004255
0.004228
0.004292
0.004233
0.004300
0.004232
0.004249
0.004259
0.004229
0.004267
0.004231
0.004347
0.004230
0.004246
0.004388
0.004304
0.004268
0.004218
0.004303
0.004227
0.004248
0.004247
0.004217
0.004263
0.004232
0.004298
0.004245
0.004252
0.004425
0.004241
0.004272
0.004224
0.004282
0.004242
0.004239
0.004257
0.004227
0.004260
0.004221
0.004265
0.004239
0.004219
0.004280
0.004213
0.004294
0.004223
0.004258
0.004247
0.004223
0.004284
0.004231
0.004280
0.004234
0.004256
0.004244
0.004229
0.004279
0.004230
0.004288
0.004293
0.004256
0.004260
0.004223
0.004283
0.004230
0.004291
0.004223
0.004237
0.004326
0.004231
0.004256
0.004218
0.004307
0.004235
0.004301
0.004265
0.004226
0.004271
0.004227
0.004303
0.004219
0.004222
0.004274
0.004310
0.004279
0.004239
0.004317
0.004228
0.004220
0.004471
0.004235
0.004282
0.004226
0.004293
0.004234
0.004257
0.004282
0.004255
0.004292
0.004226
0.004286
0.004226
0.004219
0.004275
0.004219
0.004268
0.004239
0.004339
0.004232
0.004229
0.004286
0.004231
0.004279
0.004223
0.004258
0.004244
0.004220
0.004285
0.004217
0.004302
0.004231
0.004275
0.004265
0.004220
0.004294
0.004229
0.004395
0.004260
0.004299
0.004264
0.004211
0.004278
0.004228
0.004319
0.004249
0.004275
0.004267
0.004229
0.004283
0.004237
0.004328
0.004262
0.004301
0.004366
0.004309
0.004349
0.004773
0.005532
0.005829
0.004966
0.004884
0.005302
0.004682
0.004579
0.004545
0.004607
0.004584
0.004627
0.004489
0.004545
0.004591
0.004536
0.004923
0.004545
0.004561
0.004669
0.004681
0.004545
0.004571
0.004490
0.004481
0.004392
0.004436
0.004438
0.004508
0.004417
0.004400
0.004432
0.004377
0.004499
0.004646
0.004528
0.004416
0.004414
0.004578
0.004521
0.004687
0.004542
0.004525
0.004463
0.004468
0.004438
0.004499
0.004442
0.004411
0.004438
0.004372
0.004523
0.004655
0.004536
0.004474
0.004456
0.004403
0.004423
0.004644
0.004480
0.004447
0.004394
0.004452
0.004410
0.004435
0.004417
0.004398
0.004492
0.004392
0.004423
0.004352
0.004421
0.004363
0.004417
0.004386
0.004364
0.004410
0.004365
0.004423
0.004353
0.004460
0.004426
0.004434
0.004401
0.004378
0.004462
0.004399
0.004446
0.004356
0.004476
0.004395
0.004430
0.004405
0.004290
0.004371
0.004324
0.004357
0.004238
0.004333
0.004284
0.004225
0.004325
0.004231
0.004318
0.004228
0.004290
0.004320
0.004244
0.004342
0.004254
0.004290
0.004316
0.004462
0.004265
0.004233
0.004270
0.004240
0.004354
0.004233
0.004277
0.004254
0.004222
0.004255
0.004218
0.004324
0.004245
0.004255
0.004234
0.004211
0.004262
0.004211
0.004308
0.004248
0.004249
0.004273
0.004230
0.004291
0.004235
0.004287
0.004281
0.004216
0.004293
0.004214
0.004289
0.004234
0.004311
0.004236
0.004226
0.004298
0.004222
0.004297
0.004305
0.004298
0.004363
0.004341
0.004360
0.004316
0.004296
0.004229
0.004306
0.004248
0.004259
0.004335
0.004233
0.004285
0.004239
0.004315
0.004249
0.004313
0.004283
0.004221
0.004293
0.004242
0.004307
0.004250
0.004220
0.004331
0.004318
0.004310
0.004278
0.004296
0.004247
0.004230
0.004274
0.004216
0.004294
0.004233
0.004280
0.004230
0.004227
0.004275
0.004225
0.004271
0.004228
0.004436
0.004239
0.004218
0.004267
0.004211
0.004293
0.004214
0.004286
0.004270
0.004229
0.004289
0.004243
0.004322
0.004231
0.004266
0.004260
0.004218
0.004293
0.004232
0.004321
0.004265
0.004317
0.004266
0.004240
0.004292
0.004232
0.004314
0.004249
0.004285
0.004289
0.004230
0.004299
0.004225
0.004316
0.004237
0.004252
0.004243
0.004227
0.004260
0.004223
0.004302
0.004216
0.004210
0.004265
0.004210
0.004252
0.004209
0.004293
0.004268
0.004222
0.004411
0.004387
0.004282
0.004237
0.004305
0.004235
0.004244
0.004251
0.004228
0.004262
0.004214
0.004277
0.004228
0.004210
0.004280
0.004216
0.004277
0.004216
0.004247
0.004323
0.004230
0.004271
0.004225
0.004287
0.004211
0.004237
0.004247
0.004214
0.004279
0.004216
0.004280
0.004226
0.004244
0.004252
0.004217
0.004264
0.004215
0.004304
0.004221
0.004217
0.004311
0.004220
0.004252
0.004221
0.004296
0.004216
0.004233
0.004270
0.004223
0.004282
0.004221
0.004282
0.004236
0.004298
0.004281
0.004214
0.004268
0.004218
0.004294
0.004231
0.004226
0.004275
0.004234
0.004264
0.004358
0.004325
0.004286
0.004238
0.004275
0.004211
0.004364
0.004266
0.004292
0.004236
0.004223
0.004289
0.004235
0.004306
0.004246
0.004299
0.004272
0.004236
0.004298
0.004230
0.004301
0.004240
0.004280
0.004272
0.004243
0.004299
0.004338
0.004470
0.004266
0.004328
0.004285
0.004236
0.004313
0.004242
0.004311
0.004231
0.004242
0.004258
0.004220
0.004271
0.004380
0.004296
0.004227
0.004235
0.004243
0.004213
0.004257
0.004215
0.004337
0.004237
0.004246
0.004248
0.004212
0.004252
0.004223
0.004286
0.004224
0.004267
0.004264
0.004224
0.004286
0.004217
0.004311
0.004241
0.004242
0.004302
0.004233
0.004291
0.004221
0.004309
0.004253
0.004232
0.004299
0.004238
0.004296
0.004242
0.004331
0.004323
0.004245
0.004348
0.004285
0.004341
0.004306
0.004343
0.004250
0.004251
0.004286
0.004232
0.004293
0.004219
0.004310
0.004253
0.004334
0.004297
0.004281
0.004306
0.004233
0.004301
0.004238
0.004240
0.004281
0.004366
0.004372
0.004257
0.004308
0.004223
0.004244
0.004276
0.004227
0.004317
0.004236
0.004312
0.004247
0.004216
0.004285
0.004220
0.004316
0.004252
0.004316
0.004245
0.004217
0.004303
0.004222
0.004343
0.004230
0.004334
0.004259
0.004242
0.004303
0.004232
0.004280
0.004226
0.004273
0.004231
0.004213
0.004258
0.004223
0.004268
0.004217
0.004269
0.004246
0.004208
0.004264
0.004212
0.004270
0.004225
0.004277
0.004269
0.004227
0.004268
0.004219
0.004306
0.004239
0.004236
0.004265
0.004222
0.004275
0.004217
0.004309
0.004235
0.004237
0.004288
0.004233
0.004305
0.004236
0.004392
0.004326
0.004271
0.004272
0.004257
0.004283
0.004237
0.004317
0.004319
0.004272
0.004306
0.004226
0.004289
0.004244
0.004283
0.004229
0.004212
0.004280
0.004220
0.004259
0.004219
0.004273
0.004245
0.004213
0.004267
0.004222
0.004271
0.004212
0.004244
0.004235
0.004210
0.004210
0.004208
0.004208
0.004209
0.004217
0.004219
0.004215
0.004219
0.004211
0.004202
0.004222
0.004207
0.004228
0.004222
0.004233
0.004223
0.004213
0.004212
0.004216
0.004215
0.004212
0.004203
0.004214
0.004217
0.004217
0.004242
0.004221
0.004226
0.004227
0.004220
0.004222
0.004228
0.004206
0.004316
0.004227
0.004220
0.004221
0.004220
0.004220
0.004215
0.004211
0.004220
0.004203
0.004227
0.004219
0.004317
0.004242
0.004249
0.004219
0.004216
0.004223
0.004222
0.004211
0.004225
0.004213
0.004226
0.004223
0.004214
0.004210
0.004211
0.004212
0.004217
0.004218
0.004215
0.004213
0.004211
0.004214
0.004218
0.004204
0.004212
0.004205
0.004207
0.004215
0.004254
0.004236
0.004223
0.004224
0.004216
0.004223
0.004211
0.004219
0.004391
0.004299
0.004251
0.004220
0.004253
0.004214
0.004224
0.004216
0.004204
0.004221
0.004212
0.004221
0.004211
0.004354
0.004261
0.004255
0.004215
0.004225
0.004226
0.004217
0.004659
0.004275
0.004316
0.004225
0.004210
0.004212
0.004209
0.004218
0.004216
0.004207
0.004219
0.004210
0.004209
0.004218
0.004207
0.004309
0.004237
0.004222
0.004219
0.004209
0.004222
0.004217
0.004228
0.004218
0.004220
0.004204
0.004206
0.004210
0.004213
0.004211
0.004206
0.004215
0.004208
0.004215
0.004212
0.004205
0.004220
0.004219
0.004292
0.004233
0.004222
0.004219
0.004214
0.004209
0.004218
0.004211
0.004223
0.004208
0.004216
0.004219
0.004214
0.004204
0.004200
0.004225
0.004216
0.004224
0.004218
0.004205
0.004213
0.004212
0.004225
0.004232
0.004224
0.004208
0.004198
0.004214
0.004215
0.004211
0.004211
0.004244
0.004224
0.004217
0.004219
0.004198
0.004224
0.004218
0.004218
0.004210
0.004214
0.004217
0.004211
0.004206
0.004207
0.004230
0.004208
0.004209
0.004217
0.004210
0.004210
0.004220
0.004215
0.004216
0.004222
0.004216
0.004200
0.004212
0.004221
0.004206
0.004214
0.004212
0.004200
0.004208
0.004211
0.004207
0.004201
0.004213
0.004207
0.004210
0.004229
0.004205
0.004221
0.004206
0.004208
0.004204
0.004316
0.004328
0.004210
0.004259
0.004213
0.004222
0.004211
0.004298
0.004220
0.004226
0.004220
0.004218
0.004246
0.004205
0.004208
0.004306
0.004240
0.004223
0.004234
0.004210
0.004216
0.004214
0.004212
0.004219
0.004222
0.004224
0.004285
0.004216
0.004274
0.004217
0.004214
0.004265
0.004211
0.004216
0.004211
0.004205
0.004229
0.004208
0.004206
0.004209
0.004207
0.004215
0.004202
0.004215
0.004182
0.004203
0.004215
0.004200
0.004215
0.004207
0.004213
0.004209
0.004216
0.004214
0.004205
0.004215
0.004212
0.004206
0.004216
0.004208
0.004299
0.004316
0.004275
0.004226
0.004222
0.004226
0.004220
0.004302
0.004223
0.004228
0.004222
0.004213
0.004218
0.004205
0.004226
0.004194
0.004221
0.004211
0.004207
0.004211
0.004214
0.004222
0.004213
0.004203
0.004220
0.004303
0.004238
0.004216
0.004216
0.004219
0.004206
0.004339
0.004289
0.004222
0.004222
0.004221
0.004220
0.004204
0.004222
0.004255
0.004236
0.004212
0.004219
0.004216
0.004205
0.004387
0.004222
0.004216
0.004201
0.004250
0.004204
0.004209
0.004219
0.004228
0.004247
0.004216
0.004217
0.004205
0.004204
0.004220
0.004221
0.004244
0.004206
0.004208
0.004210
0.004205
0.004203
0.004212
0.004203
0.004222
0.004202
0.004212
0.004213
0.004216
0.004212
0.004220
0.004210
0.004202
0.004303
0.004206
0.004217
0.004205
0.004219
0.004214
0.004216
0.004221
0.004200
0.004215
0.004239
0.004226
0.004218
0.004220
0.004225
0.004304
0.004251
0.004220
0.004238
0.004220
0.004224
0.004385
0.004240
0.004224
0.004221
0.004226
0.004224
0.004220
0.004253
0.004240
0.004243
0.004211
0.004215
0.004213
0.004209
0.004226
0.004223
0.004229
0.004223
0.004211
0.004225
0.004209
0.004225
0.004210
0.004275
0.004228
0.004220
0.004218
0.004213
0.004217
0.004212
0.004259
0.004229
0.004214
0.004221
0.004223
0.004207
0.004221
0.004235
0.004215
0.004215
0.004214
0.004212
0.004220
0.004227
0.004211
0.004221
0.004211
0.004222
0.004224
0.004248
0.004216
0.004206
0.004215
0.004202
0.004219
0.004215
0.004212
0.004221
0.004212
0.004215
0.004206
0.004242
0.004219
0.004211
0.004216
0.004206
0.004207
0.004211
0.004212
0.004296
0.004236
0.004284
0.004250
0.004216
0.004223
0.004208
0.004227
0.004215
0.004251
0.004221
