0.017616
0.014081
0.012602
0.012254
0.012028
0.011908
0.011788
0.011714
0.011683
0.011619
0.011628
0.011650
0.011649
0.011613
0.011692
0.011513
0.011532
0.011857
0.011570
0.011527
0.011530
0.011498
0.011501
0.011515
0.011673
0.011552
0.011473
0.011486
0.011477
0.011480
0.011534
0.011519
0.011468
0.011477
0.011450
0.011551
0.011645
0.011546
0.011494
0.011486
0.011469
0.011461
0.011468
0.011468
0.011544
0.011460
0.011485
0.011508
0.011455
0.011454
0.011507
0.011511
0.011469
0.011680
0.011437
0.011491
0.011459
0.011519
0.011623
0.011667
0.011461
0.011484
0.011453
0.011457
0.011643
0.011515
0.011465
0.011488
0.011443
0.011459
0.011519
0.011590
0.011585
0.011515
0.011472
0.011445
0.011463
0.011508
0.011587
0.011457
0.011469
0.011501
0.011460
0.011510
0.011502
0.011467
0.011441
0.011443
0.011520
0.011449
0.011564
0.011513
0.011468
0.011459
0.011451
0.011436
0.011432
0.011522
0.011448
0.011504
0.011450
0.011449
0.011431
0.011452
0.011512
0.011480
0.011524
0.011510
0.011442
0.011435
0.011496
0.011498
0.011449
0.011448
0.011453
0.011429
0.011483
0.011518
0.011466
0.011450
0.011444
0.011461
0.011453
0.011418
0.011642
0.011711
0.011518
0.011474
0.011451
0.011409
0.011485
0.011528
0.011438
0.011503
0.011460
0.011431
0.011456
0.011483
0.011470
0.011458
0.011444
0.011445
0.011936
0.011486
0.011515
0.012171
0.011557
0.011459
0.011473
0.011457
0.011527
0.011543
0.011458
0.011474
0.011446
0.011427
0.011471
0.011581
0.011616
0.011905
0.011569
0.011532
0.011461
0.011518
0.011464
0.011476
0.011422
0.011449
0.011488
0.011515
0.011500
0.011448
0.011445
0.011454
0.011451
0.011418
0.011470
0.011654
0.011474
0.011458
0.011438
0.011433
0.011835
0.011655
0.011498
0.011483
0.011521
0.011611
0.011440
0.011441
0.011524
0.011477
0.011703
0.011462
0.011461
0.011513
0.011496
0.011464
0.011564
0.011508
0.011435
0.011445
0.011463
0.011517
0.011473
0.011438
0.011451
0.011466
0.011422
0.011457
0.011507
0.011459
0.011503
0.011530
0.011442
0.011455
0.011476
0.011497
0.011454
0.011443
0.011486
0.011466
0.011449
0.011492
0.011493
0.011457
0.011451
0.011424
0.011442
0.011474
0.011630
0.011491
0.011571
0.012168
0.011463
0.011467
0.011511
0.011525
0.011477
0.011488
0.011434
0.011449
0.011432
0.011524
0.011484
0.011451
0.011479
0.011549
0.011661
0.015017
0.014062
0.013069
0.012495
0.012311
0.012239
0.012311
0.012610
0.011912
0.012605
0.011884
0.011592
0.011631
0.011622
0.012274
0.011994
0.011699
0.011699
0.011644
0.011580
0.011403
0.011367
0.011428
0.011557
0.011665
0.011478
0.011431
0.011733
0.011808
0.011448
0.011804
0.014544
0.012313
0.012014
0.011867
0.011855
0.011718
0.011512
0.011473
0.011625
0.011485
0.011516
0.011480
0.011520
0.011589
0.011462
0.011549
0.011503
0.011647
0.011592
0.011586
0.011475
0.011524
0.011484
0.011466
0.011507
0.011555
0.011535
0.011547
0.011497
0.011421
0.011434
0.011513
0.011583
0.011626
0.011531
0.011435
0.011374
0.011589
0.011445
0.012076
0.011398
0.011423
0.011377
0.011415
0.011418
0.011400
0.011405
0.011425
0.011463
0.011491
0.011600
0.011470
0.011563
0.011375
0.011394
0.011519
0.011355
0.011424
0.011434
0.011338
0.011387
0.011399
0.011455
0.011362
0.011346
0.011342
0.011399
0.011367
0.011359
0.011484
0.011366
0.011412
0.011355
0.011492
0.011521
0.011373
0.011425
0.011388
0.011398
0.011376
0.011370
0.011343
0.011383
0.011586
0.011633
0.011477
0.011804
0.011461
0.011771
0.011509
0.011569
0.011496
0.011421
0.011402
0.011436
0.011512
0.011595
0.011558
0.011385
0.011377
0.011344
0.011391
0.011334
0.011435
0.011389
0.011382
0.011358
0.011361
0.011447
0.011386
0.011406
0.011483
0.011368
0.011414
0.011375
0.011372
0.011354
0.011381
0.011412
0.011356
0.011395
0.011380
0.011401
0.011356
0.011347
0.011572
0.011498
0.012117
0.011395
0.011382
0.011348
0.011474
0.011364
0.011444
0.011384
0.011374
0.011421
0.011357
0.011415
0.011405
0.011389
0.011396
0.011353
0.011363
0.011587
0.011438
0.011370
0.011474
0.011424
0.011387
0.011353
0.011353
0.011423
0.011405
0.011355
0.011353
0.011545
0.011415
0.011443
0.011462
0.011493
0.011459
0.011558
0.011497
0.011434
0.011466
0.011524
0.011542
0.011468
0.011477
0.011422
0.011444
0.011453
0.011518
0.011502
0.011533
0.011505
0.011440
0.011473
0.011508
0.011566
0.011432
0.011482
0.011483
0.011428
0.011438
0.011515
0.011463
0.011456
0.011434
0.011430
0.011631
0.011527
0.011525
0.011477
0.011445
0.011442
0.011547
0.011442
0.011491
0.011581
0.011444
0.011445
0.011464
0.011434
0.011451
0.011493
0.011471
0.011706
0.011746
0.011441
0.011491
0.011618
0.011571
0.011472
0.012238
0.011467
0.011524
0.011466
0.011499
0.011474
0.011444
0.011536
0.011428
0.011579
0.011567
0.011516
0.011500
0.011717
0.011426
0.011455
0.011453
0.011484
0.011590
0.011467
0.011501
0.011542
0.011436
0.011432
0.011497
0.011523
0.011456
0.011462
0.011556
0.011434
0.011480
0.011484
0.011465
0.011438
0.011476
0.011525
0.011440
0.011538
0.011534
0.011483
0.011451
0.011450
0.011435
0.011435
0.011520
0.011459
0.011622
0.011570
0.011488
0.011447
0.011627
0.011506
0.011566
0.011503
0.011476
0.011450
0.011418
0.011557
0.011496
0.011445
0.011438
0.011450
0.011424
0.011579
0.011555
0.011440
0.011471
0.011429
0.011426
0.011437
0.011433
0.011614
0.011492
0.011442
0.011501
0.011445
0.011430
0.011468
0.011506
0.011440
0.011485
0.011458
0.011406
0.011438
0.011645
0.011471
0.011461
0.012106
0.011480
0.011602
0.011499
0.011566
0.011462
0.011424
0.011445
0.011443
0.011413
0.011510
0.011538
0.011540
0.011512
0.011446
0.011428
0.011571
0.011538
0.011447
0.011579
0.011509
0.011436
0.011507
0.011567
0.011504
0.011450
0.011445
0.011448
0.011489
0.011523
0.011527
0.011609
0.011456
0.011505
0.011462
0.011447
0.011477
0.011668
0.011488
0.011471
0.011453
0.011424
0.011421
0.011474
0.011462
0.011523
0.011508
0.011425
0.011444
0.011447
0.011457
0.011510
0.011446
0.011441
0.011717
0.011519
0.011429
0.011563
0.011482
0.011429
0.011449
0.011458
0.011465
0.011647
0.011638
0.011474
0.011456
0.011426
0.011467
0.011474
0.011504
0.011516
0.011534
0.011550
0.011475
0.011450
0.011426
0.011513
0.011468
0.011770
0.011497
0.011460
0.011448
0.011511
0.011612
0.011469
0.011459
0.011432
0.012114
0.011477
0.011660
0.011487
0.011479
0.011439
0.011422
0.011476
0.011608
0.011562
0.011542
0.011450
0.013209
0.014634
0.013778
0.012737
0.012472
0.012383
0.012301
0.012748
0.012390
0.012146
0.012425
0.012012
0.012051
0.012093
0.012533
0.012537
0.012303
0.012314
0.012240
0.012157
0.012186
0.012067
0.012236
0.012017
0.011958
0.011952
0.012010
0.011975
0.011981
0.011937
0.012029
0.012079
0.012097
0.012045
0.012077
0.012034
0.012028
0.011986
0.011906
0.011494
0.011437
0.011616
0.011548
0.011466
0.011468
0.011468
0.011498
0.011475
0.011496
0.011500
0.011454
0.011451
0.011418
0.011453
0.011414
0.011485
0.011554
0.011442
0.011510
0.011528
0.011424
0.011432
0.011524
0.011458
0.011452
0.011486
0.011433
0.011452
0.011571
0.011615
0.011564
0.011457
0.011449
0.012263
0.011461
0.011505
0.011702
0.011453
0.011443
0.011510
0.011462
0.011490
0.011546
0.011465
0.011480
0.011444
0.011422
0.011654
0.011565
0.011491
0.011445
0.011495
0.011441
0.011474
0.011484
0.011499
0.011502
0.011457
0.011522
0.011501
0.011443
0.011442
0.011510
0.011452
0.011448
0.011468
0.011432
0.011451
0.011509
0.011508
0.011458
0.011481
0.011460
0.011477
0.011712
0.011489
0.011523
0.011488
0.011637
0.011435
0.011445
0.011456
0.011568
0.011498
0.011439
0.011471
0.011421
0.011453
0.011526
0.011654
0.011459
0.011465
0.011486
0.011413
0.011553
0.011523
0.011548
0.011467
0.011476
0.011409
0.011480
0.011413
0.011483
0.011612
0.011452
0.011492
0.011438
0.011440
0.011447
0.011491
0.011540
0.011694
0.011661
0.011426
0.011482
0.011663
0.011542
0.011493
0.011431
0.011417
0.012192
0.011552
0.011523
0.011462
0.011427
0.011517
0.011445
0.011542
0.011651
0.011534
0.011437
0.011517
0.011440
0.011509
0.011741
0.011531
0.011549
0.011563
0.011508
0.011423
0.011548
0.011494
0.011483
0.011495
0.011444
0.011460
0.011599
0.011514
0.011521
0.011420
0.011429
0.011501
0.011437
0.011405
0.011465
0.011504
0.011403
0.011421
0.011403
0.011403
0.011403
0.011471
0.011440
0.011448
0.011426
0.011412
0.011386
0.011660
0.011611
0.011460
0.011448
0.011418
0.011454
0.011380
0.011387
0.011468
0.011428
0.011423
0.011452
0.011435
0.011383
0.011520
0.011434
0.011416
0.011758
0.011395
0.011391
0.011369
0.011373
0.011434
0.011402
0.011379
0.011363
0.011341
0.011364
0.011344
0.011507
0.011372
0.011363
0.011394
0.011383
0.011364
0.011488
0.011398
0.011348
0.011394
0.011361
0.011358
0.012057
0.011433
0.011496
0.011405
0.011430
0.011413
0.011536
0.011407
0.011422
0.011536
0.011363
0.011398
0.011356
0.011351
0.011494
0.011373
0.011418
0.011416
0.011516
0.011353
0.011450
0.011376
0.011375
0.011387
0.011473
0.011389
0.011460
0.011388
0.011407
0.011558
0.011425
0.011402
0.011368
0.011345
0.011361
0.011419
0.011352
0.011393
0.011378
0.011374
0.011369
0.011346
0.011402
0.011381
0.011396
0.011423
0.011359
0.011364
0.011359
0.011372
0.011342
0.011331
0.011439
0.011427
0.011361
0.011357
0.011363
0.011374
0.011358
0.011398
0.011533
0.011529
0.011384
0.011381
0.011364
0.011354
0.011414
0.011349
0.011392
0.011370
0.011388
0.011375
0.011373
0.011393
0.011410
0.011355
0.011363
0.011745
0.011396
0.011403
0.011395
0.011422
0.011512
0.011370
0.011356
0.011344
0.011384
0.011395
0.011435
0.012117
0.011370
0.011382
0.011363
0.011359
0.011548
0.011503
0.011425
0.011398
0.011370
0.011383
0.011368
0.011417
0.011694
0.011382
0.011340
0.011403
0.011372
0.011455
0.011462
0.011364
0.011362
0.011344
0.011372
0.011366
0.011429
0.011409
0.011368
0.011375
0.011361
0.011468
0.011361
0.011357
0.011378
0.011438
0.011366
0.011363
0.011359
0.011374
0.011349
0.011365
0.011398
0.011436
0.011387
0.011360
0.011344
0.011583
0.011581
0.011404
0.011408
0.011391
0.011384
0.011365
0.011352
0.011335
0.011428
0.011339
0.011384
0.011349
0.011340
0.011441
0.011492
0.011485
0.011420
0.011426
0.011399
0.011397
0.011407
0.011429
0.011434
0.011356
0.011386
0.011354
0.011344
0.011445
0.011349
0.011389
0.011435
0.011410
0.011346
0.011497
0.011370
0.011341
0.011439
0.011413
0.011357
0.011411
0.011341
0.012076
0.011370
0.011410
0.011381
0.011374
0.011370
0.011371
0.011388
0.011534
0.014916
0.014202
0.013422
0.012659
0.012415
0.012515
0.012478
0.012231
0.011776
0.011715
0.011833
0.011794
0.012106
0.011865
0.012506
0.012138
0.012072
0.011978
0.011775
0.012161
0.011858
0.011962
0.011783
0.011756
0.011711
0.011579
0.011653
0.011637
0.011590
0.011586
0.011782
0.011673
0.011636
0.011663
0.011564
0.011539
0.011535
0.011540
0.011553
0.011877
0.011629
0.011532
0.011535
0.011511
0.011576
0.011694
0.011614
0.011647
0.011839
0.012320
0.011720
0.011706
0.011562
0.011569
0.011555
0.011613
0.011779
0.011944
0.011666
0.011520
0.011672
0.011543
0.011641
0.011628
0.011749
0.011852
0.011576
0.011672
0.011781
0.011696
0.011591
0.011551
0.011591
0.011844
0.011676
0.011617
0.012238
0.011506
0.011528
0.011522
0.011663
0.011767
0.011510
0.011531
0.011450
0.011552
0.011432
0.011519
0.011490
0.011631
0.011557
0.011436
0.011426
0.011504
0.011530
0.011549
0.011458
0.011425
0.011546
0.011556
0.011531
0.011487
0.011550
0.011452
0.011454
0.011441
0.011414
0.011528
0.011504
0.011550
0.011492
0.011456
0.011419
0.011563
0.011706
0.011534
0.011478
0.011600
0.011627
0.011410
0.011623
0.011750
0.011507
0.011706
0.011457
0.011458
0.011617
0.011545
0.011461
0.011489
0.011441
0.011591
0.011491
0.011480
0.011694
0.011567
0.011501
0.011452
0.011591
0.011533
0.011554
0.011440
0.011482
0.011543
0.011438
0.011489
0.011492
0.011501
0.011454
0.011475
0.011426
0.011474
0.011557
0.011494
0.011519
0.011533
0.011526
0.011456
0.011444
0.011539
0.011558
0.011567
0.011513
0.012081
0.011564
0.011467
0.011535
0.011448
0.011493
0.011478
0.011445
0.011472
0.011503
0.011617
0.011565
0.011516
0.011430
0.011469
0.011563
0.011518
0.011498
0.011593
0.011449
0.011447
0.011474
0.011652
0.011725
0.011531
0.011521
0.011503
0.011502
0.011561
0.011546
0.011483
0.011473
0.011579
0.011611
0.011461
0.011511
0.011524
0.011438
0.011438
0.011454
0.011444
0.011585
0.011600
0.011468
0.011465
0.011483
0.011585
0.011461
0.011542
0.011588
0.011490
0.011445
0.011446
0.011435
0.011406
0.011498
0.011506
0.011468
0.011594
0.011588
0.011525
0.011518
0.011536
0.011499
0.011446
0.011460
0.011494
0.011453
0.011443
0.011547
0.011426
0.011436
0.011453
0.011581
0.011666
0.011561
0.011518
0.011476
0.011624
0.011534
0.011446
0.011548
0.011505
0.011504
0.011486
0.011432
0.011455
0.011467
0.012248
0.011492
0.011477
0.011642
0.011723
0.011669
0.011661
0.011466
0.011432
0.011470
0.011482
0.011545
0.011454
0.011784
0.011488
0.011441
0.011501
0.011451
0.011454
0.011526
0.011482
0.011465
0.011590
0.011457
0.011571
0.011461
0.011502
0.011527
0.011559
0.011464
0.011478
0.011442
0.011456
0.011570
0.011496
0.011514
0.011487
0.011460
0.011429
0.011501
0.011499
0.011492
0.011465
0.011488
0.011538
0.011441
0.011654
0.011694
0.011491
0.011451
0.011423
0.011445
0.011434
0.011493
0.011461
0.011457
0.011471
0.011452
0.011518
0.011464
0.011511
0.011437
0.011448
0.011425
0.011501
0.011473
0.011481
0.011536
0.011460
0.011429
0.011439
0.011457
0.011415
0.011487
0.011542
0.011443
0.011441
0.011573
0.011420
0.011425
0.011523
0.011431
0.011583
0.011479
0.011425
0.011483
0.011503
0.011498
0.012247
0.011467
0.011447
0.011464
0.011450
0.011504
0.011495
0.011424
0.011437
0.011586
0.011432
0.011539
0.011556
0.011464
0.011469
0.011474
0.011436
0.011472
0.011467
0.011490
0.011466
0.011478
0.011442
0.011449
0.011443
0.011587
0.011530
0.011438
0.011472
0.011562
0.011455
0.011420
0.011506
0.011484
0.011454
0.011450
0.011461
0.011469
0.011740
0.011599
0.011460
0.011455
0.011423
0.011432
0.011464
0.011466
0.011491
0.011580
0.011447
0.011497
0.011440
0.011420
0.011488
0.011475
0.011445
0.011485
0.011615
0.011445
0.011436
0.011530
0.011460
0.011458
0.011431
0.011437
0.011853
0.011605
0.011514
0.011700
0.011463
0.011459
0.011450
0.011448
0.011564
0.011914
0.011467
0.011458
0.011564
0.011433
0.011485
0.011501
0.011421
0.011476
0.011542
0.011448
0.011443
0.011496
0.011472
0.012107
0.011450
0.011720
0.011539
0.011513
0.011900
0.015406
0.013686
0.012860
0.012537
0.012431
0.012439
0.012912
0.012380
0.012535
0.012542
0.011941
0.012074
0.011990
0.012560
0.012660
0.012102
0.012518
0.012207
0.012196
0.012029
0.011956
0.012136
0.011802
0.011854
0.011718
0.011678
0.011625
0.011618
0.011701
0.011748
0.011942
0.012113
0.011759
0.011837
0.011949
0.011820
0.011734
0.011738
0.012052
0.011897
0.011898
0.011710
0.011732
0.011718
0.011834
0.011786
0.011846
0.011913
0.011783
0.011783
0.011803
0.011671
0.011620
0.011678
0.011664
0.011979
0.011948
0.011909
0.011734
0.011723
0.011799
0.011818
0.011752
0.011815
0.011865
0.011750
0.011772
0.012023
0.011887
0.011792
0.011491
0.011491
0.011571
0.011529
0.011475
0.011494
0.011485
0.011428
0.012124
0.011611
0.011471
0.011477
0.011492
0.011490
0.011453
0.011468
0.011556
0.011597
0.011480
0.011448
0.011577
0.011586
0.011608
0.011528
0.011504
0.011591
0.011447
0.011489
0.011541
0.011595
0.011506
0.011520
0.011675
0.011457
0.011531
0.011521
0.011628
0.011694
0.011548
0.011492
0.011472
0.011503
0.011636
0.011519
0.011428
0.011447
0.011417
0.011364
0.011513
0.011420
0.011366
0.011395
0.011362
0.011333
0.011377
0.011425
0.011616
0.011396
0.011497
0.011392
0.011369
0.011386
0.011441
0.011463
0.011527
0.011400
0.011362
0.011399
0.011351
0.011373
0.011434
0.011329
0.011385
0.011385
0.011355
0.011361
0.011431
0.011412
0.011362
0.011743
0.011392
0.011401
0.011357
0.011366
0.011576
0.011385
0.011371
0.011379
0.011365
0.011351
0.011411
0.011443
0.011349
0.011372
0.011406
0.011346
0.012052
0.011596
0.011487
0.011422
0.011384
0.011455
0.011380
0.011361
0.011401
0.011410
0.011377
0.011404
0.011389
0.011346
0.011693
0.011445
0.011406
0.011378
0.011375
0.011463
0.011484
0.011437
0.011527
0.011515
0.011450
0.011481
0.011424
0.011429
0.011474
0.011526
0.011524
0.011465
0.011438
0.011467
0.011409
0.011474
0.011551
0.011473
0.011455
0.011562
0.011439
0.011581
0.011585
0.011491
0.011447
0.011473
0.011425
0.011699
0.011411
0.011509
0.011483
0.011505
0.011453
0.011455
0.011461
0.011649
0.011658
0.011468
0.011462
0.011472
0.011437
0.011461
0.011486
0.011585
0.011435
0.011461
0.011479
0.011444
0.011429
0.011568
0.011495
0.011455
0.011532
0.011434
0.011478
0.011610
0.011587
0.011473
0.011433
0.011492
0.011714
0.011610
0.011512
0.011532
0.011510
0.011461
0.011473
0.011438
0.012210
0.011552
0.011443
0.011440
0.011457
0.011403
0.011438
0.011674
0.011451
0.011479
0.011471
0.011428
0.011500
0.011493
0.011507
0.011465
0.011459
0.011464
0.011465
0.011535
0.011454
0.011546
0.011461
0.011441
0.011454
0.011442
0.011466
0.011544
0.011491
0.011465
0.011456
0.011516
0.011475
0.011440
0.011518
0.011479
0.011489
0.011452
0.011458
0.011446
0.011470
0.011508
0.011505
0.011528
0.011462
0.011464
0.011497
0.011484
0.011509
0.011436
0.011445
0.011421
0.011456
0.011475
0.011698
0.011500
0.011462
0.011430
0.011448
0.011439
0.011421
0.011485
0.011607
0.011458
0.011458
0.011430
0.011437
0.011431
0.011521
0.011498
0.011702
0.011748
0.011441
0.011541
0.011669
0.011493
0.011450
0.011458
0.011492
0.011486
0.011459
0.011492
0.011502
0.011436
0.011460
0.011421
0.011458
0.011778
0.012277
0.011451
0.011466
0.011451
0.011419
0.011425
0.011533
0.011458
0.011501
0.011470
0.011432
0.011459
0.011508
0.011818
0.011451
0.011438
0.011408
0.011658
0.011527
0.011504
0.011493
0.011433
0.011457
0.011450
0.011424
0.011434
0.011558
0.011483
0.011451
0.011451
0.011515
0.011431
0.011609
0.011526
0.011538
0.011519
0.011436
0.011453
0.011452
0.011583
0.011525
0.011467
0.011500
0.011496
0.011527
0.011418
0.011769
0.011612
0.011453
0.011446
0.011438
0.011460
0.011616
0.011525
0.011472
0.011458
0.011429
0.011426
0.011433
0.011478
0.011476
0.011491
0.011433
0.011457
0.011451
0.011439
0.011492
0.011482
0.011458
0.011473
0.011531
0.011438
0.011431
0.011678
0.011518
0.011444
0.011468
0.011466
0.011491
0.011480
0.011535
0.011459
0.011491
0.011487
0.011441
0.011422
0.011476
0.012180
0.011611
0.013675
0.013403
0.013642
0.012421
0.012376
0.012290
0.012186
0.012882
0.012538
0.012779
0.012035
0.012100
0.011924
0.012560
0.012546
0.012896
0.012223
0.012414
0.012231
0.011988
0.012479
