0.000465
0.000444
0.000437
0.000427
0.000427
0.000427
0.000427
0.000427
0.000427
0.000427
0.000432
0.000430
0.000418
0.000418
0.000419
0.000418
0.000418
0.000418
0.000418
0.000418
0.000434
0.000412
0.000413
0.000413
0.000413
0.000412
0.000413
0.000413
0.000413
0.000417
0.000420
0.000408
0.000408
0.000407
0.000407
0.000408
0.000407
0.000407
0.000408
0.000419
0.000401
0.000401
0.000402
0.000401
0.000401
0.000402
0.000401
0.000401
0.000402
0.000406
0.000413
0.000396
0.000397
0.000397
0.000396
0.000397
0.000397
0.000397
0.000396
0.000417
0.000401
0.000400
0.000409
0.000402
0.000391
0.000391
0.000392
0.000392
0.000392
0.000412
0.000396
0.000396
0.000405
0.000386
0.000387
0.000387
0.000386
0.000386
0.000387
0.000407
0.000396
0.000396
0.000405
0.000387
0.000409
0.000396
0.000397
0.000397
0.000397
0.000417
0.000397
0.000396
0.000405
0.000386
0.000387
0.000387
0.000387
0.000386
0.000386
0.000386
0.000414
0.000396
0.000396
0.000397
0.000386
0.000386
0.000387
0.000387
0.000387
0.000405
0.000419
0.000402
0.000401
0.000410
0.000387
0.000386
0.000386
0.000387
0.000387
0.000387
0.000411
0.000397
0.000397
0.000400
0.000387
0.000387
0.000386
0.000386
0.000387
0.000387
0.000409
0.000396
0.000397
0.000402
0.000408
0.000396
0.000396
0.000397
0.000404
0.000386
0.000389
0.000387
0.000387
0.000386
0.000386
0.000387
0.000386
0.000386
0.000386
0.000386
0.000388
0.000386
0.000387
0.000386
0.000387
0.000387
0.000387
0.000386
0.000386
0.000387
0.000409
0.000399
0.000397
0.000397
0.000397
0.000399
0.000386
0.000386
0.000387
0.000386
0.000387
0.000389
0.000387
0.000386
0.000386
0.000387
0.000387
0.000386
0.000386
0.000387
0.000386
0.000390
0.000387
0.000387
0.000386
0.000403
0.000396
0.000396
0.000406
0.000387
0.000387
0.000389
0.000386
0.000386
0.000386
0.000387
0.000386
0.000386
0.000386
0.000387
0.000386
0.000387
0.000388
0.000386
0.000386
0.000387
0.000387
0.000386
0.000386
0.000387
0.000386
0.000409
0.000418
0.000401
0.000409
0.000401
0.000386
0.000386
0.000387
0.000387
0.000386
0.000386
0.000389
0.000386
0.000387
0.000386
0.000386
0.000386
0.000387
0.000386
0.000386
0.000387
0.000389
0.000386
0.000387
0.000387
0.000386
0.000409
0.000397
0.000396
0.000396
0.000404
0.000387
0.000388
0.000386
0.000387
0.000387
0.000387
0.000386
0.000386
0.000386
0.000387
0.000387
0.000431
0.000447
0.000407
0.000426
0.000397
0.000387
0.000386
0.000386
0.000405
0.000397
0.000425
0.000407
0.000407
0.000420
0.000401
0.000387
0.000387
0.000387
0.000387
0.000386
0.000411
0.000396
0.000396
0.000400
0.000387
0.000387
0.000387
0.000387
0.000387
0.000387
0.000410
0.000397
0.000397
0.000402
0.000403
0.000396
0.000396
0.000396
0.000398
0.000387
0.000409
0.000396
0.000397
0.000402
0.000386
0.000386
0.000386
0.000386
0.000386
0.000386
0.000409
0.000397
0.000397
0.000404
0.000387
0.000387
0.000387
0.000386
0.000386
0.000404
0.000415
0.000401
0.000401
0.000419
0.000386
0.000386
0.000386
0.000387
0.000386
0.000387
0.000405
0.000396
0.000397
0.000406
0.000386
0.000386
0.000387
0.000387
0.000386
0.000386
0.000387
0.000413
0.000396
0.000396
0.000424
0.000410
0.000397
0.000396
0.000396
0.000406
0.000386
0.000414
0.000397
0.000397
0.000398
0.000386
0.000386
0.000386
0.000386
0.000387
0.000387
0.000389
0.000387
0.000386
0.000386
0.000386
0.000386
0.000386
0.000387
0.000387
0.000408
0.000399
0.000396
0.000402
0.000386
0.000387
0.000387
0.000387
0.000387
0.000387
0.000386
0.000388
0.000386
0.000386
0.000386
0.000386
0.000387
0.000387
0.000386
0.000386
0.000387
0.000386
0.000389
0.000386
0.000387
0.000386
0.000447
0.000401
0.000402
0.000420
0.000387
0.000386
0.000388
0.000386
0.000387
0.000387
0.000386
0.000386
0.000386
0.000387
0.000387
0.000387
0.000388
0.000386
0.000386
0.000387
0.000387
0.000387
0.000386
0.000386
0.000387
0.000403
0.000399
0.000421
0.000411
0.000397
0.000420
0.000397
0.000398
0.000397
0.000402
0.000386
0.000389
0.000386
0.000387
0.000387
0.000387
0.000387
0.000386
0.000386
0.000387
0.000387
0.000390
0.000386
0.000386
0.000386
0.000392
0.000409
0.000396
0.000397
0.000397
0.000387
0.000387
0.000390
0.000386
0.000387
0.000387
0.000386
0.000387
0.000386
0.000386
0.000386
0.000386
0.000389
0.000387
0.000387
0.000386
0.000387
0.000386
0.000386
0.000389
0.000386
0.000387
0.000419
0.000396
0.000403
0.000386
0.000386
0.000387
0.000386
0.000387
0.000386
0.000386
0.000389
0.000387
0.000386
0.000403
0.000397
0.000396
0.000404
0.000386
0.000387
0.000386
0.000386
0.000389
0.000386
0.000388
0.000386
0.000387
0.000415
0.000397
0.000402
0.000386
0.000386
0.000411
0.000396
0.000396
0.000403
0.000386
0.000387
0.000386
0.000386
0.000387
0.000387
0.000389
0.000386
0.000386
0.000387
0.000387
0.000387
0.000386
0.000387
0.000392
0.000386
0.000391
0.000413
0.000396
0.000400
0.000387
0.000387
0.000387
0.000386
0.000387
0.000387
0.000387
0.000390
0.000387
0.000387
0.000387
0.000386
0.000387
0.000387
0.000386
0.000386
0.000386
0.000423
0.000395
0.000396
0.000405
0.000386
0.000387
0.000421
0.000397
0.000399
0.000387
0.000391
0.000386
0.000386
0.000386
0.000386
0.000387
0.000387
0.000387
0.000387
0.000386
0.000391
0.000386
0.000387
0.000387
0.000386
0.000386
0.000386
0.000387
0.000386
0.000388
0.000386
0.000414
0.000405
0.000386
0.000387
0.000386
0.000386
0.000387
0.000386
0.000386
0.000386
0.000390
0.000386
0.000386
0.000386
0.000386
0.000387
0.000386
0.000386
0.000386
0.000387
0.000390
0.000385
0.000389
0.000387
0.000406
0.000397
0.000396
0.000403
0.000387
0.000387
0.000391
0.000386
0.000386
0.000387
0.000387
0.000387
0.000387
0.000387
0.000386
0.000386
0.000386
0.000389
0.000386
0.000387
0.000386
0.000386
0.000386
0.000387
0.000389
0.000386
0.000386
0.000419
0.000396
0.000403
0.000387
0.000386
0.000386
0.000386
0.000386
0.000386
0.000386
0.000389
0.000386
0.000387
0.000386
0.000386
0.000387
0.000387
0.000386
0.000386
0.000386
0.000388
0.000386
0.000386
0.000388
0.000386
0.000386
0.000413
0.000396
0.000403
0.000387
0.000386
0.000389
0.000387
0.000386
0.000386
0.000387
0.000387
0.000387
0.000387
0.000387
0.000386
0.000409
0.000454
0.000407
0.000426
0.000386
0.000386
0.000386
0.000386
0.000388
0.000386
0.000412
0.000403
0.000396
0.000400
0.000386
0.000387
0.000387
0.000387
0.000387
0.000386
0.000389
0.000386
0.000386
0.000386
0.000387
0.000386
0.000386
0.000386
0.000386
0.000387
0.000390
0.000386
0.000387
0.000386
0.000388
0.000386
0.000387
0.000414
0.000397
0.000399
0.000387
0.000389
0.000386
0.000387
0.000387
0.000386
0.000386
0.000386
0.000387
0.000387
0.000387
0.000388
0.000386
0.000386
0.000386
0.000386
0.000387
0.000387
0.000388
0.000387
0.000388
0.000392
0.000410
0.000397
0.000398
0.000386
0.000387
0.000387
0.000387
0.000387
0.000386
0.000388
0.000386
0.000386
0.000386
0.000386
0.000387
0.000386
0.000386
0.000387
0.000387
0.000387
0.000388
0.000386
0.000389
0.000387
0.000386
0.000414
0.000396
0.000421
0.000421
0.000397
0.000418
0.000408
0.000396
0.000401
0.000387
0.000386
0.000386
0.000387
0.000386
0.000386
0.000389
0.000386
0.000387
0.000386
0.000386
0.000386
0.000387
0.000387
0.000388
0.000386
0.000390
0.000415
0.000396
0.000397
0.000412
0.000386
0.000386
0.000386
0.000387
0.000386
0.000389
0.000385
0.000386
0.000387
0.000386
0.000386
0.000386
0.000387
0.000386
0.000386
0.000386
0.000389
0.000387
0.000386
0.000389
0.000386
0.000387
0.000419
0.000415
0.000403
0.000403
0.000406
0.000401
0.000422
0.000387
0.000387
0.000387
0.000386
0.000386
0.000387
0.000387
0.000391
0.000386
0.000386
0.000386
0.000387
0.000387
0.000387
0.000386
0.000386
0.000389
0.000391
0.000385
0.000414
0.000396
0.000397
0.000399
0.000386
0.000386
0.000386
0.000387
0.000386
0.000390
0.000386
0.000386
0.000387
0.000387
0.000386
0.000387
0.000387
0.000386
0.000387
0.000391
0.000386
0.000388
0.000386
0.000391
0.000407
0.000397
0.000407
0.000386
0.000386
0.000390
0.000387
0.000386
0.000386
0.000387
0.000387
0.000387
0.000387
0.000386
0.000386
0.000389
0.000386
0.000386
0.000387
0.000386
0.000386
0.000386
0.000386
0.000389
0.000387
0.000386
0.000418
0.000416
0.000407
0.000398
0.000387
0.000386
0.000387
0.000387
0.000387
0.000387
0.000388
0.000386
0.000387
0.000386
0.000386
0.000386
0.000386
0.000386
0.000385
0.000386
0.000389
0.000386
0.000386
0.000388
0.000386
0.000386
0.000416
0.000396
0.000397
0.000387
0.000389
0.000386
0.000386
0.000387
0.000386
0.000385
0.000386
0.000386
0.000387
0.000387
0.000387
0.000388
0.000386
0.000387
0.000387
0.000386
0.000386
0.000386
0.000387
0.000389
0.000386
0.000390
0.000414
0.000396
0.000397
0.000386
0.000387
0.000386
0.000387
0.000386
0.000386
0.000390
0.000387
0.000387
0.000386
0.000386
0.000386
0.000387
0.000387
0.000386
0.000387
0.000386
0.000388
0.000386
0.000386
0.000387
0.000406
0.000396
0.000396
0.000398
0.000387
0.000386
0.000389
0.000386
0.000386
0.000386
0.000387
0.000386
0.000387
0.000387
0.000387
0.000386
0.000389
0.000386
0.000387
0.000386
0.000386
0.000387
0.000386
0.000388
0.000386
0.000387
0.000417
0.000396
0.000405
0.000386
0.000386
0.000386
0.000386
0.000387
0.000386
0.000386
0.000386
0.000388
0.000386
0.000386
0.000386
0.000386
0.000387
0.000387
0.000386
0.000387
0.000387
0.000391
0.000387
0.000388
0.000386
0.000387
0.000413
0.000397
0.000404
0.000386
0.000386
0.000390
0.000386
0.000387
0.000386
0.000387
0.000386
0.000386
0.000387
0.000386
0.000386
0.000389
0.000386
0.000386
0.000386
0.000386
0.000387
0.000386
0.000386
0.000389
0.000386
0.000386
0.000413
0.000396
0.000405
0.000387
0.000387
0.000387
0.000386
0.000386
0.000387
0.000387
0.000389
0.000386
0.000387
0.000387
0.000387
0.000387
0.000387
0.000386
0.000387
0.000386
0.000388
0.000386
0.000387
0.000387
0.000388
0.000387
0.000407
0.000400
0.000404
0.000386
0.000387
0.000390
0.000386
0.000387
0.000387
0.000386
0.000386
0.000387
0.000387
0.000386
0.000386
0.000390
0.000386
0.000386
0.000386
0.000387
0.000386
0.000386
0.000386
0.000386
0.000391
0.000408
0.000396
0.000402
0.000386
0.000386
0.000386
0.000387
0.000387
0.000387
0.000386
0.000390
0.000386
0.000387
0.000386
0.000386
0.000386
0.000386
0.000386
0.000386
0.000386
0.000386
0.000389
0.000388
0.000386
0.000387
0.000410
0.000396
0.000397
0.000399
0.000386
0.000386
0.000390
0.000386
0.000386
0.000386
0.000386
0.000387
0.000386
0.000386
0.000386
0.000386
0.000389
0.000386
0.000386
0.000386
0.000386
0.000387
0.000386
0.000386
0.000388
0.000387
0.000406
0.000400
0.000397
0.000397
0.000397
0.000387
0.000386
0.000386
0.000387
0.000386
0.000386
0.000389
0.000386
0.000386
0.000387
0.000386
0.000387
0.000387
0.000387
0.000386
0.000386
0.000390
0.000386
0.000387
0.000389
0.000385
0.000386
0.000415
0.000396
0.000399
0.000387
0.000390
0.000386
0.000386
0.000386
0.000387
0.000386
0.000386
0.000386
0.000386
0.000387
0.000387
0.000388
0.000386
0.000386
0.000387
0.000386
0.000386
0.000387
0.000386
0.000388
0.000386
0.000391
0.000416
0.000397
0.000399
0.000386
0.000386
0.000387
0.000386
0.000386
0.000387
0.000389
0.000386
0.000387
0.000386
0.000386
0.000386
0.000386
0.000387
0.000386
0.000387
0.000388
0.000386
0.000386
0.000386
0.000391
0.000387
0.000410
0.000407
0.000386
0.000386
0.000386
0.000389
0.000386
0.000386
0.000387
0.000387
0.000386
0.000387
0.000386
0.000386
0.000386
0.000389
0.000386
0.000387
0.000387
0.000387
0.000387
0.000386
0.000388
0.000385
0.000386
0.000417
0.000397
0.000404
0.000387
0.000387
0.000386
0.000386
0.000386
0.000387
0.000387
0.000387
0.000388
0.000386
0.000386
0.000387
0.000386
0.000387
0.000386
0.000386
0.000386
0.000387
0.000388
0.000386
0.000388
0.000386
0.000386
0.000414
0.000397
0.000404
0.000387
0.000386
0.000390
0.000386
0.000386
0.000387
0.000387
0.000386
0.000386
0.000387
0.000387
0.000387
0.000389
0.000387
0.000386
0.000386
0.000386
0.000387
0.000387
0.000386
0.000388
0.000386
0.000386
0.000413
0.000396
0.000404
0.000386
0.000386
0.000386
0.000387
0.000387
0.000387
0.000386
0.000389
0.000386
0.000386
0.000386
0.000386
0.000387
0.000387
0.000387
0.000386
0.000386
0.000390
0.000386
0.000386
0.000386
0.000388
0.000386
0.000412
0.000396
0.000404
0.000386
0.000391
0.000385
0.000386
0.000386
0.000387
0.000387
0.000386
0.000386
0.000387
0.000387
0.000386
0.000390
0.000386
0.000386
0.000387
0.000386
0.000386
0.000386
0.000386
0.000387
0.000392
0.000409
0.000396
0.000402
0.000386
0.000386
0.000386
0.000387
0.000386
0.000386
0.000386
0.000390
0.000386
0.000387
0.000387
0.000387
0.000387
0.000386
0.000386
0.000386
0.000387
0.000386
0.000390
0.000387
0.000387
0.000386
0.000412
0.000397
0.000397
0.000397
0.000386
0.000386
0.000391
0.000386
0.000386
0.000387
0.000386
0.000386
0.000386
0.000387
0.000387
0.000386
0.000388
0.000386
0.000386
0.000387
0.000387
0.000386
0.000386
0.000386
0.000388
0.000387
0.000412
0.000395
0.000396
0.000406
0.000386
0.000386
0.000386
0.000387
0.000386
0.000387
0.000386
0.000389
0.000405
0.000397
0.000399
0.000386
0.000387
0.000386
0.000386
0.000387
0.000387
0.000389
0.000386
0.000386
0.000389
0.000387
0.000406
0.000398
0.000396
0.000396
0.000386
0.000390
0.000387
0.000386
0.000387
0.000386
0.000387
0.000387
0.000387
0.000386
0.000386
0.000388
0.000386
0.000387
0.000386
0.000386
0.000387
0.000386
0.000386
0.000387
0.000389
0.000386
0.000390
0.000416
0.000396
0.000397
0.000387
0.000387
0.000386
0.000386
0.000386
0.000386
0.000389
0.000387
0.000387
0.000386
0.000387
0.000387
0.000386
0.000386
0.000387
0.000386
0.000389
0.000386
0.000387
0.000386
0.000391
0.000386
0.000413
0.000405
0.000387
0.000387
0.000390
0.000386
0.000387
0.000387
0.000386
0.000386
0.000387
0.000387
0.000386
0.000386
0.000386
0.000405
0.000386
0.000386
0.000387
0.000387
0.000386
0.000386
0.000389
0.000386
0.000406
0.000400
0.000397
0.000401
0.000386
0.000387
0.000387
0.000386
0.000386
0.000387
0.000386
0.000388
0.000386
0.000386
0.000386
0.000387
0.000386
0.000386
0.000386
0.000386
0.000386
0.000386
0.000389
0.000387
0.000388
0.000386
0.000386
0.000415
0.000396
0.000401
0.000386
0.000386
0.000390
0.000386
0.000386
0.000386
0.000386
0.000386
0.000386
0.000387
0.000386
0.000386
0.000388
0.000386
0.000386
0.000386
0.000387
0.000386
0.000386
0.000386
0.000389
0.000387
0.000406
0.000402
0.000396
0.000397
0.000398
0.000386
0.000386
0.000386
0.000387
0.000387
0.000387
0.000389
0.000386
0.000386
0.000386
0.000386
0.000387
0.000386
0.000386
0.000386
0.000386
0.000403
0.000386
0.000386
0.000389
0.000386
0.000387
0.000417
0.000396
0.000401
0.000386
0.000391
0.000386
0.000386
0.000386
0.000386
0.000386
0.000386
0.000387
0.000387
0.000386
0.000391
0.000386
0.000387
0.000387
0.000386
0.000386
0.000387
0.000386
0.000386
0.000387
0.000390
0.000412
0.000397
0.000397
0.000386
0.000386
0.000387
0.000387
0.000386
0.000387
0.000387
0.000390
0.000386
0.000386
0.000386
0.000386
0.000386
0.000386
0.000387
0.000387
0.000387
0.000391
0.000386
0.000388
0.000386
0.000387
0.000415
0.000397
0.000405
0.000386
0.000386
0.000391
0.000385
0.000386
0.000386
0.000387
0.000387
0.000387
0.000387
0.000386
0.000387
0.000386
0.000389
0.000386
0.000386
0.000387
0.000386
0.000386
0.000386
0.000388
0.000386
0.000387
0.000416
0.000425
0.000401
0.000401
0.000409
0.000386
0.000386
0.000386
0.000387
0.000386
0.000408
0.000396
0.000397
0.000404
0.000387
0.000386
0.000386
0.000387
0.000386
0.000386
0.000388
0.000386
0.000387
0.000388
0.000386
0.000386
0.000412
0.000396
0.000403
0.000386
0.000386
0.000389
0.000386
0.000387
0.000386
0.000386
0.000386
0.000386
0.000386
0.000387
0.000387
0.000389
0.000387
0.000386
0.000386
0.000387
0.000387
0.000387
0.000386
0.000389
0.000386
0.000391
0.000411
0.000396
0.000403
0.000386
0.000386
0.000386
0.000386
0.000386
0.000387
0.000389
0.000386
0.000387
0.000387
0.000386
0.000386
0.000386
0.000387
0.000387
0.000386
0.000386
0.000388
0.000386
0.000386
0.000386
0.000392
0.000406
0.000397
0.000400
0.000387
0.000386
0.000389
0.000386
0.000387
0.000386
0.000386
0.000386
0.000386
0.000387
0.000387
0.000387
0.000390
0.000386
0.000386
0.000386
0.000386
0.000387
0.000387
0.000388
0.000387
0.000386
0.000414
0.000399
0.000396
0.000397
0.000387
0.000387
0.000387
0.000387
0.000386
0.000387
0.000387
0.000389
0.000387
0.000386
0.000386
0.000386
0.000386
0.000387
0.000386
0.000386
0.000386
0.000390
0.000386
0.000388
0.000386
0.000387
0.000411
0.000396
0.000397
0.000397
0.000386
0.000390
0.000386
0.000386
0.000386
0.000386
0.000386
0.000387
0.000387
0.000386
0.000386
0.000387
0.000389
0.000387
0.000387
0.000386
0.000386
0.000387
0.000386
0.000387
0.000388
0.000386
0.000410
0.000398
0.000397
0.000397
0.000387
0.000386
0.000387
0.000387
0.000386
0.000386
0.000390
0.000386
0.000387
0.000387
0.000386
0.000386
0.000387
0.000386
0.000387
0.000387
0.000386
0.000387
0.000387
0.000387
0.000388
0.000386
0.000386
0.000420
0.000406
0.000386
0.000386
0.000391
0.000386
0.000386
0.000387
0.000387
0.000386
0.000387
0.000386
0.000386
0.000386
0.000391
0.000386
0.000386
0.000386
0.000387
0.000387
0.000386
0.000387
0.000386
0.000391
0.000406
0.000396
0.000403
0.000386
0.000386
0.000386
0.000387
0.000386
0.000387
0.000387
0.000387
0.000390
0.000386
0.000387
0.000386
0.000386
0.000386
0.000387
0.000386
0.000387
0.000387
0.000390
0.000386
0.000388
0.000387
0.000408
0.000396
0.000396
0.000401
0.000386
0.000386
0.000390
0.000387
0.000386
0.000386
0.000386
0.000386
0.000387
0.000386
0.000386
0.000386
0.000388
0.000386
0.000386
0.000386
0.000387
0.000386
0.000386
0.000387
0.000389
0.000387
0.000387
0.000418
0.000397
0.000397
0.000399
0.000386
0.000387
0.000386
0.000386
0.000387
0.000387
0.000389
0.000386
0.000386
0.000386
0.000387
0.000386
0.000386
0.000386
0.000387
0.000387
0.000390
0.000386
0.000386
0.000388
0.000386
0.000386
0.000415
0.000397
0.000402
0.000387
0.000389
0.000386
0.000387
0.000386
0.000386
0.000386
0.000386
0.000386
0.000386
0.000386
0.000387
0.000390
0.000387
0.000407
0.000396
0.000396
0.000396
0.000396
0.000403
0.000389
0.000386
0.000390
0.000415
0.000396
0.000399
0.000387
0.000386
0.000387
0.000387
0.000386
0.000386
0.000388
0.000386
0.000387
0.000386
0.000386
0.000386
0.000386
0.000386
0.000387
0.000387
0.000388
0.000386
0.000387
0.000386
0.000388
0.000386
0.000387
0.000411
0.000396
0.000400
0.000387
0.000389
0.000386
0.000387
0.000386
0.000386
0.000386
0.000386
0.000386
0.000387
0.000387
0.000389
0.000387
0.000386
0.000387
0.000386
