0.006415
0.003052
0.002777
0.002671
0.002530
0.002479
0.002390
0.002372
0.002325
0.002268
0.002262
0.002169
0.002178
0.002108
0.002097
0.002047
0.002038
0.001982
0.002008
0.002007
0.001995
0.001948
0.001994
0.002009
0.001966
0.001947
0.002010
0.001992
0.002002
0.001965
0.001999
0.001973
0.001995
0.002005
0.002021
0.002021
0.002039
0.002023
0.002022
0.001964
0.001982
0.001955
0.002011
0.002010
0.001957
0.001951
0.001967
0.001976
0.002012
0.001959
0.001959
0.001946
0.001971
0.002017
0.001986
0.001975
0.001947
0.001972
0.002015
0.001965
0.001950
0.001944
0.001976
0.002017
0.001980
0.001942
0.001968
0.001946
0.002031
0.001993
0.001942
0.001948
0.001952
0.002000
0.001979
0.001952
0.001933
0.001948
0.002013
0.002005
0.001949
0.002014
0.001948
0.002041
0.001986
0.002021
0.001951
0.001956
0.002007
0.002012
0.001954
0.001960
0.001953
0.002024
0.001988
0.002033
0.001956
0.001951
0.002002
0.002001
0.001943
0.001952
0.001944
0.002010
0.002003
0.001957
0.001959
0.002025
0.001990
0.002023
0.001950
0.001955
0.001950
0.002023
0.002008
0.001949
0.001956
0.001952
0.001993
0.002015
0.001943
0.001956
0.001950
0.001999
0.002004
0.001951
0.001944
0.001954
0.002005
0.002028
0.001966
0.001994
0.001975
0.001992
0.002014
0.002008
0.001969
0.001994
0.001993
0.002019
0.001960
0.001952
0.001941
0.001969
0.002034
0.001952
0.001954
0.001956
0.001998
0.002016
0.001967
0.001954
0.001952
0.001989
0.002007
0.002043
0.001995
0.001948
0.001948
0.002035
0.001976
0.001955
0.001957
0.001946
0.002018
0.001971
0.001950
0.001959
0.001967
0.002022
0.001968
0.001943
0.001945
0.001945
0.002012
0.001988
0.001953
0.001950
0.001937
0.002004
0.002005
0.001952
0.002019
0.001944
0.002035
0.002082
0.001999
0.001940
0.001939
0.002011
0.001996
0.001948
0.001959
0.001941
0.002019
0.001988
0.001957
0.001951
0.002025
0.002002
0.001986
0.001932
0.001952
0.001952
0.002025
0.001990
0.001947
0.001952
0.001957
0.001996
0.002024
0.001955
0.001955
0.001944
0.002019
0.002025
0.001946
0.001962
0.001951
0.001970
0.002310
0.001962
0.002022
0.001954
0.002010
0.001997
0.001969
0.001941
0.001976
0.001997
0.002040
0.001950
0.002011
0.001953
0.002017
0.002011
0.002024
0.001956
0.001958
0.002004
0.002020
0.001958
0.001949
0.001949
0.001996
0.002012
0.001946
0.001947
0.001959
0.001986
0.002017
0.001956
0.001953
0.001960
0.001975
0.002031
0.001988
0.001950
0.001952
0.001993
0.002019
0.001954
0.001963
0.001943
0.001971
0.002000
0.001982
0.001934
0.001944
0.001959
0.002024
0.001983
0.001964
0.001937
0.001978
0.002005
0.001973
0.001944
0.001960
0.002049
0.002005
0.001978
0.001987
0.001982
0.001980
0.002001
0.002031
0.002018
0.002004
0.001990
0.002013
0.001987
0.001950
0.001938
0.001972
0.002015
0.001971
0.001943
0.001954
0.001953
0.002014
0.002013
0.001944
0.001939
0.001951
0.001999
0.002005
0.001960
0.001944
0.001953
0.002008
0.001994
0.001954
0.001960
0.001951
0.002004
0.001976
0.001965
0.001955
0.001946
0.002001
0.002017
0.001952
0.001969
0.001951
0.002010
0.001986
0.001955
0.001953
0.001943
0.001996
0.002031
0.001958
0.002009
0.001951
0.002016
0.002008
0.002013
0.001957
0.002022
0.001977
0.002014
0.002020
0.002135
0.002987
0.003137
0.003066
0.002362
0.002236
0.002216
0.002426
0.002210
0.002189
0.002466
0.002389
0.002147
0.002116
0.002033
0.002108
0.002018
0.002116
0.002021
0.002126
0.002016
0.002112
0.002010
0.002115
0.002086
0.002110
0.002075
0.002072
0.002061
0.002060
0.002591
0.002183
0.002149
0.002098
0.002180
0.002051
0.002123
0.002068
0.002078
0.002106
0.002087
0.002041
0.002064
0.002047
0.002064
0.002053
0.002073
0.002058
0.002120
0.002109
0.002079
0.002029
0.002006
0.002090
0.002040
0.002117
0.002037
0.002054
0.002083
0.002037
0.002051
0.002032
0.002028
0.002075
0.002032
0.002064
0.002066
0.002061
0.002065
0.002030
0.002036
0.002020
0.002066
0.002037
0.002053
0.002088
0.002058
0.002069
0.002049
0.002017
0.002028
0.002013
0.002150
0.002125
0.002097
0.002063
0.002135
0.002085
0.002070
0.002059
0.002095
0.002061
0.002088
0.002032
0.002034
0.002023
0.002083
0.002041
0.002039
0.002026
0.002042
0.002042
0.002058
0.002065
0.002096
0.002055
0.002022
0.002034
0.002024
0.002022
0.002029
0.002044
0.002032
0.002089
0.002025
0.002048
0.002048
0.002075
0.002044
0.002037
0.002045
0.002031
0.002032
0.002038
0.002054
0.002013
0.002034
0.002044
0.002036
0.002038
0.002021
0.002093
0.002029
0.002028
0.002029
0.002026
0.002022
0.002025
0.002031
0.002035
0.002033
0.002051
0.002031
0.002036
0.002039
0.002027
0.002014
0.002030
0.002025
0.002039
0.002045
0.002028
0.009662
0.004132
0.002215
0.002086
0.002045
0.002016
0.002036
0.002024
0.002020
0.002032
0.002035
0.002030
0.002017
0.002029
0.002020
0.002028
0.002025
0.002099
0.002056
0.002018
0.002019
0.002045
0.002046
0.002105
0.002052
0.002023
0.002042
0.002038
0.002035
0.002097
0.001998
0.002032
0.002030
0.002078
0.002026
0.002030
0.002013
0.002061
0.002035
0.002047
0.002016
0.002050
0.002026
0.002046
0.002015
0.002044
0.002022
0.002043
0.002042
0.002048
0.002039
0.002015
0.002017
0.002011
0.002013
0.002021
0.002034
0.002026
0.002041
0.002018
0.002017
0.002016
0.002024
0.002013
0.002009
0.002020
0.002008
0.002031
0.002039
0.002011
0.002016
0.002021
0.002033
0.002036
0.002025
0.002001
0.002020
0.002026
0.002051
0.002023
0.002016
0.002020
0.002048
0.002045
0.002027
0.002008
0.002030
0.002028
0.002013
0.002012
0.002025
0.002004
0.002036
0.002021
0.002021
0.002038
0.002052
0.002040
0.002043
0.002033
0.002036
0.002032
0.002033
0.002014
0.002040
0.002013
0.002048
0.002025
0.002054
0.002016
0.002044
0.002034
0.002051
0.002031
0.002048
0.002006
0.002042
0.002045
0.002048
0.002018
0.002029
0.002016
0.002047
0.002037
0.002024
0.002022
0.002037
0.002026
0.002027
0.002016
0.002025
0.002039
0.002026
0.002017
0.002028
0.002029
0.002027
0.002026
0.002108
0.002042
0.002010
0.002028
0.002031
0.002058
0.002028
0.002027
0.002034
0.002030
0.002020
0.002017
0.002020
0.002027
0.002005
0.002034
0.002020
0.002045
0.002021
0.002029
0.002021
0.002049
0.002006
0.002042
0.002014
0.002039
0.002036
0.002049
0.002017
0.002042
0.002018
0.002013
0.002045
0.002040
0.002004
0.002041
0.002000
0.002051
0.002044
0.002041
0.002016
0.002042
0.002034
0.002040
0.002034
0.002034
0.002010
0.002031
0.002043
0.002027
0.002024
0.002019
0.002037
0.002061
0.002013
0.002021
0.002036
0.002040
0.002043
0.002006
0.002029
0.002018
0.002040
0.002024
0.002023
0.002009
0.002040
0.002013
0.002164
0.002044
0.002018
0.002012
0.002035
0.002016
0.002018
0.002017
0.002031
0.002039
0.002021
0.002015
0.002000
0.002013
0.002034
0.002012
0.002039
0.001989
0.002039
0.002008
0.002038
0.002019
0.002045
0.002019
0.002055
0.002020
0.002045
0.002021
0.002037
0.002030
0.002048
0.002006
0.002017
0.002019
0.002029
0.002020
0.002036
0.002013
0.002022
0.002028
0.002036
0.002023
0.002032
0.002033
0.002034
0.002021
0.002025
0.002036
0.002016
0.002017
0.002030
0.002030
0.002002
0.002135
0.002047
0.002021
0.002003
0.002021
0.002046
0.002049
0.002016
0.002021
0.002041
0.002043
0.002020
0.002019
0.002016
0.002025
0.002014
0.002013
0.002023
0.002029
0.002022
0.002035
0.002003
0.002021
0.002018
0.002026
0.002040
0.002020
0.002011
0.002030
0.002006
0.002020
0.002013
0.002036
0.002000
0.002017
0.002038
0.002021
0.002022
0.002014
0.002019
0.002051
0.002012
0.002044
0.002014
0.002032
0.002021
0.002027
0.002023
0.002026
0.002029
0.002033
0.002022
0.002038
0.002021
0.002035
0.002029
0.002036
0.002018
0.002049
0.002045
0.002073
0.002005
0.002013
0.002018
0.002018
0.002039
0.002024
0.002029
0.002012
0.002026
0.002023
0.002017
0.002023
0.001991
0.002032
0.001984
0.001978
0.001973
0.001963
0.002032
0.002036
0.001970
0.001965
0.001983
0.002054
0.002000
0.001971
0.001978
0.002005
0.002043
0.002026
0.001988
0.001974
0.001978
0.002016
0.002015
0.001973
0.001977
0.002009
0.002049
0.001962
0.001972
0.001977
0.001994
0.002038
0.002004
0.001965
0.001983
0.001982
0.002048
0.001992
0.001973
0.002003
0.001981
0.002037
0.002070
0.002004
0.002002
0.002033
0.002013
0.002058
0.002021
0.002070
0.001987
0.002030
0.001993
0.001960
0.001965
0.001973
0.002044
0.002008
0.001983
0.001971
0.002005
0.002036
0.001995
0.001975
0.001993
0.002017
0.002035
0.001992
0.001970
0.001971
0.002012
0.002030
0.001988
0.001962
0.001980
0.002008
0.002042
0.001992
0.001980
0.001989
0.002015
0.002053
0.001976
0.001978
0.001972
0.001969
0.002023
0.002016
0.001990
0.002008
0.001987
0.002051
0.002012
0.001981
0.002001
0.002036
0.002037
0.001976
0.001971
0.001951
0.001972
0.002015
0.001976
0.001961
0.001965
0.001963
0.002034
0.002001
0.001951
0.001974
0.001998
0.002016
0.001983
0.001980
0.001962
0.001961
0.002037
0.001970
0.001973
0.001964
0.001986
0.002053
0.002059
0.001956
0.001975
0.001993
0.002011
0.002028
0.002003
0.002096
0.002036
0.002023
0.001990
0.001994
0.001982
0.001994
0.002036
0.001998
0.002011
0.001988
0.001999
0.002028
0.002022
0.001985
0.001993
0.002015
0.002032
0.001987
0.001975
0.001972
0.001962
0.002047
0.001994
0.001953
0.001971
0.001984
0.002031
0.001963
0.001970
0.001967
0.001997
0.002025
0.002012
0.001966
0.001976
0.001961
0.002048
0.002046
0.002115
0.002010
0.002028
0.002075
0.002062
0.002039
0.002004
0.002014
0.002100
0.002018
0.002026
0.002024
0.001996
0.002044
0.002031
0.001997
0.002007
0.001982
0.002022
0.001965
0.001990
0.001974
0.002007
0.002024
0.002011
0.002024
0.002037
0.002045
0.002030
0.001974
0.001970
0.001960
0.002011
0.002005
0.001965
0.001959
0.001965
0.002009
0.002035
0.001950
0.002016
0.001972
0.001978
0.002021
0.001961
0.001967
0.001972
0.002003
0.002024
0.001983
0.001967
0.001966
0.001992
0.002035
0.001972
0.001956
0.001997
0.002026
0.002016
0.001978
0.001971
0.001967
0.001979
0.002025
0.001984
0.001966
0.001964
0.002006
0.002043
0.001994
0.002020
0.002004
0.002001
0.002027
0.002000
0.001993
0.001973
0.001989
0.002037
0.001969
0.001964
0.001967
0.001996
0.002043
0.001971
0.001965
0.001959
0.001991
0.002020
0.001989
0.001964
0.001984
0.001974
0.002029
0.001999
0.001980
0.001965
0.001999
0.002030
0.001986
0.001975
0.001970
0.001998
0.002020
0.001997
0.001973
0.002014
0.001995
0.002034
0.001992
0.001994
0.001957
0.002001
0.002033
0.001972
0.001978
0.001970
0.001990
0.002010
0.001993
0.001983
0.001991
0.002011
0.002028
0.002046
0.001988
0.002091
0.002026
0.002037
0.001989
0.001979
0.001990
0.001981
0.002047
0.001999
0.001973
0.001976
0.001982
0.002039
0.001999
0.001965
0.001958
0.001994
0.002022
0.001967
0.001964
0.001995
0.001986
0.002037
0.001985
0.001971
0.001980
0.001978
0.002038
0.002000
0.001965
0.001974
0.001992
0.002035
0.001973
0.001984
0.001971
0.001988
0.002049
0.001979
0.001963
0.001964
0.001975
0.002037
0.002002
0.001992
0.002007
0.002011
0.002041
0.002041
0.002006
0.002005
0.002026
0.002028
0.001998
0.001976
0.001970
0.002001
0.002007
0.002006
0.001974
0.001969
0.001982
0.002064
0.001964
0.001969
0.001965
0.001985
0.002039
0.001979
0.001961
0.001965
0.001969
0.002024
0.001991
0.001955
0.001969
0.001993
0.002052
0.001979
0.001954
0.001974
0.001991
0.002009
0.002025
0.001963
0.001966
0.001978
0.002035
0.001997
0.001975
0.002224
0.002013
0.002048
0.002000
0.001998
0.001990
0.002002
0.002029
0.002013
0.001996
0.001998
0.002007
0.002030
0.001985
0.001959
0.001951
0.001956
0.002045
0.001991
0.001960
0.001975
0.001973
0.002025
0.001960
0.001976
0.001948
0.001991
0.002027
0.002016
0.001964
0.001970
0.001952
0.002047
0.002083
0.001999
0.001985
0.001978
0.002041
0.002000
0.001974
0.001970
0.001998
0.002022
0.001989
0.001974
0.001963
0.001962
0.002046
0.002014
0.001978
0.001974
0.001972
0.002039
0.002006
0.001991
0.001991
0.001994
0.002005
0.002005
0.002008
0.001993
0.002033
0.002028
0.002015
0.001968
0.001971
0.001969
0.002046
0.002010
0.001962
0.001970
0.001981
0.002025
0.001978
0.001970
0.001963
0.001991
0.002033
0.001992
0.001965
0.001983
0.002022
0.002020
0.002005
0.001969
0.001974
0.001974
0.002022
0.001990
0.001973
0.001967
0.001970
0.002023
0.002011
0.001980
0.002030
0.001979
0.002036
0.002011
0.001960
0.001965
0.001971
0.002026
0.002031
0.001995
0.001993
0.001988
0.002046
0.002040
0.002018
0.002000
0.002035
0.002056
0.002017
0.001972
0.001977
0.001983
0.002032
0.002017
0.001949
0.001972
0.001986
0.002029
0.001978
0.001948
0.001974
0.001952
0.002028
0.002022
0.001967
0.001995
0.001991
0.002011
0.002013
0.001991
0.001970
0.001983
0.002026
0.001987
0.001957
0.001974
0.001959
0.002020
0.002002
0.001996
0.002003
0.001986
0.002006
0.002012
0.001985
0.001977
0.001983
0.002028
0.002032
0.001983
0.002015
0.002023
0.002024
0.002049
0.002052
0.001987
0.002016
0.002011
0.002028
0.001988
0.001990
0.001982
0.002025
0.001987
0.001975
0.001992
0.001980
0.002034
0.002006
0.001947
0.001945
0.001965
0.002013
0.002001
0.001965
0.001969
0.001954
0.002019
0.002007
0.001965
0.001973
0.001981
0.002030
0.002029
0.001962
0.001955
0.001975
0.002036
0.002034
0.001976
0.001966
0.001981
0.002084
0.002025
0.002044
0.002039
0.002018
0.002033
0.002019
0.001993
0.001985
0.001985
0.002010
0.002026
0.002031
0.002014
0.002022
0.002037
0.001972
0.001967
0.001959
0.001991
0.002023
0.002003
0.001963
0.001954
0.001972
0.002035
0.001998
0.001965
0.001951
0.001962
0.002037
0.002001
0.001958
0.001967
0.001949
0.002021
0.002004
0.001976
0.001962
0.001950
0.002028
0.002001
0.001964
0.001953
0.001980
0.002000
0.002019
0.001969
0.001998
0.001987
0.002040
0.001997
0.001986
0.001971
0.001982
0.002026
0.002031
0.001974
0.002034
0.001949
0.002040
0.002000
0.002022
0.001967
0.001977
0.002039
0.002011
0.001973
0.001974
0.001966
0.002045
0.002000
0.001963
0.001954
0.001970
0.002010
0.002028
0.001970
0.004707
0.002070
0.002190
0.002045
0.002051
0.002039
0.002110
0.002142
0.002126
0.002029
0.002107
0.002063
0.002072
0.001990
0.002079
0.002073
0.002077
0.001993
0.002076
0.002015
0.002073
0.002084
0.002072
0.002000
0.001986
0.002051
0.002026
0.002029
0.002048
0.002005
0.002064
0.002048
0.002037
0.002079
0.002055
0.002082
0.001996
0.002003
0.002001
0.002030
0.002036
0.002012
0.002008
0.002059
0.002017
0.002050
0.002010
0.002017
0.001995
0.002028
0.002049
0.002004
0.001998
0.002018
0.002024
0.002073
0.001994
0.001978
0.002004
0.002070
0.002069
0.002024
0.002011
0.001995
0.002025
0.002041
0.002002
0.002014
0.002012
0.002052
0.002069
0.001996
0.001992
0.001999
0.002039
0.002092
0.001996
0.002048
0.001989
0.002080
0.002016
0.002047
0.002001
0.002068
0.002055
0.002047
0.002000
0.002001
0.001990
0.002051
0.002037
0.002001
0.001995
0.002026
0.002064
0.002028
0.001981
0.001990
0.001994
0.002066
0.002013
0.001991
0.002001
0.001980
0.002058
0.002003
0.002002
0.001982
0.002043
0.002063
0.002017
0.002000
0.002023
0.002009
0.002056
0.002015
0.002016
0.002008
0.002007
0.002060
0.002018
0.001977
0.002034
0.002105
0.002057
0.002015
0.002045
0.002029
0.002065
0.002056
0.002052
0.002021
0.002010
0.002044
0.002063
0.001995
0.002026
0.002059
0.002114
0.002028
0.002000
0.001995
0.002035
0.002050
0.002069
0.002009
0.002005
0.002032
0.002069
0.002065
0.002031
0.002030
0.002025
0.002051
0.002040
0.001991
0.001991
0.001995
0.002062
0.002038
0.001986
0.002006
0.002002
0.002058
0.002045
0.002002
0.002005
0.002012
0.002054
0.002023
0.002006
0.002009
0.002023
0.002061
0.002038
0.002031
0.002014
0.002028
0.002043
0.002074
0.002022
0.002041
0.002024
0.002066
0.002003
0.002059
0.002009
0.002036
0.002061
0.002002
0.001976
0.001990
0.002011
0.002062
0.001993
0.002004
0.001999
0.002038
0.002054
0.002003
0.001983
0.001994
0.002025
0.002034
0.002001
0.001997
0.001992
0.002060
0.002054
0.001991
0.001990
0.002015
0.002025
0.002067
0.002000
0.002002
0.002001
0.002074
0.002042
0.002007
0.002011
0.001995
0.002037
0.002086
0.002009
0.002049
0.002013
0.002060
0.002059
0.002047
0.002005
0.002074
0.002069
0.002058
0.001995
0.001988
0.002000
0.002061
0.002026
0.001993
0.001999
0.001985
0.002056
0.002038
0.002077
0.002053
0.002071
0.002080
0.002041
0.002023
0.002020
0.002017
0.002067
0.002014
0.002008
0.001996
0.002040
0.002074
0.002020
0.001970
0.002003
0.002017
0.002068
0.002000
0.002017
0.001998
0.002032
0.002052
0.002003
0.002001
0.001993
0.002021
0.002047
0.001999
0.002066
0.001999
0.002060
0.002045
0.002062
0.002001
0.002055
0.002047
0.002050
0.001985
0.001996
0.001992
0.002054
0.002026
0.002007
0.002003
0.002013
0.002044
0.002031
0.002032
0.002010
0.002000
0.002075
0.002022
0.002008
0.001998
0.001998
0.002061
0.002025
0.002014
0.001988
0.002002
0.002021
0.002038
0.001993
0.001997
0.001984
0.002074
0.002030
0.001996
0.001996
0.001994
0.002053
0.002027
0.002002
0.002001
0.002011
0.002045
0.002039
0.002019
0.002056
0.002015
0.002045
0.002081
0.002052
0.002043
0.002068
0.002051
0.002025
0.002031
0.002016
0.002022
0.002060
0.002026
0.001993
0.002002
0.002027
0.002061
0.002014
0.002006
0.001999
0.002043
0.002048
0.002004
0.001986
0.001998
0.002029
0.002072
0.002004
0.001991
0.001992
0.002054
0.002035
0.002005
0.001983
0.002071
0.002038
0.002061
0.001988
0.001999
0.001998
0.002112
0.002063
0.002009
0.002005
0.002003
0.002057
0.002046
0.002003
0.002058
0.002013
0.002088
0.002052
0.002034
0.002026
0.002024
0.002055
0.002027
0.001998
0.001993
0.002007
0.002048
0.002080
0.002006
0.002038
0.002004
0.002070
0.002025
0.001998
0.002002
0.002040
0.002063
0.002086
0.001989
0.002026
0.001986
0.002074
0.002004
0.001986
0.002000
0.002042
0.002074
0.002076
0.002025
0.002038
0.002036
0.002063
0.002004
0.001997
0.002005
0.002041
0.002061
0.002042
0.001994
0.002000
0.002034
0.002089
0.001990
0.002043
0.001996
0.002069
0.002038
0.002049
0.001988
0.002056
0.002049
0.002065
0.002040
0.002064
0.002036
0.002071
0.002098
0.002021
0.002069
0.002127
0.002106
0.002041
0.002040
0.001995
0.002077
0.002083
0.002018
0.002001
0.002005
0.002015
0.002078
0.002047
0.002021
0.002015
0.002038
0.002069
0.002097
0.002058
0.002072
0.002055
0.002048
0.002006
0.002007
0.002050
0.002022
0.002044
0.001994
0.002004
0.002022
0.002058
0.002067
0.001995
0.002060
0.001983
0.002068
0.002043
0.002062
0.002004
0.002073
0.002049
0.002041
0.002014
0.001993
0.002005
0.002045
0.002029
0.002134
0.002014
0.002002
0.002077
0.002031
0.002024
0.002008
0.001994
0.002082
0.002017
0.001991
0.001988
0.002024
0.002082
0.002022
0.002002
0.002009
0.002022
0.002073
0.002001
0.001987
0.001999
0.002032
0.002066
0.002033
0.002027
0.002007
0.002049
0.002075
