0.002529
0.000734
0.000719
0.000717
0.000721
0.000718
0.000718
0.000718
0.000720
0.000718
0.000723
0.000720
0.000718
0.000719
0.000719
0.000718
0.000725
0.000751
0.000715
0.000717
0.000716
0.000725
0.000719
0.000719
0.000717
0.000720
0.000718
0.000725
0.000717
0.000716
0.000717
0.000717
0.000721
0.000717
0.000718
0.000717
0.000717
0.000722
0.000723
0.000720
0.000718
0.000720
0.000714
0.000722
0.000719
0.000718
0.000716
0.000719
0.000717
0.000725
0.000723
0.000717
0.000717
0.000717
0.000723
0.000720
0.000720
0.000717
0.000718
0.000718
0.000720
0.000719
0.000716
0.000716
0.000719
0.000717
0.000726
0.000718
0.000718
0.000716
0.000719
0.000724
0.000722
0.000720
0.000718
0.000716
0.000717
0.000725
0.000717
0.000719
0.000720
0.000716
0.000722
0.000718
0.000719
0.000717
0.000720
0.000719
0.000724
0.000719
0.000719
0.000718
0.000721
0.000724
0.000720
0.000717
0.000718
0.000717
0.000718
0.000721
0.000719
0.000718
0.000717
0.000720
0.000721
0.000722
0.000717
0.000719
0.000715
0.000718
0.000722
0.000717
0.000717
0.000720
0.000716
0.000719
0.000723
0.000718
0.000720
0.000718
0.000717
0.000727
0.000718
0.000716
0.000718
0.000718
0.000718
0.000724
0.000719
0.000720
0.000718
0.000720
0.000721
0.000719
0.000720
0.000717
0.000722
0.000721
0.000726
0.000719
0.000720
0.000718
0.000719
0.000720
0.000719
0.000718
0.000716
0.000719
0.000718
0.000722
0.000719
0.000721
0.000718
0.000719
0.000723
0.000718
0.000719
0.000717
0.000718
0.000719
0.000725
0.000719
0.000719
0.000715
0.000717
0.000722
0.000728
0.000718
0.000719
0.000721
0.000719
0.000724
0.000719
0.000718
0.000719
0.000717
0.000719
0.000724
0.000719
0.000717
0.000717
0.000719
0.000723
0.000718
0.000719
0.000718
0.000718
0.000719
0.000724
0.000719
0.000719
0.000715
0.000718
0.000722
0.000722
0.000718
0.000719
0.000716
0.000720
0.000722
0.000722
0.000718
0.000718
0.000716
0.000723
0.000718
0.000719
0.000719
0.000717
0.000719
0.000725
0.000722
0.000718
0.000716
0.000715
0.000716
0.000724
0.000719
0.000717
0.000720
0.000716
0.000725
0.000718
0.000716
0.000720
0.000717
0.000719
0.000722
0.000717
0.000718
0.000717
0.000719
0.000720
0.000719
0.000718
0.000714
0.000720
0.000716
0.000721
0.000721
0.000717
0.000719
0.000718
0.000727
0.000719
0.000717
0.000718
0.000718
0.000717
0.000721
0.000717
0.000715
0.000715
0.000717
0.000725
0.000721
0.000719
0.000715
0.000716
0.000716
0.000724
0.000719
0.000719
0.000719
0.000719
0.000716
0.000721
0.000717
0.000717
0.000716
0.000715
0.000722
0.000717
0.000718
0.000718
0.000717
0.000717
0.000723
0.000719
0.000719
0.000718
0.000716
0.000719
0.000717
0.000719
0.000720
0.000718
0.000718
0.000722
0.000720
0.000715
0.000716
0.000719
0.000722
0.000720
0.000719
0.000720
0.000718
0.000721
0.000721
0.000720
0.000720
0.000720
0.000720
0.000721
0.000720
0.000715
0.000717
0.000718
0.000722
0.000726
0.000723
0.000719
0.000718
0.000717
0.000719
0.000722
0.000720
0.000719
0.000718
0.000717
0.000724
0.000718
0.000717
0.000718
0.000719
0.000714
0.000723
0.000719
0.000719
0.000718
0.000718
0.000724
0.000719
0.000720
0.000716
0.000718
0.000717
0.000724
0.000717
0.000719
0.000718
0.000721
0.000724
0.000722
0.000719
0.000722
0.000718
0.000722
0.000723
0.000721
0.000718
0.000719
0.000719
0.000723
0.000720
0.000720
0.000717
0.000716
0.000717
0.000722
0.000720
0.000719
0.000718
0.000720
0.000720
0.000723
0.000717
0.000719
0.000717
0.000721
0.000722
0.000718
0.000716
0.000718
0.000717
0.000715
0.000724
0.000718
0.000718
0.000720
0.000717
0.000721
0.000719
0.000720
0.000716
0.000718
0.000716
0.000723
0.000721
0.000719
0.000718
0.000718
0.000722
0.000721
0.000722
0.000718
0.000720
0.000720
0.000726
0.000721
0.000717
0.000720
0.000718
0.000722
0.000721
0.000717
0.000719
0.000719
0.000718
0.000724
0.000719
0.000718
0.000717
0.000716
0.000717
0.000724
0.000716
0.000718
0.000719
0.000720
0.000722
0.000719
0.000719
0.000718
0.000717
0.000719
0.000728
0.000719
0.000717
0.000716
0.000717
0.000724
0.000722
0.000717
0.000720
0.000718
0.000716
0.000726
0.000715
0.000718
0.000720
0.000720
0.000724
0.000721
0.000716
0.000720
0.000713
0.000718
0.000723
0.000720
0.000716
0.000716
0.000718
0.000721
0.000719
0.000718
0.000716
0.000717
0.000716
0.000723
0.000717
0.000717
0.000716
0.000720
0.000716
0.000726
0.000719
0.000718
0.000720
0.000719
0.000725
0.000718
0.000720
0.000715
0.000717
0.000719
0.000727
0.000716
0.000717
0.000719
0.000719
0.000722
0.000721
0.000717
0.000720
0.000718
0.000718
0.000723
0.000720
0.000717
0.000718
0.000719
0.000724
0.000718
0.000720
0.000718
0.000718
0.000717
0.000721
0.000720
0.000721
0.000717
0.000718
0.000726
0.000721
0.000718
0.000718
0.000717
0.000719
0.000722
0.000718
0.000719
0.000716
0.000718
0.000718
0.000721
0.000719
0.000716
0.000720
0.000719
0.000721
0.000720
0.000718
0.000720
0.000718
0.000716
0.000724
0.000718
0.000720
0.000716
0.000718
0.000720
0.000720
0.000718
0.000718
0.000716
0.000714
0.000723
0.000718
0.000717
0.000717
0.000715
0.000722
0.000717
0.000718
0.000722
0.000718
0.000717
0.000719
0.000718
0.000717
0.000719
0.000716
0.000719
0.000717
0.000719
0.000715
0.000717
0.000716
0.000721
0.000718
0.000718
0.000717
0.000719
0.000716
0.000723
0.000717
0.000717
0.000718
0.000718
0.000723
0.000717
0.000717
0.000715
0.000716
0.000716
0.000722
0.000720
0.000714
0.000717
0.000724
0.000722
0.000717
0.000716
0.000716
0.000717
0.000716
0.000723
0.000720
0.000729
0.000717
0.000718
0.000723
0.000720
0.000717
0.000715
0.000717
0.000717
0.000723
0.000720
0.000717
0.000719
0.000717
0.000715
0.000724
0.000721
0.000717
0.000718
0.000719
0.000723
0.000717
0.000718
0.000717
0.000713
0.000717
0.000720
0.000718
0.000716
0.000715
0.000716
0.000720
0.000718
0.000719
0.000717
0.000714
0.000713
0.000721
0.000720
0.000717
0.000716
0.000718
0.000722
0.000719
0.000719
0.000720
0.000718
0.000718
0.000724
0.000720
0.000717
0.000715
0.000716
0.000720
0.000717
0.000715
0.000719
0.000715
0.000718
0.000724
0.000716
0.000717
0.000718
0.000718
0.000715
0.000724
0.000717
0.000718
0.000721
0.000719
0.000722
0.000716
0.000718
0.000718
0.000713
0.000716
0.000722
0.000718
0.000718
0.000715
0.000716
0.000719
0.000718
0.000716
0.000717
0.000715
0.000714
0.000720
0.000716
0.000716
0.000716
0.000715
0.000721
0.000716
0.000714
0.000716
0.000716
0.000717
0.000722
0.000716
0.000716
0.000715
0.000717
0.000717
0.000719
0.000718
0.000716
0.000715
0.000719
0.000718
0.000715
0.000714
0.000717
0.000715
0.000718
0.000724
0.000714
0.000714
0.000716
0.000715
0.000723
0.000716
0.000716
0.000715
0.000713
0.000715
0.000720
0.000715
0.000719
0.000717
0.000717
0.000719
0.000718
0.000719
0.000715
0.000715
0.000716
0.000720
0.000716
0.000716
0.000717
0.000717
0.000719
0.000722
0.000717
0.000717
0.000717
0.000719
0.000722
0.000717
0.000714
0.000716
0.000716
0.000717
0.000721
0.000720
0.000716
0.000715
0.000716
0.000720
0.000717
0.000715
0.000719
0.000718
0.000719
0.000724
0.000720
0.000720
0.000716
0.000715
0.000720
0.000719
0.000718
0.000718
0.000716
0.000714
0.000722
0.000719
0.000714
0.000718
0.000718
0.000717
0.000723
0.000717
0.000717
0.000718
0.000717
0.000723
0.000719
0.000718
0.000716
0.000717
0.000717
0.000723
0.000718
0.000717
0.000716
0.000718
0.000723
0.000717
0.000716
0.000717
0.000717
0.000715
0.000721
0.000717
0.000717
0.000720
0.000718
0.000715
0.000718
0.000716
0.000715
0.000717
0.000715
0.000721
0.000717
0.000715
0.000716
0.000714
0.000716
0.000723
0.000717
0.000714
0.000715
0.000716
0.000721
0.000717
0.000716
0.000717
0.000714
0.000718
0.000724
0.000716
0.000718
0.000715
0.000716
0.000721
0.000717
0.000715
0.000714
0.000715
0.000716
0.000723
0.000718
0.000715
0.000712
0.000717
0.000720
0.000715
0.000715
0.000715
0.000717
0.000713
0.000722
0.000717
0.000713
0.000717
0.000716
0.000714
0.000722
0.000714
0.000716
0.000715
0.000716
0.000720
0.000716
0.000717
0.000715
0.000718
0.000718
0.000719
0.000715
0.000715
0.000716
0.000716
0.000724
0.000717
0.000716
0.000714
0.000717
0.000718
0.000721
0.000722
0.000716
0.000716
0.000718
0.000720
0.000721
0.000715
0.000713
0.000716
0.000715
0.000719
0.000719
0.000718
0.000718
0.000716
0.000717
0.000724
0.000719
0.000714
0.000715
0.000716
0.000721
0.000721
0.000715
0.000715
0.000715
0.000718
0.000727
0.000715
0.000715
0.000719
0.000717
0.000722
0.000720
0.000715
0.000717
0.000716
0.000715
0.000725
0.000718
0.000714
0.000717
0.000715
0.000719
0.000718
0.000719
0.000713
0.000716
0.000717
0.000722
0.000717
0.000717
0.000714
0.000719
0.000714
0.000722
0.000717
0.000713
0.000716
0.000716
0.000719
0.000717
0.000714
0.000715
0.000718
0.000718
0.000721
0.000717
0.000717
0.000717
0.000717
0.000719
0.000717
0.000714
0.000716
0.000715
0.000714
0.000722
0.000718
0.000717
0.000716
0.000716
0.000722
0.000720
0.000717
0.000717
0.000717
0.000717
0.000719
0.000717
0.000721
0.000716
0.000717
0.000716
0.000722
0.000717
0.000717
0.000715
0.000715
0.000719
0.000720
0.000715
0.000713
0.000717
0.000717
0.000722
0.000719
0.000715
0.000714
0.000718
0.000722
0.000715
0.000716
0.000716
0.000716
0.000715
0.000718
0.000717
0.000716
0.000718
0.000718
0.000725
0.000717
0.000718
0.000717
0.000716
0.000716
0.000721
0.000718
0.000717
0.000712
0.000716
0.000716
0.000724
0.000715
0.000718
0.000716
0.000716
0.000723
0.000720
0.000718
0.000720
0.000716
0.000717
0.000723
0.000719
0.000716
0.000716
0.000715
0.000721
0.000717
0.000716
0.000715
0.000717
0.000717
0.000721
0.000721
0.000717
0.000719
0.000716
0.000722
0.000721
0.001473
0.000725
0.001234
0.000726
0.000724
0.000865
0.000720
0.000729
0.000724
0.000722
0.000719
0.000717
0.000720
0.000733
0.000720
0.000717
0.000718
0.000737
0.000718
0.000795
0.000723
0.000719
0.000719
0.000718
0.000867
0.000725
0.000722
0.000721
0.000717
0.000725
0.000721
0.000720
0.000720
0.000719
0.000718
0.000725
0.000719
0.000717
0.000720
0.000718
0.000728
0.000721
0.000719
0.000717
0.000718
0.000719
0.000722
0.000721
0.000720
0.000718
0.000720
0.000724
0.000721
0.000720
0.000716
0.000716
0.000717
0.000725
0.000722
0.000714
0.000715
0.000718
0.000718
0.000732
0.000719
0.000719
0.000721
0.000721
0.000723
0.000720
0.000715
0.000718
0.000717
0.000720
0.000723
0.000722
0.000720
0.000716
0.000715
0.000721
0.000721
0.000718
0.000720
0.000718
0.000717
0.000724
0.000721
0.000718
0.000716
0.000717
0.000723
0.000722
0.000720
0.000717
0.000719
0.000717
0.000722
0.000722
0.000717
0.000717
0.000717
0.000726
0.000720
0.000717
0.000716
0.000719
0.000720
0.000721
0.000718
0.000717
0.000717
0.000717
0.000719
0.000725
0.000719
0.000717
0.000716
0.000718
0.000722
0.000716
0.000718
0.000721
0.000722
0.000719
0.000725
0.000717
0.000721
0.000722
0.000718
0.000723
0.000718
0.000781
0.000718
0.000719
0.000717
0.000726
0.000718
0.000720
0.000716
0.000718
0.000724
0.000721
0.000719
0.000719
0.000719
0.000719
0.000723
0.000719
0.000720
0.000717
0.000720
0.000722
0.000721
0.000716
0.000715
0.000726
0.000719
0.000723
0.000717
0.000718
0.000716
0.000720
0.000722
0.000719
0.000719
0.000717
0.000717
0.000716
0.000725
0.000721
0.000722
0.000721
0.000719
0.000717
0.000724
0.000715
0.000719
0.000716
0.000717
0.000722
0.000718
0.000719
0.000714
0.000719
0.000718
0.000726
0.000720
0.000717
0.000718
0.000717
0.000722
0.000723
0.000722
0.000718
0.000719
0.000719
0.000723
0.000719
0.000720
0.000718
0.000716
0.000719
0.000720
0.000719
0.000718
0.000720
0.000715
0.000724
0.000717
0.000717
0.000718
0.000718
0.000724
0.000720
0.000721
0.000715
0.000716
0.000721
0.000726
0.000716
0.000720
0.000719
0.000717
0.000715
0.000726
0.000718
0.000718
0.000719
0.000721
0.000725
0.000720
0.000715
0.000719
0.000719
0.000718
0.000725
0.000721
0.000718
0.000718
0.000717
0.000723
0.000723
0.000722
0.000718
0.000717
0.000716
0.000726
0.000717
0.000719
0.000720
0.000716
0.000723
0.000723
0.000718
0.000717
0.000720
0.000719
0.000725
0.000721
0.000719
0.000718
0.000719
0.000723
0.000724
0.000718
0.000718
0.000719
0.000718
0.000734
0.000723
0.000722
0.000726
0.000719
0.000729
0.000726
0.000722
0.000723
0.000723
0.000721
0.000727
0.000722
0.000720
0.000720
0.000722
0.000721
0.000736
0.000722
0.000724
0.000724
0.000726
0.000736
0.000725
0.000724
0.000725
0.000727
0.000725
0.000734
0.000723
0.000728
0.000724
0.000727
0.000728
0.000724
0.000727
0.000722
0.000726
0.000725
0.000731
0.000727
0.000727
0.000727
0.000723
0.000729
0.000726
0.000724
0.000728
0.000720
0.000726
0.000734
0.000727
0.000729
0.000728
0.000724
0.000727
0.000729
0.000723
0.000725
0.000724
0.000724
0.000732
0.000725
0.000726
0.000728
0.000730
0.000728
0.000728
0.000723
0.000720
0.000726
0.000725
0.000730
0.000727
0.000726
0.000727
0.000725
0.000731
0.000728
0.000726
0.000725
0.000725
0.000728
0.000731
0.000725
0.000725
0.000729
0.000725
0.000733
0.000729
0.000723
0.000724
0.000724
0.000725
0.016235
0.001203
0.000776
0.000772
0.000778
0.000788
0.000772
0.000775
0.000768
0.000775
0.000790
0.000784
0.000774
0.000778
0.000789
0.000791
0.000781
0.000784
0.000779
0.000781
0.000787
0.000783
0.000783
0.000777
0.000780
0.000787
0.000775
0.000779
0.000778
0.000774
0.000784
0.000771
0.000777
0.000772
0.000772
0.000779
0.000787
0.000772
0.000770
0.000776
0.000785
0.000787
0.000781
0.000776
0.000780
0.000777
0.000790
0.000779
0.000781
0.000773
0.000773
0.000793
0.000783
0.000780
0.000782
0.000776
0.000787
0.000779
0.000779
0.000782
0.000781
0.000778
0.000781
0.000781
0.000775
0.000775
0.000790
0.000783
0.000779
0.000776
0.000779
0.000779
0.000774
0.000776
0.000775
0.000785
0.000783
0.000784
0.000775
0.000775
0.000779
0.000782
0.000783
0.000781
0.000778
0.000777
0.000775
0.000785
0.000780
0.000778
0.000778
0.000780
0.000787
0.000781
0.000783
0.000789
0.000780
0.000799
0.000784
0.000778
0.000778
0.000779
0.000795
0.000781
0.000783
0.000782
0.000787
0.000787
0.000782
0.000778
0.000784
0.000777
0.000785
0.000782
0.000780
0.000779
0.000781
0.000791
0.000781
0.000772
0.000782
0.000783
0.000783
0.000791
0.000785
0.000793
0.000781
0.000784
0.000793
0.000791
0.000782
0.000776
0.000782
0.000782
0.000781
0.000775
0.000774
0.000775
0.000781
0.000774
0.000774
0.000783
0.000784
0.000787
0.000779
0.000779
0.000778
0.000782
0.000782
0.000779
0.000781
0.000775
0.000774
0.000778
0.000774
0.000777
0.000778
0.000778
0.000785
0.000783
0.000781
0.000779
0.000781
0.000775
0.000787
0.000780
0.000781
0.000782
0.000782
0.000786
0.000781
0.000785
0.000781
0.000778
0.000785
0.000780
0.000781
0.000774
0.000780
0.000787
0.000782
0.000774
0.000780
0.000783
0.000788
0.000779
0.000783
0.000783
0.000779
0.000783
0.000779
0.000779
0.000776
0.000781
0.000804
0.000781
0.000782
0.000784
0.000776
0.000784
0.000778
0.000773
0.000780
0.000777
0.000784
0.000777
0.000780
0.000780
0.000781
0.000783
0.000789
0.000782
0.000782
0.000785
0.000783
0.000789
0.000782
0.000782
0.000778
0.000785
0.000791
0.000785
0.000777
0.000773
0.000781
0.000792
0.000777
0.000778
0.000787
0.000782
0.000793
0.000778
0.000780
0.000783
0.000785
0.000792
0.000787
0.000784
0.000780
0.000783
0.000784
0.000782
0.000778
0.000783
0.000777
0.000782
0.000778
0.000779
0.000783
0.000779
0.000786
0.000784
0.000781
0.000781
0.000778
0.000784
0.000778
0.000777
0.000782
0.000779
0.000777
0.000784
0.000788
0.000779
0.000779
0.000777
0.000786
0.000785
0.000778
0.000781
0.000783
0.000790
0.000776
0.000786
0.000782
0.000779
0.000788
0.000789
0.000784
0.000780
0.000788
0.000801
0.000780
0.000777
0.000779
0.000785
0.000783
0.000778
0.000784
0.000783
0.000786
0.000787
0.000786
0.000782
0.000781
0.000781
0.000791
0.000779
0.000775
0.000783
0.000790
0.000788
0.000782
0.000786
0.000780
0.000782
0.000778
0.000788
0.000784
0.000778
0.000776
0.000775
0.000790
0.000778
0.000781
0.000778
0.000775
0.000793
0.000788
0.000780
0.000782
0.000778
0.000793
0.000785
0.000778
0.000783
0.000781
0.000786
0.000776
0.000784
0.000778
0.000781
0.000783
0.000780
0.000776
0.000774
0.000780
0.000784
0.000782
0.000785
0.000778
0.000784
0.000787
0.000775
0.000789
0.000779
0.000785
0.000782
0.000787
0.000775
0.000774
0.000780
0.000779
0.000785
0.000779
0.000786
0.000779
0.000776
0.000785
0.000781
0.000782
0.000778
0.000778
0.000786
0.000778
0.000780
0.000782
0.000787
0.000786
0.000777
0.000773
0.000779
0.000783
0.000789
0.000780
0.000774
0.000781
0.000785
0.000785
0.000781
0.000775
0.000778
0.000779
0.000784
0.000777
0.000782
0.000782
0.000784
0.000799
0.000786
0.000781
0.000783
0.000785
0.000780
0.000774
0.000773
0.000771
0.000777
0.000778
0.000784
0.000776
0.000784
0.000782
0.000787
0.000796
0.000788
0.000780
0.000786
0.000788
0.000787
0.000785
0.000782
0.000788
0.000782
0.000789
0.000780
0.000774
0.000778
0.000776
0.000786
0.000789
0.000785
0.000785
0.000781
0.000788
0.000789
0.000789
0.000788
0.000781
0.000785
0.000778
0.000778
0.000776
0.000783
0.000786
0.000781
0.000783
0.000790
0.000782
0.000779
0.000779
0.000774
0.000779
0.000775
0.000779
0.000772
0.000774
0.000774
0.000777
0.000778
0.000782
0.000778
0.000777
0.000773
0.000779
0.000785
0.000779
0.000774
0.000774
0.000776
0.000781
0.000778
0.000779
0.000780
0.000784
0.000783
0.000781
0.000777
0.000780
0.000773
0.000780
0.000783
0.000776
0.000780
0.000778
0.000784
0.000777
0.000781
0.000780
0.000780
0.000782
0.000784
0.000779
0.000773
0.000779
0.000776
0.000780
0.000775
0.000778
0.000774
0.000783
0.000785
0.000778
0.000785
0.000781
0.000784
0.000781
0.000780
0.000785
0.000779
0.000778
0.000786
0.000782
0.000781
0.000780
0.000779
0.000793
0.000782
0.000782
0.000779
0.000778
0.000787
0.000783
0.000784
0.000773
0.000780
0.000786
0.000782
0.000782
0.000783
0.000777
0.000779
0.000781
0.000774
0.000774
0.000771
0.000775
0.000780
0.000778
0.000781
0.000779
0.000788
0.000781
0.000777
0.000776
0.000783
0.000783
0.000787
0.000781
0.000782
0.000774
0.000787
0.000788
0.000781
0.000778
0.000784
0.000778
0.000791
0.000784
0.000780
0.000786
0.000781
0.000789
0.000782
0.000781
0.000775
0.000778
0.000776
0.000773
0.000776
0.000777
0.000778
0.000784
0.000776
0.000779
0.000781
0.000780
0.000782
0.000782
0.000777
0.000780
0.000779
0.000788
0.000784
0.000785
0.000777
0.000778
0.000777
0.000779
0.000772
0.000779
0.000776
0.000777
0.000787
0.000782
0.000784
0.000772
0.000776
0.000783
0.000783
0.000779
0.000776
0.000777
0.000781
0.000781
0.000782
0.000790
0.000782
0.000783
0.000781
0.000779
0.000775
0.000783
