0.009379
0.005412
0.005634
0.005609
0.005640
0.005662
0.005395
0.005586
0.005430
0.005704
0.005634
0.005672
0.005485
0.005958
0.005471
0.005542
0.005736
0.005872
0.005659
0.005696
0.005549
0.005698
0.005658
0.005717
0.005838
0.005915
0.005774
0.005697
0.005582
0.005508
0.006040
0.005534
0.005894
0.005620
0.005728
0.005589
0.006018
0.005567
0.005421
0.005950
0.005527
0.005946
0.005731
0.005920
0.005695
0.005583
0.005673
0.005518
0.005602
0.005625
0.005994
0.005579
0.005678
0.005957
0.005569
0.005766
0.005704
0.005583
0.005758
0.005883
0.005655
0.006010
0.005668
0.005585
0.005694
0.005573
0.005907
0.005792
0.005533
0.005685
0.005469
0.005775
0.005703
0.005691
0.005523
0.005731
0.005589
0.005408
0.005651
0.005591
0.005584
0.005432
0.005965
0.005559
0.005538
0.005566
0.005648
0.005746
0.005578
0.005714
0.005626
0.005613
0.005740
0.005542
0.005826
0.005585
0.005403
0.005414
0.005713
0.005980
0.005664
0.005645
0.005608
0.005723
0.005596
0.005449
0.005621
0.005641
0.005530
0.005656
0.005434
0.005963
0.005679
0.005575
0.005626
0.005731
0.005656
0.005777
0.005706
0.005633
0.005726
0.005778
0.005876
0.005791
0.005862
0.005473
0.005821
0.005539
0.005655
0.005816
0.005417
0.005564
0.005699
0.005511
0.005624
0.005641
0.005507
0.005790
0.005669
0.005792
0.005628
0.005736
0.005656
0.006021
0.005800
0.005791
0.005672
0.005484
0.005629
0.005577
0.005556
0.005688
0.005632
0.005910
0.005585
0.005778
0.006016
0.005651
0.005676
0.005798
0.005674
0.005634
0.005578
0.005782
0.005545
0.005997
0.005602
0.005645
0.005551
0.005529
0.006013
0.005715
0.005594
0.005509
0.005827
0.005826
0.005616
0.016816
0.005638
0.005430
0.005818
0.005406
0.005417
0.005814
0.005441
0.005583
0.005402
0.005439
0.005347
0.005471
0.005667
0.005780
0.005500
0.005882
0.005496
0.005780
0.005356
0.005484
0.005532
0.005787
0.005470
0.005458
0.005392
0.005558
0.005381
0.005496
0.005410
0.005349
0.005643
0.005577
0.005530
0.005552
0.005545
0.010766
0.011125
0.005379
0.006705
0.005984
0.005979
0.005274
0.005262
0.005490
0.005322
0.013490
0.010414
0.005129
0.005509
0.005411
0.005348
0.005462
0.005426
0.005437
0.005285
0.005531
0.005309
0.005198
0.005349
0.005228
0.005419
0.005457
0.005344
0.007137
0.005602
0.005831
0.005378
0.005424
0.005290
0.005504
0.005292
0.005313
0.005432
0.005321
0.005501
0.005338
0.005436
0.005324
0.005232
0.005397
0.005322
0.005079
0.005498
0.005259
0.005378
0.005382
0.005254
0.005389
0.005376
0.005349
0.005227
0.005338
0.005401
0.005225
0.005465
0.005294
0.005384
0.005471
0.005281
0.005531
0.005299
0.005342
0.005327
0.005367
0.005231
0.005452
0.005268
0.005252
0.005362
0.005303
0.005239
0.005359
0.005407
0.005238
0.005454
0.005190
0.005452
0.005255
0.005323
0.005474
0.005332
0.005328
0.005414
0.005459
0.005253
0.005272
0.005373
0.005367
0.005300
0.005393
0.005416
0.005313
0.005268
0.005482
0.005367
0.005330
0.005311
0.005418
0.005301
0.005291
0.005432
0.005247
0.005456
0.005311
0.005408
0.005356
0.005296
0.005255
0.005323
0.005387
0.005324
0.005324
0.005398
0.005430
0.005422
0.005161
0.005263
0.005337
0.005373
0.005334
0.005428
0.005320
0.005297
0.005346
0.005311
0.005399
0.005310
0.005394
0.005346
0.005361
0.005353
0.005369
0.005263
0.005419
0.005139
0.005493
0.005289
0.053138
0.006076
0.004686
0.004884
0.004762
0.004819
0.005019
0.005096
0.004703
0.005138
0.004833
0.004887
0.004821
0.004917
0.004814
0.005137
0.005144
0.004860
0.004953
0.004803
0.004832
0.005127
0.004845
0.004872
0.004883
0.004878
0.005028
0.004934
0.004783
0.005098
0.004970
0.005004
0.004928
0.005184
0.004838
0.005039
0.005003
0.004871
0.004900
0.004814
0.004818
0.004894
0.005031
0.004803
0.004845
0.005033
0.005003
0.005032
0.005052
0.004866
0.004933
0.004869
0.004824
0.004784
0.004781
0.004922
0.004854
0.004938
0.004961
0.004772
0.004886
0.005101
0.004804
0.005139
0.004809
0.004815
0.004982
0.005227
0.004864
0.004872
0.005073
0.005048
0.004791
0.004823
0.004989
0.004964
0.005077
0.005076
0.004805
0.005059
0.004787
0.004861
0.004913
0.005049
0.005036
0.004697
0.004813
0.004839
0.004937
0.004938
0.005198
0.004748
0.004662
0.004890
0.004978
0.004982
0.004922
0.004904
0.004799
0.004818
0.004867
0.004739
0.004860
0.004906
0.004863
0.005109
0.004845
0.004905
0.004748
0.004752
0.005039
0.005076
0.004864
0.004842
0.004919
0.004816
0.004673
0.005088
0.004691
0.004899
0.004623
0.005132
0.004940
0.005056
0.004824
0.005009
0.004940
0.004882
0.004850
0.004712
0.005064
0.004760
0.004642
0.004912
0.005034
0.004904
0.005029
0.005045
0.005081
0.005031
0.004825
0.004963
0.005023
0.004767
0.005032
0.004763
0.004966
0.005142
0.004835
0.004860
0.004799
0.004837
0.004885
0.004917
0.004973
0.005004
0.005079
0.004953
0.004910
0.005065
0.004917
0.004977
0.004804
0.005003
0.004929
0.004828
0.004902
0.004991
0.004854
0.004867
0.004918
0.004962
0.004937
0.004871
0.005008
0.004945
0.004793
0.005052
0.004981
0.004747
0.004854
0.004843
0.004737
0.004955
0.005110
0.004852
0.004967
0.004872
0.004928
0.005186
0.004820
0.005101
0.004801
0.004879
0.004900
0.004807
0.004881
0.004886
0.004991
0.004792
0.005057
0.004855
0.004943
0.005230
0.005019
0.005020
0.004991
0.004854
0.004878
0.004980
0.004836
0.005142
0.005040
0.004871
0.005119
0.004941
0.004970
0.005071
0.004996
0.004909
0.005041
0.004935
0.004722
0.004830
0.004710
0.004888
0.004702
0.005001
0.004915
0.005059
0.004868
0.004871
0.005093
0.004852
0.004978
0.004827
0.004848
0.005000
0.004902
0.004843
0.005220
0.004889
0.004988
0.004819
0.005118
0.004928
0.004916
0.005066
0.005016
0.005117
0.004775
0.004690
0.004751
0.004947
0.005086
0.004756
0.004936
0.004871
0.004971
0.004859
0.004926
0.004713
0.004873
0.005155
0.004777
0.004928
0.004743
0.004809
0.005034
0.005055
0.005062
0.004768
0.004946
0.004891
0.005174
0.004985
0.004702
0.004826
0.005131
0.004752
0.004709
0.004966
0.005099
0.004883
0.005284
0.005050
0.004904
0.004885
0.004959
0.004965
0.004882
0.004992
0.004727
0.005123
0.004855
0.004795
0.004920
0.004850
0.004861
0.004645
0.004838
0.004852
0.004928
0.004841
0.004745
0.005085
0.004867
0.005088
0.005091
0.004883
0.004938
0.004707
0.004840
0.004884
0.004915
0.004911
0.004885
0.004735
0.004823
0.004845
0.004678
0.004978
0.004955
0.004859
0.004990
0.004916
0.005192
0.005023
0.004899
0.004988
0.004961
0.004838
0.004965
0.004882
0.004934
0.004944
0.004841
0.004843
0.004990
0.005023
0.005093
0.004842
0.004891
0.004905
0.004926
0.004854
0.005055
0.004944
0.005013
0.004791
0.005014
0.004838
0.005141
0.004790
0.004892
0.004905
0.004848
0.004794
0.004933
0.005543
0.005028
0.004852
0.004833
0.004845
0.004884
0.004924
0.004812
0.004879
0.004869
0.005111
0.004940
0.004955
0.004816
0.005022
0.004806
0.004828
0.005019
0.005022
0.005238
0.005113
0.004688
0.005047
0.004811
0.005018
0.004765
0.005100
0.004933
0.004866
0.005103
0.004941
0.004715
0.004954
0.004922
0.004782
0.004815
0.004945
0.004893
0.005394
0.005021
0.004980
0.004999
0.005071
0.005050
0.004947
0.004948
0.005097
0.005118
0.005005
0.004895
0.005105
0.005048
0.004981
0.005233
0.004923
0.005100
0.005190
0.004961
0.004923
0.004998
0.004887
0.004910
0.004747
0.005032
0.004900
0.004880
0.005163
0.004952
0.004931
0.004941
0.004970
0.004993
0.005252
0.004812
0.005190
0.004911
0.004900
0.004924
0.005145
0.004981
0.005221
0.005242
0.004787
0.005036
0.005009
0.004992
0.005181
0.005199
0.004846
0.004979
0.004994
0.004810
0.004867
0.005015
0.005127
0.005103
0.004842
0.005096
0.005012
0.005220
0.005324
0.004810
0.004991
0.005032
0.005226
0.004884
0.004957
0.004920
0.004943
0.004884
0.004870
0.004869
0.005042
0.004965
0.005095
0.004826
0.005073
0.004903
0.005123
0.005222
0.005014
0.004912
0.004976
0.004932
0.004962
0.005078
0.005137
0.004992
0.005038
0.005081
0.005236
0.004872
0.005045
0.004924
0.005273
0.004899
0.005073
0.005063
0.005227
0.004883
0.004874
0.004848
0.005239
0.004938
0.005178
0.005084
0.004901
0.004968
0.004880
0.004945
0.004817
0.005055
0.005032
0.005058
0.005124
0.004912
0.005006
0.004988
0.004864
0.005062
0.005109
0.005039
0.005054
0.005016
0.005110
0.004721
0.004947
0.005010
0.005094
0.005099
0.005141
0.005010
0.005257
0.005271
0.004892
0.004808
0.005062
0.005037
0.005023
0.005038
0.004879
0.005146
0.004911
0.005191
0.005082
0.005080
0.004820
0.004907
0.004847
0.004878
0.004876
0.005089
0.005011
0.004944
0.004982
0.005131
0.005203
0.004796
0.005020
0.004907
0.005025
0.005004
0.004919
0.004857
0.005106
0.005169
0.004982
0.005007
0.005099
0.004992
0.004818
0.004744
0.004999
0.005247
0.005100
0.005078
0.005036
0.004911
0.004912
0.005028
0.005049
0.004966
0.005004
0.004927
0.004955
0.005069
0.004957
0.004839
0.004923
0.005035
0.005136
0.005118
0.005053
0.004841
0.005135
0.005035
0.005088
0.004877
0.004879
0.004959
0.004984
0.005030
0.005218
0.004998
0.004991
0.005157
0.005153
0.004848
0.005202
0.005120
0.004775
0.004978
0.004884
0.005318
0.004831
0.005018
0.005109
0.005247
0.004851
0.004921
0.005050
0.005086
0.004988
0.004991
0.005103
0.004873
0.005309
0.004997
0.005138
0.005054
0.004860
0.005264
0.004918
0.004921
0.004951
0.005031
0.004948
0.004851
0.004920
0.005037
0.005231
0.005061
0.004807
0.005016
0.004878
0.004840
0.005044
0.005102
0.004917
0.004980
0.004828
0.004993
0.005071
0.004969
0.004930
0.005053
0.004850
0.005004
0.005059
0.004837
0.005007
0.005032
0.004952
0.005040
0.005033
0.004944
0.004923
0.004818
0.004973
0.005024
0.004915
0.004869
0.004903
0.004788
0.005137
0.005094
0.005087
0.004968
0.004920
0.005140
0.004803
0.005210
0.005106
0.005074
0.005258
0.005000
0.004983
0.004853
0.004898
0.004968
0.004891
0.005040
0.005129
0.005003
0.004966
0.004966
0.004969
0.004917
0.005011
0.004992
0.005013
0.005046
0.004970
0.004769
0.005092
0.005043
0.005004
0.004967
0.005067
0.005092
0.004926
0.005062
0.004894
0.005176
0.005102
0.005323
0.005053
0.005001
0.004936
0.005304
0.005255
0.004814
0.005118
0.004795
0.005055
0.004972
0.005014
0.004847
0.004927
0.005084
0.005103
0.004885
0.005113
0.005198
0.004971
0.004869
0.005086
0.004907
0.005076
0.005128
0.004934
0.005016
0.005039
0.005036
0.004844
0.005012
0.004960
0.004840
0.005040
0.004748
0.005232
0.004908
0.004900
0.005142
0.004872
0.005201
0.005057
0.005093
0.004888
0.005115
0.005075
0.005106
0.005254
0.005121
0.005113
0.004930
0.004983
0.004966
0.004988
0.004993
0.005261
0.005207
0.005188
0.004933
0.004942
0.004900
0.004876
0.005164
0.005116
0.005207
0.004983
0.005205
0.004950
0.005018
0.005120
0.005044
0.004927
0.005171
0.004852
0.004988
0.005023
0.004925
0.004902
0.005034
0.004955
0.004877
0.005003
0.048506
0.005412
0.004859
0.004726
0.004987
0.004776
0.004825
0.004777
0.004954
0.004807
0.004873
0.004865
0.004992
0.004861
0.004973
0.004792
0.004875
0.004774
0.004831
0.004777
0.004979
0.004762
0.004836
0.004793
0.004854
0.004845
0.004850
0.004823
0.004840
0.004862
0.004810
0.004942
0.004749
0.006138
0.009384
0.010484
0.004727
0.010548
0.005517
0.004850
0.004752
0.005075
0.004830
0.009881
0.012573
0.006396
0.004757
0.004905
0.004809
0.004812
0.004926
0.004943
0.004815
0.004871
0.004889
0.005496
0.004880
0.004855
0.004874
0.004935
0.005745
0.004856
0.004793
0.008581
0.004840
0.005811
0.004918
0.004858
0.004834
0.004850
0.005508
0.004847
0.004915
0.004852
0.004867
0.004879
0.004831
0.004912
0.004897
0.004807
0.004854
0.004874
0.004825
0.004849
0.004854
0.004930
0.004832
0.004848
0.004874
0.004813
0.004847
0.004855
0.004798
0.004857
0.004890
0.004864
0.004873
0.004872
0.004828
0.004868
0.004848
0.004840
0.004873
0.004801
0.004879
0.004840
0.004796
0.004855
0.004846
0.004862
0.004840
0.004804
0.004804
0.004857
0.004814
0.004856
0.004866
0.004894
0.004852
0.004895
0.004874
0.004836
0.004853
0.004860
0.004918
0.004839
0.004827
0.004797
0.004832
0.004790
0.004910
0.004817
0.004783
0.004842
0.004830
0.004858
0.004808
0.004874
0.004844
0.004862
0.004821
0.004847
0.004843
0.004892
0.004786
0.004747
0.004801
0.004862
0.004805
0.004882
0.004888
0.004798
0.004891
0.004897
0.004807
0.004903
0.004820
0.004797
0.004824
0.006258
0.004885
0.004824
0.004886
0.004810
0.004794
0.004890
0.004838
0.004889
0.004854
0.004857
0.004905
0.004858
0.004807
0.004885
0.004909
0.004836
0.004877
0.004808
0.004885
0.004867
0.004854
0.004846
0.004906
0.004856
0.004863
0.004899
0.004859
0.004890
0.004809
0.004754
0.004861
0.004824
0.004844
0.004859
0.004783
0.004793
0.004885
0.004903
0.004887
0.004804
0.004864
0.004848
0.004833
0.004874
0.004839
0.004874
0.004881
0.004848
0.004847
0.004805
0.004894
0.004934
0.004856
0.004792
0.004851
0.004812
0.004783
0.004913
0.004790
0.004839
0.004867
0.004874
0.004855
0.004847
0.004813
0.004801
0.004860
0.004827
0.004839
0.004872
0.004789
0.004903
0.004849
0.004864
0.004921
0.004793
0.004805
0.004817
0.004881
0.004776
0.004891
0.004833
0.004875
0.004786
0.004909
0.004958
0.004828
0.004869
0.004911
0.004848
0.004927
0.004852
0.004863
0.004840
0.004814
0.004865
0.004867
0.004834
0.004854
0.004908
0.004767
0.004831
0.004842
0.004850
0.004865
0.004874
0.004916
0.004851
0.004870
0.004902
0.004838
0.004842
0.004773
0.004834
0.004808
0.004872
0.004911
0.004813
0.004863
0.004872
0.004825
0.004828
0.004931
0.006711
0.004860
0.004807
0.004867
0.004789
0.004835
0.004863
0.004827
0.004834
0.004830
0.004844
0.004898
0.004861
0.004824
0.004922
0.004864
0.004836
0.004776
0.004862
0.004850
0.004838
0.004863
0.004806
0.004837
0.004844
0.004785
0.004815
0.004805
0.004850
0.004838
0.004855
0.004842
0.004813
0.004839
0.004831
0.004857
0.004914
0.004839
0.004814
0.004820
0.004859
0.004887
0.004809
0.004881
0.004907
0.004897
0.004801
0.004827
0.004787
0.004819
0.004795
0.004840
0.004770
0.004905
0.004868
0.004812
0.004825
0.004899
0.004878
0.004931
0.004905
0.004915
0.004864
0.004818
0.004801
0.004810
0.004801
0.004854
0.004843
0.004905
0.004857
0.004895
0.004831
0.004767
0.004852
0.004887
0.004850
0.004817
0.004820
0.004809
0.004894
0.004863
0.004835
0.004837
0.004806
0.004775
0.004922
0.004861
0.004886
0.004791
0.004867
0.004806
0.004866
0.004786
0.004790
0.004809
0.004810
0.004847
0.004776
0.004851
0.004881
0.004803
0.004939
0.004881
0.004794
0.004881
0.004817
0.004823
0.004795
0.004794
0.004761
0.004938
0.004838
0.004834
0.004811
0.004830
0.004850
0.004844
0.004950
0.004871
0.004817
0.004825
0.004874
0.004887
0.004842
0.004859
0.004901
0.004805
0.004772
0.004837
0.004912
0.004821
0.004847
0.004854
0.004798
0.004787
0.004896
0.004857
0.004837
0.004956
0.004793
0.004861
0.004828
0.004859
0.004920
0.004885
0.004848
0.004824
0.004852
0.004847
0.004846
0.004820
0.004879
0.004808
0.004872
0.004842
0.004796
0.004912
0.004844
0.004873
0.004827
0.004799
0.004846
0.004939
0.004808
0.004846
0.004842
0.004796
0.004803
0.004811
0.004846
0.004911
0.004782
0.004818
0.004873
0.004856
0.004944
0.004829
0.004800
0.004904
0.004891
0.004789
0.004908
0.004824
0.004900
0.004795
0.004789
0.004880
0.004829
0.004871
0.004795
0.004837
0.004930
0.004840
0.004849
0.004869
0.004886
0.004814
0.004804
0.004872
0.004871
0.004905
0.004832
0.004855
0.004884
0.004817
0.004835
0.004819
0.004909
0.004808
0.004810
0.004906
0.004824
0.004835
0.004851
0.004894
0.004938
0.004833
0.004823
0.004800
0.004816
0.004870
0.004853
0.004804
0.004875
0.004799
0.004864
0.004815
0.004885
0.004906
0.004809
0.004798
0.004872
0.004784
0.004878
0.004862
0.004853
0.004800
0.004828
0.004809
0.004905
0.004843
0.004922
0.004808
0.004824
0.004831
0.004855
0.004912
0.004849
0.004823
0.004846
0.004871
0.004865
0.004871
0.004829
0.004815
0.004835
0.004930
0.004785
0.004817
0.004821
0.004857
0.004839
0.004821
0.004884
0.004865
0.004898
0.004871
0.004830
0.004920
0.004854
0.004820
0.004939
0.004847
0.004855
0.004923
0.004828
0.004824
0.004881
0.004858
0.004806
0.004863
0.004852
0.004789
0.004882
0.004829
0.004838
0.004852
0.004853
0.004857
0.004946
0.004832
0.004878
0.004898
0.004821
0.004842
0.004882
0.004808
0.004897
0.004892
0.004856
0.004771
0.004879
0.004749
0.004779
0.004864
0.004920
0.004845
0.004847
0.004924
0.004770
0.004854
0.004843
0.004778
0.004875
0.004836
0.004877
0.004914
0.004804
0.004833
0.004830
0.004961
0.004827
0.004900
0.004830
0.004847
0.004906
0.004901
0.004822
0.004878
0.004908
0.004859
0.004839
0.004795
0.004792
0.004870
0.004802
0.004935
0.004798
0.004861
0.004920
0.004878
0.004887
0.004856
0.004833
0.009688
0.004964
0.004793
0.004815
0.004838
0.004913
0.004841
0.004816
0.004857
0.004798
0.004919
0.004867
0.004803
0.004782
0.004865
0.004821
0.004798
0.004866
0.004854
0.004832
0.004853
0.004829
0.004947
0.004838
0.004878
0.004868
0.004888
0.004815
0.004834
0.004776
0.004862
0.004926
0.004894
0.004848
0.004790
0.004791
0.004872
0.004793
0.004815
0.004946
0.004863
0.004840
0.004804
0.004867
0.004893
0.004825
0.004887
0.004818
0.004873
0.004806
0.004824
0.004883
0.004898
0.004814
0.004816
0.004884
0.004802
0.004819
0.004844
0.004898
0.004891
0.004840
0.004812
0.004874
0.004862
0.004860
0.004865
0.004849
0.004875
0.004820
0.004842
0.004832
0.004677
0.004837
0.004932
0.004834
0.004950
0.004857
0.004815
0.004856
0.004874
0.004874
0.004824
0.004847
0.004795
0.004822
0.004866
0.004871
0.004838
0.004844
0.004825
0.004799
0.004815
0.004897
0.004789
0.004927
0.004831
0.004888
0.004922
0.004832
0.004852
0.004892
0.004815
0.004938
0.004869
0.004847
0.004852
0.004897
0.004867
0.004846
0.004877
0.004900
0.004765
0.004927
0.004821
0.004894
0.004756
0.004864
0.004806
0.004812
0.004842
0.004827
0.004882
0.004844
0.004866
0.004868
0.004895
0.004779
0.004836
0.004887
0.004822
0.004882
0.004802
0.004843
0.004878
0.004828
0.004844
0.004835
0.004880
0.004867
0.004841
0.004829
0.004901
0.004902
0.004833
0.004848
0.004832
0.004775
0.004930
0.004907
0.004901
0.004841
0.004874
0.004873
0.004804
0.004851
0.004786
0.004893
0.004867
0.004835
0.004815
0.004847
0.004844
0.004827
0.004879
0.004907
0.004849
0.004840
0.004837
0.004832
0.004788
0.004867
0.004832
0.004792
0.004777
0.004875
0.004865
0.008700
0.016033
0.013657
0.012464
0.004767
0.004879
0.004709
0.004742
0.004689
0.004727
0.004786
0.004762
0.004828
0.004733
0.004763
0.004826
0.004823
0.004729
0.004743
0.004678
0.004777
0.004836
0.004867
0.004859
0.004727
0.004731
0.004812
0.004778
0.004814
0.004743
0.004779
0.005004
0.004805
0.004754
0.004901
0.004758
0.004780
0.004830
0.004712
0.004813
0.004812
0.004809
0.004840
0.004738
