0.001651
0.000311
0.000273
0.000270
0.000259
0.000262
0.000257
0.000261
0.000272
0.000325
0.000321
0.000322
0.000323
0.000321
0.000325
0.000326
0.000323
0.000323
0.000323
0.000343
0.000336
0.000321
0.000310
0.000311
0.000311
0.000311
0.000310
0.000311
0.000312
0.000310
0.000310
0.000311
0.000308
0.000609
0.000299
0.000297
0.000300
0.000301
0.000290
0.000297
0.000299
0.000299
0.000299
0.000298
0.000296
0.000309
0.000308
0.000294
0.000287
0.000290
0.000289
0.000292
0.000291
0.000286
0.000287
0.000287
0.000286
0.000286
0.000286
0.000288
0.000284
0.000285
0.000277
0.000275
0.000277
0.000279
0.000281
0.000276
0.000280
0.000273
0.000279
0.000274
0.000277
0.000284
0.000283
0.000261
0.000265
0.000262
0.000270
0.000262
0.000267
0.000268
0.000268
0.000267
0.000268
0.000266
0.000268
0.000261
0.000273
0.000269
0.000257
0.000259
0.000258
0.000258
0.000260
0.000258
0.000253
0.000259
0.000259
0.000259
0.000259
0.000256
0.000258
0.000258
0.000265
0.000256
0.000252
0.000254
0.000256
0.000252
0.000256
0.000253
0.000255
0.000252
0.000252
0.000252
0.000254
0.000254
0.000255
0.000258
0.000251
0.000252
0.000250
0.000250
0.000250
0.000252
0.000253
0.000252
0.000320
0.000252
0.000255
0.000251
0.000255
0.000256
0.000251
0.000258
0.000253
0.000252
0.000251
0.000253
0.000256
0.000255
0.000253
0.000257
0.000251
0.000252
0.000252
0.000252
0.000255
0.000254
0.000251
0.000265
0.000250
0.000253
0.000252
0.000254
0.000253
0.000252
0.000254
0.000255
0.000250
0.000253
0.000253
0.000252
0.000250
0.000253
0.000255
0.000256
0.000258
0.000255
0.000255
0.000253
0.000250
0.000255
0.000253
0.000252
0.000252
0.000250
0.000252
0.000256
0.000251
0.000253
0.000256
0.000254
0.000255
0.000252
0.000251
0.000253
0.000253
0.000256
0.000257
0.000255
0.000253
0.000251
0.000255
0.000253
0.000252
0.000252
0.000256
0.000252
0.000253
0.000255
0.000255
0.000253
0.000257
0.000252
0.000255
0.000249
0.000253
0.000251
0.000256
0.000250
0.000253
0.000251
0.000260
0.000253
0.000257
0.000251
0.000251
0.000256
0.000255
0.000254
0.000257
0.000254
0.000252
0.000256
0.000254
0.000255
0.000256
0.000259
0.000252
0.000255
0.000251
0.000252
0.000251
0.000253
0.000250
0.000255
0.000252
0.000251
0.000254
0.000253
0.000253
0.000253
0.000256
0.000253
0.000253
0.000253
0.000252
0.000251
0.000252
0.000253
0.000251
0.000252
0.000252
0.000253
0.000257
0.000254
0.000255
0.000250
0.000253
0.000256
0.000255
0.000255
0.000256
0.000256
0.000258
0.000253
0.000252
0.000250
0.000254
0.000255
0.000256
0.000255
0.000253
0.000255
0.000257
0.000249
0.000253
0.000255
0.000256
0.000252
0.000252
0.000253
0.000255
0.000255
0.000255
0.000254
0.000254
0.000251
0.000258
0.000253
0.000252
0.000250
0.000251
0.000256
0.000252
0.000250
0.000252
0.000253
0.000253
0.000254
0.000252
0.000250
0.000251
0.000253
0.000255
0.000255
0.000254
0.000256
0.000251
0.000252
0.000253
0.000255
0.000253
0.000251
0.000250
0.000253
0.000251
0.000253
0.000255
0.000252
0.000253
0.000255
0.000261
0.000250
0.000254
0.000251
0.000252
0.000250
0.000252
0.000252
0.000253
0.000253
0.000252
0.000251
0.000252
0.000251
0.000251
0.000255
0.000257
0.000254
0.000253
0.000255
0.000252
0.000251
0.000251
0.000253
0.000252
0.000253
0.000250
0.000256
0.000255
0.000251
0.000250
0.000253
0.000250
0.000250
0.000255
0.000253
0.000252
0.000255
0.000252
0.000252
0.000261
0.000253
0.000255
0.000253
0.000252
0.000252
0.000253
0.000253
0.000251
0.000252
0.000256
0.000252
0.000253
0.000252
0.000254
0.000254
0.000250
0.000255
0.000251
0.000253
0.000252
0.000257
0.000253
0.000258
0.000251
0.000251
0.000252
0.000251
0.000252
0.000255
0.000252
0.000252
0.000250
0.000255
0.000251
0.000254
0.000251
0.000251
0.000252
0.000252
0.000257
0.000251
0.000252
0.000249
0.000252
0.000252
0.000252
0.000254
0.000252
0.000253
0.000251
0.000252
0.000255
0.000252
0.000257
0.000255
0.000251
0.000252
0.000253
0.000254
0.000252
0.000252
0.000255
0.000256
0.000251
0.000252
0.000254
0.000252
0.000253
0.000251
0.000258
0.000253
0.000252
0.000251
0.000251
0.000255
0.000251
0.000254
0.000253
0.000254
0.000262
0.000252
0.000253
0.000252
0.000252
0.000250
0.000254
0.000251
0.000253
0.000252
0.000252
0.000253
0.000251
0.000254
0.000251
0.000254
0.000251
0.000249
0.000253
0.000249
0.000256
0.000251
0.000255
0.000254
0.000251
0.000251
0.000255
0.000252
0.000250
0.000257
0.000255
0.000251
0.000251
0.000250
0.000253
0.000252
0.000262
0.000254
0.000250
0.000251
0.000249
0.000252
0.000251
0.000251
0.000252
0.000254
0.000252
0.000254
0.000247
0.000254
0.000250
0.000251
0.000253
0.000252
0.000252
0.000253
0.000256
0.000255
0.000253
0.000252
0.000255
0.000253
0.000253
0.000250
0.000256
0.000252
0.000251
0.000251
0.000249
0.000256
0.000252
0.000255
0.000252
0.000255
0.000251
0.000255
0.000294
0.000251
0.000254
0.000253
0.000250
0.000252
0.000253
0.000248
0.000251
0.000259
0.000252
0.000252
0.000253
0.000250
0.000253
0.000253
0.000253
0.000254
0.000254
0.000253
0.000251
0.000252
0.000252
0.000250
0.000251
0.000289
0.000254
0.000251
0.000252
0.000251
0.000251
0.000251
0.000252
0.000254
0.000251
0.000252
0.000254
0.000251
0.000251
0.000253
0.000260
0.000250
0.000252
0.000253
0.000251
0.000251
0.000252
0.000252
0.000253
0.000251
0.000254
0.000252
0.000252
0.000254
0.000252
0.000253
0.000255
0.000254
0.000252
0.000253
0.000252
0.000253
0.000251
0.000254
0.000254
0.000252
0.000254
0.000251
0.000252
0.000255
0.000253
0.000253
0.000257
0.000254
0.000253
0.000252
0.000252
0.000255
0.000254
0.000253
0.000261
0.000252
0.000256
0.000252
0.000253
0.000251
0.000255
0.000257
0.000252
0.000254
0.000255
0.000253
0.000252
0.000254
0.000254
0.000254
0.000252
0.000251
0.000255
0.000252
0.000253
0.000250
0.000251
0.000254
0.000251
0.000252
0.000251
0.000253
0.000253
0.000252
0.000252
0.000254
0.000253
0.000252
0.000251
0.000252
0.000250
0.000253
0.000253
0.000255
0.000262
0.000247
0.000252
0.000255
0.000251
0.000251
0.000251
0.000254
0.000252
0.000252
0.000251
0.000253
0.000256
0.000251
0.000250
0.000252
0.000252
0.000253
0.000252
0.000251
0.000255
0.000253
0.000251
0.000254
0.000254
0.000253
0.000256
0.000252
0.000251
0.000252
0.000255
0.000256
0.000254
0.000251
0.000252
0.000255
0.000251
0.000255
0.000253
0.000253
0.000267
0.000254
0.000253
0.000253
0.000253
0.000252
0.000256
0.000251
0.000252
0.000252
0.000251
0.000251
0.000252
0.000251
0.000254
0.000251
0.000254
0.000253
0.000250
0.000252
0.000254
0.000255
0.000253
0.000251
0.000255
0.000253
0.000251
0.000253
0.000251
0.000251
0.000253
0.000253
0.000251
0.000251
0.000254
0.000255
0.000256
0.000252
0.000255
0.000255
0.000251
0.000252
0.000252
0.000255
0.000251
0.000254
0.000252
0.000252
0.000250
0.000252
0.000252
0.000254
0.000252
0.000252
0.000253
0.000251
0.000250
0.000250
0.000250
0.000250
0.000253
0.000249
0.000252
0.000254
0.000252
0.000252
0.000250
0.000251
0.000254
0.000251
0.000256
0.000252
0.000252
0.000251
0.000252
0.000252
0.000263
0.000253
0.000251
0.000254
0.000253
0.000252
0.000251
0.000251
0.000251
0.000256
0.000251
0.000252
0.000253
0.000254
0.000253
0.000254
0.000253
0.000253
0.000252
0.000252
0.000252
0.000251
0.000255
0.000252
0.000253
0.000257
0.000253
0.000252
0.000255
0.000251
0.000252
0.000252
0.000252
0.000251
0.000254
0.000251
0.000252
0.000252
0.000254
0.000252
0.000270
0.000266
0.000255
0.000253
0.000249
0.000251
0.000251
0.000251
0.000250
0.000251
0.000252
0.000249
0.000252
0.000250
0.000252
0.000252
0.000254
0.000253
0.000252
0.000252
0.000255
0.000253
0.000253
0.000253
0.000249
0.000249
0.000253
0.000254
0.000252
0.000255
0.000252
0.000254
0.000256
0.000252
0.000250
0.000252
0.000253
0.000254
0.000250
0.000250
0.000272
0.000250
0.000250
0.000251
0.000253
0.000250
0.000251
0.000254
0.000257
0.000250
0.000254
0.000254
0.000251
0.000254
0.000253
0.000249
0.000254
0.000252
0.000253
0.000251
0.000254
0.000252
0.000253
0.000251
0.000258
0.000251
0.000253
0.000252
0.000252
0.000251
0.000252
0.000252
0.000252
0.000254
0.000254
0.000252
0.000250
0.000251
0.000253
0.000253
0.000280
0.000252
0.000254
0.000253
0.000253
0.000252
0.000253
0.000250
0.000251
0.000254
0.000253
0.000251
0.000253
0.000251
0.000254
0.000253
0.000257
0.000253
0.000250
0.000252
0.000250
0.000253
0.000251
0.000250
0.000251
0.000254
0.000250
0.000253
0.000251
0.000252
0.000252
0.000363
0.000250
0.000252
0.000253
0.000252
0.000246
0.000253
0.000252
0.000251
0.000273
0.000253
0.000251
0.000252
0.000252
0.000252
0.000253
0.000254
0.000252
0.000251
0.000253
0.000254
0.000251
0.000252
0.000252
0.000252
0.000249
0.000252
0.000252
0.000252
0.000253
0.000254
0.000254
0.000257
0.000252
0.000253
0.000254
0.000253
0.000252
0.000251
0.000251
0.000251
0.000252
0.000252
0.000251
0.000252
0.000253
0.000254
0.000251
0.000253
0.000264
0.000254
0.000252
0.000253
0.000250
0.000251
0.000253
0.000252
0.000254
0.000252
0.000252
0.000251
0.000251
0.000251
0.000256
0.000252
0.000253
0.000253
0.000252
0.000252
0.000252
0.000249
0.000252
0.000253
0.000252
0.000253
0.000253
0.000251
0.000253
0.000249
0.000252
0.000251
0.000252
0.000254
0.000252
0.000253
0.000277
0.000253
0.000250
0.000252
0.000252
0.000253
0.000250
0.000251
0.000252
0.000252
0.000254
0.000253
0.000245
0.000254
0.000253
0.000254
0.000251
0.000254
0.000252
0.000249
0.000252
0.000253
0.000251
0.000251
0.000252
0.000257
0.000284
0.000252
0.000253
0.000253
0.000252
0.000254
0.000251
0.000252
0.000254
0.000252
0.000253
0.000253
0.000253
0.000249
0.000268
0.000255
0.000250
0.000252
0.000251
0.000252
0.000252
0.000254
0.000252
0.000251
0.000253
0.000250
0.000253
0.000252
0.000253
0.000255
0.000253
0.000254
0.000252
0.000253
0.000251
0.000251
0.000252
0.000251
0.000252
0.000253
0.000251
0.000252
0.000252
0.000253
0.000251
0.000253
0.000250
0.000256
0.000251
0.000254
0.000254
0.000252
0.000252
0.000250
0.000272
0.000251
0.000253
0.000251
0.000249
0.000252
0.000252
0.000252
0.000257
0.000253
0.000252
0.000252
0.000251
0.000251
0.000253
0.000253
0.000251
0.000252
0.000253
0.000252
0.000253
0.000251
0.000252
0.000250
0.000256
0.000250
0.000254
0.000253
0.000252
0.000250
0.000253
0.000253
0.000252
0.000252
0.000252
0.000251
0.000252
0.000253
0.000251
0.000251
0.000253
0.000278
0.000250
0.000250
0.000251
0.000253
0.000250
0.000252
0.000251
0.000251
0.000253
0.000253
0.000250
0.000252
0.000249
0.000248
0.000253
0.000251
0.000251
0.000252
0.000253
0.000253
0.000252
0.000252
0.000252
0.000255
0.000251
0.000252
0.000250
0.000253
0.000254
0.000251
0.000256
0.000252
0.000252
0.000253
0.000252
0.000251
0.000251
0.000251
0.000253
0.000256
0.000250
0.000252
0.000253
0.000252
0.000252
0.000252
0.000257
0.000252
0.000254
0.000253
0.000253
0.000252
0.000254
0.000251
0.000251
0.000253
0.000251
0.000253
0.000253
0.000252
0.000255
0.000258
0.000253
0.000251
0.000252
0.000251
0.000250
0.000250
0.000250
0.000254
0.000249
0.000251
0.000252
0.000251
0.000255
0.000252
0.000254
0.000255
0.000251
0.000259
0.000252
0.000251
0.000250
0.000248
0.000253
0.000251
0.000250
0.000252
0.000254
0.000253
0.000252
0.000251
0.000252
0.000255
0.000252
0.000250
0.000254
0.000253
0.000252
0.000252
0.000253
0.000253
0.000253
0.000251
0.000252
0.000253
0.000251
0.000251
0.000253
0.000258
0.000253
0.000252
0.000252
0.000253
0.000254
0.000254
0.000254
0.000253
0.000253
0.000257
0.000253
0.000251
0.000253
0.000253
0.000255
0.000251
0.000253
0.000254
0.000255
0.000250
0.000255
0.000254
0.000251
0.000249
0.000251
0.000252
0.000253
0.000250
0.000250
0.000253
0.000255
0.000251
0.000252
0.000250
0.000250
0.000252
0.000253
0.000255
0.000251
0.000252
0.000252
0.000251
0.000252
0.000252
0.000253
0.000257
0.000255
0.000250
0.000253
0.000251
0.000252
0.000253
0.000251
0.000252
0.000253
0.000254
0.000251
0.000253
0.000252
0.000252
0.000253
0.000254
0.000257
0.000251
0.000252
0.000251
0.000253
0.000252
0.000253
0.000251
0.000252
0.000252
0.000251
0.000252
0.000253
0.000253
0.000252
0.000251
0.000313
0.000253
0.000253
0.000253
0.000253
0.000255
0.000252
0.000269
0.000252
0.000251
0.000252
0.000251
0.000251
0.000253
0.000248
0.000253
0.000252
0.000252
0.000253
0.000251
0.000252
0.000253
0.000253
0.000251
0.000252
0.000253
0.000251
0.000250
0.000253
0.000251
0.000253
0.000254
0.000253
0.000253
0.000253
0.000253
0.000252
0.000252
0.000252
0.000253
0.000252
0.000250
0.000253
0.000252
0.000252
0.000251
0.000253
0.000261
0.000252
0.000252
0.000252
0.000252
0.000251
0.000251
0.000252
0.000251
0.000252
0.000251
0.000250
0.000252
0.000252
0.000253
0.000250
0.000257
0.000253
0.000252
0.000252
0.000252
0.000253
0.000252
0.000251
0.000252
0.000252
0.000250
0.000252
0.000252
0.000251
0.000253
0.000253
0.000256
0.000252
0.000254
0.000250
0.000252
0.000251
0.000253
0.000252
0.000259
0.000251
0.000252
0.000253
0.000249
0.000250
0.000252
0.000254
0.000252
0.000276
0.000253
0.000251
0.000252
0.000253
0.000253
0.000252
0.000251
0.000253
0.000251
0.000252
0.000257
0.000252
0.000250
0.000279
0.000252
0.000252
0.000276
0.000251
0.000252
0.000254
0.000251
0.000252
0.000251
0.000253
0.000251
0.000253
0.000250
0.000254
0.000254
0.000256
0.000260
0.000250
0.000251
0.000253
0.000250
0.000252
0.000252
0.000252
0.000252
0.000252
0.000251
0.000251
0.000252
0.000252
0.000256
0.000252
0.000250
0.000253
0.000252
0.000249
0.000251
0.000252
0.000252
0.000253
0.000252
0.000251
0.000254
0.000251
0.000253
0.000254
0.000254
0.000245
0.000252
0.000251
0.000252
0.000251
0.000249
0.000251
0.000244
0.000252
0.000254
0.000252
0.000251
0.000251
0.000251
0.000252
0.000252
0.000252
0.000252
0.000252
0.000252
0.000252
0.000252
0.000253
0.000253
0.000254
0.000252
0.000250
0.000254
0.000253
0.000250
0.000251
0.000254
0.000253
0.000250
0.000253
0.000276
0.000250
0.000252
0.000252
0.000252
0.000252
0.000253
0.000250
0.000252
0.000252
0.000260
0.000250
0.000257
0.000252
0.000252
0.000252
0.000253
0.000252
0.000251
0.000252
0.000253
0.000253
0.000254
0.000252
0.000251
0.000252
0.000253
0.000252
0.000256
0.000247
0.000252
0.000251
0.000250
0.000252
0.000252
0.000251
0.000250
0.000254
0.000251
0.000250
0.000252
0.000252
0.000252
0.000256
0.000253
0.000253
0.000253
0.000251
0.000250
0.000252
0.000271
0.000253
0.000251
0.000253
0.000252
0.000250
0.000251
0.000252
0.000253
0.000255
0.000252
0.000251
0.000251
0.000251
0.000252
0.000252
0.000253
0.000253
0.000253
0.000252
0.000253
0.000251
0.000251
0.000253
0.000250
0.000254
0.000254
0.000252
0.000251
0.000251
0.000251
0.000251
0.000252
0.000253
0.000251
0.000252
0.000251
0.000252
0.000250
0.000251
0.000251
0.000278
0.000252
0.000253
0.000251
0.000250
0.000252
0.000251
0.000252
0.000253
0.000253
0.000252
0.000251
0.000251
0.000251
0.000252
0.000252
0.000255
0.000252
0.000252
0.000251
0.000252
0.000250
0.000251
0.000253
0.000250
0.000253
0.000254
0.000250
0.000252
0.000251
0.000252
0.000256
0.000250
0.000251
0.000252
0.000251
0.000253
0.000250
0.000250
0.000252
0.000262
0.000252
0.000251
0.000253
0.000252
0.000251
0.000251
0.000255
0.000251
0.000250
0.000251
0.000250
0.000249
0.000253
0.000251
0.000251
0.000252
0.000253
0.000253
0.000250
0.000250
0.000251
0.000252
0.000255
0.000252
0.000249
0.000252
0.000252
0.000249
0.000251
0.000251
0.000251
0.000248
0.000251
0.000253
0.000253
0.000251
0.000252
0.000251
0.000256
0.000255
0.000253
0.000253
0.000251
0.000252
0.000253
0.000252
0.000251
0.000252
0.000251
0.000249
0.000252
0.000251
0.000252
0.000252
0.000258
0.000251
0.000253
0.000252
0.000252
0.000251
0.000252
0.000252
0.000251
0.000253
0.000253
0.000252
0.000251
0.000252
0.000250
0.000253
0.000256
0.000253
0.000253
0.000252
0.000251
0.000250
0.000252
0.000252
0.000251
0.000268
0.000251
0.000252
0.000251
0.000254
0.000251
0.000254
0.000251
0.000251
0.000252
0.000252
0.000252
0.000251
0.000253
0.000249
0.000253
0.000252
0.000252
0.000251
0.000250
0.000253
0.000251
0.000253
0.000251
0.000252
0.000251
0.000251
0.000253
0.000253
0.000252
0.000252
0.000252
0.000252
0.000252
0.000250
0.000251
0.000254
0.000253
0.000251
0.000252
0.000253
0.000253
0.000251
0.000252
0.000251
0.000254
0.000251
0.000252
0.000251
0.000251
0.000252
0.000252
0.000250
0.000250
0.000254
0.000250
0.000253
0.000251
0.000251
0.000252
0.000251
0.000252
0.000252
0.000248
0.000252
0.000252
0.000252
0.000253
0.000254
0.000252
0.000255
0.000252
0.000250
0.000252
0.000252
0.000252
0.000264
0.000252
0.000253
0.000252
0.000251
0.000251
0.000253
0.000250
0.000250
0.000253
0.000252
0.000252
0.000252
0.000251
0.000253
0.000250
0.000251
0.000252
0.000252
0.000253
0.000252
0.000252
0.000252
0.000252
0.000252
0.000256
0.000251
0.000251
0.000252
0.000252
0.000252
0.000252
0.000253
0.000253
0.000249
0.000252
0.000251
0.000252
0.000253
0.000251
0.000272
0.000258
0.000254
0.000251
0.000252
0.000252
0.000252
0.000252
0.000252
0.000251
0.000252
0.000251
0.000252
0.000252
0.000252
0.000252
0.000252
0.000256
0.000251
0.000249
0.000252
0.000249
0.000252
0.000251
0.000251
0.000252
0.000248
0.000251
0.000251
0.000252
0.000253
0.000252
0.000252
0.000253
0.000251
0.000250
0.000253
0.000253
0.000251
0.000253
0.000251
0.000275
0.000252
0.000251
0.000252
0.000252
0.000253
0.000251
0.000253
0.000251
0.000252
0.000251
0.000253
0.000253
0.000252
0.000253
0.000252
0.000251
0.000252
0.000250
0.000251
0.000252
0.000250
0.000253
0.000258
0.000253
0.000252
0.000253
0.000251
0.000251
0.000253
0.000252
0.000253
0.000252
0.000251
0.000252
0.000251
0.000252
0.000253
0.000251
0.000255
0.000260
0.000251
0.000252
0.000252
0.000253
0.000245
0.000252
0.000251
0.000251
0.000251
0.000252
0.000254
0.000252
0.000253
0.000252
0.000256
0.000253
0.000253
0.000251
0.000251
0.000252
0.000252
0.000253
0.000252
0.000253
0.000250
0.000253
0.000251
0.000253
0.000251
0.000251
0.000255
0.000253
0.000253
0.000250
0.000253
0.000252
0.000251
0.000252
0.000251
0.000252
0.000253
0.000252
0.000251
0.000252
0.000252
0.000254
0.000255
0.000251
0.000252
0.000251
0.000251
0.000251
0.000251
0.000253
0.000253
0.000251
0.000251
0.000250
0.000252
0.000251
0.000251
0.000256
0.000251
0.000250
0.000252
0.000253
0.000253
0.000252
0.000251
0.000252
0.000252
0.000252
0.000251
0.000251
0.000252
0.000253
0.000252
0.000253
0.000252
0.000254
0.000252
0.000252
0.000250
0.000251
0.000253
0.000252
0.000251
0.000252
0.000249
0.000252
0.000250
0.000252
0.000253
0.000253
0.000253
0.000252
