0.004200
0.002622
0.002521
0.002438
0.002386
0.002332
0.002323
0.002337
0.002271
0.002271
0.002219
0.002187
0.002201
0.002227
0.002182
0.002224
0.002163
0.002098
0.002194
0.002219
0.002176
0.002213
0.002214
0.002217
0.002232
0.002199
0.002179
0.002182
0.002178
0.002084
0.002178
0.002197
0.002234
0.002212
0.002169
0.002204
0.002202
0.002232
0.002187
0.002208
0.002208
0.002189
0.002218
0.002192
0.002211
0.002219
0.002170
0.002209
0.002191
0.002205
0.002169
0.002211
0.002233
0.002194
0.002181
0.002155
0.002187
0.002159
0.002184
0.002197
0.002153
0.002114
0.002228
0.002180
0.002200
0.002171
0.002167
0.002203
0.002172
0.002213
0.002168
0.002222
0.002171
0.002206
0.002181
0.002191
0.002190
0.002176
0.002185
0.002208
0.002170
0.002177
0.002144
0.002202
0.002187
0.002170
0.002208
0.002122
0.002158
0.002111
0.002183
0.002210
0.002155
0.002203
0.002184
0.002201
0.002176
0.002203
0.002164
0.002193
0.002164
0.002191
0.002169
0.002167
0.002189
0.002195
0.002212
0.002183
0.002191
0.002192
0.002168
0.002212
0.002200
0.002228
0.002230
0.002373
0.002353
0.002302
0.002227
0.002193
0.002205
0.002179
0.002214
0.002267
0.002204
0.002210
0.002247
0.002227
0.002222
0.002126
0.002136
0.002179
0.002219
0.002199
0.002168
0.002173
0.002216
0.002180
0.002234
0.002178
0.002230
0.002197
0.002224
0.002173
0.002076
0.002118
0.002201
0.002201
0.002178
0.002193
0.002208
0.002175
0.002152
0.002195
0.002201
0.002212
0.002175
0.002152
0.002221
0.002196
0.002189
0.002168
0.002183
0.002212
0.002204
0.002163
0.002043
0.002174
0.002193
0.002266
0.002196
0.002206
0.002195
0.002164
0.002184
0.002204
0.002168
0.002231
0.002165
0.002156
0.002197
0.002188
0.002159
0.002212
0.002173
0.002182
0.002189
0.002171
0.002198
0.002170
0.002208
0.002180
0.002200
0.002196
0.002215
0.002079
0.002154
0.002189
0.002184
0.002185
0.002193
0.002191
0.002192
0.002173
0.002187
0.002201
0.002199
0.002135
0.002206
0.002163
0.002198
0.002172
0.002192
0.002193
0.002183
0.002167
0.002163
0.002204
0.002198
0.002198
0.002176
0.002194
0.002189
0.002185
0.002190
0.002184
0.002094
0.002191
0.002200
0.002191
0.002121
0.002169
0.002198
0.002177
0.002191
0.002175
0.002192
0.002179
0.002114
0.002217
0.002183
0.002181
0.002195
0.002247
0.002211
0.002173
0.002082
0.002196
0.002114
0.002206
0.002215
0.002157
0.002099
0.002185
0.002188
0.002184
0.002152
0.002184
0.002201
0.002167
0.002190
0.002235
0.002185
0.002242
0.002188
0.002186
0.002176
0.002169
0.002152
0.002219
0.002175
0.002191
0.002213
0.002226
0.002215
0.002197
0.002204
0.002196
0.002200
0.002143
0.002177
0.002174
0.002208
0.002190
0.002211
0.002198
0.002183
0.002186
0.002214
0.002173
0.002026
0.002186
0.002089
0.002174
0.002213
0.002195
0.002202
0.002164
0.002193
0.002196
0.002218
0.002180
0.002193
0.002162
0.002196
0.002139
0.002184
0.002166
0.002153
0.002176
0.002199
0.002144
0.002222
0.002180
0.002174
0.002190
0.002203
0.002163
0.002193
0.002182
0.002170
0.002178
0.002202
0.002185
0.002170
0.002193
0.002228
0.002190
0.002202
0.002178
0.002188
0.002146
0.002172
0.002171
0.002187
0.002187
0.002089
0.002156
0.002192
0.002202
0.002188
0.002168
0.002126
0.002200
0.002205
0.002175
0.002104
0.002125
0.002174
0.002172
0.002099
0.002169
0.002195
0.002206
0.002192
0.002192
0.002132
0.002176
0.002189
0.002189
0.002176
0.002164
0.002111
0.002155
0.002211
0.002163
0.002210
0.002173
0.002202
0.002189
0.002182
0.002186
0.002169
0.002163
0.002167
0.002172
0.002178
0.002141
0.002124
0.002184
0.002122
0.002190
0.002203
0.002187
0.002221
0.002194
0.002207
0.002155
0.002187
0.002193
0.002160
0.002200
0.002197
0.002132
0.002184
0.002129
0.002243
0.002193
0.002194
0.002194
0.002203
0.002164
0.002191
0.002163
0.002197
0.002183
0.002198
0.002177
0.002183
0.002189
0.002211
0.002185
0.002210
0.002172
0.002201
0.002169
0.002192
0.002186
0.002187
0.002157
0.002176
0.002207
0.002192
0.002177
0.002201
0.002154
0.002218
0.002183
0.002196
0.002173
0.002159
0.002169
0.002203
0.002163
0.002171
0.002160
0.002228
0.002162
0.002167
0.002178
0.002183
0.002175
0.002113
0.002178
0.002205
0.002152
0.002217
0.002140
0.002181
0.002148
0.002179
0.002174
0.002209
0.002156
0.002110
0.002162
0.002176
0.002167
0.002196
0.019641
0.002380
0.002224
0.002166
0.002112
0.002171
0.002138
0.002157
0.002137
0.002142
0.002148
0.002156
0.002149
0.002166
0.002151
0.002185
0.002129
0.002188
0.002188
0.002158
0.002152
0.002162
0.002190
0.002161
0.002098
0.002168
0.002141
0.002167
0.002089
0.002151
0.002145
0.002182
0.002147
0.002203
0.002223
0.002099
0.002204
0.002112
0.002164
0.002132
0.002185
0.002124
0.002188
0.002107
0.002198
0.002115
0.002208
0.002089
0.002196
0.002062
0.002223
0.002061
0.002207
0.002083
0.002181
0.002070
0.002202
0.002071
0.002199
0.002124
0.002181
0.002107
0.002189
0.002112
0.002192
0.002124
0.002192
0.002117
0.002186
0.002122
0.002228
0.002097
0.002197
0.002128
0.002189
0.002117
0.002309
0.002115
0.002233
0.002254
0.002160
0.002169
0.002080
0.002132
0.002112
0.002186
0.002169
0.002182
0.002130
0.002178
0.002161
0.002191
0.002202
0.002112
0.002195
0.002094
0.002197
0.002120
0.002181
0.002115
0.002189
0.002088
0.002213
0.002346
0.002115
0.002156
0.002104
0.002164
0.002124
0.002195
0.002149
0.002162
0.002114
0.002151
0.002124
0.002159
0.002105
0.002128
0.002124
0.002157
0.002111
0.002211
0.002222
0.002267
0.002162
0.002206
0.002139
0.002171
0.002110
0.002156
0.002097
0.002161
0.002102
0.002170
0.002156
0.002189
0.002147
0.002147
0.002125
0.002171
0.002144
0.002160
0.002136
0.002163
0.002116
0.002142
0.002122
0.002177
0.002138
0.002160
0.002115
0.002165
0.002129
0.002267
0.002218
0.002184
0.002140
0.002163
0.002143
0.002171
0.002132
0.002151
0.002141
0.002160
0.002122
0.002179
0.002108
0.002140
0.002126
0.002159
0.002136
0.002148
0.002118
0.002157
0.002102
0.002152
0.002132
0.002172
0.002155
0.002176
0.002118
0.002169
0.002134
0.002204
0.002149
0.002323
0.002189
0.002092
0.002186
0.002126
0.002204
0.002177
0.002146
0.002165
0.002147
0.002166
0.002123
0.002159
0.002141
0.002151
0.002119
0.002146
0.002123
0.002180
0.002146
0.002194
0.002141
0.002158
0.002231
0.002216
0.002281
0.002221
0.002157
0.002232
0.002237
0.002121
0.002196
0.002095
0.002200
0.002108
0.002184
0.002194
0.002147
0.002189
0.002159
0.002166
0.002143
0.002186
0.002167
0.002163
0.002158
0.002301
0.002184
0.002179
0.002154
0.002185
0.002143
0.002179
0.002152
0.002150
0.002127
0.002163
0.002127
0.002145
0.002082
0.002168
0.002131
0.002147
0.002122
0.002270
0.002200
0.002098
0.002190
0.002124
0.002191
0.002066
0.002192
0.002075
0.002219
0.002347
0.002126
0.002212
0.002165
0.002162
0.002149
0.002250
0.002226
0.002087
0.002344
0.002115
0.002202
0.002105
0.002199
0.002070
0.002208
0.002069
0.002201
0.002133
0.002192
0.002139
0.002191
0.002089
0.002215
0.002101
0.002191
0.002012
0.002209
0.002150
0.002248
0.002199
0.002223
0.002222
0.002318
0.002131
0.002218
0.002153
0.002164
0.002146
0.002124
0.002174
0.002130
0.002170
0.002104
0.002165
0.002111
0.002196
0.002143
0.002176
0.002130
0.002253
0.002232
0.002181
0.002130
0.002154
0.002128
0.002134
0.002178
0.002200
0.002212
0.002125
0.002197
0.002139
0.002185
0.002133
0.002201
0.002129
0.002185
0.002129
0.002225
0.002089
0.002194
0.002124
0.002210
0.002134
0.002249
0.002141
0.002285
0.002115
0.002283
0.002131
0.002227
0.002132
0.002197
0.002151
0.002225
0.002118
0.002327
0.002211
0.002138
0.002185
0.002111
0.002163
0.002135
0.002170
0.002218
0.002117
0.002223
0.002124
0.002202
0.002086
0.002205
0.002135
0.002166
0.002097
0.002245
0.002122
0.002174
0.002117
0.002210
0.002090
0.002213
0.002189
0.002223
0.002143
0.002238
0.002344
0.002222
0.002178
0.002106
0.002175
0.002143
0.002149
0.002110
0.002176
0.002107
0.002307
0.002196
0.002128
0.002263
0.002130
0.002217
0.002130
0.002205
0.002134
0.002193
0.002096
0.002311
0.002161
0.002207
0.002115
0.002188
0.002109
0.002167
0.002191
0.002150
0.002188
0.002142
0.002308
0.002161
0.002156
0.002204
0.002106
0.002230
0.002148
0.002201
0.002124
0.002196
0.002098
0.002194
0.002082
0.002180
0.002230
0.002140
0.002220
0.002136
0.002299
0.002164
0.002177
0.002118
0.002205
0.002195
0.002092
0.002193
0.002114
0.002200
0.002122
0.002214
0.002126
0.002173
0.002137
0.002194
0.002137
0.002204
0.002129
0.002250
0.002128
0.002291
0.002215
0.002113
0.002179
0.002138
0.002161
0.002075
0.002196
0.002123
0.002168
0.002136
0.002160
0.002189
0.002128
0.002219
0.002084
0.002220
0.002107
0.002200
0.002106
0.002196
0.002109
0.002210
0.002113
0.002254
0.002129
0.002156
0.002242
0.002270
0.002144
0.002300
0.002154
0.002117
0.002217
0.002241
0.002076
0.002204
0.002073
0.002262
0.002115
0.002201
0.002144
0.002194
0.002130
0.002159
0.002159
0.002132
0.002173
0.002131
0.002162
0.002125
0.002217
0.002150
0.002177
0.002143
0.002306
0.002194
0.002128
0.002196
0.002124
0.002234
0.002107
0.002224
0.002127
0.002180
0.002172
0.002118
0.002154
0.002149
0.002169
0.002102
0.002165
0.002115
0.002153
0.002125
0.002163
0.002144
0.002155
0.002113
0.002209
0.002149
0.002149
0.002184
0.002101
0.002230
0.002118
0.002152
0.002165
0.002108
0.002254
0.002193
0.002147
0.002194
0.002093
0.002184
0.002116
0.002216
0.002115
0.002344
0.002130
0.002329
0.002252
0.002151
0.002139
0.002202
0.002065
0.002171
0.002178
0.002218
0.002127
0.002239
0.002175
0.002145
0.002175
0.002143
0.002155
0.002104
0.002186
0.002131
0.002315
0.002304
0.002222
0.002165
0.002167
0.002117
0.002167
0.002198
0.002114
0.002201
0.002209
0.002184
0.002181
0.002097
0.002201
0.002129
0.002399
0.002254
0.002185
0.002140
0.002176
0.002116
0.002169
0.002124
0.002188
0.002137
0.002205
0.002146
0.002152
0.002107
0.002210
0.002144
0.002189
0.002102
0.002187
0.002133
0.002229
0.002122
0.002200
0.002108
0.002216
0.002114
0.002123
0.002224
0.002122
0.002203
0.002115
0.002233
0.002131
0.002144
0.002154
0.002220
0.002106
0.002237
0.002129
0.002301
0.002131
0.002192
0.002091
0.002200
0.002122
0.002277
0.002161
0.002132
0.002146
0.002143
0.002200
0.002120
0.002287
0.002146
0.002383
0.002126
0.002199
0.002118
0.002130
0.002273
0.002150
0.002232
0.002127
0.002149
0.002116
0.002188
0.002113
0.002208
0.002150
0.002201
0.002132
0.002154
0.002202
0.002137
0.002180
0.002135
0.002124
0.002393
0.002126
0.002263
0.002141
0.002149
0.002195
0.002167
0.002176
0.002111
0.002286
0.002074
0.002153
0.002369
0.002215
0.002236
0.002107
0.002264
0.002183
0.002246
0.002140
0.002196
0.002113
0.002277
0.002181
0.002154
0.002282
0.002135
0.002204
0.002171
0.002132
0.002152
0.002140
0.002201
0.002077
0.002260
0.002089
0.002141
0.002190
0.002140
0.002276
0.002159
0.002299
0.002341
0.002119
0.002177
0.002328
0.002146
0.002187
0.002135
0.002144
0.002148
0.002207
0.002220
0.002141
0.002202
0.002141
0.002160
0.002216
0.002144
0.002173
0.002217
0.002126
0.002157
0.002135
0.002315
0.002105
0.002194
0.002084
0.002278
0.002129
0.002217
0.002120
0.002172
0.002200
0.002231
0.002127
0.002176
0.002132
0.002212
0.002057
0.002149
0.002189
0.002122
0.002255
0.002127
0.002165
0.002120
0.002159
0.002205
0.002150
0.002243
0.002104
0.002195
0.002191
0.002135
0.002202
0.002123
0.002269
0.002235
0.002139
0.002303
0.002303
0.002193
0.002180
0.002168
0.002299
0.002161
0.002184
0.002119
0.002241
0.002153
0.002197
0.002088
0.002114
0.002237
0.002139
0.002237
0.002092
0.002242
0.002097
0.002203
0.002107
0.002208
0.002118
0.002345
0.002114
0.002157
0.002181
0.002148
0.002170
0.002248
0.002187
0.002124
0.002129
0.002232
0.002119
0.002173
0.002179
0.002149
0.002130
0.002188
0.002048
0.002163
0.002240
0.002185
0.002141
0.002152
0.002178
0.002144
0.002152
0.002109
0.002208
0.002376
0.002227
0.002116
0.002191
0.002125
0.002170
0.002121
0.002312
0.002254
0.002127
0.002146
0.002157
0.002201
0.002063
0.002152
0.002242
0.002137
0.002114
0.002143
0.002179
0.002189
0.002191
0.002134
0.002309
0.002217
0.002126
0.002214
0.002115
0.002220
0.002110
0.002167
0.002112
0.002218
0.002067
0.002232
0.002203
0.002210
0.002130
0.002253
0.002125
0.002210
0.002090
0.002156
0.002128
0.002195
0.002126
0.002222
0.002085
0.002228
0.002201
0.002122
0.002172
0.002134
0.002293
0.002189
0.002253
0.002247
0.002125
0.002268
0.002115
0.002276
0.002149
0.002191
0.002182
0.002191
0.002135
0.002160
0.002182
0.002117
0.002348
0.002130
0.002193
0.002089
0.002134
0.002250
0.002118
0.002280
0.002120
0.002209
0.002123
0.002183
0.002127
0.002182
0.002115
0.002290
0.002133
0.002174
0.002226
0.002115
0.002124
0.002154
0.002294
0.002146
0.002230
0.002141
0.002160
0.002158
0.002158
0.002195
0.002119
0.002143
0.002137
0.002200
0.002101
0.002217
0.002077
0.002277
0.002108
0.002189
0.002137
0.011355
0.003032
0.002171
0.002054
0.001998
0.001973
0.001979
0.001964
0.002010
0.001991
0.001992
0.001993
0.001993
0.001998
0.002011
0.001954
0.002027
0.001980
0.002002
0.001991
0.001976
0.001973
0.002006
0.001965
0.002001
0.001976
0.002011
0.001974
0.002000
0.001977
0.002011
0.001982
0.001986
0.001974
0.001992
0.001956
0.001989
0.001991
0.001975
0.001983
0.001975
0.001984
0.001988
0.001986
0.001960
0.001988
0.001955
0.001977
0.002016
0.001937
0.001960
0.001977
0.001957
0.001967
0.002002
0.001955
0.001968
0.001991
0.001984
0.001957
0.002007
0.001941
0.001995
0.001962
0.001964
0.001970
0.001995
0.001934
0.001964
0.001964
0.002008
0.001980
0.001992
0.001971
0.001988
0.001980
0.002002
0.001945
0.001977
0.001968
0.001968
0.001988
0.001985
0.001987
0.002000
0.001954
0.001967
0.001965
0.001982
0.001948
0.001999
0.001965
0.001985
0.001970
0.002016
0.001935
0.001981
0.001954
0.001988
0.001979
0.001991
0.001981
0.001984
0.001970
0.001999
0.001952
0.002001
0.001981
0.002004
0.001921
0.001948
0.001979
0.001993
0.001973
0.002001
0.001965
0.001984
0.001968
0.001990
0.001969
0.001974
0.001970
0.001970
0.001954
0.001975
0.001954
0.001994
0.001957
0.002013
0.001938
0.001995
0.001979
0.001999
0.001971
0.001969
0.001979
0.002007
0.001961
0.001988
0.001970
0.001977
0.001961
0.001992
0.001939
0.001991
0.001980
0.001978
0.001976
0.001979
0.001947
0.001981
0.001964
0.001984
0.001946
0.001993
0.001968
0.001967
0.001957
0.001981
0.001966
0.001986
0.001988
0.001985
0.001958
0.001977
0.001970
0.001976
0.001981
0.001978
0.001958
0.001977
0.001964
0.002003
0.001937
0.002001
0.001944
0.001994
0.001976
0.001970
0.001971
0.001957
0.001969
0.001994
0.001955
0.001964
0.001922
0.002005
0.001937
0.001975
0.001989
0.001973
0.001943
0.001960
0.001982
0.001994
0.001949
0.001953
0.001960
0.002012
0.001937
0.001965
0.001970
0.001981
0.001924
0.001971
0.001968
0.001982
0.001972
0.001961
0.001978
0.001971
0.002000
0.001975
0.001958
0.002054
0.001958
0.001988
0.001952
0.002001
0.001945
0.001997
0.001970
0.001992
0.001957
0.001964
0.001963
0.001978
0.001984
0.001991
0.001970
0.002001
0.001969
0.001984
0.001946
0.002006
0.001943
0.002001
0.001973
0.001981
0.001984
0.001989
0.001945
0.001974
0.001980
0.001962
0.001981
0.001979
0.001943
0.002003
0.001969
0.001982
0.001941
0.001972
0.001912
0.002007
0.001935
0.001966
0.001975
0.002004
0.001969
0.001992
0.001961
0.001973
0.001985
0.001995
0.001973
0.001999
0.001969
0.002022
0.001965
0.001983
0.001968
0.001996
0.001948
0.001978
0.001952
0.001998
0.001973
0.001990
0.001926
0.001984
0.001968
0.001984
0.001946
0.001978
0.001980
0.001982
0.001986
0.001973
0.001983
0.001987
0.001928
0.002002
0.001965
0.001981
0.001985
0.001977
0.001966
0.001985
0.001958
0.001993
0.001967
0.001995
0.001983
0.001985
0.001965
0.001964
0.001973
0.001988
0.001961
0.001980
0.001969
0.001990
0.001977
0.001955
0.001981
0.001954
0.001943
0.001989
0.002009
0.001966
0.001969
0.002006
0.001973
0.001995
0.001950
0.001978
0.001953
0.001977
0.001978
0.001984
0.001974
0.001998
0.001971
0.001972
0.001964
0.002000
0.001966
0.001956
0.001992
0.001991
0.001918
0.002016
0.001988
0.001999
0.001974
0.001994
0.001942
0.001983
0.001944
0.002006
0.001979
0.001995
0.001970
0.001965
0.001914
0.002014
0.001914
0.001994
0.001978
0.001977
0.001976
0.001993
0.001972
0.001972
0.001994
0.002002
0.001940
0.002001
0.001974
0.001995
0.001958
0.001999
0.001952
0.001977
0.001990
0.001977
0.001980
0.002000
0.001981
0.001985
0.001950
0.002012
0.001927
0.001996
0.001943
0.001992
0.001974
0.002000
0.001960
0.001984
0.001976
0.002008
0.001933
0.001981
0.001974
0.001999
0.001964
0.002002
0.001963
0.001961
0.001973
0.001965
0.001967
0.001989
0.001948
0.001994
0.001963
0.001986
0.001940
0.002011
0.001931
0.001998
0.001981
0.001995
0.001961
0.002000
0.001949
0.001981
0.001969
0.001995
0.001987
0.001981
0.001954
0.002019
0.001954
0.001987
0.001932
0.002013
0.001955
0.001995
0.001951
0.001997
0.001968
0.001988
0.001976
0.002008
0.001948
0.001993
0.001951
0.001994
0.001960
0.001998
0.001958
0.001998
0.001961
0.001982
0.001948
0.001975
0.001956
0.001995
0.001975
0.001986
0.001984
0.001988
0.001970
0.001990
0.001981
0.001976
0.001952
0.001978
0.001961
0.001990
0.001965
0.001995
0.001955
0.001996
0.001952
0.001981
0.001976
0.001981
0.001968
0.002002
0.001958
0.002013
0.001974
0.001953
0.001911
0.001989
0.001959
0.001989
0.001981
0.001984
0.001973
0.001986
0.001971
0.001977
0.001990
0.001993
0.001969
0.001961
0.002019
0.001971
0.001957
0.001971
0.001964
0.001992
0.001928
0.001982
0.001942
0.001931
0.001946
0.001993
0.001942
0.002001
0.001955
0.001998
0.001966
0.002005
0.001947
0.001996
0.001955
0.002007
0.001943
0.001999
0.001941
0.002006
0.001950
0.002000
0.001935
0.001992
0.001952
0.001990
0.001958
0.001998
0.001986
0.001990
0.001959
0.001999
0.001963
0.001987
0.001990
0.001981
0.001958
0.001991
0.001965
0.001985
0.001950
0.001990
0.001942
0.001978
0.001917
0.001927
0.001920
0.002011
0.001937
0.001960
0.001921
0.001989
0.001957
0.002008
0.001941
0.001999
0.001920
0.002014
0.001951
0.001991
0.001936
0.002003
0.001923
0.002002
0.001943
0.001987
0.001948
0.002022
0.001962
0.001991
0.001972
0.001964
0.001952
0.002003
0.001976
0.001987
0.001964
0.002001
0.001953
0.001982
0.001975
0.001992
0.001985
0.001976
0.001968
0.001994
0.001984
0.001976
0.001957
0.002029
0.001925
0.002006
0.001962
0.002026
0.001954
0.002004
0.001957
0.002002
0.001947
0.001983
0.001963
0.001980
0.001969
0.001983
0.001959
0.002003
0.001976
0.001993
0.001945
0.002015
0.001947
0.001990
0.001965
0.001990
0.001950
0.001985
0.001961
0.001980
0.001963
0.001981
0.001995
0.001990
0.001954
0.001995
