0.000619
0.000444
0.000426
0.000426
0.000425
0.000425
0.000425
0.000426
0.000440
0.000290
0.000195
0.000196
0.000195
0.000196
0.000195
0.000195
0.000195
0.000195
0.000194
0.000195
0.000195
0.000195
0.000195
0.000195
0.000195
0.000195
0.000195
0.000201
0.000195
0.000200
0.000188
0.000187
0.000187
0.000188
0.000187
0.000186
0.000188
0.000187
0.000187
0.000187
0.000188
0.000188
0.000188
0.000187
0.000188
0.000187
0.000188
0.000188
0.000187
0.000200
0.000181
0.000181
0.000181
0.000181
0.000181
0.000181
0.000180
0.000181
0.000181
0.000181
0.000181
0.000181
0.000181
0.000181
0.000181
0.000181
0.000181
0.000180
0.000180
0.000180
0.000180
0.000189
0.000171
0.000172
0.000172
0.000172
0.000172
0.000172
0.000172
0.000172
0.000173
0.000172
0.000172
0.000172
0.000172
0.000172
0.000172
0.000173
0.000172
0.000173
0.000172
0.000172
0.000172
0.000172
0.000176
0.000172
0.000172
0.000179
0.000169
0.000169
0.000169
0.000168
0.000168
0.000169
0.000170
0.000169
0.000168
0.000168
0.000168
0.000168
0.000169
0.000170
0.000169
0.000169
0.000169
0.000169
0.000169
0.000174
0.000168
0.000178
0.000166
0.000165
0.000165
0.000165
0.000165
0.000165
0.000166
0.000167
0.000166
0.000166
0.000166
0.000166
0.000165
0.000165
0.000165
0.000166
0.000166
0.000166
0.000166
0.000165
0.000166
0.000169
0.000176
0.000163
0.000163
0.000163
0.000164
0.000164
0.000163
0.000163
0.000163
0.000164
0.000164
0.000163
0.000163
0.000163
0.000163
0.000163
0.000164
0.000164
0.000164
0.000164
0.000163
0.000164
0.000164
0.000167
0.000180
0.000163
0.000175
0.000162
0.000162
0.000161
0.000162
0.000161
0.000162
0.000161
0.000161
0.000162
0.000161
0.000161
0.000162
0.000161
0.000161
0.000162
0.000161
0.000162
0.000161
0.000161
0.000162
0.000162
0.000164
0.000161
0.000161
0.000169
0.000159
0.000159
0.000158
0.000159
0.000159
0.000159
0.000158
0.000159
0.000159
0.000159
0.000159
0.000160
0.000159
0.000159
0.000159
0.000162
0.000159
0.000159
0.000160
0.000159
0.000159
0.000163
0.000159
0.000160
0.000167
0.000156
0.000157
0.000157
0.000157
0.000158
0.000157
0.000157
0.000157
0.000158
0.000157
0.000157
0.000157
0.000157
0.000157
0.000156
0.000157
0.000157
0.000157
0.000157
0.000157
0.000157
0.000160
0.000157
0.000157
0.000166
0.000155
0.000156
0.000155
0.000155
0.000156
0.000155
0.000154
0.000155
0.000155
0.000155
0.000156
0.000155
0.000155
0.000155
0.000156
0.000155
0.000156
0.000156
0.000155
0.000155
0.000155
0.000155
0.000158
0.000156
0.000156
0.000156
0.000155
0.000155
0.000155
0.000155
0.000155
0.000155
0.000155
0.000155
0.000155
0.000156
0.000155
0.000154
0.000154
0.000155
0.000156
0.000155
0.000155
0.000154
0.000154
0.000155
0.000155
0.000155
0.000159
0.000155
0.000154
0.000162
0.000153
0.000154
0.000153
0.000154
0.000154
0.000153
0.000153
0.000154
0.000153
0.000153
0.000154
0.000153
0.000154
0.000153
0.000153
0.000153
0.000153
0.000153
0.000154
0.000153
0.000153
0.000155
0.000154
0.000154
0.000154
0.000153
0.000153
0.000153
0.000154
0.000153
0.000155
0.000153
0.000153
0.000153
0.000153
0.000153
0.000153
0.000153
0.000153
0.000153
0.000153
0.000153
0.000153
0.000153
0.000153
0.000153
0.000153
0.000157
0.000155
0.000154
0.000153
0.000154
0.000153
0.000153
0.000154
0.000154
0.000154
0.000153
0.000154
0.000154
0.000153
0.000154
0.000153
0.000153
0.000154
0.000154
0.000153
0.000153
0.000154
0.000154
0.000154
0.000153
0.000153
0.000155
0.000155
0.000153
0.000154
0.000153
0.000153
0.000154
0.000153
0.000153
0.000153
0.000153
0.000153
0.000153
0.000153
0.000154
0.000154
0.000153
0.000153
0.000153
0.000154
0.000154
0.000154
0.000154
0.000153
0.000153
0.000153
0.000155
0.000153
0.000153
0.000153
0.000154
0.000154
0.000153
0.000153
0.000153
0.000154
0.000153
0.000154
0.000153
0.000153
0.000154
0.000153
0.000153
0.000153
0.000153
0.000153
0.000154
0.000154
0.000153
0.000154
0.000154
0.000153
0.000170
0.000154
0.000154
0.000153
0.000153
0.000153
0.000153
0.000153
0.000154
0.000154
0.000153
0.000153
0.000154
0.000154
0.000153
0.000154
0.000153
0.000153
0.000154
0.000154
0.000154
0.000153
0.000153
0.000153
0.000153
0.000153
0.000155
0.000154
0.000154
0.000153
0.000153
0.000154
0.000154
0.000153
0.000153
0.000154
0.000154
0.000153
0.000153
0.000154
0.000154
0.000153
0.000154
0.000154
0.000154
0.000154
0.000153
0.000154
0.000153
0.000153
0.000154
0.000153
0.000157
0.000154
0.000154
0.000153
0.000153
0.000154
0.000153
0.000154
0.000154
0.000154
0.000153
0.000153
0.000154
0.000156
0.000154
0.000154
0.000153
0.000154
0.000154
0.000154
0.000153
0.000153
0.000154
0.000153
0.000153
0.000153
0.000158
0.000153
0.000154
0.000153
0.000153
0.000152
0.000153
0.000153
0.000153
0.000153
0.000153
0.000153
0.000153
0.000154
0.000153
0.000153
0.000153
0.000154
0.000153
0.000153
0.000154
0.000155
0.000153
0.000153
0.000153
0.000153
0.000156
0.000153
0.000154
0.000153
0.000153
0.000154
0.000153
0.000153
0.000154
0.000153
0.000153
0.000153
0.000153
0.000154
0.000154
0.000153
0.000153
0.000153
0.000153
0.000153
0.000153
0.000154
0.000153
0.000154
0.000153
0.000153
0.000157
0.000153
0.000154
0.000153
0.000154
0.000153
0.000153
0.000152
0.000153
0.000153
0.000154
0.000153
0.000153
0.000153
0.000152
0.000153
0.000153
0.000153
0.000153
0.000153
0.000154
0.000154
0.000153
0.000154
0.000154
0.000154
0.000158
0.000153
0.000152
0.000153
0.000153
0.000153
0.000153
0.000153
0.000154
0.000157
0.000153
0.000153
0.000153
0.000153
0.000153
0.000153
0.000153
0.000154
0.000153
0.000153
0.000153
0.000153
0.000153
0.000153
0.000153
0.000153
0.000156
0.000153
0.000155
0.000153
0.000153
0.000153
0.000153
0.000153
0.000153
0.000153
0.000153
0.000153
0.000153
0.000153
0.000152
0.000153
0.000153
0.000153
0.000154
0.000154
0.000153
0.000153
0.000153
0.000153
0.000153
0.000154
0.000158
0.000154
0.000154
0.000153
0.000153
0.000154
0.000154
0.000154
0.000153
0.000153
0.000152
0.000153
0.000153
0.000153
0.000153
0.000154
0.000153
0.000153
0.000156
0.000153
0.000153
0.000153
0.000153
0.000153
0.000153
0.000154
0.000156
0.000154
0.000154
0.000153
0.000153
0.000154
0.000154
0.000153
0.000154
0.000154
0.000153
0.000153
0.000153
0.000154
0.000154
0.000153
0.000154
0.000153
0.000153
0.000153
0.000152
0.000153
0.000153
0.000154
0.000153
0.000153
0.000158
0.000154
0.000154
0.000153
0.000154
0.000153
0.000153
0.000153
0.000154
0.000153
0.000153
0.000153
0.000153
0.000154
0.000154
0.000153
0.000153
0.000154
0.000154
0.000153
0.000154
0.000153
0.000153
0.000154
0.000153
0.000153
0.000158
0.000153
0.000153
0.000154
0.000153
0.000153
0.000154
0.000154
0.000154
0.000154
0.000153
0.000152
0.000153
0.000154
0.000154
0.000154
0.000154
0.000153
0.000152
0.000153
0.000154
0.000153
0.000154
0.000154
0.000154
0.000153
0.000159
0.000153
0.000154
0.000154
0.000153
0.000153
0.000154
0.000153
0.000153
0.000153
0.000154
0.000153
0.000153
0.000153
0.000153
0.000153
0.000153
0.000153
0.000153
0.000153
0.000154
0.000154
0.000153
0.000153
0.000153
0.000153
0.000158
0.000154
0.000154
0.000153
0.000153
0.000153
0.000152
0.000154
0.000153
0.000153
0.000154
0.000152
0.000153
0.000154
0.000154
0.000153
0.000153
0.000153
0.000153
0.000153
0.000153
0.000153
0.000157
0.000153
0.000154
0.000154
0.000155
0.000154
0.000153
0.000153
0.000154
0.000153
0.000152
0.000153
0.000153
0.000154
0.000153
0.000153
0.000153
0.000153
0.000153
0.000154
0.000154
0.000153
0.000154
0.000154
0.000154
0.000154
0.000153
0.000153
0.000154
0.000153
0.000159
0.000154
0.000154
0.000153
0.000153
0.000154
0.000153
0.000153
0.000153
0.000154
0.000154
0.000153
0.000153
0.000153
0.000153
0.000153
0.000152
0.000153
0.000154
0.000153
0.000153
0.000154
0.000153
0.000153
0.000153
0.000153
0.000159
0.000154
0.000153
0.000154
0.000153
0.000153
0.000154
0.000154
0.000153
0.000153
0.000153
0.000154
0.000153
0.000153
0.000153
0.000153
0.000153
0.000153
0.000153
0.000153
0.000153
0.000153
0.000153
0.000153
0.000154
0.000153
0.000158
0.000153
0.000153
0.000153
0.000154
0.000154
0.000153
0.000153
0.000153
0.000154
0.000153
0.000154
0.000153
0.000154
0.000153
0.000153
0.000153
0.000153
0.000153
0.000153
0.000153
0.000153
0.000153
0.000154
0.000153
0.000153
0.000160
0.000154
0.000153
0.000153
0.000153
0.000154
0.000153
0.000153
0.000153
0.000154
0.000153
0.000153
0.000152
0.000153
0.000153
0.000153
0.000153
0.000153
0.000153
0.000157
0.000153
0.000153
0.000154
0.000153
0.000153
0.000153
0.000156
0.000154
0.000153
0.000153
0.000153
0.000153
0.000153
0.000152
0.000153
0.000153
0.000153
0.000152
0.000154
0.000153
0.000154
0.000153
0.000153
0.000152
0.000153
0.000153
0.000153
0.000153
0.000154
0.000153
0.000153
0.000153
0.000159
0.000154
0.000154
0.000153
0.000153
0.000154
0.000153
0.000153
0.000153
0.000154
0.000154
0.000153
0.000154
0.000154
0.000153
0.000153
0.000154
0.000153
0.000154
0.000153
0.000154
0.000153
0.000153
0.000153
0.000153
0.000153
0.000159
0.000155
0.000153
0.000153
0.000153
0.000153
0.000154
0.000153
0.000168
0.000153
0.000153
0.000154
0.000153
0.000154
0.000153
0.000154
0.000153
0.000154
0.000154
0.000153
0.000153
0.000153
0.000153
0.000153
0.000154
0.000153
0.000158
0.000153
0.000153
0.000154
0.000154
0.000153
0.000154
0.000154
0.000154
0.000153
0.000154
0.000154
0.000153
0.000153
0.000154
0.000153
0.000153
0.000154
0.000153
0.000154
0.000153
0.000154
0.000153
0.000153
0.000153
0.000154
0.000159
0.000154
0.000153
0.000153
0.000154
0.000153
0.000153
0.000153
0.000153
0.000154
0.000153
0.000152
0.000153
0.000153
0.000153
0.000153
0.000153
0.000153
0.000153
0.000154
0.000153
0.000153
0.000153
0.000158
0.000153
0.000153
0.000172
0.000171
0.000158
0.000157
0.000157
0.000156
0.000157
0.000166
0.000154
0.000163
0.000153
0.000153
0.000154
0.000154
0.000154
0.000153
0.000155
0.000153
0.000153
0.000153
0.000153
0.000154
0.000153
0.000153
0.000153
0.000153
0.000164
0.000154
0.000153
0.000153
0.000153
0.000153
0.000153
0.000154
0.000153
0.000153
0.000153
0.000153
0.000153
0.000154
0.000153
0.000154
0.000153
0.000153
0.000154
0.000154
0.000154
0.000153
0.000153
0.000153
0.000154
0.000156
0.000158
0.000153
0.000153
0.000154
0.000154
0.000152
0.000153
0.000153
0.000154
0.000153
0.000153
0.000153
0.000154
0.000153
0.000153
0.000153
0.000152
0.000154
0.000153
0.000153
0.000153
0.000153
0.000153
0.000154
0.000153
0.000157
0.000159
0.000153
0.000153
0.000154
0.000153
0.000154
0.000153
0.000153
0.000154
0.000153
0.000153
0.000154
0.000153
0.000153
0.000153
0.000154
0.000154
0.000154
0.000153
0.000154
0.000153
0.000154
0.000153
0.000153
0.000154
0.000155
0.000158
0.000153
0.000153
0.000153
0.000152
0.000153
0.000153
0.000154
0.000153
0.000154
0.000153
0.000153
0.000154
0.000153
0.000153
0.000154
0.000153
0.000152
0.000153
0.000157
0.000153
0.000153
0.000153
0.000153
0.000153
0.000156
0.000153
0.000154
0.000154
0.000154
0.000153
0.000153
0.000154
0.000153
0.000154
0.000153
0.000153
0.000154
0.000153
0.000154
0.000154
0.000153
0.000153
0.000154
0.000153
0.000153
0.000153
0.000153
0.000155
0.000153
0.000153
0.000156
0.000159
0.000154
0.000153
0.000153
0.000153
0.000154
0.000153
0.000153
0.000153
0.000153
0.000154
0.000153
0.000153
0.000153
0.000153
0.000153
0.000153
0.000153
0.000153
0.000153
0.000154
0.000154
0.000153
0.000153
0.000154
0.000155
0.000158
0.000153
0.000153
0.000154
0.000154
0.000153
0.000153
0.000153
0.000158
0.000154
0.000153
0.000153
0.000153
0.000154
0.000153
0.000153
0.000153
0.000154
0.000153
0.000153
0.000153
0.000154
0.000153
0.000153
0.000153
0.000155
0.000159
0.000154
0.000152
0.000154
0.000154
0.000154
0.000154
0.000158
0.000153
0.000153
0.000153
0.000154
0.000153
0.000153
0.000154
0.000153
0.000154
0.000154
0.000153
0.000153
0.000154
0.000153
0.000153
0.000153
0.000153
0.000167
0.000154
0.000154
0.000153
0.000154
0.000154
0.000154
0.000153
0.000153
0.000153
0.000154
0.000154
0.000154
0.000153
0.000153
0.000153
0.000153
0.000154
0.000159
0.000153
0.000153
0.000153
0.000154
0.000154
0.000153
0.000153
0.000155
0.000154
0.000153
0.000154
0.000155
0.000153
0.000153
0.000153
0.000154
0.000153
0.000154
0.000153
0.000153
0.000153
0.000153
0.000153
0.000153
0.000154
0.000153
0.000153
0.000154
0.000154
0.000154
0.000153
0.000153
0.000153
0.000160
0.000154
0.000153
0.000152
0.000153
0.000153
0.000154
0.000153
0.000154
0.000153
0.000153
0.000153
0.000153
0.000152
0.000153
0.000153
0.000153
0.000154
0.000153
0.000153
0.000153
0.000153
0.000153
0.000153
0.000153
0.000153
0.000160
0.000154
0.000153
0.000153
0.000154
0.000154
0.000153
0.000153
0.000152
0.000153
0.000153
0.000153
0.000153
0.000154
0.000153
0.000153
0.000153
0.000153
0.000153
0.000153
0.000153
0.000153
0.000154
0.000153
0.000153
0.000153
0.000159
0.000153
0.000153
0.000153
0.000154
0.000153
0.000153
0.000153
0.000154
0.000153
0.000153
0.000153
0.000153
0.000154
0.000153
0.000153
0.000153
0.000153
0.000153
0.000153
0.000154
0.000153
0.000153
0.000153
0.000154
0.000153
0.000159
0.000153
0.000153
0.000153
0.000153
0.000154
0.000153
0.000154
0.000153
0.000154
0.000154
0.000153
0.000153
0.000153
0.000153
0.000153
0.000153
0.000154
0.000153
0.000153
0.000153
0.000153
0.000159
0.000153
0.000153
0.000153
0.000156
0.000154
0.000154
0.000153
0.000153
0.000154
0.000153
0.000153
0.000153
0.000154
0.000153
0.000155
0.000153
0.000153
0.000153
0.000153
0.000153
0.000153
0.000153
0.000153
0.000153
0.000153
0.000153
0.000153
0.000153
0.000154
0.000160
0.000153
0.000153
0.000153
0.000154
0.000153
0.000153
0.000154
0.000153
0.000153
0.000153
0.000153
0.000153
0.000153
0.000153
0.000153
0.000153
0.000153
0.000153
0.000154
0.000153
0.000153
0.000153
0.000152
0.000153
0.000153
0.000170
0.000153
0.000153
0.000153
0.000153
0.000153
0.000153
0.000153
0.000154
0.000153
0.000153
0.000153
0.000153
0.000154
0.000153
0.000154
0.000153
0.000153
0.000154
0.000153
0.000153
0.000153
0.000153
0.000153
0.000154
0.000154
0.000161
0.000154
0.000153
0.000154
0.000154
0.000153
0.000154
0.000153
0.000154
0.000154
0.000153
0.000153
0.000153
0.000153
0.000153
0.000153
0.000153
0.000153
0.000154
0.000153
0.000154
0.000154
0.000154
0.000154
0.000154
0.000153
0.000159
0.000154
0.000154
0.000154
0.000153
0.000153
0.000154
0.000153
0.000154
0.000153
0.000153
0.000153
0.000153
0.000154
0.000154
0.000154
0.000154
0.000153
0.000154
0.000158
0.000153
0.000154
0.000153
0.000154
0.000153
0.000153
0.000156
0.000153
0.000153
0.000154
0.000153
0.000153
0.000154
0.000154
0.000154
0.000153
0.000153
0.000154
0.000154
0.000153
0.000153
0.000153
0.000153
0.000154
0.000154
0.000153
0.000153
0.000169
0.000156
0.000156
0.000157
0.000156
0.000160
0.000157
0.000157
0.000156
0.000156
0.000165
0.000153
0.000153
0.000153
0.000154
0.000153
0.000154
0.000153
0.000153
0.000153
0.000153
0.000153
0.000153
0.000153
0.000154
0.000154
0.000153
0.000153
0.000154
0.000153
0.000154
0.000160
0.000153
0.000154
0.000153
0.000153
0.000153
0.000154
0.000153
0.000169
0.000153
0.000152
0.000153
0.000154
0.000153
0.000153
0.000154
0.000154
0.000154
0.000153
0.000153
0.000153
0.000154
0.000153
0.000154
0.000154
0.000153
0.000161
0.000154
0.000154
0.000153
0.000153
0.000154
0.000154
0.000155
0.000154
0.000153
0.000152
0.000153
0.000153
0.000153
0.000153
0.000154
0.000154
0.000153
0.000154
0.000153
0.000153
0.000153
0.000153
0.000153
0.000154
0.000153
0.000162
0.000154
0.000153
0.000153
0.000154
0.000154
0.000153
0.000154
0.000153
0.000153
0.000153
0.000154
0.000154
0.000153
0.000153
0.000153
0.000153
0.000153
0.000153
0.000153
0.000153
0.000153
0.000153
0.000170
0.000154
0.000156
0.000154
0.000153
0.000154
0.000154
0.000154
0.000154
0.000153
0.000154
0.000153
0.000153
0.000153
0.000153
0.000154
0.000154
0.000153
0.000153
0.000154
0.000153
0.000153
0.000153
0.000154
0.000153
0.000153
0.000153
0.000153
0.000156
0.000159
0.000154
0.000154
0.000153
0.000153
0.000153
0.000153
0.000153
0.000154
0.000153
0.000153
0.000154
0.000153
0.000154
0.000153
0.000153
0.000153
0.000153
0.000153
0.000153
0.000154
0.000153
0.000153
0.000153
0.000153
0.000155
0.000159
0.000154
0.000154
0.000154
0.000154
0.000153
0.000154
0.000154
0.000153
0.000154
0.000153
0.000154
0.000154
0.000153
0.000154
0.000154
0.000154
0.000153
0.000153
0.000153
0.000153
0.000153
0.000153
0.000153
0.000152
0.000155
0.000158
0.000153
0.000154
0.000154
0.000153
0.000153
0.000153
0.000154
0.000154
0.000154
0.000154
0.000153
0.000153
0.000153
0.000153
0.000153
0.000153
0.000153
0.000153
0.000153
0.000153
0.000154
0.000153
0.000153
0.000153
0.000155
0.000158
0.000153
0.000153
0.000153
0.000154
0.000153
0.000154
0.000153
0.000153
0.000153
0.000154
0.000153
0.000153
0.000154
0.000153
0.000152
0.000153
0.000154
0.000153
0.000158
0.000153
0.000153
0.000153
0.000153
0.000153
0.000155
0.000153
0.000154
0.000153
0.000154
0.000153
0.000153
0.000153
0.000153
0.000154
0.000154
0.000154
0.000153
0.000154
0.000153
0.000153
0.000154
0.000153
0.000153
0.000154
0.000154
0.000153
0.000153
0.000153
0.000152
0.000153
0.000169
0.000153
0.000153
0.000154
0.000154
0.000153
0.000153
0.000153
0.000153
0.000153
0.000154
0.000153
0.000153
0.000153
0.000153
0.000153
0.000154
0.000153
0.000153
0.000154
0.000154
0.000154
0.000154
0.000153
0.000154
0.000154
0.000159
0.000153
0.000153
0.000154
0.000153
0.000154
0.000153
0.000154
0.000154
0.000158
0.000153
0.000153
0.000153
0.000154
0.000153
0.000153
0.000153
0.000154
0.000153
0.000153
0.000153
0.000153
0.000152
0.000153
0.000153
0.000153
0.000160
0.000153
0.000154
0.000154
0.000154
0.000153
0.000154
0.000154
0.000153
0.000153
0.000153
0.000153
0.000154
0.000153
0.000154
0.000154
0.000154
0.000154
0.000153
0.000153
0.000153
0.000153
0.000153
0.000153
0.000154
0.000153
0.000160
0.000153
0.000153
0.000154
0.000153
0.000153
0.000153
0.000154
0.000154
0.000154
0.000152
0.000153
0.000153
0.000153
0.000153
0.000153
0.000153
0.000153
0.000159
0.000153
0.000153
0.000154
0.000153
0.000153
0.000153
0.000154
0.000155
0.000153
0.000153
0.000153
0.000153
0.000153
0.000153
0.000153
0.000153
0.000153
0.000154
0.000153
0.000154
0.000153
0.000153
0.000154
0.000153
0.000154
0.000154
0.000153
0.000153
0.000153
0.000154
0.000153
0.000153
0.000154
0.000161
0.000154
0.000153
0.000154
0.000153
0.000154
0.000154
0.000153
0.000153
0.000153
0.000153
0.000153
0.000153
0.000152
0.000153
0.000153
0.000153
0.000153
0.000153
0.000153
0.000153
