0.004991
0.002535
0.002456
0.002397
0.002296
0.002282
0.002138
0.002120
0.002145
0.002053
0.002013
0.002006
0.001966
0.001965
0.001938
0.001939
0.001914
0.001899
0.001888
0.001899
0.001914
0.001923
0.001893
0.002002
0.002004
0.002010
0.002013
0.001894
0.001977
0.002006
0.002014
0.002020
0.002006
0.002013
0.001877
0.001856
0.001823
0.001900
0.001852
0.001872
0.001898
0.001857
0.001890
0.001885
0.001925
0.001914
0.001906
0.001901
0.001862
0.001840
0.001876
0.001877
0.001882
0.001876
0.001885
0.002007
0.002003
0.002013
0.001989
0.001917
0.001830
0.001982
0.001994
0.002007
0.002000
0.002017
0.002023
0.002016
0.001994
0.002026
0.002003
0.002016
0.002007
0.002028
0.001994
0.002013
0.001996
0.002037
0.002005
0.002026
0.002011
0.002022
0.002017
0.002019
0.002003
0.001991
0.002017
0.002008
0.001998
0.002002
0.002002
0.002017
0.002009
0.002006
0.002014
0.002007
0.002025
0.002009
0.002018
0.002012
0.002003
0.002007
0.002019
0.002007
0.002013
0.002015
0.002017
0.001885
0.001830
0.001888
0.001891
0.001912
0.001883
0.001893
0.001880
0.001889
0.001872
0.001961
0.001991
0.002005
0.001992
0.002012
0.002007
0.002014
0.002007
0.001995
0.002007
0.002012
0.002001
0.001892
0.001882
0.001900
0.001932
0.001886
0.001890
0.001872
0.001885
0.001941
0.001884
0.001863
0.002029
0.002014
0.001920
0.001987
0.002057
0.002029
0.002059
0.002037
0.002032
0.002031
0.002046
0.002044
0.002036
0.002044
0.002035
0.002020
0.002030
0.002016
0.002003
0.002029
0.002026
0.001895
0.001952
0.002027
0.001897
0.001886
0.002017
0.002051
0.002028
0.002035
0.002023
0.002035
0.002044
0.002034
0.002031
0.002038
0.002041
0.002060
0.002027
0.001972
0.001863
0.001918
0.001938
0.001918
0.001953
0.002047
0.002034
0.002039
0.002031
0.002005
0.001823
0.001842
0.001874
0.001914
0.001890
0.001889
0.001892
0.001909
0.001975
0.002010
0.002044
0.002036
0.002043
0.002037
0.002052
0.002021
0.002049
0.002016
0.002066
0.002030
0.002058
0.002039
0.002081
0.002034
0.002033
0.002035
0.002040
0.002035
0.002038
0.002043
0.002033
0.002040
0.002052
0.002040
0.002034
0.002048
0.002036
0.002041
0.002046
0.002041
0.002055
0.002039
0.002030
0.002042
0.002020
0.002058
0.002030
0.002062
0.002037
0.002052
0.002028
0.002055
0.002032
0.002065
0.002022
0.002065
0.002012
0.001933
0.001899
0.001888
0.001894
0.001898
0.001923
0.002042
0.002013
0.002042
0.002027
0.002041
0.002022
0.002048
0.002028
0.002043
0.002051
0.002047
0.002029
0.002048
0.002033
0.002063
0.002021
0.002064
0.002041
0.002058
0.002056
0.002058
0.002018
0.002047
0.002033
0.002076
0.002033
0.002065
0.002038
0.002029
0.002042
0.002040
0.002027
0.002037
0.002047
0.002044
0.002040
0.002043
0.002042
0.002037
0.002003
0.001877
0.001891
0.001901
0.001914
0.001925
0.001886
0.001890
0.001912
0.002048
0.002018
0.002062
0.002021
0.002055
0.002630
0.002768
0.002989
0.002841
0.002626
0.002135
0.002134
0.002005
0.002033
0.001996
0.002184
0.002462
0.002091
0.002339
0.001965
0.002070
0.002128
0.002075
0.002110
0.002034
0.002008
0.002080
0.002144
0.002141
0.002090
0.002093
0.002096
0.001966
0.002096
0.002100
0.002075
0.002079
0.002121
0.002122
0.002106
0.002116
0.002101
0.002118
0.002113
0.002116
0.002085
0.002127
0.002105
0.002026
0.002086
0.002132
0.002832
0.003099
0.002175
0.002058
0.002165
0.002120
0.002089
0.002033
0.002141
0.002097
0.002045
0.001939
0.001994
0.002049
0.002058
0.002067
0.002071
0.002074
0.002579
0.002124
0.002039
0.002079
0.002060
0.002041
0.002054
0.002070
0.002089
0.002044
0.002058
0.002073
0.002060
0.002191
0.002076
0.002086
0.002077
0.002238
0.002157
0.002097
0.002096
0.002638
0.002199
0.002105
0.002103
0.002090
0.002581
0.002100
0.002064
0.002112
0.002040
0.001965
0.002017
0.002083
0.002041
0.002070
0.002032
0.002079
0.002084
0.002067
0.002021
0.002041
0.002083
0.001984
0.001931
0.001936
0.001954
0.001941
0.001916
0.002002
0.001942
0.002048
0.002040
0.002031
0.002108
0.002088
0.002079
0.002038
0.002071
0.002051
0.002054
0.002032
0.002053
0.002089
0.002044
0.002030
0.002050
0.002036
0.002089
0.002058
0.002045
0.002035
0.002049
0.002069
0.002086
0.002038
0.002069
0.002040
0.002105
0.002035
0.002058
0.002028
0.002055
0.002085
0.002050
0.002026
0.002043
0.002071
0.002071
0.002054
0.002040
0.002047
0.002065
0.002080
0.002047
0.002066
0.002033
0.002113
0.002046
0.002063
0.002044
0.002053
0.002079
0.001906
0.001909
0.001900
0.001944
0.002010
0.001936
0.001853
0.001964
0.001938
0.002004
0.002081
0.002032
0.002069
0.002043
0.002118
0.002042
0.002111
0.002053
0.002101
0.002059
0.014847
0.002229
0.002046
0.001994
0.001992
0.002015
0.001980
0.002001
0.002005
0.001956
0.002031
0.001942
0.001869
0.001868
0.001867
0.001940
0.001975
0.002009
0.002022
0.002024
0.001997
0.001957
0.001975
0.001923
0.001946
0.002006
0.001969
0.002014
0.001974
0.002017
0.001971
0.001847
0.001914
0.001932
0.002022
0.002015
0.001949
0.001964
0.001994
0.001936
0.002034
0.001858
0.002407
0.002020
0.001999
0.002006
0.001873
0.001882
0.002046
0.001900
0.001973
0.002028
0.001958
0.002010
0.002016
0.001975
0.001914
0.001943
0.002003
0.002023
0.001900
0.001938
0.001981
0.001982
0.002034
0.001995
0.001984
0.002007
0.002040
0.001932
0.001942
0.001981
0.001936
0.001885
0.001971
0.001999
0.001946
0.001969
0.001983
0.002017
0.001899
0.001929
0.001896
0.001863
0.001980
0.001922
0.001905
0.001999
0.001977
0.001901
0.001898
0.001981
0.002022
0.001970
0.001966
0.002013
0.001973
0.002007
0.002036
0.001980
0.002012
0.001991
0.001961
0.001981
0.001991
0.001890
0.001902
0.001957
0.001883
0.001970
0.002008
0.001980
0.001966
0.002002
0.001986
0.002014
0.001988
0.001969
0.001920
0.001949
0.001895
0.001939
0.001961
0.001901
0.001942
0.001970
0.001989
0.002022
0.002018
0.001984
0.002005
0.001984
0.001994
0.001944
0.001888
0.002002
0.001969
0.001942
0.001924
0.002002
0.001967
0.002019
0.001996
0.002009
0.001972
0.001961
0.002009
0.001988
0.001902
0.001968
0.001996
0.001901
0.001934
0.002004
0.001998
0.001873
0.001926
0.001912
0.001929
0.001944
0.001978
0.002019
0.001851
0.001884
0.001939
0.002011
0.001915
0.001887
0.001862
0.001858
0.001892
0.001973
0.001895
0.001948
0.001900
0.001874
0.001909
0.001887
0.001936
0.001989
0.002014
0.001967
0.001983
0.001973
0.002013
0.001977
0.002020
0.001900
0.001978
0.001926
0.001883
0.001967
0.001986
0.001966
0.001970
0.001946
0.002006
0.002023
0.002002
0.001981
0.001962
0.001970
0.001842
0.001945
0.001926
0.001974
0.001923
0.001976
0.001962
0.002011
0.001972
0.001946
0.001964
0.001972
0.001945
0.001914
0.001912
0.001841
0.001881
0.001924
0.001865
0.001838
0.001915
0.001976
0.001960
0.001946
0.001919
0.001854
0.001856
0.001853
0.001891
0.001868
0.001941
0.001866
0.001845
0.001898
0.001890
0.001947
0.001869
0.001833
0.001896
0.001941
0.001940
0.001875
0.001859
0.001934
0.001872
0.001997
0.001920
0.001978
0.001912
0.001932
0.001950
0.001926
0.001913
0.001888
0.001947
0.001916
0.001946
0.001973
0.001868
0.001848
0.001844
0.001851
0.001854
0.001852
0.001893
0.001879
0.001877
0.001888
0.001945
0.001899
0.001931
0.001957
0.001883
0.001911
0.001927
0.001862
0.001936
0.001904
0.001973
0.001933
0.001915
0.001864
0.001902
0.001899
0.001956
0.001943
0.001841
0.001871
0.001923
0.001995
0.001964
0.001880
0.001874
0.001915
0.001902
0.001858
0.001893
0.001942
0.001909
0.001891
0.001903
0.001982
0.001952
0.001945
0.001847
0.001864
0.001940
0.001967
0.001950
0.001949
0.001910
0.001890
0.001908
0.001915
0.001904
0.001930
0.001959
0.001904
0.001956
0.001869
0.001919
0.001964
0.001849
0.001852
0.001888
0.001902
0.001848
0.001874
0.001936
0.001845
0.001851
0.001927
0.001875
0.001907
0.001912
0.001967
0.001953
0.001907
0.001867
0.001925
0.001927
0.001989
0.001935
0.001921
0.001902
0.001993
0.001915
0.001934
0.001896
0.001958
0.001921
0.001908
0.001951
0.001966
0.001953
0.001937
0.001871
0.001885
0.001902
0.001848
0.001857
0.001874
0.001904
0.001887
0.001860
0.001871
0.001886
0.001867
0.001882
0.001940
0.001923
0.001904
0.001890
0.001904
0.001925
0.001930
0.001926
0.001858
0.001955
0.001949
0.001905
0.001952
0.001849
0.001919
0.001826
0.001977
0.001906
0.001888
0.001835
0.001889
0.001875
0.001952
0.001823
0.001956
0.001876
0.001932
0.001957
0.001913
0.001945
0.001927
0.001940
0.001878
0.001943
0.001868
0.001979
0.001905
0.002032
0.001947
0.001938
0.001857
0.001871
0.001926
0.001970
0.001922
0.001936
0.001931
0.001925
0.001817
0.001936
0.001969
0.001940
0.001933
0.001989
0.001934
0.001891
0.001897
0.001896
0.001966
0.001971
0.001977
0.001982
0.001860
0.001921
0.001942
0.001938
0.001975
0.001964
0.001950
0.001920
0.001990
0.001974
0.001936
0.001931
0.001984
0.001933
0.002015
0.001975
0.001996
0.001940
0.001950
0.001935
0.001983
0.001858
0.001932
0.001939
0.001954
0.001937
0.001905
0.001935
0.001939
0.001953
0.001948
0.001965
0.001984
0.001977
0.001976
0.001931
0.001935
0.001886
0.001942
0.001830
0.001842
0.001900
0.001931
0.001919
0.001964
0.001968
0.001964
0.001966
0.001994
0.002011
0.001900
0.001901
0.001936
0.001946
0.001972
0.001976
0.001909
0.001869
0.001892
0.001976
0.001864
0.001963
0.001962
0.001965
0.001936
0.001959
0.001999
0.001983
0.001985
0.001994
0.002016
0.001935
0.001983
0.001994
0.002003
0.001988
0.001976
0.001972
0.001986
0.001907
0.001924
0.001963
0.001974
0.001942
0.001931
0.001965
0.001941
0.001934
0.001976
0.001968
0.001863
0.001937
0.001953
0.001894
0.001900
0.001934
0.001971
0.001934
0.001980
0.001854
0.001870
0.001895
0.001851
0.001850
0.001937
0.001965
0.001935
0.001936
0.001969
0.001887
0.001942
0.001935
0.001964
0.001945
0.001921
0.001975
0.001929
0.001912
0.001903
0.001849
0.001879
0.001990
0.001881
0.001933
0.001944
0.001950
0.001923
0.001977
0.001908
0.001858
0.001932
0.001952
0.001924
0.001963
0.001885
0.001902
0.001915
0.001922
0.001851
0.001937
0.001943
0.001955
0.001899
0.001902
0.001972
0.001910
0.001969
0.001872
0.001956
0.001846
0.001909
0.001895
0.001932
0.001925
0.001949
0.001979
0.001991
0.001959
0.001859
0.001888
0.001968
0.001933
0.001970
0.001838
0.001833
0.001940
0.001960
0.002009
0.001890
0.001918
0.001907
0.001939
0.001844
0.001994
0.001938
0.001961
0.001964
0.001985
0.001971
0.001943
0.001904
0.001914
0.001928
0.001890
0.001940
0.001859
0.001942
0.001966
0.001984
0.001952
0.001921
0.001966
0.001960
0.001987
0.001965
0.001967
0.001850
0.001925
0.001900
0.001922
0.001889
0.001912
0.001972
0.001922
0.001979
0.001976
0.001944
0.001961
0.001938
0.001919
0.001862
0.001900
0.001922
0.001963
0.001859
0.001849
0.001900
0.001857
0.001897
0.001925
0.001905
0.001850
0.001892
0.001964
0.001953
0.002011
0.001943
0.001866
0.001885
0.001931
0.001895
0.002006
0.001855
0.001945
0.001927
0.001971
0.001890
0.001851
0.001893
0.001930
0.001920
0.001857
0.001929
0.001932
0.001928
0.001855
0.001913
0.001884
0.001943
0.001918
0.001945
0.001951
0.001950
0.001920
0.001948
0.001963
0.001901
0.001857
0.001935
0.001876
0.001969
0.001955
0.001975
0.001892
0.001967
0.001948
0.001975
0.001917
0.001987
0.001952
0.001862
0.001920
0.001961
0.001967
0.001956
0.001967
0.001988
0.001909
0.001928
0.001944
0.001836
0.001968
0.001965
0.001971
0.001844
0.001940
0.001888
0.001878
0.001849
0.001871
0.001880
0.001855
0.001892
0.001844
0.001895
0.001924
0.001850
0.001844
0.001994
0.001917
0.001862
0.001898
0.001967
0.001899
0.001974
0.001974
0.001903
0.001876
0.001972
0.001924
0.001976
0.001926
0.001903
0.001911
0.001961
0.001968
0.001967
0.001891
0.001911
0.001961
0.001920
0.001846
0.001994
0.001986
0.001927
0.001933
0.001955
0.001839
0.001837
0.001931
0.001850
0.001912
0.001946
0.001929
0.001943
0.001844
0.001816
0.001848
0.001919
0.001849
0.001916
0.001969
0.001946
0.001933
0.001891
0.001947
0.001838
0.001881
0.001966
0.001912
0.001924
0.001838
0.001933
0.001939
0.001961
0.001938
0.001931
0.001896
0.001889
0.001892
0.001926
0.001900
0.001920
0.001904
0.001881
0.001872
0.001934
0.001896
0.001954
0.001891
0.001850
0.001910
0.001861
0.001848
0.001829
0.001900
0.001941
0.001891
0.001886
0.001888
0.001879
0.001942
0.001896
0.001940
0.001910
0.001914
0.001917
0.001967
0.001908
0.001956
0.001910
0.001844
0.001915
0.001842
0.001884
0.001864
0.001859
0.001921
0.001966
0.001929
0.001894
0.001911
0.001944
0.001902
0.001968
0.001944
0.001905
0.001941
0.001878
0.001864
0.001883
0.001908
0.001868
0.001964
0.001929
0.001931
0.001824
0.001916
0.001958
0.001956
0.001918
0.001961
0.001927
0.001886
0.001907
0.001966
0.001930
0.001845
0.001901
0.001941
0.001921
0.001958
0.001926
0.001987
0.001926
0.001918
0.001935
0.001907
0.001940
0.001926
0.001934
0.001951
0.001924
0.001876
0.001931
0.001939
0.001933
0.001953
0.001854
0.001928
0.001902
0.001947
0.001963
0.001965
0.001961
0.002055
0.001862
0.001871
0.001961
0.001943
0.001850
0.001937
0.001936
0.001975
0.001947
0.001965
0.001925
0.001928
0.001967
0.001932
0.001915
0.001974
0.001931
0.001904
0.001874
0.001942
0.001958
0.001972
0.001955
0.001949
0.001973
0.002000
0.001932
0.001898
0.001912
0.001979
0.001954
0.001964
0.001871
0.001970
0.001903
0.001975
0.001944
0.001890
0.001932
0.001933
0.001957
0.001879
0.001896
0.001975
0.001913
0.001900
0.001941
0.001902
0.001936
0.001946
0.001953
0.001951
0.001878
0.001889
0.001921
0.001910
0.001919
0.001916
0.001921
0.001932
0.001924
0.001831
0.001886
0.001936
0.001952
0.001893
0.001956
0.001880
0.001833
0.001949
0.001939
0.001957
0.001954
0.001851
0.001888
0.001950
0.001924
0.001956
0.001953
0.001956
0.001925
0.001964
0.001861
0.001886
0.001859
0.001941
0.001928
0.001912
0.001904
0.001877
0.001936
0.001919
0.001942
0.001964
0.001880
0.001889
0.001921
0.001881
0.001861
0.001894
0.001885
0.001874
0.001923
0.001839
0.001860
0.001832
0.001893
0.001938
0.001917
0.001899
0.001929
0.001949
0.001888
0.001940
0.001934
0.001902
0.001953
0.001962
0.001914
0.001886
0.001932
0.001968
0.001959
0.001926
0.001961
0.001975
0.001948
0.001953
0.001958
0.001968
0.001849
0.001927
0.001895
0.001896
0.001908
0.001959
0.001908
0.001981
0.001961
0.001967
0.001900
0.011813
0.002969
0.002091
0.001930
0.001933
0.001929
0.001898
0.001940
0.001924
0.001937
0.001927
0.001935
0.001932
0.001933
0.001907
0.001927
0.001920
0.001943
0.001927
0.001921
0.001921
0.001929
0.001940
0.001930
0.001923
0.001911
0.001938
0.002015
0.001953
0.001945
0.001953
0.001924
0.001957
0.001929
0.001974
0.001913
0.001936
0.001916
0.001981
0.001937
0.001945
0.001923
0.001966
0.001949
0.001962
0.001926
0.001928
0.001924
0.001935
0.001925
0.001920
0.001950
0.001931
0.001945
0.001928
0.001958
0.001914
0.001905
0.001915
0.001937
0.001917
0.001942
0.001927
0.001946
0.001952
0.001943
0.001925
0.001945
0.001919
0.001993
0.001979
0.001969
0.001954
0.001975
0.001989
0.001956
0.001923
0.001927
0.001927
0.001962
0.001980
0.001962
0.001971
0.001955
0.001986
0.001968
0.001954
0.001918
0.001927
0.001950
0.001964
0.001933
0.001946
0.001930
0.001971
0.001979
0.001989
0.001956
0.001930
0.001954
0.001993
0.001960
0.001926
0.001927
0.001944
0.001946
0.001980
0.001951
0.001971
0.001923
0.001974
0.001931
0.001929
0.001913
0.001930
0.001971
0.001926
0.001928
0.001919
0.001941
0.001955
0.001919
0.001921
0.001935
0.001927
0.001937
0.001947
0.001915
0.001934
0.001908
0.001942
0.001964
0.001923
0.001940
0.001915
0.001926
0.001967
0.001983
0.001910
0.001942
0.001930
0.001985
0.001946
0.001947
0.001913
0.001980
0.001958
0.001936
0.001912
0.001912
0.001908
0.001955
0.001911
0.001932
0.001930
0.001929
0.001918
0.001935
0.001940
0.001918
0.001919
0.001961
0.001950
0.001917
0.001930
0.001923
0.001971
0.001934
0.001939
0.001933
0.001911
0.001919
0.001971
0.001927
0.001939
0.001917
0.001926
0.001973
0.001938
0.001930
0.001935
0.001914
0.001948
0.001949
0.001937
0.001935
0.001914
0.001952
0.001942
0.001930
0.001931
0.001896
0.001930
0.001949
0.001943
0.001908
0.001907
0.001973
0.001946
0.001969
0.001938
0.001977
0.001916
0.001985
0.001920
0.001943
0.001909
0.001933
0.001960
0.001922
0.001905
0.001957
0.001895
0.001979
0.001971
0.001944
0.001894
0.002002
0.001981
0.001980
0.001932
0.001906
0.001915
0.001919
0.001961
0.001932
0.001933
0.001922
0.001927
0.001927
0.001929
0.001913
0.001949
0.001926
0.001934
0.001911
0.001947
0.001938
0.001912
0.001954
0.001957
0.002203
0.001972
0.001917
0.001990
0.001925
0.001982
0.001933
0.001949
0.001952
0.001975
0.001944
0.001951
0.001911
0.002003
0.001919
0.001937
0.001955
0.001924
0.001971
0.001942
0.001950
0.001927
0.001913
0.001938
0.001963
0.001953
0.001960
0.001953
0.001975
0.001994
0.001926
0.001911
0.001975
0.001974
0.001988
0.001929
0.001953
0.001947
0.001969
0.001958
0.001959
0.001912
0.001980
0.001951
0.002001
0.001958
0.001921
0.001952
0.001940
0.001958
0.001948
0.001951
0.001913
0.001964
0.001963
0.001933
0.001907
0.001907
0.001922
0.001967
0.001943
0.001945
0.001957
0.001956
0.001960
0.001987
0.001918
0.001971
0.001946
0.001926
0.001943
0.001937
0.001938
0.001930
0.001956
0.001971
0.001953
0.001970
0.001959
0.001976
0.001994
0.001959
0.001913
0.001909
0.001943
0.002000
0.001911
0.001921
0.001931
0.001917
0.001980
0.001966
0.001955
0.001955
0.001945
0.001925
0.001965
0.001912
0.001931
0.001907
0.001929
0.001967
0.001997
0.001958
0.001921
0.001933
0.001942
0.001948
0.001958
0.001909
0.001957
0.001983
0.001953
0.001962
0.001973
0.001919
0.002018
0.001951
0.002010
0.001947
0.001976
0.001980
0.001910
0.001947
0.001988
0.001952
0.002008
0.001934
0.001963
0.001953
0.001952
0.001992
0.001958
0.001968
0.001959
0.001950
0.001998
0.001943
0.001964
0.001927
0.001969
0.002007
0.001911
0.001959
0.001928
0.001943
0.001956
0.001938
0.001930
0.001941
0.001932
0.001928
0.001985
0.001921
0.001950
0.001957
0.001976
0.001987
0.001927
0.001953
0.001946
0.001945
0.001976
0.001925
0.001928
0.001951
0.001954
0.002005
0.001957
0.001989
0.001970
0.001964
0.001992
0.002045
0.001923
0.001987
0.001928
0.001995
0.001921
0.001926
0.001909
0.001924
0.001966
0.001956
0.001917
0.001909
0.001922
0.001961
0.001942
0.001908
0.001933
0.001918
0.001982
0.001932
0.001940
0.001927
0.001925
0.001971
0.001967
0.001920
0.001930
0.001934
0.001960
0.001977
0.001960
0.001953
0.001940
0.001944
0.001968
0.001951
0.001959
0.001913
0.001926
0.001968
0.001932
0.001909
0.001919
0.001916
0.001976
0.001934
0.001927
0.001921
0.001921
0.001952
0.001953
0.001922
0.001929
0.001923
0.001954
0.001985
0.001940
0.001926
0.001945
0.001971
0.001957
0.001932
