0.001190
0.000517
0.000478
0.000476
0.000476
0.000419
0.000244
0.000245
0.000245
0.000244
0.000244
0.000243
0.000243
0.000244
0.000244
0.000244
0.000244
0.000244
0.000245
0.000244
0.000252
0.000244
0.000255
0.000239
0.000239
0.000239
0.000239
0.000239
0.000237
0.000238
0.000238
0.000239
0.000239
0.000239
0.000238
0.000239
0.000238
0.000242
0.000248
0.000248
0.000235
0.000235
0.000234
0.000234
0.000235
0.000235
0.000234
0.000235
0.000234
0.000233
0.000233
0.000234
0.000234
0.000234
0.000239
0.000240
0.000242
0.000231
0.000231
0.000231
0.000231
0.000230
0.000231
0.000231
0.000230
0.000234
0.000230
0.000231
0.000231
0.000230
0.000232
0.000248
0.000238
0.000228
0.000228
0.000229
0.000230
0.000228
0.000228
0.000228
0.000227
0.000229
0.000228
0.000228
0.000227
0.000228
0.000229
0.000227
0.000242
0.000236
0.000225
0.000225
0.000225
0.000225
0.000229
0.000226
0.000226
0.000226
0.000226
0.000225
0.000225
0.000225
0.000224
0.000225
0.000226
0.000226
0.000238
0.000224
0.000234
0.000225
0.000225
0.000225
0.000224
0.000225
0.000225
0.000225
0.000225
0.000225
0.000224
0.000224
0.000225
0.000231
0.000223
0.000223
0.000240
0.000226
0.000232
0.000225
0.000226
0.000231
0.000223
0.000222
0.000223
0.000223
0.000222
0.000222
0.000222
0.000223
0.000222
0.000223
0.000223
0.000240
0.000225
0.000225
0.000225
0.000226
0.000224
0.000234
0.000223
0.000223
0.000223
0.000223
0.000223
0.000223
0.000224
0.000223
0.000241
0.000224
0.000224
0.000229
0.000226
0.000226
0.000225
0.000224
0.000224
0.000225
0.000235
0.000222
0.000223
0.000222
0.000223
0.000222
0.000223
0.000223
0.000222
0.000222
0.000222
0.000241
0.000225
0.000225
0.000226
0.000225
0.000234
0.000222
0.000223
0.000222
0.000222
0.000222
0.000223
0.000223
0.000222
0.000222
0.000224
0.000223
0.000223
0.000242
0.000224
0.000224
0.000224
0.000225
0.000234
0.000239
0.000227
0.000225
0.000225
0.000224
0.000226
0.000226
0.000225
0.000233
0.000222
0.000223
0.000242
0.000224
0.000225
0.000225
0.000225
0.000224
0.000233
0.000222
0.000223
0.000223
0.000223
0.000223
0.000224
0.000223
0.000222
0.000223
0.000223
0.000222
0.000243
0.000225
0.000225
0.000225
0.000227
0.000235
0.000224
0.000224
0.000223
0.000223
0.000225
0.000224
0.000240
0.000224
0.000226
0.000225
0.000225
0.000229
0.000226
0.000226
0.000226
0.000225
0.000224
0.000235
0.000222
0.000223
0.000224
0.000224
0.000224
0.000222
0.000222
0.000223
0.000225
0.000223
0.000223
0.000242
0.000225
0.000226
0.000225
0.000224
0.000236
0.000222
0.000223
0.000223
0.000223
0.000222
0.000224
0.000222
0.000222
0.000221
0.000224
0.000222
0.000223
0.000243
0.000225
0.000224
0.000225
0.000224
0.000225
0.000225
0.000224
0.000225
0.000225
0.000225
0.000223
0.000224
0.000224
0.000224
0.000235
0.000222
0.000222
0.000242
0.000225
0.000224
0.000224
0.000224
0.000235
0.000222
0.000221
0.000222
0.000223
0.000222
0.000223
0.000223
0.000224
0.000223
0.000223
0.000222
0.000242
0.000225
0.000224
0.000225
0.000226
0.000224
0.000232
0.000223
0.000224
0.000223
0.000223
0.000223
0.000222
0.000221
0.000223
0.000240
0.000226
0.000224
0.000230
0.000225
0.000226
0.000225
0.000225
0.000225
0.000224
0.000236
0.000222
0.000222
0.000222
0.000222
0.000222
0.000223
0.000223
0.000223
0.000222
0.000223
0.000246
0.000226
0.000225
0.000224
0.000225
0.000224
0.000233
0.000223
0.000222
0.000223
0.000223
0.000223
0.000223
0.000224
0.000222
0.000223
0.000222
0.000223
0.000243
0.000225
0.000224
0.000224
0.000225
0.000233
0.000238
0.000226
0.000224
0.000224
0.000225
0.000224
0.000225
0.000232
0.000222
0.000222
0.000223
0.000242
0.000225
0.000223
0.000224
0.000224
0.000224
0.000233
0.000223
0.000222
0.000222
0.000222
0.000222
0.000222
0.000223
0.000223
0.000223
0.000223
0.000223
0.000241
0.000225
0.000224
0.000224
0.000225
0.000234
0.000222
0.000222
0.000222
0.000222
0.000222
0.000222
0.000239
0.000224
0.000224
0.000224
0.000226
0.000225
0.000227
0.000223
0.000224
0.000226
0.000225
0.000234
0.000223
0.000223
0.000223
0.000223
0.000223
0.000223
0.000223
0.000223
0.000224
0.000224
0.000223
0.000241
0.000225
0.000225
0.000225
0.000226
0.000225
0.000234
0.000224
0.000222
0.000223
0.000224
0.000223
0.000224
0.000222
0.000223
0.000222
0.000223
0.000223
0.000243
0.000225
0.000225
0.000225
0.000224
0.000224
0.000225
0.000225
0.000225
0.000224
0.000226
0.000225
0.000225
0.000225
0.000225
0.000235
0.000223
0.000224
0.000243
0.000224
0.000225
0.000225
0.000223
0.000235
0.000222
0.000222
0.000223
0.000223
0.000223
0.000222
0.000222
0.000223
0.000222
0.000223
0.000223
0.000225
0.000241
0.000225
0.000225
0.000225
0.000225
0.000233
0.000223
0.000223
0.000222
0.000222
0.000222
0.000224
0.000222
0.000223
0.000239
0.000225
0.000225
0.000229
0.000224
0.000224
0.000224
0.000224
0.000225
0.000226
0.000224
0.000233
0.000222
0.000222
0.000223
0.000223
0.000222
0.000222
0.000222
0.000223
0.000222
0.000245
0.000225
0.000226
0.000226
0.000225
0.000235
0.000223
0.000224
0.000223
0.000223
0.000223
0.000221
0.000223
0.000222
0.000224
0.000224
0.000224
0.000223
0.000242
0.000225
0.000226
0.000225
0.000224
0.000225
0.000226
0.000225
0.000225
0.000225
0.000225
0.000225
0.000226
0.000235
0.000222
0.000222
0.000223
0.000242
0.000226
0.000225
0.000224
0.000225
0.000225
0.000234
0.000223
0.000223
0.000223
0.000224
0.000223
0.000223
0.000223
0.000223
0.000222
0.000222
0.000223
0.000243
0.000225
0.000225
0.000225
0.000225
0.000235
0.000223
0.000223
0.000223
0.000223
0.000223
0.000223
0.000223
0.000240
0.000226
0.000224
0.000225
0.000224
0.000230
0.000225
0.000224
0.000224
0.000225
0.000235
0.000222
0.000223
0.000222
0.000223
0.000223
0.000223
0.000222
0.000222
0.000222
0.000222
0.000222
0.000277
0.000234
0.000226
0.000226
0.000227
0.000226
0.000235
0.000225
0.000225
0.000225
0.000223
0.000225
0.000225
0.000224
0.000224
0.000224
0.000224
0.000225
0.000244
0.000227
0.000228
0.000227
0.000226
0.000225
0.000226
0.000227
0.000225
0.000225
0.000227
0.000224
0.000225
0.000228
0.000226
0.000237
0.000225
0.000243
0.000224
0.000226
0.000227
0.000227
0.000227
0.000235
0.000223
0.000224
0.000223
0.000224
0.000223
0.000224
0.000224
0.000225
0.000222
0.000224
0.000224
0.000244
0.000226
0.000227
0.000225
0.000226
0.000238
0.000226
0.000224
0.000222
0.000223
0.000223
0.000223
0.000222
0.000226
0.000227
0.000241
0.000226
0.000225
0.000231
0.000225
0.000226
0.000227
0.000227
0.000227
0.000227
0.000237
0.000224
0.000223
0.000223
0.000223
0.000224
0.000225
0.000225
0.000224
0.000223
0.000244
0.000225
0.000225
0.000225
0.000227
0.000227
0.000235
0.000225
0.000224
0.000224
0.000223
0.000223
0.000223
0.000224
0.000224
0.000224
0.000225
0.000224
0.000245
0.000224
0.000226
0.000225
0.000226
0.000225
0.000226
0.000226
0.000227
0.000225
0.000226
0.000224
0.000225
0.000236
0.000224
0.000223
0.000224
0.000225
0.000244
0.000224
0.000227
0.000226
0.000226
0.000236
0.000226
0.000224
0.000223
0.000222
0.000224
0.000222
0.000223
0.000223
0.000222
0.000223
0.000224
0.000246
0.000225
0.000226
0.000224
0.000225
0.000226
0.000235
0.000224
0.000223
0.000222
0.000222
0.000223
0.000224
0.000240
0.000226
0.000225
0.000225
0.000225
0.000235
0.000234
0.000226
0.000226
0.000228
0.000230
0.000237
0.000225
0.000225
0.000226
0.000225
0.000225
0.000224
0.000225
0.000224
0.000225
0.000225
0.000246
0.000228
0.000228
0.000228
0.000228
0.000226
0.000236
0.000225
0.000224
0.000227
0.000225
0.000224
0.000227
0.000225
0.000225
0.000226
0.000226
0.000225
0.000246
0.000226
0.000228
0.000227
0.000228
0.000238
0.000226
0.000243
0.000228
0.000243
0.000226
0.000229
0.000229
0.000228
0.000238
0.000226
0.000226
0.000244
0.000228
0.000228
0.000229
0.000228
0.000238
0.000225
0.000225
0.000225
0.000226
0.000227
0.000225
0.000226
0.000226
0.000225
0.000225
0.000225
0.000225
0.000245
0.000227
0.000228
0.000228
0.000228
0.000238
0.000225
0.000226
0.000226
0.000226
0.000226
0.000225
0.000225
0.000226
0.000226
0.000227
0.000243
0.000230
0.000226
0.000237
0.000227
0.000301
0.000227
0.000229
0.000228
0.000227
0.000227
0.000235
0.000226
0.000226
0.000225
0.000224
0.000223
0.000224
0.000245
0.000227
0.000262
0.000390
0.000269
0.000240
0.000227
0.000226
0.000225
0.000226
0.000234
0.000225
0.000224
0.000224
0.000226
0.000226
0.000225
0.000245
0.000227
0.000228
0.000228
0.000227
0.000237
0.000225
0.000225
0.000243
0.000228
0.000227
0.000235
0.000227
0.000228
0.000227
0.000228
0.000237
0.000244
0.000227
0.000227
0.000228
0.000227
0.000237
0.000226
0.000226
0.000227
0.000225
0.000224
0.000224
0.000225
0.000226
0.000225
0.000224
0.000226
0.000227
0.000247
0.000226
0.000228
0.000227
0.000227
0.000236
0.000227
0.000225
0.000225
0.000226
0.000226
0.000226
0.000225
0.000226
0.000225
0.000225
0.000250
0.000232
0.000227
0.000228
0.000226
0.000227
0.000237
0.000225
0.000225
0.000227
0.000225
0.000225
0.000225
0.000225
0.000227
0.000225
0.000225
0.000225
0.000226
0.000245
0.000227
0.000229
0.000228
0.000228
0.000237
0.000226
0.000225
0.000226
0.000224
0.000226
0.000226
0.000224
0.000226
0.000225
0.000226
0.000226
0.000244
0.000226
0.000228
0.000227
0.000226
0.000239
0.000226
0.000243
0.000236
0.000228
0.000227
0.000226
0.000228
0.000239
0.000227
0.000225
0.000225
0.000244
0.000227
0.000228
0.000227
0.000227
0.000228
0.000237
0.000226
0.000224
0.000226
0.000226
0.000226
0.000225
0.000225
0.000225
0.000225
0.000226
0.000225
0.000245
0.000227
0.000228
0.000227
0.000228
0.000236
0.000226
0.000226
0.000225
0.000226
0.000226
0.000226
0.000226
0.000226
0.000227
0.000226
0.000242
0.000233
0.000228
0.000227
0.000227
0.000228
0.000228
0.000237
0.000225
0.000224
0.000225
0.000224
0.000225
0.000225
0.000226
0.000227
0.000225
0.000226
0.000227
0.000245
0.000228
0.000228
0.000227
0.000227
0.000237
0.000226
0.000224
0.000224
0.000225
0.000226
0.000224
0.000225
0.000225
0.000225
0.000225
0.000226
0.000224
0.000245
0.000228
0.000228
0.000227
0.000227
0.000236
0.000225
0.000241
0.000228
0.000255
0.000228
0.000227
0.000226
0.000226
0.000236
0.000225
0.000225
0.000246
0.000227
0.000227
0.000229
0.000228
0.000238
0.000226
0.000224
0.000225
0.000224
0.000227
0.000227
0.000225
0.000225
0.000224
0.000226
0.000225
0.000245
0.000227
0.000228
0.000228
0.000226
0.000226
0.000236
0.000225
0.000224
0.000224
0.000226
0.000226
0.000225
0.000226
0.000225
0.000242
0.000227
0.000227
0.000230
0.000227
0.000228
0.000227
0.000226
0.000227
0.000227
0.000236
0.000226
0.000225
0.000224
0.000225
0.000225
0.000225
0.000226
0.000226
0.000225
0.000246
0.000226
0.000228
0.000226
0.000226
0.000227
0.000235
0.000226
0.000225
0.000223
0.000224
0.000224
0.000224
0.000225
0.000224
0.000225
0.000224
0.000224
0.000245
0.000227
0.000227
0.000228
0.000226
0.000237
0.000227
0.000225
0.000225
0.000243
0.000227
0.000238
0.000225
0.000227
0.000226
0.000228
0.000238
0.000248
0.000228
0.000228
0.000227
0.000228
0.000227
0.000237
0.000226
0.000224
0.000225
0.000225
0.000225
0.000225
0.000225
0.000225
0.000225
0.000225
0.000226
0.000246
0.000226
0.000228
0.000227
0.000227
0.000238
0.000226
0.000224
0.000225
0.000225
0.000225
0.000225
0.000226
0.000225
0.000224
0.000226
0.000249
0.000230
0.000228
0.000227
0.000226
0.000226
0.000228
0.000237
0.000227
0.000224
0.000225
0.000227
0.000227
0.000225
0.000227
0.000226
0.000226
0.000227
0.000225
0.000244
0.000226
0.000228
0.000228
0.000227
0.000238
0.000226
0.000226
0.000225
0.000226
0.000227
0.000225
0.000226
0.000227
0.000226
0.000226
0.000226
0.000244
0.000228
0.000227
0.000228
0.000228
0.000229
0.000237
0.000242
0.000228
0.000237
0.000228
0.000226
0.000226
0.000228
0.000236
0.000225
0.000226
0.000224
0.000246
0.000226
0.000227
0.000227
0.000225
0.000239
0.000226
0.000224
0.000225
0.000226
0.000226
0.000225
0.000226
0.000225
0.000224
0.000225
0.000224
0.000245
0.000226
0.000227
0.000226
0.000227
0.000239
0.000226
0.000224
0.000224
0.000225
0.000226
0.000225
0.000227
0.000226
0.000226
0.000226
0.000242
0.000227
0.000240
0.000227
0.000229
0.000227
0.000229
0.000237
0.000227
0.000225
0.000227
0.000226
0.000226
0.000225
0.000225
0.000226
0.000225
0.000225
0.000226
0.000244
0.000227
0.000227
0.000226
0.000226
0.000238
0.000226
0.000226
0.000226
0.000225
0.000226
0.000225
0.000223
0.000225
0.000226
0.000224
0.000225
0.000224
0.000246
0.000227
0.000228
0.000227
0.000227
0.000236
0.000227
0.000225
0.000244
0.000230
0.000228
0.000226
0.000226
0.000227
0.000226
0.000235
0.000226
0.000245
0.000227
0.000227
0.000227
0.000227
0.000238
0.000226
0.000227
0.000224
0.000227
0.000224
0.000224
0.000225
0.000226
0.000226
0.000227
0.000227
0.000226
0.000246
0.000228
0.000228
0.000227
0.000226
0.000236
0.000226
0.000226
0.000225
0.000223
0.000224
0.000224
0.000225
0.000225
0.000225
0.000226
0.000226
0.000246
0.000226
0.000233
0.000229
0.000228
0.000228
0.000228
0.000238
0.000226
0.000226
0.000225
0.000226
0.000226
0.000226
0.000227
0.000227
0.000225
0.000227
0.000246
0.000227
0.000229
0.000228
0.000227
0.000236
0.000226
0.000226
0.000224
0.000226
0.000226
0.000225
0.000226
0.000226
0.000226
0.000226
0.000226
0.000245
0.000227
0.000229
0.000229
0.000228
0.000239
0.000227
0.000252
0.000229
0.000229
0.000228
0.000227
0.000228
0.000229
0.000238
0.000226
0.000226
0.000245
0.000227
0.000228
0.000227
0.000227
0.000229
0.000237
0.000226
0.000225
0.000226
0.000226
0.000226
0.000225
0.000227
0.000226
0.000226
0.000227
0.000226
0.000245
0.000227
0.000228
0.000228
0.000228
0.000239
0.000227
0.000224
0.000225
0.000225
0.000226
0.000225
0.000227
0.000225
0.000225
0.000243
0.000235
0.000230
0.000227
0.000228
0.000229
0.000228
0.000239
0.000226
0.000226
0.000225
0.000226
0.000226
0.000226
0.000226
0.000226
0.000226
0.000226
0.000224
0.000226
0.000246
0.000227
0.000227
0.000227
0.000227
0.000236
0.000227
0.000225
0.000225
0.000226
0.000225
0.000225
0.000226
0.000226
0.000225
0.000226
0.000227
0.000244
0.000227
0.000228
0.000227
0.000226
0.000227
0.000234
0.000226
0.000243
0.000238
0.000228
0.000227
0.000229
0.000228
0.000237
0.000227
0.000225
0.000226
0.000246
0.000227
0.000227
0.000226
0.000227
0.000237
0.000226
0.000225
0.000225
0.000226
0.000226
0.000225
0.000226
0.000227
0.000224
0.000226
0.000225
0.000244
0.000227
0.000228
0.000227
0.000227
0.000239
0.000227
0.000223
0.000225
0.000225
0.000227
0.000226
0.000225
0.000241
0.000228
0.000227
0.000227
0.000228
0.000234
0.000230
0.000228
0.000227
0.000227
0.000239
0.000225
0.000224
0.000224
0.000226
0.000227
0.000225
0.000225
0.000225
0.000224
0.000224
0.000225
0.000245
0.000227
0.000229
0.000228
0.000228
0.000238
0.000225
0.000225
0.000225
0.000225
0.000225
0.000226
0.000225
0.000226
0.000224
0.000224
0.000226
0.000224
0.000246
0.000228
0.000227
0.000226
0.000228
0.000237
0.000225
0.000224
0.000243
0.000227
0.000235
0.000227
0.000227
0.000227
0.000227
0.000236
0.000225
0.000244
0.000226
0.000227
0.000227
0.000227
0.000238
0.000226
0.000224
0.000224
0.000225
0.000226
0.000225
0.000224
0.000225
0.000225
0.000226
0.000225
0.000225
0.000246
0.000227
0.000228
0.000227
0.000226
0.000236
0.000227
0.000225
0.000224
0.000226
0.000226
0.000224
0.000224
0.000226
0.000224
0.000225
0.000224
0.000244
0.000226
0.000234
0.000226
0.000227
0.000228
0.000227
0.000238
0.000225
0.000226
0.000226
0.000225
0.000225
0.000224
0.000226
0.000226
0.000224
0.000227
0.000246
0.000226
0.000229
0.000227
0.000226
0.000237
0.000225
0.000225
0.000225
0.000225
0.000224
0.000225
0.000225
0.000225
0.000228
0.000225
0.000226
0.000244
0.000226
0.000229
0.000226
0.000227
0.000226
0.000235
0.000250
0.000228
0.000227
0.000228
0.000227
0.000228
0.000228
0.000227
0.000236
0.000228
0.000224
0.000247
0.000227
0.000227
0.000227
0.000227
0.000238
0.000225
0.000225
0.000225
0.000225
0.000225
0.000225
0.000225
0.000225
0.000224
0.000226
0.000225
0.000245
0.000229
0.000229
0.000226
0.000228
0.000239
0.000225
0.000225
0.000225
0.000224
0.000225
0.000225
0.000226
0.000226
0.000224
0.000225
0.000247
0.000229
0.000230
0.000227
0.000228
0.000228
0.000229
0.000236
0.000226
0.000225
0.000225
0.000224
0.000224
0.000226
0.000226
0.000225
0.000227
0.000227
0.000226
0.000245
0.000226
0.000229
0.000226
0.000228
0.000237
0.000226
0.000226
0.000225
0.000226
0.000226
0.000224
0.000225
0.000225
0.000225
0.000227
0.000226
0.000225
0.000245
0.000226
0.000228
0.000227
0.000226
0.000237
0.000226
0.000241
0.000236
0.000227
0.000227
0.000227
0.000229
0.000237
0.000226
0.000224
0.000225
0.000245
0.000228
0.000228
0.000228
0.000227
0.000236
0.000227
0.000225
0.000225
0.000226
0.000226
0.000226
0.000225
0.000225
0.000224
0.000226
0.000224
0.000225
0.000246
0.000226
0.000227
0.000227
0.000227
0.000237
0.000226
0.000224
0.000225
0.000225
0.000224
0.000225
0.000225
0.000224
0.000224
0.000225
0.000242
0.000236
0.000227
0.000230
0.000229
0.000229
0.000227
0.000238
0.000226
0.000224
0.000225
0.000226
0.000226
0.000225
0.000224
0.000225
0.000225
0.000227
0.000226
0.000245
0.000226
0.000227
0.000226
0.000228
0.000237
0.000226
0.000226
0.000226
0.000226
0.000225
0.000225
0.000225
0.000224
0.000224
0.000226
0.000226
0.000244
0.000226
0.000228
0.000227
0.000226
0.000238
0.000225
0.000226
0.000225
0.000244
0.000236
0.000227
0.000227
0.000228
0.000230
0.000238
0.000227
0.000228
0.000245
0.000229
0.000230
0.000228
0.000227
0.000227
0.000228
0.000238
0.000226
0.000226
0.000226
0.000225
0.000226
0.000225
0.000226
0.000226
0.000226
0.000248
0.000227
0.000227
0.000227
0.000227
0.000237
0.000224
0.000226
0.000225
0.000224
0.000226
0.000225
0.000225
0.000225
0.000225
0.000224
0.000226
0.000229
0.000244
0.000236
0.000229
0.000227
0.000227
0.000227
0.000227
0.000229
0.000228
0.000228
0.000228
0.000227
0.000229
0.000228
0.000229
0.000230
0.000229
0.000232
0.000227
0.000227
0.000229
0.000227
0.000227
0.000228
0.000239
0.000225
0.000223
0.000225
0.000227
0.000227
0.000226
0.000225
0.000226
0.000227
0.000244
0.000227
0.000226
0.000227
0.000228
0.000227
0.000236
0.000226
0.000226
0.000226
0.000243
0.000228
0.000238
0.000228
0.000228
0.000227
0.000227
0.000243
0.000246
0.000228
0.000229
0.000228
0.000237
0.000228
0.000228
0.000229
0.000229
0.000236
0.000225
0.000225
0.000226
0.000224
0.000226
0.000226
0.000225
0.000245
0.000227
0.000228
0.000227
0.000228
0.000241
0.000226
0.000226
0.000226
0.000224
0.000225
0.000226
0.000244
0.000226
0.000228
0.000229
0.000227
0.000229
