0.009787
0.006920
0.006247
0.005814
0.005590
0.005392
0.005365
0.005383
0.005335
0.005274
0.005357
0.005289
0.005298
0.005260
0.005315
0.005249
0.005300
0.005231
0.005277
0.005217
0.005235
0.005265
0.005336
0.005303
0.005215
0.005281
0.005308
0.005253
0.005232
0.005346
0.005207
0.005254
0.005213
0.005292
0.005221
0.005301
0.005277
0.005237
0.005257
0.005242
0.005246
0.005259
0.005428
0.005253
0.005343
0.005311
0.005256
0.005225
0.005334
0.005254
0.005329
0.005254
0.005280
0.005291
0.005391
0.005240
0.005251
0.005284
0.005293
0.005279
0.005298
0.005323
0.005255
0.005346
0.005269
0.005300
0.005292
0.005338
0.005228
0.005312
0.005230
0.005277
0.005265
0.005310
0.005271
0.005267
0.005261
0.005289
0.005308
0.005259
0.005263
0.005249
0.005320
0.005237
0.005293
0.005294
0.005286
0.005299
0.005313
0.005229
0.005269
0.005280
0.005231
0.005300
0.005251
0.005300
0.005245
0.005279
0.005238
0.005343
0.005240
0.005360
0.005278
0.005324
0.005348
0.005279
0.005256
0.005296
0.005244
0.005260
0.005299
0.005238
0.005288
0.005251
0.005384
0.005401
0.005434
0.005255
0.005380
0.005329
0.005454
0.005402
0.005449
0.005337
0.005397
0.005394
0.005281
0.005409
0.005303
0.005397
0.005295
0.005377
0.005328
0.005370
0.005343
0.005351
0.005359
0.005432
0.005433
0.005424
0.005482
0.005415
0.005409
0.005336
0.005431
0.005340
0.005445
0.005387
0.005399
0.005406
0.005382
0.005387
0.005343
0.005376
0.005309
0.005378
0.005347
0.005486
0.005386
0.005443
0.005415
0.005365
0.005382
0.005357
0.005362
0.005371
0.005415
0.005362
0.005434
0.005323
0.005349
0.005378
0.005420
0.005323
0.005450
0.005417
0.005456
0.005424
0.005373
0.005446
0.005395
0.005415
0.005360
0.005390
0.005341
0.005419
0.005378
0.005411
0.009864
0.005759
0.005728
0.005586
0.005604
0.005685
0.005681
0.005607
0.005557
0.005608
0.005606
0.005594
0.005664
0.005529
0.005604
0.005560
0.005573
0.005632
0.005598
0.005622
0.005552
0.005609
0.005626
0.005667
0.005670
0.005674
0.005640
0.005620
0.005573
0.005652
0.005696
0.005662
0.005646
0.005602
0.005512
0.005577
0.005588
0.005642
0.005510
0.005578
0.005580
0.005652
0.005669
0.005569
0.005650
0.005533
0.005603
0.005663
0.005689
0.005640
0.005652
0.005689
0.005540
0.005630
0.005673
0.005620
0.005598
0.005597
0.005563
0.005748
0.005630
0.005528
0.005628
0.005564
0.005616
0.005584
0.005581
0.005597
0.005554
0.005651
0.005592
0.005709
0.005598
0.005594
0.005627
0.005562
0.005673
0.005681
0.005638
0.005664
0.005598
0.005652
0.005595
0.005674
0.005576
0.005535
0.005583
0.005596
0.005629
0.005597
0.005619
0.005580
0.005583
0.005491
0.005686
0.005635
0.005615
0.005610
0.005548
0.005554
0.005547
0.005552
0.005516
0.005555
0.005506
0.005616
0.005545
0.005570
0.005589
0.005566
0.005578
0.005566
0.005616
0.005630
0.005663
0.005609
0.005594
0.007004
0.007535
0.006099
0.005880
0.006826
0.005922
0.005814
0.005719
0.005664
0.005611
0.005604
0.005572
0.005694
0.005676
0.005631
0.006056
0.005710
0.005757
0.005795
0.005830
0.005699
0.005664
0.005635
0.005675
0.005797
0.005585
0.005646
0.005649
0.005622
0.005808
0.005824
0.005880
0.005779
0.005756
0.005806
0.005656
0.005662
0.005667
0.005666
0.005627
0.005657
0.005685
0.005652
0.005697
0.005606
0.005534
0.005567
0.005593
0.005674
0.005694
0.005730
0.005671
0.005701
0.005711
0.005736
0.005629
0.005666
0.005669
0.005641
0.005669
0.005668
0.005697
0.005657
0.005635
0.005646
0.005637
0.005723
0.005679
0.005671
0.005641
0.005557
0.005604
0.005608
0.005590
0.005573
0.005603
0.005531
0.005608
0.005680
0.005680
0.005644
0.005644
0.005800
0.005670
0.005701
0.005662
0.005599
0.005667
0.005503
0.005620
0.005617
0.005683
0.005587
0.005624
0.005617
0.005608
0.005533
0.005585
0.005633
0.005582
0.005692
0.005716
0.005650
0.005591
0.005470
0.005582
0.005495
0.005561
0.005514
0.005607
0.005535
0.005558
0.005638
0.005524
0.005601
0.005511
0.005591
0.005545
0.005635
0.005631
0.005554
0.005613
0.005609
0.005623
0.005561
0.005587
0.005596
0.005567
0.005605
0.005593
0.005620
0.005581
0.005523
0.005505
0.005634
0.005561
0.005591
0.005597
0.005483
0.005543
0.005489
0.005555
0.005543
0.005588
0.005544
0.005571
0.005535
0.005555
0.005511
0.005447
0.005613
0.005553
0.005607
0.005478
0.005550
0.005585
0.005466
0.005590
0.005580
0.005434
0.005509
0.005533
0.005519
0.005587
0.005582
0.005547
0.005472
0.005490
0.005550
0.005561
0.005541
0.005532
0.005582
0.005531
0.005575
0.005654
0.005605
0.005471
0.005542
0.005589
0.005510
0.005633
0.005567
0.005638
0.005617
0.005599
0.005643
0.005640
0.005593
0.005563
0.005640
0.005646
0.005585
0.005644
0.005562
0.005537
0.005545
0.005560
0.005583
0.005604
0.005603
0.005577
0.005581
0.005581
0.005724
0.005542
0.005626
0.005629
0.005644
0.005682
0.005621
0.005674
0.005580
0.005603
0.005499
0.005607
0.005637
0.005640
0.005647
0.005466
0.005558
0.005526
0.005568
0.005539
0.005511
0.005545
0.005616
0.005440
0.005535
0.005558
0.005530
0.005562
0.005561
0.005633
0.005640
0.005602
0.005511
0.005535
0.005734
0.010471
0.005984
0.005946
0.005916
0.005812
0.005836
0.005909
0.005867
0.005896
0.005845
0.005739
0.005636
0.005749
0.005696
0.005818
0.005777
0.005755
0.005807
0.005757
0.005818
0.005750
0.005852
0.005781
0.005731
0.005721
0.005756
0.005771
0.005708
0.005793
0.005760
0.005731
0.005799
0.005787
0.005764
0.005761
0.005773
0.005760
0.005678
0.005854
0.005791
0.005773
0.005867
0.005815
0.005851
0.005888
0.005847
0.005845
0.005841
0.005812
0.005710
0.005820
0.005714
0.005795
0.005806
0.005757
0.005879
0.005756
0.005862
0.005771
0.005809
0.005811
0.005690
0.005804
0.005754
0.005812
0.005785
0.005732
0.005801
0.005766
0.005779
0.005866
0.005687
0.005778
0.005853
0.005692
0.005744
0.005796
0.005771
0.005744
0.005833
0.005708
0.005857
0.005792
0.005774
0.005761
0.005643
0.005745
0.005561
0.005773
0.005695
0.005764
0.005694
0.005726
0.005819
0.005672
0.005770
0.005726
0.005759
0.005756
0.005715
0.005777
0.005661
0.005805
0.005732
0.005787
0.005781
0.005747
0.005733
0.005695
0.005878
0.005809
0.005844
0.005733
0.005871
0.005788
0.005666
0.005892
0.005860
0.005801
0.005805
0.005734
0.005769
0.005689
0.005730
0.005785
0.005813
0.005800
0.005775
0.005771
0.005735
0.005722
0.005779
0.005718
0.005751
0.005742
0.005828
0.005796
0.005684
0.005727
0.005683
0.005784
0.005803
0.005893
0.005861
0.005807
0.005810
0.005707
0.005768
0.005726
0.005718
0.005778
0.005750
0.005764
0.005732
0.005789
0.005703
0.005713
0.005720
0.005727
0.005788
0.005726
0.005768
0.005830
0.005787
0.005757
0.005728
0.005761
0.005699
0.005794
0.005766
0.005780
0.005746
0.005719
0.005791
0.005723
0.005803
0.005752
0.005889
0.005777
0.005772
0.005831
0.005774
0.005768
0.005769
0.005755
0.005715
0.005733
0.005761
0.005741
0.005643
0.005847
0.005747
0.005747
0.005741
0.005815
0.005842
0.005742
0.005826
0.005684
0.005767
0.005706
0.005775
0.005757
0.005729
0.005722
0.005698
0.005778
0.005703
0.005792
0.005790
0.005749
0.005766
0.005762
0.005809
0.005848
0.005838
0.005789
0.005707
0.005837
0.005735
0.005807
0.005771
0.005764
0.005793
0.005761
0.005780
0.005758
0.005800
0.005781
0.005814
0.005775
0.005656
0.005762
0.005741
0.005719
0.005807
0.005829
0.005786
0.005723
0.005769
0.005787
0.005664
0.005783
0.005662
0.005791
0.005760
0.005804
0.005768
0.005808
0.005815
0.005780
0.005786
0.005685
0.005776
0.005732
0.005683
0.005773
0.005736
0.005810
0.005725
0.005749
0.005789
0.005724
0.005816
0.005817
0.005831
0.005788
0.005735
0.005778
0.005775
0.005815
0.005743
0.005764
0.005692
0.005793
0.005786
0.005662
0.005747
0.005546
0.005776
0.005713
0.005768
0.005810
0.005730
0.005714
0.005685
0.005725
0.005647
0.005747
0.005739
0.005683
0.005747
0.005700
0.005702
0.005769
0.005786
0.005750
0.005732
0.005789
0.005714
0.005842
0.005810
0.005766
0.005727
0.005722
0.005729
0.005626
0.005685
0.005763
0.005765
0.005787
0.005657
0.005752
0.005721
0.005743
0.005773
0.005759
0.005691
0.005720
0.005726
0.005800
0.005717
0.005782
0.005645
0.005767
0.005639
0.005719
0.005757
0.005660
0.005650
0.005724
0.005719
0.005674
0.005805
0.005728
0.005800
0.005783
0.005662
0.005762
0.005776
0.005766
0.005788
0.005839
0.005838
0.005740
0.005731
0.005708
0.005832
0.005820
0.005751
0.005818
0.005838
0.005808
0.005789
0.005841
0.005749
0.005678
0.005786
0.005722
0.005779
0.005766
0.005788
0.005800
0.005674
0.005772
0.005742
0.005718
0.005797
0.005809
0.005751
0.005773
0.005800
0.005744
0.005764
0.005763
0.005754
0.005709
0.005689
0.005743
0.005671
0.005687
0.005782
0.005725
0.005712
0.005720
0.005827
0.005776
0.005780
0.005717
0.005764
0.005801
0.005758
0.005769
0.005787
0.005726
0.005740
0.005694
0.005753
0.005769
0.005793
0.005769
0.005700
0.005804
0.005730
0.005811
0.005691
0.005755
0.005786
0.005739
0.005801
0.005690
0.005788
0.005781
0.005707
0.005781
0.005808
0.005799
0.005778
0.005815
0.005776
0.005861
0.005618
0.005709
0.005783
0.005703
0.005765
0.005718
0.005717
0.005794
0.005726
0.005748
0.005724
0.005782
0.005791
0.005760
0.005852
0.005775
0.005815
0.005724
0.005800
0.005775
0.005754
0.005735
0.005707
0.005771
0.005734
0.005725
0.005769
0.005765
0.005767
0.005622
0.005741
0.005714
0.005720
0.005758
0.005822
0.005889
0.005840
0.005833
0.005787
0.005702
0.005819
0.005687
0.005816
0.005799
0.005813
0.005759
0.005744
0.005757
0.005680
0.005743
0.005765
0.005843
0.005825
0.005684
0.005811
0.005704
0.005735
0.005719
0.005779
0.005770
0.005729
0.005793
0.005738
0.005784
0.005707
0.005754
0.005772
0.005773
0.005811
0.005811
0.005847
0.005768
0.005792
0.005746
0.005744
0.005748
0.005745
0.005713
0.005771
0.005768
0.005768
0.005712
0.005791
0.005751
0.005638
0.005821
0.005751
0.005763
0.005800
0.005773
0.005802
0.005603
0.005718
0.005628
0.005700
0.005767
0.005769
0.005714
0.005718
0.005720
0.005651
0.005717
0.005727
0.005757
0.005817
0.005745
0.005808
0.005750
0.005800
0.005721
0.005799
0.005806
0.005734
0.005763
0.005745
0.005779
0.005695
0.005812
0.005772
0.005705
0.005843
0.005732
0.005736
0.005783
0.005744
0.005735
0.005693
0.005782
0.005686
0.005774
0.005730
0.005748
0.005731
0.005742
0.005795
0.005762
0.005802
0.005774
0.005833
0.005663
0.005719
0.005732
0.005712
0.005873
0.005806
0.005748
0.005805
0.005765
0.005800
0.005781
0.005754
0.005728
0.005759
0.005741
0.005799
0.005777
0.005680
0.005756
0.005814
0.005689
0.005813
0.005739
0.005760
0.005736
0.005687
0.005762
0.005806
0.005830
0.005768
0.005787
0.005830
0.005704
0.005832
0.005712
0.005775
0.005733
0.005717
0.005826
0.005712
0.005733
0.005681
0.005779
0.005744
0.005781
0.005795
0.005736
0.005800
0.005740
0.005765
0.005702
0.005830
0.005830
0.005744
0.005871
0.005742
0.005735
0.005723
0.005694
0.005749
0.005676
0.005687
0.005731
0.005752
0.005753
0.005754
0.005778
0.005770
0.005844
0.005805
0.005833
0.005972
0.005795
0.007068
0.006945
0.006189
0.006294
0.007282
0.006118
0.005970
0.006007
0.006191
0.005978
0.005895
0.005990
0.006085
0.005985
0.005975
0.006702
0.005944
0.005940
0.006131
0.006012
0.006010
0.005838
0.005924
0.005950
0.005992
0.005917
0.005994
0.005843
0.005990
0.006154
0.006085
0.005965
0.005948
0.005924
0.006036
0.005991
0.005927
0.005917
0.005877
0.005903
0.005923
0.005900
0.005866
0.005932
0.005852
0.005967
0.005824
0.005833
0.005914
0.005857
0.005892
0.005893
0.005810
0.005887
0.005868
0.005852
0.005803
0.005876
0.013489
0.006606
0.006195
0.006147
0.006130
0.006091
0.006032
0.006139
0.006085
0.006070
0.006064
0.005991
0.005991
0.006068
0.006062
0.006039
0.006058
0.006103
0.006032
0.006051
0.006021
0.006023
0.006070
0.006101
0.006018
0.006044
0.005958
0.006068
0.005974
0.006003
0.005921
0.006020
0.006023
0.005963
0.005971
0.006057
0.005924
0.005983
0.006018
0.005985
0.005980
0.005987
0.005992
0.005962
0.005972
0.005972
0.005957
0.005995
0.005920
0.005942
0.005922
0.005873
0.006004
0.006001
0.005942
0.006057
0.005977
0.005960
0.005940
0.005909
0.005903
0.005857
0.005934
0.005923
0.005868
0.005910
0.005986
0.006047
0.005924
0.006001
0.005906
0.005940
0.005910
0.005968
0.005928
0.005949
0.005901
0.006034
0.005898
0.005950
0.005930
0.005913
0.005952
0.005885
0.005889
0.005942
0.006033
0.005931
0.006023
0.006016
0.005965
0.005875
0.005967
0.005948
0.005931
0.005913
0.005919
0.005898
0.005925
0.005921
0.005906
0.005949
0.005956
0.005963
0.006021
0.005935
0.005923
0.005959
0.005885
0.005941
0.005934
0.005979
0.005971
0.005930
0.005919
0.005911
0.005811
0.005933
0.005901
0.006029
0.005980
0.006046
0.005926
0.005909
0.005937
0.005902
0.005925
0.005937
0.005953
0.005953
0.005891
0.006006
0.005927
0.005944
0.005951
0.005903
0.005997
0.006023
0.006096
0.006048
0.005943
0.006008
0.006003
0.005916
0.005968
0.005870
0.005960
0.005920
0.005913
0.005976
0.005867
0.005898
0.005953
0.006014
0.006016
0.005932
0.006025
0.005858
0.005948
0.005869
0.005912
0.005944
0.005916
0.005986
0.006046
0.005979
0.005956
0.005926
0.005939
0.005931
0.005918
0.005969
0.005989
0.005995
0.005910
0.005859
0.005940
0.005845
0.005939
0.005894
0.005960
0.005962
0.005908
0.005983
0.005969
0.006001
0.005936
0.005908
0.005850
0.005949
0.005981
0.005950
0.005889
0.005899
0.005870
0.005993
0.005976
0.005849
0.005869
0.005970
0.005916
0.005920
0.005908
0.005954
0.005929
0.005963
0.005918
0.005907
0.005938
0.005878
0.005910
0.005907
0.006048
0.005944
0.005883
0.005978
0.005842
0.005912
0.005955
0.005905
0.006015
0.005945
0.006001
0.005877
0.005884
0.005935
0.005839
0.006002
0.006015
0.005899
0.005986
0.005717
0.005982
0.005905
0.005903
0.005856
0.005822
0.005906
0.006150
0.006275
0.006125
0.006079
0.005959
0.006035
0.006036
0.006055
0.005928
0.005976
0.005948
0.005967
0.006015
0.005878
0.005980
0.005940
0.006019
0.006014
0.005994
0.006052
0.005964
0.005961
0.005933
0.005905
0.005992
0.005784
0.005963
0.005980
0.005915
0.005965
0.005933
0.005994
0.005943
0.006004
0.005955
0.005997
0.005979
0.005984
0.005963
0.005989
0.005949
0.006022
0.005864
0.005851
0.005943
0.005917
0.005977
0.005921
0.005971
0.006055
0.006025
0.006094
0.005916
0.006027
0.005958
0.005891
0.006015
0.005946
0.005933
0.005857
0.005876
0.006011
0.005945
0.005978
0.006003
0.005914
0.006047
0.006091
0.005993
0.006092
0.005936
0.005998
0.005950
0.005899
0.005961
0.005989
0.005994
0.005940
0.005856
0.006001
0.005924
0.005970
0.005941
0.006038
0.006007
0.005982
0.006040
0.005969
0.005990
0.005979
0.006002
0.005941
0.005943
0.005949
0.005965
0.005951
0.006028
0.005954
0.005957
0.006033
0.005992
0.006038
0.006009
0.005933
0.006022
0.005913
0.005880
0.005865
0.005942
0.005986
0.005952
0.005919
0.005919
0.005967
0.005968
0.005917
0.006024
0.005944
0.005992
0.005968
0.005958
0.005888
0.005918
0.005931
0.005919
0.005874
0.005967
0.005887
0.005919
0.005983
0.005912
0.005968
0.005876
0.006026
0.005978
0.006016
0.006031
0.005874
0.006082
0.005992
0.005987
0.005981
0.005921
0.006031
0.005914
0.005924
0.005999
0.005907
0.005951
0.005913
0.006000
0.005983
0.005934
0.006052
0.005959
0.005973
0.005981
0.005949
0.005928
0.005931
0.005970
0.005994
0.005946
0.006003
0.005869
0.005989
0.005940
0.006078
0.005979
0.005999
0.005931
0.005910
0.005975
0.006030
0.005901
0.006059
0.005949
0.005973
0.005891
0.005865
0.005971
0.005912
0.005867
0.005980
0.006006
0.006045
0.005901
0.005941
0.005946
0.005891
0.005934
0.005960
0.005921
0.005953
0.005924
0.005892
0.005899
0.005860
0.005972
0.005969
0.005990
0.005947
0.005994
0.005957
0.006013
0.006004
0.005974
0.005881
0.005851
0.005827
0.005897
0.005783
0.005949
0.005888
0.005895
0.005902
0.005805
0.005986
0.005891
0.005879
0.005888
0.005818
0.005920
0.005878
0.005919
0.005942
0.005850
0.005857
0.005773
0.005899
0.005873
0.005844
0.005887
0.005855
0.005948
0.005899
0.005958
0.005919
0.005817
0.005902
0.005866
0.005880
0.005925
0.005843
0.005916
0.005784
0.005908
0.005774
0.005836
0.005797
0.005724
0.005926
0.005862
0.005909
0.005932
0.005844
0.005869
0.005774
0.005859
0.005931
0.005851
0.005870
0.005878
0.005913
0.005865
0.005843
0.005931
0.005866
0.005960
0.005903
0.005913
0.005910
0.005856
0.005904
0.005880
0.005893
0.005910
0.005883
0.005968
0.005907
0.005904
0.005857
0.005961
0.005946
0.005928
0.006022
0.005973
0.005923
0.005933
0.005840
0.005953
0.005832
0.005927
0.005928
0.005871
0.005911
0.005841
0.005916
0.005875
0.005912
0.005851
0.005869
0.005925
0.005917
0.005893
0.005913
0.005881
0.005916
0.005867
0.005903
0.005903
0.005869
0.005901
0.005877
0.005988
0.005894
0.005906
0.005905
0.005869
0.005911
0.005926
0.005871
0.005910
0.005898
0.005945
0.005932
0.005871
0.005881
0.005864
0.005907
0.005888
0.005907
0.005897
0.005810
0.005926
0.005936
0.005937
0.005836
0.005865
0.005853
0.005856
0.005922
0.005828
0.005849
0.005933
0.005849
0.005912
0.005858
0.005902
0.005879
0.005900
0.005912
0.005773
0.005911
0.005966
0.005879
0.006015
0.005926
0.005954
0.005835
0.005837
0.005866
0.005847
0.005921
0.005887
0.005837
0.005952
0.005785
0.005859
0.005829
0.005944
0.005955
0.005909
0.005977
0.005879
0.005952
0.005867
0.005865
0.005960
0.005907
0.005902
0.005881
0.005866
0.005959
0.005828
0.005947
0.005960
0.005990
0.005920
0.005885
0.005968
0.005852
0.005842
0.005875
0.005928
0.005915
0.005938
0.005915
0.005953
0.005853
0.005938
0.005857
0.005872
0.005903
0.005949
0.005955
0.005952
0.005968
0.005937
0.005851
0.005949
0.005959
0.005988
0.005950
0.005909
0.005861
0.005874
0.005903
0.005889
0.005999
0.005911
0.006016
0.005930
0.005942
0.005861
0.005894
0.005848
0.005855
0.005773
0.005878
0.005864
0.005901
0.005872
0.005884
0.005916
0.005831
0.005856
0.005922
0.005918
0.005933
0.005830
0.005859
0.005899
0.005864
0.005921
0.005849
0.005820
0.005861
0.005840
0.005830
0.005859
0.005847
0.005843
0.005838
0.005874
0.005936
0.005865
0.005912
0.005873
0.005878
0.005811
0.005867
0.005796
0.005864
0.005846
0.005898
0.005899
0.005844
0.005915
0.005829
0.005893
0.005872
0.005953
0.005849
0.005909
0.005882
0.005896
0.005876
0.005992
0.005833
0.005879
0.005859
0.005899
0.005889
0.005781
0.005866
0.005814
0.005859
0.005804
0.005983
0.005904
0.005920
0.005833
0.005857
0.005863
0.005878
0.005821
0.005961
0.005883
0.005847
0.005833
0.005875
0.005905
0.005898
0.005993
0.005877
0.005898
0.005955
0.005923
0.005890
0.005898
0.005880
0.005905
0.005840
0.005980
0.005745
0.005894
0.005864
0.005811
0.005909
0.005826
0.005895
0.005863
0.005868
0.005849
0.005905
0.005912
