0.068490
0.066782
0.066480
0.066130
0.065728
0.065384
0.064933
0.065129
0.065011
0.064823
0.064719
0.064877
0.064442
0.064537
0.064571
0.064544
0.064467
0.064144
0.064114
0.064281
0.064236
0.064279
0.063903
0.066332
0.071843
0.070324
0.069722
0.068988
0.067893
0.067135
0.066665
0.066333
0.065916
0.065828
0.066016
0.065849
0.064983
0.064812
0.064718
0.064597
0.064439
0.065282
0.064577
0.064488
0.064521
0.064074
0.064266
0.064108
0.063839
0.063795
0.063899
0.063785
0.064010
0.063468
0.063753
0.063683
0.064156
0.064053
0.063495
0.063717
0.063768
0.063504
0.063336
0.063677
0.063743
0.063368
0.063304
0.063339
0.063127
0.063238
0.063116
0.063180
0.063677
0.063147
0.063162
0.063126
0.063049
0.062992
0.063199
0.062903
0.062878
0.062840
0.062948
0.062813
0.063088
0.062865
0.062720
0.062720
0.063280
0.062787
0.062918
0.062932
0.062796
0.062880
0.062718
0.062771
0.062681
0.062632
0.062571
0.062740
0.062744
0.065074
0.073213
0.071762
0.070703
0.069063
0.068130
0.067408
0.067005
0.066773
0.066238
0.065990
0.066002
0.066066
0.065471
0.064727
0.064583
0.064331
0.064477
0.064958
0.064055
0.064277
0.064623
0.064248
0.064200
0.064067
0.063891
0.064023
0.063890
0.063801
0.063712
0.064054
0.063722
0.063639
0.063827
0.064332
0.063575
0.063644
0.063447
0.063362
0.063555
0.063747
0.063283
0.063188
0.063379
0.063338
0.063511
0.063278
0.063145
0.063121
0.063239
0.063866
0.063157
0.063396
0.063072
0.062987
0.063007
0.063087
0.062885
0.062790
0.062898
0.062741
0.062812
0.063010
0.062767
0.062783
0.063025
0.063399
0.062758
0.062828
0.062858
0.062841
0.062876
0.062934
0.062688
0.062680
0.062851
0.062719
0.062808
0.067243
0.071568
0.070069
0.070460
0.068748
0.068135
0.067812
0.067294
0.066665
0.066901
0.066407
0.065139
0.065380
0.065030
0.064962
0.064872
0.064513
0.064406
0.064553
0.064927
0.064675
0.064492
0.064136
0.064210
0.064353
0.064197
0.064006
0.064085
0.063997
0.064013
0.064041
0.063917
0.063877
0.063926
0.064524
0.064057
0.063932
0.063749
0.063628
0.063829
0.063705
0.063727
0.063520
0.063476
0.063731
0.063634
0.063606
0.063395
0.063298
0.063444
0.063860
0.063477
0.063209
0.063122
0.063087
0.063248
0.063394
0.063257
0.063081
0.063026
0.063252
0.062954
0.063083
0.063291
0.062941
0.063251
0.063637
0.063269
0.062956
0.062876
0.064229
0.063463
0.063268
0.063226
0.063049
0.063004
0.062961
0.063024
0.071410
0.072320
0.070399
0.069271
0.069066
0.067572
0.066967
0.067405
0.066876
0.066771
0.066666
0.066441
0.065639
0.065500
0.065373
0.065244
0.064982
0.064819
0.064753
0.065393
0.065086
0.064582
0.064431
0.064496
0.064471
0.064168
0.064223
0.065681
0.064669
0.064433
0.064225
0.064099
0.064109
0.064381
0.064405
0.064439
0.063961
0.063790
0.063695
0.063750
0.064088
0.063808
0.063830
0.063833
0.063939
0.064097
0.064082
0.063722
0.063744
0.063513
0.064079
0.063655
0.063612
0.063350
0.063356
0.063436
0.063412
0.063304
0.063458
0.063294
0.063189
0.063371
0.063108
0.063160
0.063200
0.063033
0.063711
0.063194
0.063038
0.062976
0.062921
0.063145
0.063161
0.062978
0.063179
0.063192
0.062823
0.066791
0.070952
0.068477
0.067955
0.066633
0.066930
0.066145
0.065930
0.065160
0.065092
0.064795
0.064743
0.064665
0.064600
0.064358
0.064311
0.063913
0.063972
0.063896
0.063926
0.064435
0.063920
0.063654
0.063603
0.063721
0.063646
0.063643
0.063737
0.063486
0.063492
0.063332
0.063395
0.063644
0.063377
0.063139
0.062977
0.063465
0.062907
0.062696
0.062728
0.062553
0.062649
0.062519
0.062526
0.062327
0.062530
0.062531
0.062426
0.062387
0.062304
0.062276
0.062331
0.063065
0.062373
0.062383
0.062264
0.062215
0.062248
0.062833
0.062408
0.062440
0.062299
0.062305
0.062179
0.062382
0.062203
0.062158
0.062642
0.062974
0.062406
0.062167
0.062182
0.061996
0.062081
0.062172
0.061994
0.061999
0.062069
0.062126
0.068051
0.069540
0.067782
0.067939
0.066855
0.066882
0.066103
0.065604
0.064645
0.064436
0.064475
0.064374
0.064080
0.064160
0.063925
0.063835
0.063801
0.063660
0.063542
0.063468
0.063535
0.064311
0.063376
0.063420
0.063113
0.063076
0.063122
0.062955
0.063011
0.063040
0.063149
0.063110
0.062727
0.062934
0.063080
0.062722
0.062937
0.063625
0.062816
0.062632
0.062986
0.062766
0.062851
0.062940
0.062829
0.063037
0.063644
0.062988
0.062899
0.062892
0.062817
0.062578
0.062959
0.063658
0.062632
0.062558
0.062760
0.062738
0.062563
0.062589
0.062509
0.062529
0.062807
0.062694
0.062483
0.062487
0.062598
0.062617
0.062461
0.063218
0.062426
0.062333
0.062761
0.062364
0.062430
0.062578
0.062460
0.062413
0.062527
0.071835
0.071297
0.070351
0.069017
0.068094
0.068261
0.067665
0.067120
0.065850
0.065691
0.065232
0.065116
0.064939
0.064776
0.064734
0.064516
0.064331
0.064162
0.064141
0.064010
0.063930
0.064454
0.063818
0.063750
0.063720
0.063555
0.063821
0.063648
0.063513
0.063478
0.063848
0.063482
0.063468
0.063280
0.063349
0.063230
0.063317
0.063800
0.062982
0.062884
0.063518
0.063030
0.062973
0.062868
0.062761
0.062708
0.062995
0.062836
0.062895
0.062869
0.062654
0.062684
0.062686
0.063262
0.062591
0.062640
0.062628
0.062514
0.062687
0.062460
0.062666
0.062499
0.062460
0.062512
0.062513
0.062498
0.062346
0.062429
0.062359
0.062925
0.062362
0.062286
0.062227
0.062307
0.062225
0.062108
0.062217
0.062236
0.069002
0.070234
0.068781
0.068588
0.067395
0.066758
0.066938
0.066075
0.065930
0.065199
0.064685
0.064616
0.064356
0.064257
0.063998
0.063727
0.063823
0.063978
0.063760
0.063639
0.064083
0.063788
0.064231
0.063508
0.063258
0.063188
0.063238
0.063029
0.062973
0.062951
0.063084
0.062986
0.062923
0.063335
0.063081
0.062987
0.062991
0.062748
0.063385
0.062758
0.062909
0.062756
0.062719
0.063101
0.062827
0.062852
0.062689
0.062591
0.062647
0.062937
0.062674
0.062676
0.062855
0.062606
0.063168
0.062593
0.062516
0.062572
0.062441
0.062425
0.062449
0.062356
0.062450
0.062241
0.062367
0.062502
0.062345
0.062436
0.062463
0.062389
0.062796
0.062290
0.062212
0.062173
0.062193
0.062469
0.062308
0.062377
0.062224
0.072383
0.071178
0.069716
0.068068
0.067421
0.066873
0.066894
0.065810
0.065951
0.065827
0.065499
0.065599
0.065136
0.064967
0.065120
0.064524
0.064043
0.063908
0.064030
0.063603
0.063849
0.063754
0.064047
0.063361
0.063419
0.063304
0.063303
0.063295
0.063179
0.063045
0.062989
0.062936
0.062922
0.062973
0.063082
0.062805
0.063009
0.062763
0.063407
0.062645
0.062723
0.062763
0.062622
0.062514
0.062881
0.062794
0.062706
0.063523
0.062968
0.062656
0.062802
0.062566
0.062581
0.062614
0.063032
0.062557
0.062515
0.062457
0.062411
0.062508
0.062525
0.062381
0.062330
0.062250
0.062200
0.062236
0.062484
0.062369
0.062208
0.062224
0.062839
0.062106
0.062051
0.062105
0.062045
0.062081
0.062077
0.062007
0.065960
0.073671
0.068823
0.068410
0.067567
0.066996
0.066581
0.066426
0.066071
0.065134
0.064928
0.064849
0.064689
0.064525
0.064450
0.064280
0.064123
0.064129
0.064097
0.064126
0.064010
0.064352
0.064089
0.064761
0.063994
0.063914
0.063855
0.064455
0.064950
0.064280
0.064017
0.063946
0.063781
0.063754
0.063613
0.063644
0.063940
0.063660
0.063495
0.064017
0.063671
0.063261
0.063276
0.063565
0.063499
0.063358
0.063786
0.063462
0.063410
0.063579
0.063429
0.063281
0.063329
0.063214
0.063086
0.063825
0.063036
0.062994
0.062994
0.062995
0.062781
0.062897
0.062954
0.062816
0.062857
0.063007
0.062892
0.062809
0.062904
0.062736
0.062691
0.063518
0.062834
0.062770
0.062888
0.062898
0.062936
0.062830
0.066485
0.070874
0.068387
0.068452
0.067409
0.066682
0.066097
0.065550
0.065922
0.065153
0.065021
0.064814
0.064688
0.064866
0.064637
0.064213
0.063756
0.063618
0.063713
0.063567
0.063526
0.063642
0.063523
0.063364
0.063953
0.063374
0.063133
0.063163
0.063161
0.063149
0.063122
0.062974
0.062915
0.062850
0.063176
0.063459
0.063391
0.063597
0.063374
0.063250
0.063992
0.063238
0.063049
0.062899
0.062885
0.062868
0.062830
0.062937
0.062975
0.062877
0.063024
0.062917
0.062798
0.062748
0.062991
0.063131
0.063600
0.062990
0.062857
0.062773
0.062700
0.062899
0.062984
0.062712
0.062572
0.062572
0.062620
0.062711
0.062686
0.062576
0.062727
0.062353
0.063160
0.062712
0.062799
0.062309
0.062147
0.062327
0.062535
0.071940
0.070988
0.069226
0.068584
0.068103
0.067149
0.066698
0.066489
0.066649
0.065933
0.066020
0.065452
0.065339
0.065320
0.064635
0.064547
0.064455
0.064168
0.064117
0.064197
0.064467
0.064037
0.063976
0.063877
0.064357
0.063649
0.063720
0.063532
0.063507
0.063587
0.063451
0.063344
0.063319
0.063478
0.063277
0.063393
0.062924
0.062995
0.063070
0.063168
0.063939
0.062896
0.063163
0.062938
0.063002
0.063134
0.062890
0.062667
0.062782
0.062811
0.062586
0.062856
0.062813
0.062539
0.062595
0.062571
0.063315
0.062569
0.062645
0.062451
0.062346
0.062379
0.062557
0.062341
0.062442
0.062544
0.062329
0.062527
0.062605
0.062364
0.062350
0.062562
0.063307
0.062480
0.062559
0.062323
0.062425
0.062595
0.068266
0.071033
0.069483
0.068233
0.067129
0.066739
0.066204
0.065868
0.065463
0.065970
0.065325
0.064924
0.064988
0.064725
0.064535
0.064646
0.064393
0.064416
0.064602
0.064223
0.064778
0.064630
0.064305
0.064102
0.064236
0.064732
0.063997
0.064064
0.063969
0.064148
0.064035
0.063878
0.063722
0.063787
0.063634
0.063526
0.063671
0.063659
0.063544
0.063431
0.064059
0.064522
0.063715
0.063440
0.063650
0.063408
0.063575
0.063401
0.063343
0.063356
0.063161
0.063283
0.063241
0.063089
0.063079
0.063046
0.063108
0.063736
0.063163
0.063047
0.063085
0.063016
0.062921
0.062788
0.062705
0.062926
0.062716
0.062716
0.062974
0.062683
0.062767
0.062616
0.062696
0.063481
0.062641
0.062606
0.062702
0.062590
0.069487
0.069396
0.067963
0.068897
0.068170
0.066736
0.066234
0.066169
0.065784
0.065604
0.066514
0.065596
0.064828
0.064634
0.064615
0.064495
0.064162
0.064083
0.064077
0.064091
0.064336
0.064572
0.063924
0.064035
0.063864
0.063704
0.064458
0.063751
0.063727
0.063705
0.063732
0.063691
0.063553
0.063574
0.063549
0.063609
0.063466
0.063458
0.063260
0.063281
0.063579
0.063791
0.063320
0.063633
0.063294
0.069841
0.067524
0.066676
0.065976
0.065744
0.065453
0.065391
0.065365
0.064990
0.065000
0.065048
0.064786
0.065297
0.064732
0.064613
0.064608
0.064542
0.064411
0.064327
0.064296
0.064336
0.064044
0.064143
0.063805
0.063813
0.063814
0.064081
0.064487
0.063940
0.064022
0.063838
0.063855
0.068445
0.071296
0.069457
0.069367
0.067553
0.066897
0.066596
0.066189
0.065954
0.065844
0.065559
0.065903
0.065615
0.065304
0.065335
0.065100
0.064914
0.064715
0.064687
0.064475
0.064707
0.064842
0.064460
0.064450
0.064274
0.064178
0.064556
0.064192
0.064017
0.064046
0.063881
0.063987
0.063888
0.063505
0.063452
0.063282
0.063359
0.063332
0.063162
0.063024
0.063072
0.063046
0.063411
0.062800
0.062923
0.063154
0.063006
0.062852
0.063016
0.062854
0.062889
0.062638
0.062639
0.062688
0.062542
0.062521
0.062589
0.062621
0.063276
0.062576
0.062536
0.062567
0.062494
0.062413
0.062435
0.062394
0.062366
0.062304
0.062426
0.062283
0.062524
0.062267
0.062333
0.062145
0.062803
0.062207
0.062227
0.062136
0.065168
0.072683
0.070255
0.069427
0.068711
0.067883
0.067534
0.067413
0.067531
0.067294
0.067066
0.066839
0.065246
0.064871
0.064783
0.064572
0.064513
0.064561
0.064346
0.064342
0.064416
0.064274
0.064232
0.064317
0.064024
0.064018
0.063981
0.065645
0.064928
0.064307
0.064219
0.064112
0.064095
0.064092
0.064090
0.063950
0.064060
0.063678
0.063590
0.063702
0.063723
0.063591
0.063711
0.064200
0.063524
0.063511
0.063940
0.063532
0.063549
0.063329
0.063262
0.063151
0.063268
0.063102
0.063176
0.063065
0.063081
0.062806
0.063520
0.062972
0.062806
0.062713
0.062853
0.062650
0.062748
0.062579
0.062625
0.062577
0.062623
0.062555
0.062519
0.062530
0.062691
0.062550
0.062540
0.063151
0.062511
0.062459
0.067790
0.071183
0.071769
0.069614
0.069009
0.068198
0.067398
0.066948
0.066885
0.066651
0.066191
0.066024
0.067029
0.066158
0.065329
0.065395
0.065085
0.064989
0.065111
0.064785
0.064974
0.064937
0.064441
0.064399
0.064692
0.064446
0.064153
0.064655
0.064206
0.064178
0.064136
0.063757
0.063785
0.064012
0.064281
0.064169
0.063981
0.063914
0.063950
0.063760
0.063853
0.063720
0.063597
0.064375
0.063626
0.063404
0.063574
0.063235
0.063412
0.063528
0.063256
0.063389
0.063261
0.063261
0.063226
0.063257
0.063271
0.063111
0.063241
0.063930
0.063286
0.063162
0.063041
0.062875
0.063093
0.063531
0.063454
0.063158
0.063125
0.062877
0.063088
0.062881
0.063020
0.062834
0.062942
0.063530
0.062846
0.062780
0.073916
0.071273
0.070365
0.069283
0.068336
0.067994
0.067235
0.066863
0.066579
0.066607
0.065826
0.065406
0.065611
0.064982
0.064778
0.064628
0.064614
0.064473
0.064540
0.064257
0.064537
0.064238
0.064178
0.064129
0.064042
0.064004
0.064011
0.064390
0.063863
0.063705
0.063725
0.063569
0.063544
0.063449
0.063517
0.063592
0.063491
0.063418
0.063604
0.063482
0.063382
0.063427
0.063500
0.064022
0.063341
0.063403
0.063269
0.062979
0.063086
0.063350
0.063167
0.063312
0.063129
0.062979
0.062963
0.063174
0.062919
0.062827
0.062869
0.063480
0.062816
0.062931
0.062860
0.062755
0.062915
0.062929
0.062848
0.062943
0.062775
0.062686
0.062712
0.062857
0.062825
0.062625
0.062799
0.063310
0.062687
0.064646
0.072253
0.068768
0.068024
0.066748
0.066551
0.066245
0.065537
0.065687
0.065638
0.065448
0.065101
0.065272
0.065095
0.064090
0.063843
0.063809
0.063778
0.063787
0.063630
0.063522
0.063519
0.063442
0.063201
0.063284
0.063369
0.063185
0.063061
0.063256
0.063833
0.063154
0.062891
0.062886
0.062836
0.062805
0.063016
0.062870
0.062977
0.062817
0.062648
0.062648
0.063456
0.062811
0.062612
0.062551
0.063020
0.062415
0.062431
0.062177
0.062408
0.062415
0.062370
0.062237
0.062409
0.062487
0.062290
0.062300
0.062452
0.062348
0.062425
0.062304
0.062905
0.062426
0.062172
0.062281
0.062116
0.062319
0.062460
0.062223
0.062400
0.062226
0.062227
0.062059
0.062377
0.062153
0.062117
0.062117
0.062044
0.062661
0.064929
0.071358
0.068698
0.067984
0.066592
0.066284
0.066118
0.065497
0.065131
0.065099
0.064957
0.064660
0.064685
0.064291
0.065174
0.064438
0.064105
0.063926
0.063898
0.064106
0.063963
0.063630
0.063416
0.063367
0.063172
0.063349
0.063174
0.063050
0.062959
0.062953
0.063638
0.063152
0.062931
0.063070
0.063173
0.063003
0.063071
0.062871
0.062826
0.062832
0.062876
0.062802
0.062763
0.062876
0.062604
0.062696
0.063438
0.062633
0.062535
0.062482
0.062403
0.062541
0.062547
0.062430
0.062508
0.062372
0.062439
0.062515
0.062470
0.062389
0.062283
0.062188
0.062951
0.062418
0.062324
0.062294
0.062387
0.062299
0.062430
0.062394
0.062229
0.062322
0.062395
0.062259
0.062212
0.062386
0.062199
0.062104
0.062857
0.068594
0.071742
0.069520
0.069032
0.068282
0.067688
0.067151
0.066979
0.066256
0.065521
0.065159
0.064983
0.064657
0.064622
0.065150
0.064531
0.064111
0.064013
0.064263
0.064071
0.064245
0.064333
0.063961
0.063908
0.064040
0.063911
0.063588
0.063976
0.063592
0.063653
0.064095
0.063444
0.063398
0.063081
0.062991
0.063062
0.063024
0.062895
0.062859
0.062740
0.062811
0.063057
0.062758
0.062855
0.062874
0.062972
0.063388
0.062909
0.063242
0.063446
0.062961
0.062788
0.062737
0.062753
0.062613
0.062503
0.062664
0.062812
0.062965
0.063203
0.062898
0.062751
0.063401
0.062825
0.062734
0.062657
0.062829
0.062861
0.063029
0.062784
0.062795
0.062616
0.062802
0.063001
0.062853
0.062812
0.062847
0.062673
0.066462
0.072201
0.070046
0.069644
0.068454
0.067406
0.066977
0.066476
0.066068
0.066450
0.066201
0.065940
0.065673
0.065343
0.064588
0.064998
0.064260
0.064045
0.063962
0.064020
0.064169
0.064444
0.064118
0.064335
0.064055
0.063814
0.063999
0.064818
0.064778
0.064198
0.063887
0.064600
0.063924
0.063657
0.063700
0.063571
0.063935
0.063572
0.063620
0.063433
0.063423
0.063430
0.063450
0.063669
0.063379
0.063478
0.064389
0.063548
0.063397
0.063196
0.063211
0.063253
0.063396
0.063122
0.063152
0.063098
0.062992
0.062981
0.063307
0.063165
0.062966
0.062927
0.063590
0.063137
0.062998
0.063151
0.063061
0.062881
0.062804
0.062611
0.062590
0.062955
0.062800
0.062710
0.062906
0.062840
0.062844
0.062837
0.069037
0.071186
0.070052
0.069677
0.068311
0.067730
0.066731
0.066283
0.066137
0.065885
0.065499
0.065787
0.065549
0.065259
0.065218
0.065739
0.064803
0.064578
0.064634
0.064588
0.064756
0.064573
0.064394
0.064217
0.064280
0.064145
0.064222
0.064242
0.064123
0.064184
0.063815
0.064481
0.063877
0.063681
0.063696
0.063610
0.064131
0.063912
0.063678
0.063563
0.063684
0.063585
0.063527
0.063539
0.063292
0.063165
0.063384
0.063957
0.063275
0.063503
0.063301
0.063301
0.063176
0.062933
0.063059
0.062783
0.063146
0.063000
0.063102
0.063022
0.062777
0.063001
0.062824
0.063700
0.062977
0.062810
0.062803
0.062723
0.062970
0.062962
0.062798
0.062641
0.062943
0.062865
0.062969
0.062700
0.062709
0.062702
0.070083
0.070785
0.069003
0.068770
0.067756
0.066870
0.066359
0.066265
0.066045
0.065938
0.065959
0.065580
0.065365
0.065580
0.065454
0.065107
0.065353
0.064225
0.064247
0.064345
0.064453
0.064623
0.064071
0.063910
0.064050
0.063879
0.063724
0.063890
0.063647
0.063654
0.063776
0.063582
0.064631
0.063930
0.063661
0.063616
0.063616
0.063322
0.063547
0.063263
0.063362
0.063337
0.063335
0.063312
0.063197
0.063342
0.063397
0.063770
0.063247
0.063192
0.063060
0.063170
0.063190
0.063236
0.063279
0.063001
0.062928
0.063092
0.062921
0.062999
0.062934
0.062969
0.063098
0.063537
0.062976
0.063097
0.062959
0.062950
0.062842
0.062817
0.062852
0.062997
0.062693
0.062799
0.062974
0.062712
0.062831
0.062923
0.071228
0.070662
0.069181
0.068156
0.067086
0.066715
0.066452
0.066204
0.065913
0.065870
0.065763
0.065804
0.065814
0.065354
0.064955
0.064950
0.065277
0.064834
0.064775
0.064567
0.064830
0.064580
0.064174
0.064269
0.064554
0.064217
0.064173
0.064266
0.063924
0.064153
0.064176
0.064007
0.064490
0.064031
0.063912
0.063894
0.064170
0.064073
0.063896
0.063975
0.064478
0.063925
0.063764
0.064059
0.063714
0.063589
0.063700
0.063500
0.064050
0.063509
0.063560
0.063497
0.063392
0.063230
0.063188
0.063365
0.063422
0.063189
0.063277
0.063090
0.063156
0.063197
0.063044
0.063041
0.063822
0.063122
0.063132
0.063162
0.063179
0.063476
0.063138
0.063165
0.063255
0.063002
0.062966
0.063153
0.063018
0.063418
0.072134
0.070609
0.069608
0.068742
0.067870
0.067031
0.066849
0.066332
0.066179
0.066048
0.065600
0.065667
0.065529
0.065364
0.065138
0.064939
0.064958
0.065519
0.064650
0.064910
0.064891
0.064568
0.064757
0.064508
