0.001706
0.001674
0.001664
0.001642
0.001650
0.001619
0.001637
0.001598
0.001598
0.001603
0.001578
0.001581
0.001571
0.001558
0.001562
0.001556
0.001563
0.001598
0.001539
0.001563
0.001546
0.001521
0.001604
0.001564
0.001549
0.001551
0.001521
0.001561
0.001537
0.001565
0.001552
0.001522
0.001528
0.001520
0.001522
0.001596
0.001555
0.001523
0.001521
0.001521
0.001523
0.001521
0.001568
0.001544
0.001521
0.001526
0.001520
0.001522
0.001556
0.001556
0.001535
0.001521
0.001522
0.001523
0.001521
0.001565
0.001536
0.001521
0.001525
0.001521
0.001521
0.001566
0.001560
0.001523
0.001521
0.001521
0.001523
0.001522
0.001558
0.001550
0.001520
0.001523
0.001521
0.001520
0.001548
0.001557
0.001544
0.001521
0.001521
0.001524
0.001521
0.001554
0.001547
0.001521
0.001525
0.001522
0.001522
0.001543
0.001558
0.001536
0.001520
0.001522
0.001523
0.001521
0.001555
0.001561
0.001520
0.001525
0.001522
0.001521
0.001566
0.001588
0.001523
0.001522
0.001522
0.001523
0.001521
0.001558
0.001554
0.001521
0.001524
0.001521
0.001521
0.001550
0.001557
0.001544
0.001521
0.001521
0.001554
0.001542
0.001555
0.001548
0.001521
0.001523
0.001520
0.001522
0.001541
0.001566
0.001524
0.001520
0.001521
0.001523
0.001520
0.001553
0.001560
0.001521
0.001525
0.001521
0.001522
0.001524
0.001593
0.001551
0.001521
0.001521
0.001524
0.001521
0.001549
0.001583
0.001521
0.001526
0.001520
0.001522
0.001540
0.001557
0.001542
0.001521
0.001521
0.001524
0.001520
0.001550
0.001567
0.001521
0.001523
0.001520
0.001521
0.001523
0.001575
0.001522
0.001524
0.001521
0.001524
0.001520
0.001552
0.001560
0.001521
0.001524
0.001521
0.001521
0.001548
0.001586
0.001546
0.001525
0.001520
0.001524
0.001521
0.001551
0.001550
0.001521
0.001524
0.001521
0.001521
0.001554
0.001558
0.001539
0.001523
0.001521
0.001523
0.001521
0.001547
0.001566
0.001521
0.001524
0.001521
0.001521
0.001523
0.001561
0.001553
0.001522
0.001520
0.001524
0.001522
0.001542
0.001559
0.001521
0.001525
0.001521
0.001522
0.001524
0.001565
0.001546
0.001524
0.001521
0.001524
0.001521
0.001545
0.001559
0.001536
0.001521
0.001523
0.001521
0.001551
0.001584
0.001539
0.001524
0.001520
0.001525
0.001520
0.001546
0.001565
0.001521
0.001522
0.001525
0.001520
0.001524
0.001571
0.001551
0.001525
0.001520
0.001524
0.001521
0.001543
0.001556
0.001521
0.001521
0.001522
0.001520
0.001523
0.001561
0.001544
0.001524
0.001520
0.001523
0.001520
0.001539
0.001560
0.001584
0.001521
0.001523
0.001522
0.001522
0.001573
0.001582
0.001523
0.001521
0.001523
0.001521
0.001522
0.001580
0.001520
0.001522
0.001524
0.001521
0.001523
0.001559
0.001550
0.001523
0.001521
0.001523
0.001520
0.001538
0.001560
0.001541
0.001522
0.001523
0.001522
0.001556
0.001583
0.001543
0.001523
0.001522
0.001524
0.001520
0.001541
0.001587
0.001544
0.001521
0.001525
0.001521
0.001524
0.001565
0.001557
0.001524
0.001521
0.001524
0.001521
0.001540
0.001563
0.001521
0.001522
0.001524
0.001522
0.001523
0.001558
0.001548
0.001524
0.001521
0.001521
0.001523
0.001522
0.001575
0.001539
0.001522
0.001523
0.001521
0.001522
0.001550
0.001564
0.001524
0.001522
0.001522
0.001524
0.001522
0.001576
0.001520
0.001521
0.001523
0.001521
0.001523
0.001552
0.001556
0.001523
0.001522
0.001522
0.001523
0.001521
0.001570
0.001547
0.001522
0.001524
0.001522
0.001540
0.001584
0.001550
0.001524
0.001521
0.001521
0.001522
0.001522
0.001573
0.001540
0.001523
0.001524
0.001521
0.001524
0.001558
0.001565
0.001525
0.001522
0.001522
0.001524
0.001522
0.001577
0.001521
0.001522
0.001524
0.001521
0.001521
0.001553
0.001555
0.001523
0.001520
0.001521
0.001523
0.001521
0.001567
0.001546
0.001522
0.001524
0.001521
0.001521
0.001544
0.001557
0.001539
0.001521
0.001522
0.001523
0.001521
0.001561
0.001539
0.001521
0.001523
0.001521
0.001521
0.001549
0.001565
0.001524
0.001521
0.001521
0.001525
0.001522
0.001563
0.001553
0.001521
0.001524
0.001520
0.001521
0.001543
0.001557
0.001524
0.001521
0.001521
0.001524
0.001522
0.001565
0.001547
0.001521
0.001554
0.001545
0.001521
0.001554
0.001557
0.001539
0.001520
0.001521
0.001523
0.001522
0.001564
0.001537
0.001521
0.001524
0.001522
0.001522
0.001545
0.001562
0.001525
0.001521
0.001519
0.001524
0.001521
0.001557
0.001555
0.001521
0.001525
0.001521
0.001521
0.001523
0.001573
0.001547
0.001558
0.001535
0.001525
0.001521
0.001553
0.001547
0.001520
0.001524
0.001522
0.001521
0.001543
0.001557
0.001537
0.001521
0.001522
0.001556
0.001542
0.001555
0.001561
0.001521
0.001524
0.001521
0.001521
0.001563
0.001587
0.001524
0.001520
0.001522
0.001524
0.001521
0.001549
0.001553
0.001521
0.001525
0.001521
0.001521
0.001550
0.001579
0.001543
0.001520
0.001521
0.001524
0.001521
0.001556
0.001545
0.001521
0.001523
0.001522
0.001522
0.001541
0.001565
0.001524
0.001520
0.001521
0.001524
0.001521
0.001554
0.001588
0.001520
0.001523
0.001521
0.001522
0.001524
0.001567
0.001549
0.001522
0.001521
0.001523
0.001521
0.001547
0.001553
0.001520
0.001524
0.001521
0.001521
0.001522
0.001572
0.001540
0.001577
0.001521
0.001522
0.001521
0.001551
0.001566
0.001520
0.001523
0.001521
0.001521
0.001558
0.001592
0.001520
0.001524
0.001521
0.001524
0.001521
0.001553
0.001558
0.001522
0.001526
0.001522
0.001521
0.001575
0.001574
0.001544
0.001525
0.001521
0.001524
0.001521
0.001552
0.001552
0.001520
0.001524
0.001521
0.001521
0.001525
0.001568
0.001536
0.001523
0.001521
0.001525
0.001522
0.001549
0.001564
0.001521
0.001523
0.001520
0.001520
0.001523
0.001562
0.001552
0.001524
0.001521
0.001523
0.001521
0.001543
0.001557
0.001521
0.001525
0.001520
0.001521
0.001522
0.001566
0.001545
0.001524
0.001521
0.001523
0.001521
0.001545
0.001561
0.001534
0.001524
0.001520
0.001522
0.001553
0.001583
0.001537
0.001524
0.001522
0.001524
0.001519
0.001548
0.001588
0.001538
0.001525
0.001520
0.001521
0.001540
0.001557
0.001549
0.001524
0.001522
0.001525
0.001520
0.001546
0.001555
0.001520
0.001521
0.001523
0.001521
0.001522
0.001564
0.001542
0.001523
0.001521
0.001524
0.001521
0.001541
0.001569
0.001521
0.001521
0.001524
0.001521
0.001523
0.001554
0.001556
0.001524
0.001521
0.001525
0.001520
0.001522
0.001581
0.001522
0.001521
0.001576
0.001521
0.001524
0.001562
0.001549
0.001524
0.001556
0.001543
0.001520
0.001541
0.001561
0.001539
0.001521
0.001525
0.001520
0.001524
0.001556
0.001541
0.001524
0.001521
0.001524
0.001521
0.001542
0.001567
0.001521
0.001521
0.001524
0.001521
0.001524
0.001568
0.001556
0.001561
0.001538
0.001524
0.001520
0.001543
0.001559
0.001521
0.001521
0.001523
0.001521
0.001545
0.001583
0.001545
0.001524
0.001521
0.001523
0.001520
0.001539
0.001561
0.001533
0.001520
0.001523
0.001521
0.001524
0.001554
0.001560
0.001523
0.001520
0.001522
0.001524
0.001521
0.001577
0.001522
0.001522
0.001524
0.001520
0.001525
0.001557
0.001553
0.001524
0.001521
0.001521
0.001523
0.001521
0.001573
0.001542
0.001522
0.001524
0.001520
0.001523
0.001553
0.001545
0.001523
0.001520
0.001521
0.001524
0.001520
0.001575
0.001535
0.001521
0.001526
0.001521
0.001525
0.001562
0.001559
0.001524
0.001522
0.001520
0.001524
0.001521
0.001567
0.001548
0.001521
0.001523
0.001521
0.001523
0.001546
0.001553
0.001523
0.001521
0.001521
0.001524
0.001519
0.001571
0.001541
0.001522
0.001525
0.001521
0.001521
0.001548
0.001567
0.001524
0.001521
0.001522
0.001525
0.001521
0.001564
0.001535
0.001520
0.001524
0.001522
0.001522
0.001550
0.001561
0.001523
0.001521
0.001521
0.001524
0.001520
0.001562
0.001550
0.001521
0.001524
0.001520
0.001521
0.001546
0.001552
0.001523
0.001521
0.001521
0.001522
0.001521
0.001566
0.001542
0.001521
0.001523
0.001521
0.001522
0.001587
0.001595
0.001524
0.001521
0.001522
0.001561
0.001539
0.001561
0.001552
0.001521
0.001524
0.001520
0.001521
0.001540
0.001559
0.001523
0.001522
0.001521
0.001523
0.001521
0.001564
0.001548
0.001521
0.001524
0.001520
0.001521
0.001543
0.001557
0.001600
0.001606
0.001521
0.001525
0.001552
0.001590
0.001550
0.001521
0.001557
0.001544
0.001521
0.001581
0.001579
0.001525
0.001521
0.001521
0.001522
0.001539
0.001592
0.001548
0.001521
0.001557
0.001539
0.001521
0.001551
0.001549
0.001524
0.001521
0.001521
0.001523
0.001521
0.001568
0.001539
0.001520
0.001524
0.001521
0.001521
0.001563
0.001563
0.001524
0.001522
0.001521
0.001523
0.001522
0.001592
0.001566
0.001522
0.001524
0.001521
0.001522
0.001545
0.001556
0.001524
0.001519
0.001520
0.001524
0.001521
0.001567
0.001575
0.001545
0.001522
0.001521
0.001522
0.001623
0.001578
0.001558
0.001567
0.001522
0.001524
0.001521
0.001575
0.001521
0.001521
0.001523
0.001521
0.001522
0.001552
0.001556
0.001524
0.001521
0.001522
0.001524
0.001520
0.001568
0.001546
0.001522
0.001524
0.001522
0.001522
0.001545
0.001557
0.001540
0.001520
0.001521
0.001524
0.001521
0.001560
0.001540
0.001521
0.001524
0.001522
0.001522
0.001562
0.001563
0.001530
0.001521
0.001522
0.001523
0.001521
0.001580
0.001566
0.001521
0.001523
0.001522
0.001522
0.001544
0.001557
0.001523
0.001521
0.001523
0.001524
0.001521
0.001566
0.001547
0.001521
0.001522
0.001521
0.001521
0.001543
0.001557
0.001539
0.001521
0.001522
0.001523
0.001521
0.001560
0.001541
0.001521
0.001523
0.001521
0.001522
0.001545
0.001563
0.001525
0.001521
0.001520
0.001524
0.001520
0.001555
0.001555
0.001521
0.001523
0.001522
0.001522
0.001523
0.001570
0.001547
0.001520
0.001521
0.001524
0.001521
0.001551
0.001552
0.001521
0.001525
0.001520
0.001521
0.001578
0.001571
0.001538
0.001520
0.001521
0.001524
0.001521
0.001553
0.001562
0.001520
0.001523
0.001521
0.001521
0.001524
0.001575
0.001524
0.001520
0.001521
0.001524
0.001521
0.001554
0.001553
0.001521
0.001525
0.001521
0.001520
0.001523
0.001569
0.001543
0.001523
0.001521
0.001524
0.001520
0.001547
0.001570
0.001521
0.001554
0.001544
0.001521
0.001523
0.001564
0.001534
0.001523
0.001521
0.001524
0.001521
0.001552
0.001561
0.001521
0.001523
0.001521
0.001521
0.001524
0.001565
0.001549
0.001524
0.001521
0.001523
0.001521
0.001544
0.001555
0.001522
0.001525
0.001520
0.001521
0.001549
0.001582
0.001542
0.001524
0.001521
0.001524
0.001522
0.001539
0.001571
0.001520
0.001524
0.001521
0.001521
0.001524
0.001574
0.001522
0.001524
0.001521
0.001524
0.001520
0.001547
0.001561
0.001521
0.001521
0.001523
0.001521
0.001524
0.001562
0.001548
0.001550
0.001548
0.001524
0.001521
0.001543
0.001562
0.001537
0.001522
0.001524
0.001522
0.001523
0.001557
0.001542
0.001524
0.001521
0.001524
0.001521
0.001546
0.001568
0.001522
0.001521
0.001523
0.001521
0.001524
0.001559
0.001556
0.001524
0.001522
0.001525
0.001519
0.001539
0.001590
0.001541
0.001521
0.001524
0.001521
0.001544
0.001558
0.001547
0.001563
0.001533
0.001523
0.001521
0.001554
0.001559
0.001536
0.001522
0.001524
0.001521
0.001524
0.001562
0.001537
0.001599
0.001559
0.001546
0.001553
0.001547
0.001561
0.001522
0.001522
0.001523
0.001521
0.001524
0.001564
0.001548
0.001523
0.001521
0.001524
0.001520
0.001550
0.001561
0.001539
0.001521
0.001578
0.001520
0.001551
0.001557
0.001540
0.001524
0.001520
0.001523
0.001520
0.001546
0.001568
0.001521
0.001520
0.001524
0.001521
0.001524
0.001562
0.001555
0.001523
0.001521
0.001543
0.001646
0.001589
0.001583
0.001575
0.001559
0.001556
0.001521
0.001558
0.001620
0.001538
0.001578
0.001557
0.001571
0.001545
0.001581
0.001577
0.001521
0.001524
0.001521
0.001520
0.001577
0.001574
0.001525
0.001521
0.001520
0.001523
0.001521
0.001557
0.001551
0.001521
0.001525
0.001520
0.001521
0.001524
0.001571
0.001542
0.001521
0.001521
0.001523
0.001521
0.001548
0.001567
0.001521
0.001524
0.001521
0.001522
0.001523
0.001575
0.001521
0.001524
0.001521
0.001524
0.001520
0.001553
0.001560
0.001520
0.001523
0.001521
0.001541
0.001579
0.001557
0.001547
0.001524
0.001520
0.001524
0.001539
0.001570
0.001553
0.001521
0.001524
0.001521
0.001521
0.001554
0.001557
0.001538
0.001578
0.001520
0.001590
0.001545
0.001563
0.001563
0.001521
0.001548
0.001553
0.001522
0.001544
0.001559
0.001523
0.001521
0.001522
0.001524
0.001521
0.001556
0.001552
0.001521
0.001523
0.001520
0.001521
0.001541
0.001557
0.001542
0.001521
0.001521
0.001524
0.001522
0.001558
0.001568
0.001522
0.001546
0.001553
0.001522
0.001561
0.001565
0.001523
0.001520
0.001522
0.001524
0.001522
0.001554
0.001560
0.001520
0.001523
0.001520
0.001522
0.001523
0.001572
0.001547
0.001524
0.001520
0.001524
0.001520
0.001552
0.001570
0.001520
0.001525
0.001520
0.001522
0.001553
0.001559
0.001538
0.001523
0.001521
0.001523
0.001520
0.001553
0.001564
0.001576
0.001600
0.001599
0.001715
0.001630
0.001721
0.001728
0.001811
0.001729
0.001621
0.001605
0.001662
0.001842
0.001607
0.001603
0.001575
0.001623
0.001612
0.001647
0.001629
0.001543
0.001625
0.001563
0.001595
0.001606
0.001568
0.001672
0.001557
0.001618
0.001594
0.001592
0.001633
0.001569
0.001597
0.001590
0.001589
0.001633
0.001549
0.001606
0.001596
0.001557
0.001620
0.001575
0.001617
0.001618
0.001577
0.001636
0.001602
0.001609
0.001731
0.001708
0.001614
0.001584
0.001588
0.001578
0.001598
0.001592
0.001559
0.001588
0.001574
0.001583
0.001588
0.001558
0.001585
0.001596
0.001581
0.001582
0.001576
0.001585
0.001577
0.001559
0.001601
0.001558
0.001593
0.001578
0.001557
0.001602
0.001557
0.001582
0.001582
0.001551
0.001577
0.001549
0.001547
0.001579
0.001557
0.001601
0.001540
0.001525
0.001578
0.001520
0.001554
0.001598
0.001565
0.001525
0.001520
0.001524
0.001521
0.001587
0.001606
0.001552
0.001524
0.001520
0.001521
0.001548
0.001592
0.001605
0.001586
0.001554
0.001554
0.001576
0.001642
0.001582
0.001577
0.001597
0.001575
0.001589
0.001581
0.001582
0.001574
0.001599
0.001577
0.001609
0.001582
0.001584
0.001580
0.001579
0.001603
0.001558
0.001582
0.001598
0.001580
0.001593
0.001569
0.001563
0.001567
0.001575
0.001581
0.001574
0.001584
0.001581
0.001558
0.001588
0.001578
0.001601
0.001582
0.001557
0.001586
0.001573
0.001587
0.001576
0.001521
0.001554
0.001595
0.001522
0.001626
0.001581
0.001584
0.001576
0.001558
0.001604
0.001557
0.001588
0.001591
0.001600
0.001588
0.001558
0.001581
0.001602
0.001574
0.001562
0.001557
0.001560
0.001591
0.001558
0.001601
0.001558
0.001561
0.001557
0.001579
0.001627
0.001592
0.001522
0.001578
0.001521
0.001524
0.001556
0.001584
0.001581
0.001557
0.001560
0.001549
0.001521
0.001574
0.001577
0.001574
0.001558
0.001557
0.001561
0.001558
0.001590
0.001579
0.001557
0.001559
0.001557
0.001557
0.001592
0.001580
0.001581
0.001546
0.001522
0.001525
0.001550
0.001589
0.001600
0.001567
0.001569
0.001557
0.001560
0.001574
0.001580
0.001560
0.001557
0.001561
0.001557
0.001546
0.001585
0.001589
0.001560
0.001524
0.001520
0.001549
0.001593
0.001593
0.001557
0.001544
0.001524
0.001521
0.001561
0.001597
0.001579
0.001597
0.001554
0.001521
0.001576
0.001603
0.001546
0.001601
0.001557
0.001539
0.001542
0.001582
0.001561
0.001521
0.001550
0.001557
0.001533
0.001560
0.001600
0.001524
0.001520
0.001543
0.001561
0.001531
0.001591
0.001587
0.001520
0.001524
0.001545
0.001561
0.001552
0.001584
0.001542
0.001520
0.001522
0.001556
0.001574
0.001588
0.001554
0.001521
0.001556
0.001543
0.001574
0.001620
0.001576
0.001554
0.001546
0.001521
0.001569
0.001576
0.001586
0.001566
0.001520
0.001563
0.001535
0.001564
0.001583
0.001559
0.001560
0.001541
0.001522
0.001577
0.001586
0.001586
0.001545
0.001521
0.001577
0.001521
0.001567
0.001577
0.001570
0.001566
0.001533
0.001546
0.001552
0.001559
0.001602
0.001549
0.001525
0.001522
0.001522
0.001525
0.001604
0.001578
0.001568
0.001522
0.001524
0.001521
0.001588
0.001573
0.001561
0.001537
0.001521
0.001522
0.001555
0.001592
0.001562
0.001565
0.001521
0.001524
0.001521
0.001558
0.001597
0.001549
0.001560
0.001522
0.001522
0.001542
0.001602
0.001525
0.001556
0.001542
0.001524
0.001539
0.001581
0.001565
0.001521
0.001575
0.001543
0.001522
0.001557
0.001602
0.001523
0.001521
0.001568
0.001543
0.001520
0.001584
0.001586
0.001521
0.001573
0.001575
0.001566
0.001607
0.001575
0.001553
0.001548
0.001522
0.001614
0.001572
0.001590
0.001564
0.001520
0.001563
0.001555
0.001560
0.001604
0.001571
0.001559
0.001540
0.001520
0.001575
0.001575
0.001587
0.001558
0.001522
0.001578
0.001522
0.001588
0.001577
0.001555
0.001566
0.001550
0.001525
0.001521
0.001583
0.001593
0.001521
0.001521
0.001524
0.001520
0.001543
0.001581
0.001568
0.001525
0.001521
0.001524
0.001520
0.001550
0.001590
0.001547
0.001525
0.001520
0.001521
0.001554
0.001585
0.001571
0.001524
0.001521
0.001524
0.001521
0.001580
0.001610
0.001566
0.001547
0.001555
0.001520
0.001562
0.001618
0.001573
0.001558
0.001521
0.001524
0.001521
0.001560
0.001599
0.001560
0.001564
0.001549
0.001521
0.001563
0.001601
0.001547
0.001558
0.001545
0.001524
0.001547
0.001581
0.001564
0.001521
0.001578
0.001521
0.001520
0.001555
0.001590
0.001538
0.001545
0.001558
0.001542
0.001521
0.001607
0.001537
0.001520
0.001542
0.001557
0.001543
0.001594
0.001570
0.001524
0.001521
0.001521
0.001574
0.001567
0.001597
0.001537
0.001521
0.001524
0.001537
0.001562
0.001584
0.001594
0.001557
0.001544
0.001521
0.001544
0.001585
0.001584
0.001564
0.001521
0.001566
0.001531
0.001581
0.001600
0.001564
0.001564
0.001537
0.001525
0.001520
0.001595
0.001601
0.001546
0.001520
0.001523
0.001520
0.001549
0.001607
0.001563
0.001523
0.001521
0.001523
0.001520
0.001578
0.001608
0.001536
0.001523
0.001520
0.001520
0.001600
0.001599
0.001551
0.001583
0.001521
0.001525
0.001520
0.001587
0.001577
0.001521
0.001525
0.001521
0.001522
0.001545
0.001590
0.001568
0.001577
0.001521
0.001524
0.001521
0.001577
0.001579
0.001548
0.001524
0.001520
0.001521
0.001559
0.001603
0.001577
0.001519
0.001521
0.001524
0.001521
0.001589
0.001578
0.001557
0.001562
0.001577
0.001559
0.001584
0.001613
0.001567
0.001558
0.001521
0.001523
0.001521
0.001604
0.001541
0.001552
0.001609
0.001521
0.001520
0.001592
0.001572
0.001523
0.001555
0.001553
0.001525
0.001521
0.001567
0.001540
0.001521
0.001524
0.001521
0.001521
0.001560
0.001570
0.001523
0.001521
0.001521
0.001524
0.001521
0.001560
0.001553
0.001521
0.001522
0.001521
0.001521
0.001570
0.001556
0.001524
0.001520
0.001544
0.001557
0.001522
0.001568
0.001553
0.001522
0.001524
0.001520
0.001521
0.001547
0.001564
0.001523
0.001522
0.001522
0.001523
0.001521
0.001562
0.001552
0.001521
0.001523
0.001521
0.001521
0.001569
0.001556
0.001549
0.001550
0.001521
0.001524
0.001521
0.001568
0.001543
0.001522
