0.010971
0.009948
0.009474
0.009068
0.008948
0.008889
0.008852
0.008828
0.008829
0.008771
0.008771
0.008775
0.008731
0.008876
0.008734
0.008801
0.008838
0.008786
0.008709
0.008716
0.008715
0.008656
0.008633
0.008659
0.008743
0.008683
0.008731
0.008676
0.008675
0.008691
0.008609
0.009110
0.009044
0.008591
0.008568
0.008627
0.008660
0.008533
0.008497
0.008553
0.008545
0.008562
0.008609
0.008596
0.008511
0.008522
0.008542
0.008567
0.008606
0.008635
0.008644
0.008471
0.008541
0.008576
0.008768
0.008673
0.008590
0.008525
0.008500
0.008553
0.008545
0.008514
0.008492
0.008542
0.008528
0.008533
0.008563
0.008530
0.008511
0.008532
0.008587
0.008676
0.008621
0.008455
0.008464
0.008440
0.008684
0.008542
0.008494
0.008446
0.008639
0.008496
0.008534
0.008649
0.008536
0.008495
0.008457
0.008594
0.008543
0.008490
0.008561
0.008551
0.008562
0.008466
0.008524
0.008529
0.008504
0.008488
0.008490
0.008435
0.008471
0.008502
0.008527
0.008553
0.008542
0.008506
0.008598
0.008500
0.008488
0.008514
0.008546
0.008551
0.008502
0.008482
0.008517
0.008473
0.008482
0.008509
0.008607
0.008479
0.008422
0.008469
0.008461
0.008501
0.008498
0.008514
0.008411
0.008465
0.008516
0.008543
0.008609
0.008512
0.008510
0.008427
0.008456
0.008490
0.008458
0.008509
0.008527
0.008469
0.008449
0.008527
0.008511
0.008457
0.008745
0.008685
0.008552
0.008521
0.008477
0.008425
0.008453
0.008511
0.008469
0.008499
0.008497
0.008467
0.008542
0.008509
0.008496
0.008477
0.008438
0.008479
0.008543
0.008521
0.008499
0.008597
0.008407
0.008463
0.008460
0.008466
0.008467
0.008475
0.008488
0.008414
0.008536
0.008470
0.008533
0.008539
0.008513
0.008440
0.008438
0.008465
0.008564
0.008494
0.008517
0.008455
0.008476
0.008479
0.008524
0.008501
0.008533
0.008487
0.008517
0.008456
0.008488
0.008481
0.008484
0.008509
0.008491
0.008432
0.008483
0.008488
0.008474
0.008494
0.008498
0.008586
0.008449
0.008454
0.008691
0.008498
0.008553
0.008774
0.008827
0.008470
0.008445
0.008498
0.008451
0.008462
0.008470
0.008391
0.008496
0.008469
0.008425
0.008568
0.008566
0.008475
0.008647
0.008475
0.008436
0.008445
0.008481
0.008491
0.008432
0.008381
0.008529
0.008519
0.008475
0.008937
0.009118
0.008505
0.008343
0.008357
0.008373
0.008383
0.008421
0.008470
0.008384
0.008503
0.008488
0.008446
0.008455
0.008478
0.008486
0.008381
0.008465
0.008437
0.008438
0.008449
0.008492
0.008517
0.008461
0.008523
0.008457
0.008564
0.008567
0.008447
0.008429
0.008434
0.008645
0.008488
0.008489
0.008531
0.008446
0.008401
0.008428
0.008433
0.008453
0.008475
0.008433
0.008371
0.008424
0.008451
0.008501
0.008531
0.008457
0.008438
0.008379
0.008424
0.008428
0.008466
0.008564
0.008491
0.008415
0.008430
0.008570
0.008509
0.008478
0.008474
0.008473
0.008379
0.008518
0.008482
0.008468
0.008460
0.008487
0.008436
0.008619
0.008500
0.008453
0.008474
0.008475
0.008450
0.008388
0.008671
0.008546
0.008472
0.008481
0.008672
0.008566
0.008418
0.008450
0.008439
0.008467
0.008484
0.008462
0.008445
0.008427
0.008435
0.008643
0.008632
0.008586
0.008480
0.008427
0.008433
0.008443
0.008434
0.008485
0.008496
0.008405
0.008412
0.008432
0.008485
0.008478
0.008566
0.008485
0.008556
0.008434
0.008452
0.008437
0.008521
0.008490
0.008455
0.008413
0.008517
0.008569
0.008508
0.008446
0.008504
0.008438
0.008433
0.008424
0.008459
0.008478
0.008475
0.008434
0.008493
0.008537
0.008449
0.008425
0.008469
0.008445
0.008408
0.008435
0.008531
0.008460
0.008463
0.008482
0.008580
0.008420
0.008478
0.008463
0.008530
0.008563
0.008539
0.008444
0.008564
0.008449
0.008452
0.008515
0.008541
0.008489
0.008411
0.008427
0.008442
0.008464
0.008483
0.008489
0.008440
0.008410
0.008457
0.008494
0.008505
0.008502
0.008491
0.008418
0.008452
0.008448
0.008465
0.008500
0.008494
0.008439
0.008438
0.008505
0.008468
0.008455
0.008477
0.008466
0.008396
0.008503
0.008477
0.008434
0.008498
0.008506
0.008458
0.008539
0.008452
0.008453
0.008503
0.008458
0.008469
0.008430
0.008424
0.008456
0.008453
0.008480
0.008500
0.008564
0.008431
0.008507
0.008454
0.008463
0.008457
0.008491
0.008449
0.008432
0.008440
0.008452
0.008484
0.008577
0.008582
0.008511
0.008554
0.008468
0.008467
0.008496
0.008482
0.008623
0.008470
0.008494
0.008519
0.008502
0.008639
0.012755
0.011412
0.011603
0.009574
0.009181
0.008993
0.009050
0.009736
0.009827
0.009290
0.009153
0.009726
0.009534
0.008748
0.008805
0.009091
0.008749
0.008883
0.009777
0.009188
0.009038
0.009174
0.008898
0.008862
0.008890
0.008678
0.008611
0.008663
0.008816
0.008706
0.008643
0.008647
0.008602
0.008624
0.008684
0.008708
0.008626
0.008650
0.008670
0.008641
0.008882
0.008878
0.008693
0.008735
0.008667
0.008684
0.008709
0.008644
0.008716
0.008693
0.008731
0.008787
0.008771
0.008788
0.008753
0.008715
0.008677
0.008702
0.008644
0.008717
0.008759
0.008746
0.008698
0.008705
0.008720
0.008729
0.008685
0.008735
0.008746
0.008708
0.008828
0.008768
0.008710
0.008741
0.008663
0.008807
0.008780
0.008757
0.008713
0.008685
0.008719
0.008681
0.008658
0.008645
0.008819
0.008825
0.008686
0.008642
0.008694
0.008727
0.008739
0.008689
0.008719
0.008822
0.008731
0.008720
0.008743
0.008778
0.008795
0.008550
0.008427
0.008390
0.008360
0.008482
0.008444
0.008391
0.008377
0.008413
0.008417
0.008353
0.008388
0.008433
0.008447
0.008453
0.008429
0.008454
0.008623
0.008428
0.008512
0.008440
0.008465
0.008420
0.008419
0.008401
0.008447
0.008411
0.008432
0.008410
0.008458
0.008384
0.008427
0.008424
0.008453
0.008437
0.008474
0.008401
0.008456
0.008435
0.008411
0.008455
0.008450
0.008357
0.008417
0.008443
0.008418
0.008498
0.008587
0.008465
0.008391
0.008416
0.008535
0.008533
0.008598
0.008795
0.008597
0.008467
0.008464
0.008553
0.008571
0.008617
0.008619
0.008436
0.008433
0.008428
0.008422
0.008448
0.008479
0.008446
0.008390
0.008491
0.008478
0.008490
0.008460
0.008465
0.008405
0.008405
0.008492
0.008466
0.008486
0.008505
0.008440
0.008589
0.008572
0.008462
0.008457
0.008473
0.008478
0.008520
0.008427
0.008503
0.008544
0.008488
0.008506
0.008571
0.008465
0.008422
0.008480
0.008467
0.008468
0.008486
0.008490
0.008430
0.008533
0.008465
0.008935
0.009761
0.008652
0.008440
0.008456
0.008389
0.008407
0.008366
0.008474
0.008434
0.008428
0.008387
0.008469
0.008449
0.008458
0.008478
0.008442
0.008385
0.008401
0.008513
0.008715
0.008616
0.008524
0.008470
0.008464
0.008399
0.008406
0.008497
0.008442
0.008425
0.008387
0.008603
0.008403
0.008399
0.008509
0.008517
0.008474
0.008406
0.008429
0.008416
0.008434
0.008431
0.008430
0.008380
0.008449
0.008464
0.008635
0.008544
0.008551
0.008444
0.008437
0.008421
0.008439
0.008466
0.008485
0.008503
0.008439
0.008408
0.008406
0.008460
0.008497
0.008519
0.008718
0.008504
0.008539
0.008452
0.008435
0.008466
0.008497
0.008458
0.008383
0.008474
0.008703
0.008619
0.008482
0.008451
0.008545
0.008411
0.008419
0.008416
0.008463
0.008466
0.008447
0.008464
0.008416
0.008449
0.008431
0.008463
0.008463
0.008394
0.008517
0.008487
0.008487
0.008475
0.008496
0.008510
0.008402
0.008455
0.008457
0.008449
0.008515
0.008544
0.008397
0.008391
0.008448
0.008433
0.008502
0.008523
0.008483
0.008397
0.008444
0.008442
0.008444
0.008470
0.008499
0.008437
0.008492
0.008583
0.008708
0.008521
0.008487
0.008445
0.008402
0.008532
0.008499
0.008426
0.008476
0.008461
0.008475
0.008564
0.008545
0.008487
0.008475
0.008483
0.008500
0.008433
0.008473
0.008439
0.008432
0.008455
0.008575
0.008867
0.008668
0.008468
0.008457
0.008438
0.008414
0.008471
0.008441
0.008547
0.008469
0.008407
0.008421
0.008456
0.008573
0.008584
0.008403
0.008418
0.008423
0.008449
0.008481
0.008466
0.008415
0.008435
0.008469
0.008494
0.008539
0.008479
0.008403
0.008383
0.008452
0.008437
0.008447
0.008447
0.008439
0.008413
0.008417
0.008487
0.008523
0.008475
0.008454
0.008426
0.008528
0.008564
0.008478
0.008455
0.008464
0.008489
0.008444
0.008496
0.008475
0.008471
0.008491
0.008483
0.008430
0.008403
0.008448
0.008521
0.008477
0.008501
0.008464
0.008503
0.008424
0.008473
0.008440
0.008486
0.008496
0.008458
0.008402
0.008442
0.008472
0.008463
0.008530
0.008580
0.008421
0.008431
0.008432
0.008451
0.008486
0.008516
0.008430
0.008412
0.008454
0.008438
0.008468
0.008522
0.008479
0.008451
0.008428
0.008446
0.008440
0.008475
0.008521
0.008458
0.008403
0.008452
0.008577
0.008522
0.008494
0.008467
0.008424
0.008418
0.008465
0.008436
0.008485
0.008490
0.008469
0.008411
0.008502
0.008500
0.008557
0.008494
0.008514
0.008466
0.008415
0.008456
0.008465
0.008647
0.008541
0.008484
0.008582
0.008702
0.008490
0.008466
0.008471
0.008535
0.008476
0.008419
0.008604
0.008496
0.008444
0.008497
0.008548
0.008448
0.008440
0.008457
0.008549
0.008447
0.008510
0.008458
0.008410
0.008437
0.008455
0.008534
0.008609
0.008545
0.008572
0.008444
0.008505
0.008490
0.008457
0.008493
0.008503
0.008437
0.008414
0.008542
0.008492
0.008537
0.008530
0.008486
0.008519
0.008429
0.008450
0.008455
0.008488
0.008468
0.008437
0.008497
0.008463
0.008517
0.008719
0.008569
0.008475
0.008404
0.008411
0.008457
0.008450
0.008733
0.008715
0.008547
0.008447
0.008411
0.008433
0.008436
0.008465
0.008469
0.008529
0.008446
0.008441
0.008435
0.008477
0.008498
0.008466
0.008461
0.008423
0.008456
0.008536
0.008494
0.008475
0.008472
0.008453
0.008457
0.008489
0.008523
0.008498
0.008468
0.008448
0.008416
0.008476
0.008447
0.008473
0.008637
0.008569
0.008444
0.008475
0.008722
0.008540
0.008494
0.008499
0.008446
0.008408
0.008436
0.008433
0.008459
0.008563
0.008515
0.008548
0.008432
0.008446
0.008455
0.008513
0.008516
0.008436
0.008401
0.008457
0.008426
0.008462
0.008496
0.008604
0.008450
0.010167
0.011723
0.010974
0.010186
0.009114
0.008884
0.009074
0.008960
0.009591
0.008754
0.008527
0.008846
0.009407
0.009088
0.008686
0.008702
0.008441
0.008519
0.009036
0.009298
0.009193
0.009170
0.008986
0.008738
0.008761
0.009176
0.008748
0.008646
0.008610
0.009200
0.008798
0.008775
0.008843
0.008518
0.008557
0.008698
0.008658
0.008623
0.008596
0.008578
0.008556
0.008424
0.008713
0.008738
0.008539
0.008653
0.008688
0.008562
0.008405
0.008531
0.008619
0.008590
0.008645
0.008674
0.008708
0.008766
0.008639
0.008632
0.008612
0.008605
0.008627
0.008640
0.008672
0.008578
0.008521
0.008622
0.008661
0.008660
0.008677
0.008717
0.008626
0.008711
0.008571
0.008586
0.008615
0.008628
0.008627
0.008671
0.008613
0.008535
0.008554
0.008623
0.008577
0.008585
0.008525
0.008545
0.008531
0.008513
0.008769
0.008669
0.008589
0.008511
0.008650
0.008604
0.008522
0.008574
0.008635
0.008602
0.008574
0.008492
0.008657
0.008661
0.008566
0.008585
0.008594
0.008604
0.008572
0.008612
0.008565
0.008656
0.008674
0.008593
0.008546
0.008443
0.008416
0.008494
0.008446
0.008588
0.008612
0.008552
0.008421
0.008454
0.008614
0.008511
0.008543
0.008481
0.008408
0.008419
0.008446
0.008454
0.008454
0.008501
0.008413
0.008504
0.008508
0.008509
0.008538
0.008518
0.008493
0.008431
0.008454
0.008556
0.008470
0.008489
0.008510
0.008555
0.008439
0.008502
0.008505
0.008513
0.008500
0.008503
0.008582
0.008373
0.008687
0.008619
0.008479
0.008485
0.008505
0.008567
0.008457
0.008483
0.008432
0.008444
0.008779
0.008577
0.008462
0.008403
0.008452
0.008439
0.008498
0.008600
0.008462
0.008436
0.008444
0.008471
0.008450
0.008463
0.008617
0.008534
0.008403
0.008421
0.008495
0.008501
0.008462
0.008465
0.008419
0.008436
0.008540
0.008526
0.008488
0.008469
0.008438
0.008422
0.008484
0.008495
0.008438
0.008493
0.008469
0.008425
0.008411
0.008428
0.008443
0.008461
0.008480
0.008728
0.008538
0.008463
0.008423
0.008666
0.008528
0.008446
0.008460
0.008527
0.008478
0.008440
0.008591
0.008545
0.008588
0.008440
0.008418
0.008452
0.008447
0.008459
0.008517
0.008453
0.008415
0.008467
0.008523
0.008480
0.008571
0.008476
0.008407
0.008404
0.008439
0.008581
0.008489
0.008521
0.008476
0.008510
0.008459
0.008694
0.008455
0.008460
0.008447
0.008417
0.008391
0.008540
0.008436
0.008448
0.008454
0.008461
0.008521
0.008506
0.008614
0.008472
0.008435
0.008469
0.008400
0.008392
0.008391
0.008537
0.008468
0.008477
0.008461
0.008480
0.008431
0.008474
0.008446
0.008502
0.008599
0.008585
0.008452
0.008435
0.008455
0.008465
0.008468
0.008598
0.008406
0.008440
0.008435
0.008441
0.008465
0.008464
0.008426
0.008520
0.008464
0.008409
0.008468
0.008527
0.008471
0.008426
0.008394
0.008464
0.008443
0.008462
0.008574
0.008427
0.008467
0.008480
0.008496
0.008513
0.008474
0.008497
0.008458
0.008432
0.008551
0.008479
0.008457
0.008521
0.008492
0.008447
0.008479
0.008477
0.008460
0.008477
0.008488
0.008466
0.008415
0.008442
0.008471
0.008459
0.008485
0.008496
0.008518
0.008443
0.008495
0.008446
0.008488
0.008474
0.008452
0.008409
0.008469
0.008548
0.008506
0.008513
0.008600
0.008546
0.008449
0.008464
0.008442
0.008471
0.008485
0.008480
0.008485
0.008525
0.008500
0.008534
0.008680
0.008615
0.008549
0.008427
0.008423
0.008451
0.008456
0.008449
0.008549
0.008470
0.008442
0.008563
0.008959
0.008543
0.008502
0.008474
0.008435
0.008418
0.008494
0.008460
0.008484
0.008495
0.008491
0.008619
0.008647
0.008466
0.008539
0.008631
0.008575
0.008489
0.008415
0.008478
0.008462
0.008548
0.008554
0.008561
0.008518
0.008464
0.008435
0.008549
0.008476
0.008488
0.008491
0.008433
0.008439
0.008471
0.008511
0.008541
0.008503
0.008466
0.008430
0.008440
0.008477
0.008711
0.008619
0.008462
0.008431
0.008524
0.008548
0.008477
0.008494
0.008517
0.008475
0.008463
0.008441
0.008471
0.008593
0.008504
0.008586
0.008513
0.008483
0.008501
0.008492
0.008465
0.008510
0.008479
0.008555
0.008435
0.008454
0.008476
0.008512
0.008513
0.008603
0.008463
0.008413
0.008453
0.008450
0.008469
0.008505
0.008465
0.008448
0.008621
0.008485
0.008522
0.008533
0.008503
0.008443
0.008413
0.008705
0.008650
0.008488
0.008447
0.008432
0.008401
0.008581
0.008618
0.008481
0.008459
0.008493
0.008465
0.008398
0.008447
0.008441
0.008446
0.008454
0.008482
0.008441
0.008511
0.008474
0.008459
0.008490
0.008489
0.008476
0.008437
0.008440
0.008499
0.008461
0.008502
0.008543
0.008631
0.008773
0.008472
0.008571
0.008464
0.008482
0.008480
0.008453
0.008392
0.008442
0.008430
0.008520
0.008670
0.008593
0.008431
0.008463
0.008447
0.008456
0.008584
0.008492
0.008451
0.008411
0.008447
0.008554
0.008574
0.008561
0.008475
0.008425
0.008498
0.008470
0.008531
0.008506
0.008452
0.008462
0.008373
0.008555
0.008543
0.008465
0.008469
0.008469
0.008448
0.008394
0.008438
0.008436
0.008424
0.008502
0.008461
0.008500
0.008528
0.008478
0.008447
0.008472
0.008494
0.008447
0.008429
0.008459
0.008457
0.008475
0.008557
0.008600
0.008587
0.008444
0.008435
0.008450
0.008464
0.008576
0.008481
0.008408
0.008457
0.008473
0.008523
0.008645
0.008599
0.008515
0.008435
0.008458
0.008464
0.008478
0.008486
0.008485
0.008443
0.008428
0.008561
0.008585
0.008554
0.008498
0.008470
0.008407
0.008430
0.008436
0.008483
0.008477
0.008504
0.008472
0.008527
0.008448
0.008529
0.008520
0.008454
0.008488
0.008437
0.008439
0.008455
0.008587
0.008543
0.008490
0.008552
0.008487
0.009142
0.011999
0.010384
0.010462
0.009139
0.008866
0.008637
0.008661
0.008596
0.008944
0.008836
0.009507
0.009288
0.008540
0.008613
0.009138
0.008625
0.008533
0.009142
0.009022
0.009422
0.009094
0.009111
0.008536
0.008557
0.008643
0.008401
0.008482
0.008413
0.008645
0.008374
0.008475
0.008434
0.008430
0.008486
0.008482
0.008493
0.008356
0.008370
0.008382
0.008521
0.008431
0.008453
0.008626
0.008562
0.008451
0.008485
0.008506
0.008462
0.008425
0.008408
0.008565
0.008685
0.008479
0.008511
0.008534
0.008419
0.008423
0.008463
0.008506
0.008460
0.008458
0.008499
0.008529
0.008469
0.008445
0.008489
0.008517
0.008479
0.008414
0.008633
0.008774
0.008699
0.008535
0.008449
0.008456
0.008416
0.008417
0.008486
0.008551
0.008535
0.008502
0.008485
0.008483
0.008458
0.008449
0.008452
0.008509
0.008488
0.008739
0.008523
0.008501
0.008429
0.008449
0.008486
0.008457
0.008431
0.008682
0.008456
0.008456
0.008525
0.008577
0.008616
0.008437
0.008474
0.008455
0.008526
0.008563
0.008523
0.008452
0.008422
0.008466
0.008448
0.008490
0.008553
0.008474
0.008421
0.008436
0.008428
0.008449
0.008479
0.008481
0.008439
0.008495
0.008476
0.008511
0.008499
0.008506
0.008467
0.008636
0.008423
0.008526
0.008419
0.008498
0.008569
0.008527
0.008405
0.008508
0.008543
0.008501
0.008495
0.008499
0.008461
0.008442
0.008474
0.008474
0.008490
0.008482
0.008480
0.008574
0.008496
0.008438
0.008453
0.008483
0.008594
0.008726
0.008802
0.008573
0.008442
0.008479
0.008530
0.008572
0.008463
0.008390
0.008428
0.008460
0.008438
0.008460
0.008497
0.008418
0.008427
0.008411
0.008487
0.008514
0.008498
0.008469
0.008405
0.008441
0.008448
0.008564
0.008520
0.008471
0.008408
0.008393
0.008488
0.008483
0.008474
0.008492
0.008466
0.008403
0.008576
0.008473
0.008429
0.008463
0.008456
0.008433
0.008516
0.008447
0.008449
0.008461
0.008507
0.008530
0.008448
0.008521
0.008481
0.008448
0.008485
0.008502
0.008536
0.008435
0.008461
0.008436
0.008456
0.008471
0.008466
0.008432
0.008439
0.008464
0.008455
0.008493
0.008576
0.008575
0.008442
0.008453
0.008459
0.008452
0.008493
0.008653
0.008463
0.008538
0.008476
0.008466
0.008496
0.008486
0.008472
0.008441
0.008537
0.008473
0.008455
0.008499
0.008458
0.008442
0.008409
0.008522
0.008478
0.008471
0.008487
0.008708
0.008492
0.008415
0.008513
0.008555
0.008463
0.008588
0.008599
0.008698
0.008600
0.008517
0.008523
0.008509
0.008541
0.008502
0.008441
0.008416
0.008461
0.008483
0.008505
0.008544
0.008467
0.008459
0.008549
0.008551
0.008557
0.008496
0.008501
0.008540
0.008417
0.008465
0.008491
0.008526
0.008481
0.008516
0.008437
0.008469
0.008430
0.008481
0.008485
0.008480
0.008473
0.008721
0.008588
0.008486
0.008495
0.008503
0.008497
0.008424
0.008425
0.008432
0.008590
0.008623
0.008500
0.008484
0.008479
0.008436
0.008441
0.008424
0.008464
0.008468
0.008597
0.008433
0.008415
0.008501
0.008499
0.008514
0.008539
0.008466
0.008435
0.008484
0.008450
0.008456
0.008495
0.008469
0.008409
0.008636
0.008475
0.008482
0.008611
0.008521
0.008460
0.008430
0.008560
0.008518
0.008498
0.008515
0.008739
0.008509
0.008559
0.008600
0.008485
0.008477
0.008521
0.008546
0.008472
0.008442
0.008453
0.008448
0.008508
0.008583
0.008476
0.008527
0.008440
0.008477
0.008469
0.008482
0.008497
0.008442
0.008486
0.008478
0.008454
0.008508
0.008520
0.008592
0.008452
0.008458
0.008472
0.008457
0.008655
0.008517
0.008419
