0.006112
0.005287
0.004938
0.004702
0.004662
0.004576
0.004572
0.004515
0.004536
0.004475
0.004541
0.004563
0.004537
0.004470
0.004597
0.004549
0.004430
0.004470
0.004387
0.004488
0.004398
0.004492
0.004426
0.004462
0.004437
0.004383
0.004436
0.004423
0.004483
0.004386
0.004586
0.004409
0.004442
0.004445
0.004465
0.004469
0.004354
0.004464
0.004374
0.004460
0.004478
0.004455
0.004495
0.004424
0.004403
0.004344
0.004432
0.004354
0.004376
0.004406
0.004345
0.004395
0.004328
0.004422
0.004326
0.004408
0.004353
0.004372
0.004367
0.004326
0.004390
0.004328
0.004410
0.004342
0.004420
0.004362
0.004344
0.004387
0.004333
0.004380
0.004324
0.004398
0.004347
0.004370
0.004363
0.004322
0.004362
0.004324
0.004377
0.004363
0.004478
0.004374
0.004337
0.004408
0.004469
0.004432
0.004354
0.004436
0.004350
0.004361
0.004382
0.004327
0.004374
0.004346
0.004401
0.004331
0.004391
0.004349
0.004318
0.004367
0.004324
0.004399
0.004332
0.004411
0.004340
0.004317
0.004387
0.004588
0.004532
0.004357
0.004431
0.004320
0.004379
0.004342
0.004315
0.004365
0.004320
0.004362
0.004396
0.004341
0.004341
0.004383
0.004367
0.004325
0.004381
0.004395
0.004452
0.004344
0.004386
0.004358
0.004356
0.004411
0.004351
0.004407
0.004329
0.004411
0.004319
0.004358
0.004359
0.004311
0.004362
0.004323
0.004401
0.004315
0.004350
0.004346
0.004323
0.004366
0.004325
0.004379
0.004313
0.004406
0.004329
0.004851
0.004456
0.004512
0.004437
0.004321
0.004414
0.004343
0.004396
0.004339
0.004309
0.004367
0.004330
0.004377
0.004323
0.004381
0.004327
0.004310
0.004356
0.004314
0.004437
0.004334
0.004376
0.004317
0.004354
0.004333
0.004303
0.004378
0.004296
0.004392
0.004320
0.004407
0.004344
0.004324
0.004364
0.004306
0.004425
0.004326
0.004373
0.004332
0.004313
0.004363
0.004318
0.004627
0.004525
0.004402
0.004338
0.004357
0.004311
0.004323
0.004363
0.004300
0.004366
0.004303
0.004370
0.004306
0.004304
0.004348
0.004313
0.004363
0.004303
0.004365
0.004318
0.004334
0.004341
0.004380
0.004372
0.004385
0.004385
0.004311
0.004361
0.004340
0.004304
0.004388
0.004305
0.004362
0.004290
0.004359
0.004326
0.004325
0.004329
0.004316
0.004354
0.004303
0.004372
0.004307
0.004352
0.004432
0.004344
0.004371
0.004311
0.004362
0.004317
0.004352
0.004337
0.004369
0.004415
0.004309
0.004357
0.004296
0.004352
0.004326
0.004336
0.004350
0.004324
0.004373
0.004316
0.004361
0.004316
0.004370
0.004338
0.004312
0.004488
0.004336
0.004470
0.004340
0.004405
0.004332
0.004341
0.004369
0.004301
0.004382
0.004310
0.004397
0.004331
0.004376
0.004363
0.004325
0.004391
0.004322
0.004386
0.004324
0.004370
0.004350
0.004331
0.004379
0.004305
0.004373
0.004320
0.004413
0.004362
0.004394
0.004452
0.004327
0.004387
0.004316
0.004414
0.004323
0.004364
0.004381
0.004323
0.004448
0.004319
0.004381
0.004321
0.004394
0.004322
0.004365
0.004414
0.004313
0.004405
0.004359
0.004408
0.004325
0.004386
0.004389
0.004305
0.004385
0.004320
0.004377
0.004321
0.004404
0.004343
0.004347
0.004388
0.004424
0.004407
0.004346
0.004408
0.004334
0.004357
0.004378
0.004322
0.004383
0.004305
0.004401
0.004360
0.004401
0.004329
0.004352
0.004380
0.004312
0.004376
0.004309
0.004405
0.004334
0.004442
0.004364
0.004324
0.004380
0.004321
0.004395
0.004324
0.004385
0.004349
0.004320
0.004391
0.004397
0.004430
0.004343
0.004390
0.004320
0.004364
0.004356
0.004301
0.004376
0.004321
0.004395
0.004325
0.004442
0.004336
0.004316
0.004379
0.004306
0.004374
0.004326
0.004402
0.004333
0.004305
0.004380
0.004308
0.004407
0.004390
0.004438
0.004382
0.004401
0.004366
0.004315
0.004363
0.004310
0.004385
0.004415
0.004395
0.004336
0.004302
0.004344
0.004298
0.004372
0.004302
0.004366
0.004312
0.004301
0.004355
0.004307
0.004445
0.004428
0.004450
0.004340
0.004407
0.004359
0.004367
0.004372
0.004306
0.004406
0.004314
0.004425
0.004343
0.004340
0.004363
0.004308
0.004488
0.004380
0.004452
0.004439
0.004439
0.004361
0.004341
0.004439
0.004369
0.004498
0.004347
0.004397
0.004318
0.004405
0.004349
0.004359
0.004370
0.004364
0.004382
0.004499
0.004403
0.004324
0.004330
0.004369
0.004304
0.004389
0.004304
0.004399
0.004319
0.004331
0.004375
0.004361
0.004403
0.004310
0.004433
0.004313
0.004395
0.004349
0.004340
0.004436
0.004335
0.004379
0.004326
0.004403
0.004331
0.004347
0.004403
0.004351
0.004392
0.004305
0.004378
0.004316
0.004417
0.004382
0.004320
0.004379
0.004305
0.004382
0.004322
0.004394
0.004330
0.004348
0.004366
0.004299
0.004364
0.004307
0.004403
0.004322
0.004358
0.004367
0.004310
0.004389
0.004306
0.004395
0.004315
0.004350
0.004440
0.004403
0.004486
0.004414
0.004359
0.004316
0.004361
0.004318
0.004342
0.004346
0.004316
0.004349
0.004304
0.004368
0.004316
0.004349
0.004331
0.004299
0.004354
0.004302
0.004360
0.004315
0.004401
0.004312
0.004298
0.004384
0.004305
0.004376
0.004316
0.004366
0.004328
0.004358
0.004364
0.004320
0.004374
0.004323
0.004403
0.004331
0.004389
0.004357
0.004342
0.004413
0.004319
0.004384
0.004424
0.004447
0.004370
0.004368
0.004452
0.004347
0.004374
0.004312
0.004374
0.004315
0.004349
0.004356
0.004318
0.004379
0.004307
0.004369
0.004301
0.004358
0.004322
0.004304
0.004481
0.004403
0.004368
0.004310
0.004370
0.004317
0.004343
0.004559
0.004410
0.004370
0.004294
0.004368
0.004306
0.004356
0.004334
0.004307
0.004363
0.004301
0.004355
0.004307
0.004353
0.004321
0.004308
0.004358
0.004303
0.004357
0.004310
0.004361
0.004317
0.004348
0.004377
0.004388
0.004392
0.004318
0.004375
0.004306
0.004362
0.004343
0.004318
0.004371
0.004305
0.004357
0.004316
0.004366
0.004331
0.004328
0.004352
0.004305
0.004369
0.004304
0.004368
0.004328
0.004499
0.004390
0.004329
0.004454
0.005589
0.006446
0.005827
0.005210
0.005905
0.005095
0.004831
0.004654
0.004649
0.004642
0.004739
0.004703
0.004694
0.004698
0.004592
0.004622
0.004666
0.004618
0.005321
0.005874
0.004595
0.004645
0.004519
0.004489
0.004348
0.004454
0.004493
0.004480
0.004436
0.004378
0.004428
0.004352
0.004405
0.005165
0.004572
0.004560
0.004694
0.004627
0.005771
0.004665
0.004601
0.004442
0.004444
0.004480
0.004468
0.004543
0.004392
0.004501
0.004404
0.004710
0.004432
0.004840
0.004833
0.004574
0.004448
0.004398
0.004657
0.004695
0.004542
0.004427
0.004504
0.004407
0.004521
0.004494
0.004488
0.004472
0.004382
0.004528
0.004367
0.004445
0.004416
0.004496
0.004469
0.004417
0.004516
0.004501
0.004432
0.004425
0.004480
0.004461
0.004537
0.004473
0.004556
0.004424
0.004402
0.004381
0.004461
0.004444
0.004396
0.004497
0.004409
0.004499
0.004423
0.004462
0.004411
0.004376
0.004423
0.004393
0.004551
0.004519
0.004529
0.004417
0.004459
0.004459
0.004373
0.004453
0.004397
0.004465
0.004439
0.004528
0.004426
0.004403
0.004422
0.004359
0.004479
0.004398
0.004487
0.004475
0.004458
0.004443
0.004407
0.004433
0.004358
0.004432
0.004438
0.004494
0.004507
0.004452
0.004474
0.004422
0.004429
0.004389
0.004456
0.004473
0.004494
0.004433
0.004457
0.004337
0.004392
0.004391
0.004372
0.004423
0.004302
0.004531
0.004320
0.004436
0.004351
0.004333
0.004422
0.004316
0.004415
0.004318
0.004400
0.004345
0.004329
0.004499
0.004412
0.004459
0.004329
0.004457
0.004365
0.004422
0.004403
0.004390
0.004493
0.004513
0.004558
0.004415
0.004440
0.004399
0.004455
0.004498
0.004397
0.004442
0.004363
0.004390
0.004389
0.004430
0.004414
0.004381
0.004414
0.004413
0.004421
0.004435
0.004431
0.004339
0.004487
0.004344
0.004450
0.004379
0.004381
0.004408
0.004345
0.004488
0.004367
0.004416
0.004354
0.004396
0.004419
0.004345
0.004353
0.004367
0.004392
0.004323
0.004333
0.004323
0.004301
0.004350
0.004302
0.004337
0.004315
0.004332
0.004319
0.004312
0.004340
0.004301
0.004368
0.004324
0.004313
0.004312
0.004311
0.004347
0.004309
0.004340
0.004320
0.004354
0.004311
0.004322
0.004343
0.004305
0.004404
0.004317
0.004345
0.004316
0.004327
0.004337
0.004306
0.004347
0.004351
0.004374
0.004362
0.004454
0.004356
0.004308
0.004388
0.004300
0.004389
0.004333
0.004429
0.004360
0.004312
0.004357
0.004295
0.004343
0.004307
0.004343
0.004319
0.004346
0.004329
0.004302
0.004341
0.004307
0.004362
0.004317
0.004320
0.004331
0.004327
0.004405
0.004320
0.004335
0.004325
0.004356
0.004334
0.004328
0.004351
0.004298
0.004338
0.004312
0.004513
0.004340
0.004330
0.004355
0.004350
0.004347
0.004308
0.004356
0.004338
0.004322
0.004321
0.004381
0.004356
0.004325
0.004355
0.004334
0.004362
0.004384
0.004375
0.004346
0.004304
0.004413
0.004374
0.004445
0.004472
0.004354
0.004375
0.004357
0.004388
0.004312
0.004428
0.004333
0.004363
0.004346
0.004330
0.004346
0.004314
0.004325
0.004293
0.004344
0.004323
0.004349
0.004340
0.004314
0.004348
0.004314
0.004340
0.004325
0.004334
0.004330
0.004321
0.004340
0.004310
0.004370
0.004329
0.004338
0.004333
0.004319
0.004355
0.004308
0.004342
0.004338
0.004351
0.004328
0.004389
0.004387
0.004321
0.004332
0.004313
0.004348
0.004424
0.004358
0.004330
0.004330
0.004351
0.004306
0.004365
0.004346
0.004330
0.004332
0.004316
0.004342
0.004304
0.004331
0.004315
0.004346
0.004312
0.004314
0.004344
0.004299
0.004334
0.004309
0.004342
0.004319
0.004378
0.004378
0.004327
0.004340
0.004461
0.004528
0.004358
0.004391
0.004348
0.004313
0.004384
0.004308
0.004346
0.004321
0.004334
0.004325
0.004308
0.004443
0.004336
0.004338
0.004312
0.004339
0.004314
0.004321
0.004314
0.004316
0.004339
0.004384
0.004568
0.004348
0.004338
0.004324
0.004312
0.004343
0.004301
0.004515
0.004397
0.004331
0.004324
0.004331
0.004328
0.004286
0.004321
0.004308
0.004338
0.004325
0.004322
0.004317
0.004313
0.004339
0.004307
0.004363
0.004325
0.004323
0.004318
0.004300
0.004337
0.004299
0.004338
0.004316
0.004332
0.004313
0.004308
0.004359
0.004397
0.004368
0.004328
0.004344
0.004315
0.004330
0.004322
0.004292
0.004344
0.004307
0.004358
0.004339
0.004443
0.004339
0.004321
0.004385
0.004317
0.004341
0.004372
0.004351
0.004328
0.004318
0.004372
0.004318
0.004337
0.004308
0.004337
0.004325
0.004319
0.004313
0.004404
0.004375
0.004322
0.004374
0.004324
0.004323
0.004322
0.004325
0.004368
0.004314
0.004351
0.004338
0.004342
0.004324
0.004321
0.004344
0.004301
0.004420
0.004339
0.004359
0.004336
0.004338
0.004320
0.004305
0.004347
0.004337
0.004438
0.004347
0.004355
0.004527
0.004411
0.004401
0.004308
0.004409
0.004318
0.004417
0.004341
0.004361
0.004399
0.004320
0.004393
0.004316
0.004394
0.004339
0.004550
0.004366
0.004356
0.004418
0.004317
0.004416
0.004331
0.004404
0.004335
0.004323
0.004372
0.004300
0.004387
0.004294
0.004415
0.004348
0.004335
0.004372
0.004311
0.004387
0.004373
0.004409
0.004436
0.004410
0.004345
0.004330
0.004404
0.004313
0.004425
0.004327
0.004407
0.004357
0.004376
0.004362
0.004347
0.004398
0.004326
0.004401
0.004317
0.004383
0.004349
0.004306
0.004392
0.004314
0.004406
0.004320
0.004410
0.004436
0.004405
0.004395
0.004316
0.004421
0.004317
0.004407
0.004348
0.004418
0.004350
0.004341
0.004403
0.004319
0.004401
0.004325
0.004408
0.004333
0.004326
0.004384
0.004308
0.004452
0.004318
0.004409
0.004318
0.004384
0.004356
0.004416
0.004437
0.004346
0.004389
0.004338
0.004407
0.004337
0.004397
0.004364
0.004328
0.004389
0.004321
0.004401
0.004331
0.004330
0.004402
0.004322
0.004395
0.004313
0.004453
0.004319
0.004405
0.004332
0.004317
0.004431
0.004325
0.004403
0.004328
0.004413
0.004326
0.004375
0.004352
0.004314
0.004388
0.004320
0.004416
0.004329
0.004371
0.004357
0.004332
0.004488
0.004348
0.004398
0.004325
0.004418
0.004330
0.004325
0.004438
0.004315
0.004383
0.004321
0.004395
0.004321
0.004400
0.004350
0.004323
0.004390
0.004327
0.004392
0.004324
0.004417
0.004332
0.004352
0.004364
0.004318
0.004379
0.004309
0.004409
0.004335
0.004413
0.004368
0.004322
0.004392
0.004323
0.004398
0.004306
0.004418
0.004326
0.004320
0.004379
0.004314
0.004394
0.004325
0.004410
0.004313
0.004386
0.004360
0.004409
0.004409
0.004328
0.004409
0.004327
0.004425
0.004347
0.004345
0.004379
0.004322
0.004405
0.004326
0.004402
0.004352
0.004350
0.004384
0.004331
0.004384
0.004311
0.004417
0.004319
0.004399
0.004344
0.004324
0.004380
0.004316
0.004399
0.004322
0.004416
0.004351
0.004509
0.004396
0.004319
0.004380
0.004325
0.004411
0.004341
0.004420
0.004418
0.004333
0.004392
0.004317
0.004426
0.004318
0.004415
0.004378
0.004335
0.004423
0.004339
0.004415
0.004325
0.004434
0.004343
0.004419
0.004347
0.004325
0.004416
0.004391
0.004481
0.004426
0.004418
0.004417
0.004424
0.004398
0.004331
0.004408
0.004313
0.004457
0.004329
0.004413
0.004489
0.004350
0.004403
0.004315
0.004428
0.004328
0.004413
0.004342
0.004412
0.004374
0.004328
0.004409
0.004322
0.004390
0.004332
0.004425
0.004338
0.004347
0.004395
0.004335
0.004401
0.004402
0.004428
0.004433
0.004413
0.004363
0.004302
0.004438
0.004330
0.004450
0.004336
0.004418
0.004342
0.004373
0.004386
0.004314
0.004401
0.004324
0.004428
0.004345
0.004401
0.004371
0.004320
0.004408
0.004316
0.004409
0.004321
0.004412
0.004367
0.004343
0.004396
0.004335
0.004426
0.004320
0.004413
0.004339
0.004400
0.004347
0.004317
0.004403
0.004322
0.004409
0.004340
0.004409
0.004369
0.004352
0.004364
0.004310
0.004394
0.004324
0.004459
0.004340
0.004379
0.004422
0.004371
0.004390
0.004331
0.004443
0.004338
0.004419
0.004356
0.004363
0.004369
0.004310
0.004392
0.004319
0.004422
0.004336
0.004368
0.004375
0.004312
0.004445
0.004321
0.004423
0.004356
0.004526
0.004410
0.004399
0.004407
0.004324
0.004393
0.004330
0.004430
0.004343
0.004390
0.004372
0.004335
0.004414
0.004310
0.004407
0.004330
0.004435
0.004370
0.004359
0.004479
0.004428
0.004462
0.004371
0.004420
0.004360
0.004462
0.004375
0.004343
0.004406
0.004337
0.004399
0.004324
0.004435
0.004560
0.004501
0.004387
0.004328
0.004420
0.004323
0.004387
0.004352
0.004473
0.004348
0.004370
0.004375
0.004315
0.004423
0.004338
0.004442
0.004346
0.004392
0.004361
0.004335
0.004393
0.004316
0.004379
0.004314
0.004430
0.004347
0.004344
0.004390
0.004326
0.004390
0.004333
0.004429
0.004335
0.004389
0.004374
0.004384
0.004449
0.004410
0.004560
0.004409
0.004455
0.004332
0.004379
0.004370
0.004305
0.004384
0.004300
0.004411
0.004322
0.004398
0.004360
0.004361
0.004406
0.004331
0.004394
0.004328
0.004444
0.004351
0.004370
0.004434
0.004346
0.004413
0.004333
0.004398
0.004349
0.004416
0.004379
0.004355
0.004393
0.004341
0.004392
0.004334
0.004418
0.004348
0.004398
0.004385
0.004315
0.004408
0.004320
0.004416
0.004339
0.004428
0.004416
0.004406
0.004406
0.004329
0.004398
0.004338
0.004531
0.004415
0.004404
0.004381
0.004332
0.004410
0.004321
0.004436
0.004325
0.004418
0.004342
0.004354
0.004377
0.004306
0.004597
0.004377
0.004427
0.004361
0.004447
0.004367
0.004336
0.004403
0.004330
0.004400
0.004320
0.004421
0.004341
0.004364
0.004380
0.004325
0.004412
0.004333
0.004420
0.004422
0.004443
0.004373
0.004386
0.004412
0.004333
0.004437
0.004419
0.004447
0.004353
0.004400
0.004393
0.004328
0.004411
0.004321
0.004437
0.004350
0.004418
0.004342
0.004349
0.004391
0.004328
0.004412
0.004331
0.004417
0.004447
0.004466
0.004376
0.004332
0.004428
0.004339
0.004406
0.004336
0.004433
0.004335
0.004368
0.004391
0.004316
0.004409
0.004324
0.004412
0.004328
0.004408
0.004378
0.004334
0.004395
0.004324
0.004433
0.004337
0.004424
0.004360
0.004362
0.004421
0.004379
0.004439
0.004338
0.004423
0.004356
0.004400
0.004371
0.004323
0.004401
0.004377
0.004389
0.004327
0.004427
0.004348
0.004351
0.004374
0.004408
0.004478
0.004327
0.004411
0.004329
0.004420
0.004393
0.004388
0.004397
0.004319
0.004397
0.004331
0.004432
0.004334
0.004369
0.004385
0.004324
0.004392
0.004314
0.004405
0.004340
0.004405
0.004359
0.004345
0.004398
0.004322
0.004416
0.004338
0.004422
0.004380
0.004427
0.004461
0.004328
0.004403
0.004342
0.004449
0.004355
0.004431
0.004336
0.004357
0.004391
0.004310
0.004412
0.004330
0.004414
0.004346
0.004387
0.004367
0.004312
0.004397
0.004317
0.004481
0.004357
0.004454
0.004351
0.004368
0.004388
0.004323
0.004421
0.004340
0.004438
0.004339
0.004367
0.004367
0.004312
0.004399
0.004326
0.004419
0.004325
0.004398
0.004344
0.004350
0.004392
0.004315
0.004418
0.004345
0.004448
0.004339
0.004452
0.004691
0.005845
0.006342
0.005103
0.004707
0.005897
0.005335
0.004708
0.004522
0.004601
0.004558
0.004581
0.004618
0.004606
0.004703
0.004790
0.004731
0.004566
0.004561
0.004530
0.004532
0.004433
0.004535
0.004367
0.004576
0.004545
0.004498
0.004498
0.004401
0.004413
0.004413
0.004562
0.004506
0.004479
0.004364
0.004475
0.004461
0.004597
0.004897
0.004642
0.004492
0.004449
0.004522
0.004582
0.004552
0.004398
0.004445
0.004521
0.004401
0.004457
0.004350
0.004567
0.004329
0.004449
0.004360
0.004400
0.004409
0.004345
0.004449
0.004323
0.004699
0.004386
0.004479
0.004394
0.004470
0.004510
0.004383
0.004413
0.004353
0.004423
0.004429
0.004440
0.004422
0.004369
0.004371
0.004372
0.004385
0.004520
0.004468
0.004360
0.004453
0.004360
0.004405
0.004423
0.004462
0.004468
0.004490
0.004518
0.004415
0.004437
0.004335
0.004355
0.004352
0.004317
0.004415
0.004315
0.004427
0.004353
0.004344
0.004375
0.004317
0.004421
0.004323
0.004405
0.004343
0.004380
0.004402
0.004323
0.004455
0.004322
0.004451
0.004375
0.004407
0.004433
0.004395
0.004392
0.004463
0.004383
0.004424
0.004469
0.004327
0.004428
0.004400
0.004395
0.004383
0.004336
0.004395
0.004325
0.004427
0.004347
0.004350
0.004403
0.004330
0.004490
0.004330
0.004479
0.004428
0.004450
0.004389
0.004366
0.004406
0.004339
0.004382
0.004364
0.004403
0.004391
0.004423
0.004442
0.004358
0.004385
0.004452
0.004518
0.004463
0.004559
0.004490
0.004452
0.004338
0.004428
0.004347
0.004352
0.004409
0.004311
0.004438
0.004326
0.004383
0.004358
0.004330
0.004410
0.004314
0.004419
0.004321
0.004393
0.004355
0.004558
0.004495
0.004432
0.004444
0.004411
0.004444
0.004465
0.004366
0.004437
0.004364
0.004396
0.004349
0.004378
0.004408
0.004520
0.004524
0.004387
0.004349
0.004396
0.004363
0.004429
0.004383
0.004356
0.004450
0.004328
0.004442
0.004355
0.004377
0.004395
0.004365
0.004453
0.004326
0.004429
0.004351
0.004313
0.004400
0.004325
0.004443
0.004368
0.004400
0.004397
0.004372
0.004439
0.004364
0.004400
0.004375
0.004387
0.004479
0.004500
0.004363
0.004381
0.004348
0.004424
0.004362
0.004395
0.004464
0.004341
0.004434
0.004362
0.004345
0.004396
0.004321
0.004418
0.004326
0.004401
0.004368
0.004367
0.004427
0.004327
0.004474
0.004345
0.004457
