0.000467
0.000433
0.000434
0.000434
0.000435
0.000434
0.000433
0.000434
0.000434
0.000446
0.000426
0.000426
0.000426
0.000426
0.000426
0.000426
0.000426
0.000426
0.000429
0.000437
0.000421
0.000420
0.000420
0.000420
0.000420
0.000420
0.000420
0.000420
0.000432
0.000415
0.000415
0.000416
0.000415
0.000416
0.000415
0.000415
0.000416
0.000419
0.000427
0.000409
0.000409
0.000409
0.000409
0.000408
0.000408
0.000409
0.000409
0.000412
0.000408
0.000408
0.000416
0.000404
0.000404
0.000404
0.000405
0.000404
0.000404
0.000426
0.000409
0.000408
0.000415
0.000424
0.000409
0.000409
0.000441
0.000404
0.000404
0.000428
0.000409
0.000419
0.000404
0.000404
0.000404
0.000404
0.000404
0.000429
0.000423
0.000409
0.000409
0.000417
0.000403
0.000403
0.000404
0.000404
0.000404
0.000420
0.000412
0.000409
0.000409
0.000417
0.000404
0.000410
0.000394
0.000395
0.000419
0.000404
0.000425
0.000408
0.000408
0.000415
0.000404
0.000404
0.000403
0.000403
0.000413
0.000394
0.000425
0.000408
0.000409
0.000414
0.000422
0.000408
0.000408
0.000409
0.000417
0.000424
0.000408
0.000409
0.000418
0.000404
0.000412
0.000395
0.000395
0.000417
0.000404
0.000424
0.000409
0.000409
0.000417
0.000404
0.000404
0.000404
0.000404
0.000405
0.000404
0.000427
0.000409
0.000408
0.000409
0.000418
0.000405
0.000404
0.000405
0.000394
0.000414
0.000407
0.000404
0.000404
0.000404
0.000404
0.000406
0.000394
0.000415
0.000424
0.000411
0.000409
0.000418
0.000404
0.000404
0.000422
0.000408
0.000408
0.000416
0.000404
0.000407
0.000404
0.000403
0.000404
0.000431
0.000404
0.000404
0.000404
0.000405
0.000394
0.000417
0.000403
0.000404
0.000410
0.000394
0.000394
0.000395
0.000394
0.000395
0.000416
0.000424
0.000408
0.000416
0.000412
0.000394
0.000394
0.000395
0.000395
0.000395
0.000395
0.000396
0.000394
0.000394
0.000395
0.000395
0.000394
0.000394
0.000394
0.000394
0.000394
0.000397
0.000395
0.000395
0.000395
0.000412
0.000404
0.000404
0.000404
0.000404
0.000412
0.000397
0.000395
0.000395
0.000395
0.000394
0.000395
0.000395
0.000395
0.000395
0.000395
0.000398
0.000394
0.000394
0.000394
0.000395
0.000395
0.000395
0.000395
0.000394
0.000394
0.000421
0.000404
0.000405
0.000406
0.000395
0.000395
0.000395
0.000395
0.000395
0.000395
0.000398
0.000395
0.000395
0.000395
0.000394
0.000395
0.000394
0.000394
0.000394
0.000394
0.000398
0.000394
0.000395
0.000395
0.000412
0.000404
0.000404
0.000404
0.000414
0.000395
0.000397
0.000394
0.000395
0.000394
0.000395
0.000395
0.000395
0.000395
0.000394
0.000394
0.000396
0.000394
0.000394
0.000394
0.000394
0.000395
0.000395
0.000394
0.000395
0.000395
0.000421
0.000403
0.000403
0.000404
0.000412
0.000395
0.000395
0.000395
0.000394
0.000394
0.000397
0.000394
0.000394
0.000394
0.000395
0.000394
0.000394
0.000394
0.000395
0.000394
0.000394
0.000396
0.000410
0.000404
0.000405
0.000421
0.000408
0.000408
0.000417
0.000404
0.000407
0.000405
0.000404
0.000404
0.000404
0.000414
0.000395
0.000394
0.000395
0.000394
0.000415
0.000404
0.000404
0.000412
0.000394
0.000394
0.000395
0.000395
0.000395
0.000395
0.000434
0.000409
0.000409
0.000425
0.000395
0.000395
0.000395
0.000395
0.000395
0.000395
0.000416
0.000404
0.000404
0.000411
0.000394
0.000394
0.000394
0.000394
0.000395
0.000395
0.000416
0.000404
0.000405
0.000411
0.000395
0.000412
0.000404
0.000404
0.000404
0.000408
0.000418
0.000404
0.000404
0.000408
0.000394
0.000395
0.000395
0.000395
0.000395
0.000395
0.000418
0.000404
0.000404
0.000408
0.000395
0.000395
0.000395
0.000395
0.000394
0.000416
0.000424
0.000408
0.000415
0.000407
0.000395
0.000395
0.000394
0.000395
0.000395
0.000395
0.000421
0.000403
0.000404
0.000407
0.000395
0.000394
0.000394
0.000394
0.000403
0.000394
0.000420
0.000404
0.000404
0.000408
0.000419
0.000404
0.000403
0.000411
0.000394
0.000394
0.000422
0.000404
0.000404
0.000406
0.000395
0.000395
0.000395
0.000395
0.000395
0.000394
0.000426
0.000408
0.000408
0.000416
0.000395
0.000395
0.000395
0.000395
0.000394
0.000422
0.000425
0.000408
0.000415
0.000406
0.000394
0.000394
0.000395
0.000395
0.000394
0.000414
0.000403
0.000403
0.000412
0.000394
0.000395
0.000395
0.000395
0.000395
0.000394
0.000412
0.000403
0.000403
0.000412
0.000394
0.000417
0.000404
0.000404
0.000404
0.000409
0.000398
0.000394
0.000394
0.000395
0.000395
0.000395
0.000394
0.000394
0.000395
0.000395
0.000397
0.000395
0.000394
0.000394
0.000395
0.000395
0.000395
0.000395
0.000395
0.000413
0.000423
0.000408
0.000418
0.000412
0.000394
0.000395
0.000395
0.000394
0.000394
0.000394
0.000397
0.000394
0.000395
0.000394
0.000394
0.000395
0.000394
0.000394
0.000395
0.000395
0.000397
0.000395
0.000395
0.000395
0.000412
0.000404
0.000403
0.000403
0.000409
0.000394
0.000397
0.000394
0.000395
0.000394
0.000395
0.000395
0.000395
0.000395
0.000395
0.000395
0.000395
0.000398
0.000394
0.000395
0.000395
0.000395
0.000395
0.000394
0.000394
0.000419
0.000404
0.000436
0.000404
0.000404
0.000408
0.000395
0.000395
0.000395
0.000395
0.000395
0.000399
0.000395
0.000395
0.000394
0.000394
0.000394
0.000394
0.000394
0.000395
0.000395
0.000394
0.000398
0.000395
0.000395
0.000395
0.000413
0.000403
0.000404
0.000404
0.000403
0.000407
0.000421
0.000404
0.000414
0.000394
0.000395
0.000395
0.000395
0.000395
0.000395
0.000395
0.000422
0.000404
0.000414
0.000395
0.000394
0.000394
0.000394
0.000394
0.000419
0.000425
0.000409
0.000409
0.000423
0.000395
0.000394
0.000394
0.000395
0.000395
0.000394
0.000399
0.000395
0.000395
0.000395
0.000394
0.000394
0.000394
0.000394
0.000395
0.000395
0.000397
0.000395
0.000395
0.000395
0.000410
0.000404
0.000404
0.000404
0.000404
0.000407
0.000396
0.000394
0.000395
0.000395
0.000395
0.000395
0.000395
0.000394
0.000395
0.000395
0.000395
0.000398
0.000395
0.000395
0.000395
0.000395
0.000395
0.000394
0.000394
0.000400
0.000416
0.000407
0.000404
0.000404
0.000403
0.000405
0.000395
0.000394
0.000394
0.000419
0.000404
0.000406
0.000406
0.000395
0.000394
0.000394
0.000395
0.000394
0.000395
0.000394
0.000394
0.000397
0.000395
0.000395
0.000395
0.000419
0.000404
0.000404
0.000407
0.000419
0.000403
0.000416
0.000394
0.000394
0.000395
0.000395
0.000395
0.000395
0.000395
0.000395
0.000394
0.000397
0.000395
0.000395
0.000394
0.000395
0.000395
0.000395
0.000395
0.000418
0.000421
0.000411
0.000415
0.000413
0.000395
0.000395
0.000395
0.000395
0.000395
0.000395
0.000395
0.000397
0.000395
0.000395
0.000395
0.000395
0.000394
0.000394
0.000394
0.000394
0.000395
0.000399
0.000394
0.000395
0.000395
0.000416
0.000404
0.000404
0.000404
0.000412
0.000395
0.000396
0.000394
0.000394
0.000395
0.000395
0.000394
0.000394
0.000394
0.000395
0.000395
0.000397
0.000395
0.000394
0.000394
0.000394
0.000395
0.000394
0.000394
0.000395
0.000411
0.000406
0.000404
0.000404
0.000404
0.000410
0.000395
0.000394
0.000394
0.000394
0.000395
0.000397
0.000395
0.000395
0.000395
0.000395
0.000395
0.000394
0.000394
0.000395
0.000395
0.000397
0.000395
0.000395
0.000395
0.000395
0.000421
0.000404
0.000404
0.000406
0.000395
0.000397
0.000395
0.000395
0.000395
0.000395
0.000395
0.000395
0.000394
0.000394
0.000394
0.000397
0.000395
0.000394
0.000394
0.000394
0.000395
0.000395
0.000395
0.000395
0.000415
0.000406
0.000404
0.000404
0.000413
0.000394
0.000394
0.000394
0.000394
0.000394
0.000394
0.000398
0.000395
0.000394
0.000394
0.000395
0.000395
0.000394
0.000394
0.000394
0.000395
0.000397
0.000394
0.000394
0.000395
0.000395
0.000420
0.000404
0.000404
0.000404
0.000412
0.000398
0.000395
0.000395
0.000395
0.000395
0.000395
0.000395
0.000395
0.000395
0.000395
0.000398
0.000394
0.000394
0.000394
0.000394
0.000395
0.000395
0.000395
0.000395
0.000411
0.000407
0.000404
0.000403
0.000408
0.000394
0.000395
0.000394
0.000394
0.000395
0.000394
0.000399
0.000395
0.000395
0.000395
0.000395
0.000395
0.000395
0.000395
0.000395
0.000395
0.000395
0.000397
0.000394
0.000394
0.000411
0.000404
0.000404
0.000404
0.000413
0.000395
0.000398
0.000395
0.000394
0.000394
0.000394
0.000395
0.000395
0.000395
0.000394
0.000394
0.000395
0.000398
0.000395
0.000395
0.000395
0.000395
0.000395
0.000395
0.000395
0.000395
0.000416
0.000408
0.000404
0.000404
0.000412
0.000395
0.000394
0.000394
0.000394
0.000395
0.000394
0.000396
0.000394
0.000394
0.000395
0.000395
0.000395
0.000395
0.000395
0.000395
0.000394
0.000397
0.000395
0.000395
0.000395
0.000412
0.000404
0.000404
0.000404
0.000404
0.000411
0.000397
0.000394
0.000394
0.000394
0.000395
0.000395
0.000394
0.000394
0.000395
0.000395
0.000396
0.000395
0.000394
0.000394
0.000395
0.000395
0.000395
0.000395
0.000395
0.000394
0.000421
0.000404
0.000404
0.000406
0.000395
0.000395
0.000395
0.000395
0.000395
0.000394
0.000396
0.000395
0.000394
0.000394
0.000394
0.000394
0.000395
0.000395
0.000395
0.000395
0.000397
0.000395
0.000395
0.000395
0.000414
0.000405
0.000405
0.000404
0.000413
0.000395
0.000397
0.000394
0.000394
0.000395
0.000394
0.000395
0.000394
0.000395
0.000395
0.000395
0.000397
0.000394
0.000395
0.000395
0.000395
0.000395
0.000414
0.000405
0.000405
0.000421
0.000438
0.000408
0.000417
0.000413
0.000395
0.000395
0.000395
0.000394
0.000395
0.000395
0.000417
0.000404
0.000403
0.000409
0.000395
0.000395
0.000395
0.000395
0.000395
0.000395
0.000397
0.000395
0.000395
0.000395
0.000395
0.000419
0.000404
0.000404
0.000404
0.000407
0.000397
0.000395
0.000394
0.000394
0.000395
0.000395
0.000395
0.000394
0.000394
0.000395
0.000397
0.000395
0.000395
0.000395
0.000395
0.000395
0.000395
0.000395
0.000395
0.000395
0.000419
0.000404
0.000404
0.000405
0.000404
0.000406
0.000395
0.000394
0.000394
0.000394
0.000397
0.000394
0.000395
0.000395
0.000395
0.000395
0.000394
0.000395
0.000394
0.000395
0.000397
0.000395
0.000395
0.000395
0.000395
0.000416
0.000405
0.000404
0.000411
0.000395
0.000417
0.000404
0.000404
0.000411
0.000394
0.000394
0.000394
0.000394
0.000395
0.000395
0.000398
0.000395
0.000395
0.000395
0.000395
0.000395
0.000395
0.000394
0.000394
0.000413
0.000423
0.000409
0.000418
0.000414
0.000395
0.000395
0.000394
0.000394
0.000395
0.000394
0.000397
0.000395
0.000394
0.000394
0.000395
0.000395
0.000395
0.000395
0.000395
0.000395
0.000396
0.000395
0.000394
0.000394
0.000395
0.000419
0.000404
0.000404
0.000404
0.000412
0.000397
0.000395
0.000395
0.000395
0.000395
0.000394
0.000394
0.000394
0.000395
0.000395
0.000397
0.000394
0.000395
0.000394
0.000395
0.000395
0.000395
0.000395
0.000395
0.000395
0.000422
0.000403
0.000404
0.000406
0.000394
0.000395
0.000394
0.000394
0.000394
0.000394
0.000397
0.000420
0.000404
0.000404
0.000405
0.000395
0.000394
0.000394
0.000394
0.000395
0.000398
0.000395
0.000394
0.000395
0.000412
0.000404
0.000403
0.000404
0.000412
0.000395
0.000398
0.000395
0.000394
0.000394
0.000394
0.000394
0.000395
0.000395
0.000394
0.000395
0.000395
0.000398
0.000394
0.000394
0.000394
0.000394
0.000394
0.000395
0.000396
0.000394
0.000417
0.000408
0.000404
0.000405
0.000412
0.000395
0.000395
0.000395
0.000395
0.000395
0.000395
0.000397
0.000394
0.000394
0.000394
0.000394
0.000395
0.000394
0.000394
0.000395
0.000395
0.000398
0.000395
0.000394
0.000394
0.000412
0.000404
0.000404
0.000404
0.000404
0.000411
0.000397
0.000394
0.000395
0.000395
0.000395
0.000395
0.000395
0.000395
0.000394
0.000394
0.000398
0.000395
0.000394
0.000394
0.000394
0.000394
0.000394
0.000395
0.000394
0.000394
0.000423
0.000404
0.000404
0.000405
0.000395
0.000394
0.000394
0.000395
0.000395
0.000395
0.000397
0.000394
0.000394
0.000394
0.000395
0.000395
0.000395
0.000395
0.000394
0.000394
0.000397
0.000394
0.000394
0.000395
0.000416
0.000404
0.000404
0.000404
0.000414
0.000395
0.000397
0.000394
0.000394
0.000395
0.000395
0.000395
0.000395
0.000395
0.000394
0.000394
0.000396
0.000394
0.000394
0.000395
0.000395
0.000395
0.000395
0.000395
0.000395
0.000412
0.000407
0.000404
0.000404
0.000403
0.000412
0.000395
0.000395
0.000395
0.000395
0.000395
0.000397
0.000394
0.000394
0.000395
0.000395
0.000394
0.000395
0.000394
0.000394
0.000395
0.000413
0.000443
0.000415
0.000415
0.000448
0.000404
0.000404
0.000413
0.000395
0.000394
0.000422
0.000409
0.000409
0.000409
0.000394
0.000395
0.000394
0.000394
0.000394
0.000395
0.000398
0.000394
0.000394
0.000395
0.000395
0.000395
0.000395
0.000395
0.000395
0.000417
0.000407
0.000404
0.000404
0.000409
0.000395
0.000394
0.000394
0.000394
0.000394
0.000394
0.000419
0.000404
0.000404
0.000408
0.000395
0.000394
0.000394
0.000394
0.000394
0.000394
0.000418
0.000403
0.000404
0.000408
0.000416
0.000404
0.000404
0.000404
0.000414
0.000395
0.000421
0.000403
0.000404
0.000406
0.000395
0.000394
0.000395
0.000394
0.000394
0.000395
0.000397
0.000394
0.000394
0.000394
0.000395
0.000395
0.000395
0.000394
0.000395
0.000412
0.000406
0.000405
0.000404
0.000404
0.000411
0.000395
0.000395
0.000395
0.000395
0.000394
0.000397
0.000395
0.000395
0.000395
0.000395
0.000394
0.000394
0.000394
0.000394
0.000395
0.000396
0.000394
0.000394
0.000394
0.000395
0.000419
0.000404
0.000404
0.000406
0.000395
0.000397
0.000395
0.000394
0.000394
0.000394
0.000394
0.000395
0.000395
0.000395
0.000394
0.000397
0.000395
0.000395
0.000395
0.000395
0.000394
0.000394
0.000394
0.000395
0.000416
0.000406
0.000404
0.000404
0.000415
0.000395
0.000395
0.000395
0.000395
0.000395
0.000395
0.000397
0.000395
0.000395
0.000394
0.000394
0.000395
0.000394
0.000394
0.000394
0.000394
0.000397
0.000394
0.000395
0.000395
0.000412
0.000404
0.000404
0.000404
0.000405
0.000413
0.000432
0.000404
0.000404
0.000411
0.000395
0.000395
0.000395
0.000394
0.000394
0.000394
0.000397
0.000395
0.000395
0.000395
0.000395
0.000395
0.000395
0.000395
0.000395
0.000395
0.000422
0.000404
0.000404
0.000406
0.000394
0.000395
0.000395
0.000395
0.000395
0.000395
0.000396
0.000395
0.000394
0.000394
0.000395
0.000395
0.000395
0.000395
0.000395
0.000395
0.000414
0.000404
0.000404
0.000414
0.000414
0.000404
0.000404
0.000404
0.000412
0.000395
0.000398
0.000394
0.000411
0.000404
0.000405
0.000404
0.000408
0.000395
0.000395
0.000395
0.000417
0.000404
0.000404
0.000409
0.000395
0.000395
0.000395
0.000395
0.000395
0.000413
0.000406
0.000404
0.000404
0.000403
0.000408
0.000395
0.000395
0.000395
0.000395
0.000395
0.000397
0.000395
0.000394
0.000394
0.000395
0.000394
0.000394
0.000394
0.000395
0.000395
0.000398
0.000395
0.000395
0.000395
0.000414
0.000403
0.000404
0.000412
0.000395
0.000395
0.000397
0.000395
0.000395
0.000395
0.000395
0.000395
0.000395
0.000395
0.000395
0.000395
0.000398
0.000395
0.000395
0.000394
0.000395
0.000395
0.000395
0.000394
0.000394
0.000413
0.000409
0.000404
0.000404
0.000410
0.000395
0.000395
0.000395
0.000395
0.000395
0.000394
0.000399
0.000394
0.000394
0.000395
0.000394
0.000394
0.000395
0.000395
0.000395
0.000395
0.000398
0.000394
0.000394
0.000425
0.000395
0.000418
0.000404
0.000404
0.000405
0.000408
0.000398
0.000394
0.000394
0.000395
0.000394
0.000394
0.000394
0.000395
0.000395
0.000395
0.000398
0.000395
0.000395
0.000394
0.000394
0.000394
0.000394
0.000395
0.000395
0.000395
0.000419
0.000403
0.000405
0.000404
0.000404
0.000406
0.000394
0.000394
0.000394
0.000395
0.000397
0.000394
0.000394
0.000395
0.000394
0.000395
0.000394
0.000395
0.000395
0.000394
0.000394
0.000396
0.000394
0.000394
0.000394
0.000415
0.000404
0.000404
0.000411
0.000395
0.000395
0.000397
0.000395
0.000395
0.000395
0.000395
0.000395
0.000394
0.000394
0.000395
0.000395
0.000397
0.000394
0.000394
0.000394
0.000394
0.000394
0.000395
0.000394
0.000394
0.000418
0.000407
0.000404
0.000404
0.000409
0.000395
0.000395
0.000395
0.000395
0.000394
0.000394
0.000396
0.000395
0.000395
0.000395
0.000395
0.000395
0.000395
0.000395
0.000395
0.000395
0.000397
0.000395
0.000394
0.000395
0.000415
0.000404
0.000405
0.000404
0.000404
0.000409
0.000397
0.000395
0.000395
0.000395
0.000394
0.000394
0.000394
0.000394
0.000395
0.000395
0.000397
0.000394
0.000395
0.000395
0.000394
0.000394
0.000395
0.000394
0.000394
0.000415
0.000406
0.000404
0.000411
0.000395
0.000394
0.000395
0.000395
0.000395
0.000394
0.000394
0.000398
0.000395
0.000395
0.000395
0.000395
0.000395
0.000395
0.000395
0.000394
0.000394
0.000397
0.000394
0.000395
0.000395
0.000414
0.000404
0.000404
0.000404
0.000410
0.000395
0.000397
0.000394
0.000394
0.000394
0.000395
0.000395
0.000395
0.000394
0.000395
0.000394
0.000398
0.000395
0.000395
0.000395
0.000395
0.000394
0.000394
0.000394
0.000394
0.000395
0.000423
0.000404
0.000403
0.000404
0.000409
0.000395
0.000395
0.000394
0.000395
0.000394
0.000396
0.000394
0.000394
0.000395
0.000395
0.000394
0.000395
0.000395
0.000394
0.000394
0.000397
0.000394
0.000395
0.000394
0.000395
0.000415
0.000405
0.000404
0.000405
0.000404
0.000410
0.000394
0.000395
0.000394
0.000395
0.000394
0.000394
0.000394
0.000394
0.000394
0.000399
0.000395
0.000395
0.000395
0.000395
0.000395
0.000395
0.000395
0.000395
0.000394
0.000415
0.000406
0.000404
0.000413
0.000394
0.000395
0.000395
0.000395
0.000394
0.000394
0.000395
0.000398
0.000395
0.000395
0.000395
0.000394
0.000395
0.000395
0.000394
0.000394
0.000394
0.000396
0.000394
0.000414
0.000407
0.000419
0.000404
0.000405
0.000404
0.000409
0.000395
0.000396
0.000395
0.000395
0.000394
0.000394
0.000394
0.000394
0.000394
0.000395
0.000395
0.000397
0.000394
0.000394
0.000394
0.000394
0.000395
0.000395
0.000395
0.000395
0.000415
0.000406
0.000404
0.000404
0.000404
0.000409
0.000395
0.000394
0.000394
0.000394
0.000394
0.000397
0.000394
0.000394
0.000394
0.000395
0.000394
0.000394
0.000395
0.000395
0.000395
0.000399
0.000395
0.000395
0.000395
0.000412
0.000404
0.000404
0.000413
0.000394
0.000394
0.000397
0.000395
0.000395
0.000395
0.000395
0.000394
0.000394
0.000395
0.000394
0.000394
0.000396
0.000395
0.000395
0.000395
0.000395
0.000395
0.000395
0.000395
0.000395
0.000415
0.000407
0.000403
0.000404
0.000411
0.000395
0.000395
0.000395
0.000396
0.000394
0.000394
0.000403
0.000394
0.000394
0.000394
0.000395
0.000395
0.000394
0.000395
0.000395
0.000394
0.000398
0.000394
0.000394
0.000395
0.000411
0.000404
0.000405
0.000404
0.000404
0.000410
0.000397
0.000395
0.000395
0.000395
0.000395
0.000395
0.000395
0.000395
0.000395
0.000394
0.000396
0.000395
0.000395
0.000395
0.000395
0.000395
0.000395
0.000395
0.000395
0.000413
0.000406
0.000403
0.000412
0.000394
0.000394
0.000394
0.000395
0.000395
0.000395
0.000395
0.000397
0.000394
