0.017800
0.014448
0.013068
0.012639
0.012376
0.012444
0.012288
0.012125
0.012011
0.011959
0.012023
0.011912
0.011878
0.011823
0.011799
0.011801
0.011918
0.011789
0.011759
0.011744
0.011741
0.011974
0.011829
0.011800
0.011861
0.011750
0.011710
0.012033
0.011751
0.011756
0.011706
0.011900
0.011784
0.011817
0.011791
0.011713
0.011714
0.011700
0.012039
0.011714
0.011689
0.011691
0.011992
0.012004
0.011945
0.011699
0.011794
0.011719
0.011689
0.011685
0.011689
0.011785
0.011698
0.011682
0.011688
0.011697
0.011683
0.011665
0.011683
0.011695
0.011669
0.011687
0.011709
0.011687
0.011694
0.011699
0.011689
0.011661
0.011879
0.011715
0.011752
0.011654
0.011724
0.011755
0.011684
0.011658
0.011781
0.011876
0.011781
0.011809
0.011847
0.011884
0.011939
0.011758
0.011793
0.011763
0.011677
0.011677
0.011669
0.011779
0.011699
0.011674
0.011682
0.011715
0.011703
0.011683
0.011664
0.011693
0.011674
0.011692
0.011679
0.011662
0.011691
0.011876
0.011708
0.011668
0.011692
0.011660
0.011685
0.011659
0.011671
0.011687
0.011655
0.011684
0.011686
0.011686
0.011813
0.011737
0.011640
0.011693
0.011763
0.011672
0.011671
0.011704
0.011680
0.011675
0.011681
0.011664
0.011660
0.011663
0.011656
0.011684
0.011671
0.011841
0.011844
0.011684
0.011649
0.011680
0.011768
0.011655
0.011777
0.011716
0.012443
0.011722
0.011656
0.011691
0.011675
0.011832
0.011799
0.011806
0.011796
0.011853
0.011858
0.011790
0.011849
0.011872
0.011826
0.011853
0.011823
0.011795
0.011780
0.011790
0.011776
0.011861
0.011809
0.011805
0.011813
0.011785
0.011835
0.011848
0.011793
0.011803
0.011878
0.011855
0.011851
0.011807
0.011753
0.012122
0.011791
0.011927
0.011956
0.011840
0.011825
0.011792
0.011847
0.011824
0.011821
0.011787
0.011779
0.011799
0.012031
0.011809
0.011819
0.011774
0.011769
0.011814
0.011830
0.011788
0.012081
0.011848
0.011812
0.011987
0.011854
0.011831
0.011774
0.011755
0.011836
0.011950
0.011804
0.012045
0.011853
0.011827
0.012009
0.011780
0.011776
0.011796
0.011802
0.011866
0.011786
0.011787
0.012044
0.011773
0.011814
0.011827
0.011827
0.011801
0.011769
0.012585
0.011837
0.011785
0.011792
0.011790
0.011912
0.011901
0.011819
0.011829
0.011812
0.011825
0.011880
0.011839
0.011824
0.011927
0.011814
0.011818
0.011802
0.011775
0.011795
0.011779
0.011772
0.011893
0.011823
0.011923
0.011790
0.011762
0.011825
0.011913
0.011800
0.011832
0.011882
0.011799
0.011846
0.011770
0.011819
0.011793
0.011770
0.011818
0.011946
0.011787
0.011782
0.011764
0.011762
0.011843
0.011793
0.011800
0.011810
0.011810
0.011888
0.011890
0.011805
0.011784
0.011790
0.011757
0.011840
0.011844
0.011812
0.011973
0.011835
0.011834
0.011820
0.011774
0.011770
0.011802
0.011792
0.012038
0.011792
0.011805
0.011772
0.011784
0.011813
0.011829
0.011812
0.011836
0.011758
0.011895
0.011872
0.011785
0.011826
0.011789
0.011829
0.011827
0.011857
0.011817
0.012539
0.011795
0.011826
0.011846
0.011825
0.011855
0.011794
0.011872
0.011907
0.011815
0.011785
0.011795
0.011780
0.011894
0.011827
0.011806
0.011852
0.011765
0.011781
0.011847
0.011785
0.011824
0.011777
0.011772
0.011818
0.011852
0.011793
0.011781
0.011776
0.011784
0.011909
0.011802
0.011807
0.011811
0.011786
0.012239
0.011824
0.011984
0.011886
0.011799
0.011821
0.011843
0.011761
0.011788
0.011766
0.011763
0.011859
0.011898
0.011808
0.011781
0.011836
0.011908
0.011830
0.011775
0.012064
0.011825
0.011820
0.011852
0.011917
0.011824
0.011793
0.011768
0.011847
0.011805
0.011849
0.011775
0.011774
0.012105
0.011915
0.011908
0.011810
0.011769
0.011815
0.011878
0.012893
0.015178
0.014637
0.012944
0.012646
0.012681
0.012437
0.012604
0.012667
0.012220
0.013057
0.012167
0.011967
0.011938
0.012812
0.012547
0.012501
0.012249
0.012403
0.012332
0.012138
0.012686
0.012260
0.012302
0.012129
0.012093
0.012122
0.012150
0.011952
0.012011
0.012223
0.012199
0.012147
0.012067
0.011987
0.012266
0.011945
0.011969
0.012151
0.012207
0.012189
0.012008
0.012026
0.011993
0.011988
0.012054
0.012080
0.012083
0.012080
0.011980
0.012103
0.011977
0.011961
0.011979
0.012032
0.012124
0.012051
0.011847
0.011812
0.011779
0.011899
0.012111
0.011806
0.011836
0.011786
0.011891
0.012003
0.011811
0.011801
0.011784
0.011814
0.011886
0.011862
0.011803
0.011789
0.011781
0.011862
0.011817
0.011788
0.011812
0.011809
0.011795
0.011875
0.011785
0.011925
0.011774
0.011776
0.011819
0.011854
0.011812
0.011816
0.011780
0.011798
0.011853
0.012578
0.011822
0.011786
0.011844
0.011887
0.011769
0.011799
0.011786
0.011778
0.011841
0.011854
0.011833
0.011809
0.011771
0.011804
0.011843
0.011787
0.012101
0.011833
0.011774
0.011925
0.011874
0.011798
0.011790
0.011790
0.011805
0.011817
0.011798
0.011846
0.011782
0.011775
0.011876
0.011788
0.011785
0.011795
0.012355
0.011909
0.011885
0.011854
0.011815
0.011845
0.011869
0.011808
0.011832
0.011811
0.011833
0.011796
0.011864
0.011786
0.011779
0.011777
0.011781
0.011876
0.011881
0.012121
0.011792
0.011938
0.011796
0.011868
0.011776
0.011788
0.011762
0.011818
0.011893
0.011795
0.011808
0.011763
0.012201
0.011826
0.011981
0.011807
0.011840
0.011785
0.011766
0.011860
0.011788
0.011775
0.011791
0.011755
0.011838
0.011878
0.011786
0.011789
0.011776
0.011778
0.012606
0.011876
0.011929
0.011821
0.011833
0.011852
0.011787
0.011793
0.011796
0.011776
0.011846
0.011884
0.011783
0.011783
0.011783
0.011781
0.011844
0.011786
0.011824
0.011845
0.011761
0.011864
0.011942
0.011804
0.011791
0.011794
0.011783
0.011888
0.011816
0.011802
0.011787
0.011786
0.011830
0.011812
0.011782
0.011856
0.011924
0.011782
0.011871
0.012199
0.011840
0.011804
0.011815
0.011809
0.011938
0.011857
0.011857
0.011810
0.011846
0.011919
0.011832
0.011797
0.011792
0.011984
0.011922
0.011919
0.011933
0.011799
0.011816
0.011794
0.011835
0.011814
0.011913
0.011893
0.011801
0.011846
0.011785
0.011783
0.011774
0.011784
0.011962
0.011849
0.011792
0.011818
0.011842
0.011781
0.011864
0.011773
0.011815
0.011798
0.011790
0.011810
0.011846
0.011806
0.011789
0.012538
0.011926
0.012017
0.011854
0.011920
0.011830
0.011827
0.011815
0.011785
0.011800
0.011884
0.011797
0.011860
0.011817
0.011792
0.011768
0.011793
0.011790
0.011850
0.011833
0.011818
0.011771
0.011786
0.011847
0.011805
0.011776
0.011804
0.011811
0.011818
0.011829
0.011785
0.011810
0.011761
0.011753
0.011968
0.012178
0.011922
0.011819
0.011785
0.011845
0.011786
0.011794
0.011793
0.011777
0.011807
0.011876
0.011812
0.011784
0.011766
0.011804
0.011831
0.012067
0.011811
0.011830
0.011879
0.011909
0.011960
0.011823
0.011780
0.011783
0.011773
0.011862
0.011866
0.011793
0.011780
0.011772
0.011869
0.012085
0.011931
0.011844
0.011875
0.011888
0.011878
0.011803
0.011780
0.011762
0.011755
0.011834
0.011862
0.011799
0.011777
0.011763
0.011771
0.011826
0.011804
0.012480
0.011906
0.011873
0.011959
0.011792
0.011788
0.011772
0.011782
0.011801
0.011833
0.011833
0.011776
0.011779
0.011749
0.011840
0.011794
0.011771
0.011789
0.011830
0.011815
0.011941
0.011871
0.011795
0.011835
0.011762
0.011847
0.011814
0.011839
0.011800
0.011766
0.011812
0.011814
0.011785
0.011785
0.011781
0.011797
0.011929
0.011793
0.011904
0.011806
0.011783
0.011808
0.011814
0.011812
0.011895
0.011831
0.011783
0.011878
0.011805
0.011790
0.011743
0.011795
0.011857
0.011831
0.011806
0.012036
0.011800
0.011773
0.011941
0.011798
0.011859
0.011766
0.011795
0.011830
0.011814
0.011781
0.011761
0.011767
0.011771
0.011921
0.011781
0.013395
0.014882
0.013668
0.012796
0.012968
0.012707
0.013235
0.012731
0.012779
0.012604
0.012299
0.012609
0.012256
0.013188
0.012771
0.012798
0.012357
0.012284
0.012115
0.012029
0.012071
0.012103
0.011988
0.012043
0.012062
0.012032
0.012079
0.012002
0.012023
0.011925
0.012076
0.011871
0.011799
0.011758
0.011791
0.011838
0.011913
0.011845
0.011772
0.011841
0.012079
0.012044
0.011984
0.012061
0.012009
0.012148
0.012097
0.012168
0.012052
0.011949
0.012016
0.011993
0.011844
0.012547
0.012255
0.012277
0.011989
0.011833
0.011893
0.011878
0.011897
0.011925
0.011821
0.012166
0.012170
0.012112
0.012062
0.011797
0.011883
0.011693
0.011677
0.011773
0.011697
0.011682
0.011679
0.011657
0.011661
0.011797
0.011673
0.011879
0.011769
0.011728
0.011681
0.011671
0.011669
0.011682
0.011644
0.011663
0.011665
0.011663
0.011666
0.011662
0.011648
0.011663
0.011666
0.011648
0.011666
0.012311
0.011758
0.011695
0.011643
0.011760
0.011681
0.011670
0.011665
0.011786
0.011699
0.011659
0.011737
0.011649
0.011660
0.011916
0.011910
0.011859
0.011940
0.011875
0.011992
0.011939
0.011820
0.011777
0.011824
0.011814
0.011862
0.011895
0.011805
0.011776
0.011771
0.011837
0.011832
0.011766
0.011781
0.011819
0.011814
0.011863
0.011787
0.011783
0.011781
0.011811
0.011835
0.011895
0.011800
0.011782
0.011769
0.011806
0.011802
0.011824
0.011789
0.011823
0.011841
0.011863
0.011808
0.011944
0.011798
0.011820
0.011824
0.011858
0.011813
0.011822
0.011900
0.011786
0.011856
0.011799
0.011809
0.011759
0.011784
0.011867
0.011803
0.011814
0.011803
0.011890
0.011774
0.011850
0.011816
0.011791
0.011802
0.011775
0.011832
0.011912
0.011813
0.011780
0.011786
0.011870
0.011913
0.012488
0.011842
0.011763
0.011708
0.011671
0.011774
0.011707
0.011694
0.011714
0.011681
0.011650
0.011673
0.011659
0.011673
0.011668
0.011665
0.011666
0.011688
0.011671
0.011654
0.011664
0.011685
0.011660
0.011738
0.011682
0.011690
0.011651
0.011777
0.011650
0.011672
0.011683
0.011653
0.011770
0.011681
0.011673
0.012062
0.011699
0.011670
0.011660
0.011665
0.011659
0.011705
0.011707
0.011685
0.011677
0.011676
0.011670
0.011754
0.011652
0.011979
0.011696
0.011690
0.011685
0.011801
0.011746
0.011652
0.011679
0.011676
0.011687
0.011682
0.011695
0.011657
0.011764
0.011667
0.011803
0.011677
0.011668
0.011649
0.012005
0.011675
0.011699
0.011652
0.011649
0.011650
0.011653
0.011652
0.011715
0.011686
0.011654
0.011650
0.011668
0.011656
0.011663
0.011656
0.011658
0.011676
0.012402
0.011661
0.011652
0.011657
0.011636
0.011652
0.011912
0.011736
0.011688
0.011665
0.011653
0.011666
0.011658
0.011655
0.011686
0.011674
0.011706
0.011687
0.011767
0.011687
0.011661
0.011649
0.011671
0.011754
0.011688
0.011705
0.011675
0.011643
0.011649
0.011677
0.011610
0.011659
0.011664
0.011685
0.011663
0.011654
0.011681
0.011641
0.011641
0.011644
0.011652
0.011675
0.011719
0.011666
0.011657
0.011682
0.011662
0.011661
0.011667
0.011650
0.011849
0.011669
0.011760
0.011727
0.011643
0.011669
0.011644
0.011676
0.011692
0.011758
0.011700
0.011704
0.011723
0.011676
0.011772
0.011666
0.011669
0.011672
0.011695
0.011638
0.011765
0.011689
0.011721
0.011679
0.011667
0.011655
0.011692
0.011693
0.011667
0.011664
0.011692
0.011660
0.011635
0.011667
0.011674
0.011689
0.012391
0.011669
0.011665
0.011662
0.011631
0.011754
0.011643
0.011686
0.011790
0.011668
0.011680
0.011680
0.011652
0.011640
0.011725
0.011842
0.011712
0.011678
0.011663
0.011657
0.011666
0.011659
0.011669
0.011665
0.011686
0.011649
0.011682
0.011667
0.011660
0.011671
0.011782
0.011741
0.011672
0.011685
0.011688
0.011924
0.011762
0.011672
0.011663
0.011672
0.011907
0.011764
0.011689
0.011709
0.011686
0.011656
0.011758
0.011665
0.011672
0.011962
0.011668
0.011659
0.011813
0.011672
0.011754
0.011668
0.011659
0.011678
0.011682
0.011667
0.011661
0.011693
0.011640
0.011800
0.011653
0.011755
0.011684
0.011660
0.012888
0.014716
0.014340
0.013259
0.012771
0.012867
0.012760
0.013182
0.013002
0.012900
0.012442
0.012391
0.012812
0.012500
0.013241
0.012905
0.013478
0.012591
0.012606
0.012395
0.012335
0.012388
0.012326
0.012257
0.012360
0.012396
0.012256
0.012307
0.012345
0.012543
0.012193
0.011892
0.012010
0.011848
0.011811
0.011814
0.011772
0.011770
0.011998
0.011799
0.011808
0.011778
0.011804
0.011844
0.011834
0.011780
0.011941
0.011824
0.011818
0.011831
0.011778
0.011794
0.011760
0.011782
0.011824
0.011852
0.011795
0.011781
0.011787
0.011803
0.011874
0.011794
0.011798
0.012115
0.011785
0.011909
0.011944
0.011792
0.011882
0.011782
0.011819
0.011860
0.011819
0.011833
0.011789
0.011771
0.011884
0.011795
0.011788
0.011805
0.011806
0.011913
0.011851
0.011793
0.011979
0.011843
0.011803
0.011839
0.011793
0.011894
0.011805
0.011789
0.011834
0.011829
0.011812
0.011793
0.011788
0.011924
0.011932
0.011888
0.012455
0.011993
0.011905
0.011874
0.011844
0.011845
0.011860
0.011827
0.011847
0.011804
0.011794
0.012171
0.011824
0.011837
0.011899
0.011805
0.011807
0.011744
0.011773
0.011862
0.011789
0.011789
0.011827
0.011795
0.011815
0.011880
0.011794
0.011783
0.011787
0.011908
0.011958
0.011820
0.011802
0.011792
0.011831
0.012021
0.012022
0.011846
0.011801
0.011797
0.011824
0.011836
0.011788
0.011784
0.011785
0.011871
0.012081
0.011814
0.011819
0.011811
0.011887
0.011872
0.011813
0.011790
0.011808
0.011790
0.011840
0.011975
0.011800
0.011778
0.011782
0.011903
0.011909
0.011854
0.011821
0.011820
0.011774
0.011812
0.012189
0.011800
0.011799
0.011774
0.011786
0.011890
0.011805
0.011788
0.011763
0.011771
0.011813
0.011814
0.011824
0.011904
0.011820
0.011789
0.011874
0.011749
0.012547
0.011805
0.011771
0.011843
0.011875
0.011834
0.011782
0.011764
0.011795
0.011864
0.011834
0.011888
0.011812
0.011802
0.011931
0.011891
0.011785
0.011792
0.011782
0.011825
0.011844
0.011815
0.011898
0.011770
0.011771
0.011839
0.011800
0.011781
0.011832
0.011812
0.011821
0.011859
0.011791
0.011809
0.011772
0.011772
0.011853
0.011795
0.011838
0.011770
0.011786
0.011792
0.011840
0.011781
0.011814
0.011770
0.011827
0.011900
0.011788
0.011965
0.011821
0.011792
0.011864
0.011772
0.011882
0.012211
0.011809
0.011882
0.011862
0.011811
0.011799
0.011772
0.011837
0.011937
0.011806
0.011825
0.011762
0.011867
0.011939
0.011847
0.011769
0.011834
0.011772
0.011777
0.011862
0.011803
0.011808
0.011771
0.011759
0.011866
0.011993
0.011781
0.011802
0.011781
0.011773
0.012599
0.011791
0.011792
0.011809
0.011803
0.011888
0.011796
0.011794
0.011768
0.011759
0.011849
0.011812
0.011930
0.011914
0.011754
0.011784
0.011822
0.011793
0.011797
0.011785
0.011820
0.011838
0.011824
0.011789
0.011793
0.011759
0.011805
0.011906
0.011842
0.011849
0.011789
0.011763
0.011832
0.011776
0.011812
0.012207
0.011786
0.011836
0.011858
0.011810
0.011793
0.011767
0.011759
0.011815
0.011823
0.012055
0.011994
0.011791
0.011930
0.011860
0.011787
0.011909
0.011757
0.011805
0.011897
0.011808
0.011785
0.011774
0.011757
0.011951
0.011835
0.011796
0.011857
0.011781
0.011794
0.011863
0.011785
0.012113
0.011789
0.011766
0.011956
0.011854
0.011783
0.011792
0.011769
0.011803
0.011837
0.011810
0.011782
0.011873
0.011806
0.011863
0.011814
0.011767
0.011790
0.012520
0.011834
0.011875
0.011837
0.011796
0.011789
0.011787
0.011819
0.011794
0.011800
0.011761
0.011818
0.011851
0.011856
0.011922
0.011790
0.011777
0.011823
0.011809
0.011788
0.011896
0.011783
0.011791
0.011832
0.011786
0.011791
0.011782
0.011782
0.011822
0.011864
0.011812
0.011798
0.011789
0.011765
0.011814
0.011812
0.011837
0.011841
0.011830
0.011828
0.011930
0.011804
0.011834
0.011809
0.011830
0.011914
0.011829
0.011848
0.011982
0.011795
0.011821
0.011871
0.011817
0.011841
0.011792
0.011804
0.011846
0.011803
0.011816
0.011771
0.011767
0.011790
0.011928
0.011823
0.014082
0.014462
0.014165
0.013185
0.012818
0.012902
0.012768
0.012823
0.013049
0.012644
0.012316
0.012251
0.012165
0.012770
0.012963
0.012656
0.012424
0.012598
0.012400
0.013062
0.012607
0.012470
0.012365
0.012195
0.012214
0.012149
0.011812
0.011886
0.011919
0.011942
0.012024
0.012026
0.011990
0.011999
0.011945
0.011923
0.011880
0.011868
0.012140
0.012003
0.011855
0.011860
0.011927
0.011916
0.011819
0.011957
0.012035
0.011942
0.011949
0.011947
0.011945
0.011860
0.011898
0.011982
0.012190
0.012056
0.012202
0.011883
0.011894
0.011758
0.011774
0.011843
0.012003
0.011859
0.011818
0.011762
0.011906
0.011813
0.011750
0.011834
0.011806
0.011818
0.011872
0.011764
0.011815
0.011786
0.011748
0.011904
0.011802
0.011765
0.011875
0.011823
0.011756
0.011737
0.011791
0.011830
0.012167
0.011760
0.011805
0.011790
0.011755
0.011950
0.011809
0.011736
0.011795
0.011750
0.011786
0.011984
0.011771
0.011764
0.011741
0.011779
0.011856
0.011777
0.012521
0.011795
0.011765
0.011852
0.011798
0.011777
0.011755
0.011997
0.011868
0.011815
0.011812
0.011785
0.011890
0.011816
0.011846
0.011824
0.011796
0.011774
0.011791
0.011791
0.011885
0.011758
0.011775
0.011755
0.011745
0.011802
0.011784
0.011776
0.011770
0.011786
0.011745
0.011799
0.011781
0.011764
0.011770
0.011798
0.011826
0.011765
0.011747
0.011836
0.011762
0.011727
0.011818
0.011783
0.012838
0.012293
0.012236
0.011912
0.011800
0.011962
0.011840
0.011807
0.011920
0.011845
0.011801
0.011817
0.011786
0.011882
0.011851
0.011792
0.011920
0.011807
0.011827
0.012001
0.011891
0.011803
0.011799
0.011853
0.011951
0.011846
0.011797
0.011784
0.011858
0.011841
0.011946
0.011821
0.011840
0.011989
0.011915
0.011857
0.011792
0.011802
0.011798
0.011818
0.011956
0.012583
0.011825
0.011807
0.011774
0.011856
0.011829
0.011776
0.011780
0.011795
0.011832
0.011844
0.011789
0.011820
0.011778
0.011774
0.011870
0.011871
0.011810
0.011917
0.011816
0.011860
0.011865
0.011794
0.011830
0.011775
0.011881
0.011964
0.011805
0.011883
0.011836
0.011784
0.011841
0.011848
0.011883
0.011877
0.012241
0.011870
0.011914
0.011823
0.011815
0.011935
0.011789
0.011958
0.012168
0.011818
0.011851
0.011879
0.011916
0.011846
0.011793
0.011936
0.012060
0.012022
0.011839
0.011839
0.011848
0.011874
0.011987
0.011905
0.012087
0.012065
0.011821
0.011860
0.011990
0.011877
0.011844
0.011860
0.012109
0.011959
0.011886
0.011840
0.011782
0.011791
0.011867
0.011813
0.011943
0.011889
0.011944
0.011931
0.011864
0.011826
0.011812
0.011784
0.011783
0.011884
0.012686
0.011849
0.011801
0.011795
0.011921
0.011848
0.011810
0.011793
0.011821
0.011826
0.011900
0.011945
0.011810
0.011791
0.011789
0.011881
0.011813
0.011927
0.011820
0.011954
0.011945
0.011841
0.011805
0.011770
0.011757
0.011842
0.011883
0.011823
0.011814
0.011802
0.011769
0.011866
0.011818
0.011831
0.011898
0.011796
0.011853
0.011833
0.011791
0.011799
0.011803
0.011832
0.011917
0.011818
0.011826
0.011940
0.011820
0.011813
0.011869
0.011792
0.011830
0.011940
0.011799
0.011910
0.011794
0.011782
0.011780
0.011820
0.011914
0.011869
0.011807
0.011841
0.011791
0.011950
0.011838
0.011797
0.011794
0.011817
0.011814
0.011909
0.011832
0.011795
0.011771
0.011805
0.011860
0.011941
0.011856
