0.000679
0.000436
0.000415
0.000415
0.000415
0.000437
0.000289
0.000192
0.000192
0.000192
0.000192
0.000191
0.000191
0.000192
0.000192
0.000192
0.000192
0.000191
0.000192
0.000191
0.000191
0.000195
0.000192
0.000192
0.000192
0.000207
0.000192
0.000192
0.000196
0.000184
0.000184
0.000184
0.000184
0.000184
0.000185
0.000184
0.000184
0.000184
0.000185
0.000185
0.000185
0.000184
0.000184
0.000184
0.000185
0.000185
0.000185
0.000188
0.000193
0.000178
0.000179
0.000178
0.000178
0.000179
0.000178
0.000178
0.000178
0.000179
0.000179
0.000178
0.000177
0.000178
0.000178
0.000178
0.000179
0.000178
0.000178
0.000178
0.000178
0.000182
0.000179
0.000178
0.000189
0.000173
0.000173
0.000174
0.000174
0.000174
0.000173
0.000173
0.000174
0.000174
0.000173
0.000174
0.000174
0.000174
0.000174
0.000173
0.000173
0.000173
0.000173
0.000174
0.000177
0.000173
0.000183
0.000167
0.000167
0.000167
0.000167
0.000167
0.000166
0.000166
0.000166
0.000167
0.000167
0.000167
0.000167
0.000167
0.000166
0.000166
0.000167
0.000167
0.000167
0.000166
0.000167
0.000167
0.000170
0.000176
0.000163
0.000163
0.000163
0.000163
0.000163
0.000163
0.000164
0.000163
0.000162
0.000163
0.000163
0.000163
0.000164
0.000163
0.000164
0.000163
0.000163
0.000163
0.000164
0.000163
0.000163
0.000164
0.000176
0.000161
0.000162
0.000161
0.000161
0.000162
0.000161
0.000170
0.000160
0.000160
0.000160
0.000161
0.000161
0.000161
0.000161
0.000161
0.000161
0.000160
0.000161
0.000161
0.000160
0.000161
0.000161
0.000160
0.000160
0.000173
0.000158
0.000159
0.000159
0.000159
0.000159
0.000158
0.000158
0.000159
0.000158
0.000159
0.000159
0.000159
0.000158
0.000159
0.000158
0.000158
0.000159
0.000159
0.000159
0.000158
0.000159
0.000159
0.000158
0.000158
0.000163
0.000158
0.000166
0.000157
0.000157
0.000156
0.000156
0.000167
0.000156
0.000156
0.000160
0.000156
0.000156
0.000156
0.000156
0.000156
0.000157
0.000156
0.000157
0.000156
0.000156
0.000157
0.000156
0.000156
0.000157
0.000161
0.000164
0.000153
0.000153
0.000154
0.000154
0.000154
0.000154
0.000154
0.000154
0.000154
0.000154
0.000154
0.000154
0.000154
0.000154
0.000154
0.000154
0.000154
0.000155
0.000154
0.000155
0.000154
0.000153
0.000154
0.000153
0.000166
0.000152
0.000152
0.000152
0.000152
0.000152
0.000152
0.000152
0.000152
0.000153
0.000152
0.000152
0.000153
0.000152
0.000152
0.000152
0.000153
0.000153
0.000152
0.000151
0.000152
0.000152
0.000152
0.000152
0.000158
0.000152
0.000155
0.000153
0.000152
0.000162
0.000152
0.000153
0.000155
0.000154
0.000152
0.000152
0.000153
0.000154
0.000152
0.000152
0.000152
0.000152
0.000152
0.000153
0.000152
0.000152
0.000152
0.000152
0.000152
0.000152
0.000151
0.000152
0.000161
0.000152
0.000160
0.000151
0.000150
0.000150
0.000150
0.000150
0.000153
0.000151
0.000150
0.000151
0.000150
0.000151
0.000151
0.000151
0.000150
0.000150
0.000150
0.000150
0.000150
0.000151
0.000151
0.000149
0.000150
0.000150
0.000153
0.000159
0.000151
0.000150
0.000151
0.000151
0.000150
0.000149
0.000154
0.000151
0.000150
0.000158
0.000149
0.000150
0.000151
0.000150
0.000150
0.000150
0.000150
0.000150
0.000154
0.000151
0.000150
0.000150
0.000149
0.000150
0.000150
0.000162
0.000151
0.000150
0.000150
0.000150
0.000151
0.000150
0.000150
0.000153
0.000151
0.000151
0.000151
0.000150
0.000151
0.000150
0.000150
0.000150
0.000149
0.000150
0.000151
0.000151
0.000150
0.000150
0.000150
0.000151
0.000151
0.000162
0.000150
0.000150
0.000151
0.000150
0.000151
0.000150
0.000149
0.000154
0.000150
0.000151
0.000150
0.000151
0.000158
0.000150
0.000151
0.000150
0.000150
0.000149
0.000150
0.000151
0.000150
0.000153
0.000150
0.000159
0.000150
0.000150
0.000152
0.000151
0.000150
0.000150
0.000150
0.000150
0.000150
0.000151
0.000152
0.000150
0.000150
0.000150
0.000150
0.000151
0.000150
0.000150
0.000150
0.000150
0.000151
0.000150
0.000151
0.000151
0.000150
0.000151
0.000151
0.000150
0.000161
0.000151
0.000151
0.000150
0.000150
0.000149
0.000150
0.000151
0.000153
0.000150
0.000149
0.000150
0.000150
0.000150
0.000150
0.000150
0.000151
0.000150
0.000151
0.000150
0.000150
0.000151
0.000150
0.000150
0.000150
0.000150
0.000150
0.000160
0.000150
0.000151
0.000150
0.000151
0.000150
0.000150
0.000151
0.000152
0.000151
0.000150
0.000160
0.000150
0.000151
0.000151
0.000151
0.000151
0.000150
0.000150
0.000151
0.000150
0.000151
0.000150
0.000152
0.000150
0.000151
0.000161
0.000150
0.000150
0.000150
0.000150
0.000150
0.000151
0.000151
0.000153
0.000150
0.000150
0.000150
0.000150
0.000150
0.000151
0.000150
0.000150
0.000150
0.000150
0.000150
0.000150
0.000150
0.000150
0.000149
0.000150
0.000150
0.000152
0.000161
0.000150
0.000151
0.000151
0.000150
0.000150
0.000150
0.000151
0.000152
0.000149
0.000150
0.000151
0.000150
0.000151
0.000150
0.000150
0.000151
0.000150
0.000151
0.000150
0.000150
0.000150
0.000150
0.000159
0.000151
0.000150
0.000154
0.000150
0.000151
0.000151
0.000151
0.000151
0.000150
0.000151
0.000152
0.000151
0.000151
0.000150
0.000150
0.000151
0.000151
0.000150
0.000150
0.000151
0.000151
0.000151
0.000150
0.000151
0.000151
0.000150
0.000151
0.000151
0.000167
0.000151
0.000149
0.000150
0.000151
0.000150
0.000151
0.000150
0.000153
0.000150
0.000151
0.000149
0.000150
0.000150
0.000150
0.000150
0.000150
0.000151
0.000151
0.000150
0.000150
0.000151
0.000150
0.000150
0.000151
0.000150
0.000151
0.000162
0.000150
0.000150
0.000150
0.000150
0.000151
0.000150
0.000150
0.000152
0.000150
0.000157
0.000151
0.000151
0.000150
0.000150
0.000149
0.000150
0.000151
0.000150
0.000150
0.000153
0.000150
0.000150
0.000150
0.000151
0.000151
0.000162
0.000151
0.000150
0.000151
0.000150
0.000150
0.000150
0.000150
0.000151
0.000152
0.000151
0.000151
0.000150
0.000150
0.000150
0.000150
0.000150
0.000150
0.000151
0.000151
0.000151
0.000151
0.000151
0.000150
0.000151
0.000150
0.000151
0.000161
0.000151
0.000150
0.000150
0.000150
0.000150
0.000152
0.000154
0.000150
0.000151
0.000150
0.000150
0.000151
0.000151
0.000150
0.000151
0.000150
0.000150
0.000151
0.000158
0.000151
0.000150
0.000150
0.000151
0.000150
0.000151
0.000153
0.000151
0.000150
0.000150
0.000150
0.000150
0.000150
0.000150
0.000150
0.000153
0.000151
0.000150
0.000151
0.000150
0.000151
0.000150
0.000150
0.000151
0.000151
0.000151
0.000150
0.000151
0.000151
0.000151
0.000150
0.000150
0.000150
0.000164
0.000151
0.000150
0.000150
0.000150
0.000151
0.000150
0.000149
0.000152
0.000150
0.000150
0.000150
0.000150
0.000150
0.000151
0.000151
0.000150
0.000150
0.000150
0.000150
0.000150
0.000151
0.000151
0.000150
0.000150
0.000150
0.000162
0.000150
0.000150
0.000151
0.000151
0.000151
0.000150
0.000151
0.000154
0.000151
0.000151
0.000151
0.000159
0.000151
0.000150
0.000150
0.000151
0.000151
0.000150
0.000150
0.000150
0.000151
0.000150
0.000154
0.000150
0.000150
0.000161
0.000151
0.000150
0.000150
0.000149
0.000150
0.000151
0.000150
0.000154
0.000150
0.000151
0.000150
0.000150
0.000150
0.000150
0.000150
0.000150
0.000150
0.000150
0.000150
0.000149
0.000150
0.000151
0.000150
0.000150
0.000150
0.000149
0.000162
0.000151
0.000150
0.000151
0.000150
0.000150
0.000150
0.000150
0.000152
0.000151
0.000150
0.000151
0.000150
0.000149
0.000150
0.000150
0.000150
0.000150
0.000150
0.000150
0.000150
0.000151
0.000150
0.000157
0.000150
0.000151
0.000153
0.000154
0.000150
0.000150
0.000151
0.000150
0.000150
0.000150
0.000154
0.000150
0.000149
0.000150
0.000150
0.000150
0.000150
0.000150
0.000150
0.000150
0.000150
0.000150
0.000151
0.000150
0.000150
0.000149
0.000150
0.000150
0.000150
0.000164
0.000150
0.000151
0.000150
0.000150
0.000150
0.000150
0.000150
0.000153
0.000151
0.000150
0.000150
0.000150
0.000151
0.000150
0.000150
0.000151
0.000151
0.000151
0.000150
0.000150
0.000151
0.000150
0.000149
0.000150
0.000151
0.000165
0.000150
0.000150
0.000150
0.000150
0.000151
0.000151
0.000150
0.000153
0.000151
0.000166
0.000150
0.000150
0.000150
0.000151
0.000150
0.000151
0.000151
0.000151
0.000150
0.000150
0.000152
0.000151
0.000150
0.000150
0.000150
0.000149
0.000162
0.000151
0.000150
0.000150
0.000150
0.000150
0.000151
0.000155
0.000150
0.000150
0.000150
0.000150
0.000150
0.000151
0.000150
0.000150
0.000150
0.000151
0.000150
0.000150
0.000150
0.000150
0.000151
0.000150
0.000150
0.000150
0.000161
0.000150
0.000150
0.000151
0.000151
0.000150
0.000150
0.000151
0.000152
0.000150
0.000151
0.000150
0.000149
0.000150
0.000150
0.000150
0.000150
0.000150
0.000150
0.000150
0.000150
0.000151
0.000150
0.000149
0.000157
0.000150
0.000152
0.000150
0.000150
0.000150
0.000150
0.000150
0.000151
0.000150
0.000150
0.000150
0.000153
0.000150
0.000150
0.000150
0.000150
0.000150
0.000150
0.000150
0.000150
0.000150
0.000150
0.000150
0.000150
0.000150
0.000150
0.000149
0.000150
0.000162
0.000151
0.000151
0.000150
0.000151
0.000150
0.000151
0.000150
0.000152
0.000150
0.000151
0.000151
0.000150
0.000150
0.000150
0.000150
0.000150
0.000150
0.000149
0.000150
0.000151
0.000150
0.000150
0.000149
0.000150
0.000149
0.000153
0.000167
0.000150
0.000150
0.000150
0.000150
0.000150
0.000150
0.000154
0.000150
0.000150
0.000150
0.000158
0.000151
0.000150
0.000150
0.000150
0.000151
0.000150
0.000151
0.000150
0.000151
0.000150
0.000150
0.000150
0.000150
0.000150
0.000152
0.000151
0.000151
0.000150
0.000150
0.000150
0.000150
0.000150
0.000150
0.000150
0.000150
0.000150
0.000150
0.000150
0.000154
0.000150
0.000150
0.000151
0.000150
0.000150
0.000150
0.000150
0.000150
0.000150
0.000149
0.000149
0.000159
0.000150
0.000151
0.000151
0.000150
0.000150
0.000150
0.000150
0.000149
0.000153
0.000150
0.000150
0.000150
0.000150
0.000150
0.000151
0.000151
0.000150
0.000151
0.000151
0.000150
0.000150
0.000150
0.000151
0.000150
0.000151
0.000159
0.000152
0.000150
0.000150
0.000150
0.000151
0.000150
0.000150
0.000150
0.000152
0.000150
0.000149
0.000150
0.000150
0.000150
0.000149
0.000150
0.000149
0.000149
0.000150
0.000150
0.000150
0.000150
0.000150
0.000150
0.000150
0.000150
0.000159
0.000150
0.000151
0.000150
0.000151
0.000150
0.000150
0.000151
0.000155
0.000150
0.000150
0.000151
0.000150
0.000150
0.000150
0.000150
0.000150
0.000151
0.000151
0.000150
0.000150
0.000150
0.000151
0.000150
0.000151
0.000149
0.000150
0.000164
0.000150
0.000150
0.000150
0.000151
0.000151
0.000150
0.000150
0.000153
0.000150
0.000158
0.000150
0.000150
0.000150
0.000151
0.000150
0.000149
0.000151
0.000151
0.000151
0.000150
0.000151
0.000153
0.000150
0.000151
0.000151
0.000161
0.000150
0.000150
0.000150
0.000150
0.000150
0.000150
0.000150
0.000153
0.000150
0.000149
0.000150
0.000151
0.000150
0.000150
0.000150
0.000150
0.000151
0.000150
0.000151
0.000150
0.000151
0.000151
0.000150
0.000150
0.000151
0.000151
0.000162
0.000150
0.000151
0.000150
0.000150
0.000151
0.000150
0.000155
0.000150
0.000151
0.000150
0.000150
0.000150
0.000150
0.000150
0.000151
0.000151
0.000151
0.000151
0.000151
0.000150
0.000150
0.000150
0.000151
0.000158
0.000151
0.000170
0.000154
0.000154
0.000154
0.000154
0.000154
0.000154
0.000154
0.000162
0.000150
0.000150
0.000152
0.000150
0.000150
0.000151
0.000151
0.000150
0.000150
0.000151
0.000150
0.000151
0.000150
0.000151
0.000150
0.000150
0.000151
0.000162
0.000151
0.000150
0.000149
0.000150
0.000150
0.000150
0.000151
0.000153
0.000151
0.000151
0.000150
0.000150
0.000151
0.000150
0.000150
0.000151
0.000150
0.000150
0.000150
0.000151
0.000151
0.000150
0.000150
0.000151
0.000150
0.000150
0.000161
0.000150
0.000150
0.000151
0.000151
0.000151
0.000151
0.000154
0.000150
0.000150
0.000150
0.000158
0.000150
0.000151
0.000150
0.000150
0.000150
0.000150
0.000151
0.000151
0.000152
0.000151
0.000150
0.000151
0.000150
0.000151
0.000162
0.000151
0.000151
0.000151
0.000151
0.000151
0.000150
0.000150
0.000154
0.000150
0.000150
0.000151
0.000150
0.000151
0.000150
0.000151
0.000150
0.000151
0.000150
0.000150
0.000150
0.000150
0.000150
0.000151
0.000151
0.000151
0.000152
0.000160
0.000151
0.000151
0.000151
0.000151
0.000150
0.000150
0.000153
0.000150
0.000150
0.000151
0.000151
0.000151
0.000151
0.000151
0.000150
0.000150
0.000151
0.000166
0.000150
0.000150
0.000150
0.000150
0.000150
0.000150
0.000150
0.000153
0.000150
0.000150
0.000151
0.000150
0.000149
0.000150
0.000151
0.000154
0.000151
0.000151
0.000150
0.000150
0.000151
0.000150
0.000150
0.000150
0.000150
0.000151
0.000151
0.000150
0.000150
0.000150
0.000150
0.000150
0.000151
0.000161
0.000150
0.000150
0.000150
0.000151
0.000150
0.000150
0.000149
0.000154
0.000150
0.000150
0.000151
0.000150
0.000150
0.000151
0.000151
0.000151
0.000150
0.000151
0.000150
0.000150
0.000150
0.000150
0.000151
0.000151
0.000151
0.000150
0.000162
0.000150
0.000151
0.000151
0.000150
0.000151
0.000150
0.000150
0.000150
0.000150
0.000150
0.000150
0.000150
0.000151
0.000151
0.000151
0.000150
0.000150
0.000150
0.000151
0.000150
0.000150
0.000150
0.000154
0.000150
0.000151
0.000162
0.000150
0.000150
0.000150
0.000151
0.000150
0.000151
0.000150
0.000153
0.000150
0.000151
0.000150
0.000150
0.000150
0.000150
0.000151
0.000150
0.000150
0.000150
0.000150
0.000150
0.000150
0.000150
0.000150
0.000150
0.000150
0.000151
0.000162
0.000150
0.000151
0.000150
0.000151
0.000150
0.000151
0.000155
0.000150
0.000151
0.000151
0.000150
0.000150
0.000150
0.000150
0.000150
0.000151
0.000150
0.000150
0.000151
0.000150
0.000150
0.000150
0.000160
0.000150
0.000150
0.000152
0.000150
0.000149
0.000150
0.000150
0.000151
0.000150
0.000150
0.000151
0.000155
0.000150
0.000151
0.000150
0.000150
0.000149
0.000150
0.000151
0.000150
0.000151
0.000150
0.000150
0.000150
0.000151
0.000151
0.000151
0.000150
0.000150
0.000163
0.000151
0.000151
0.000150
0.000150
0.000151
0.000150
0.000155
0.000151
0.000150
0.000150
0.000151
0.000151
0.000151
0.000151
0.000150
0.000150
0.000150
0.000150
0.000149
0.000150
0.000149
0.000149
0.000151
0.000150
0.000150
0.000161
0.000150
0.000150
0.000151
0.000150
0.000150
0.000151
0.000150
0.000150
0.000151
0.000151
0.000151
0.000150
0.000150
0.000150
0.000150
0.000150
0.000149
0.000150
0.000150
0.000150
0.000153
0.000150
0.000150
0.000150
0.000150
0.000153
0.000161
0.000150
0.000150
0.000151
0.000151
0.000150
0.000150
0.000154
0.000150
0.000150
0.000150
0.000150
0.000150
0.000151
0.000151
0.000150
0.000150
0.000150
0.000150
0.000151
0.000151
0.000150
0.000150
0.000150
0.000150
0.000150
0.000162
0.000150
0.000150
0.000150
0.000151
0.000150
0.000150
0.000150
0.000152
0.000150
0.000151
0.000150
0.000150
0.000150
0.000150
0.000151
0.000151
0.000151
0.000150
0.000151
0.000159
0.000150
0.000150
0.000150
0.000150
0.000150
0.000153
0.000150
0.000151
0.000150
0.000151
0.000150
0.000150
0.000149
0.000150
0.000150
0.000154
0.000151
0.000151
0.000150
0.000151
0.000150
0.000151
0.000150
0.000151
0.000151
0.000151
0.000150
0.000150
0.000150
0.000151
0.000151
0.000150
0.000161
0.000150
0.000150
0.000151
0.000151
0.000150
0.000151
0.000150
0.000154
0.000150
0.000149
0.000150
0.000151
0.000150
0.000150
0.000150
0.000150
0.000150
0.000150
0.000151
0.000150
0.000151
0.000150
0.000150
0.000150
0.000150
0.000160
0.000150
0.000149
0.000150
0.000151
0.000150
0.000151
0.000150
0.000153
0.000157
0.000151
0.000150
0.000151
0.000150
0.000149
0.000150
0.000151
0.000150
0.000150
0.000151
0.000150
0.000150
0.000151
0.000151
0.000150
0.000154
0.000150
0.000162
0.000151
0.000150
0.000150
0.000150
0.000150
0.000151
0.000159
0.000149
0.000150
0.000151
0.000151
0.000150
0.000151
0.000150
0.000149
0.000149
0.000150
0.000150
0.000150
0.000150
0.000150
0.000150
0.000151
0.000150
0.000150
0.000160
0.000156
0.000150
0.000151
0.000151
0.000151
0.000151
0.000150
0.000154
0.000150
0.000151
0.000151
0.000150
0.000149
0.000151
0.000151
0.000151
0.000150
0.000158
0.000150
0.000150
0.000150
0.000150
0.000150
0.000151
0.000150
0.000153
0.000163
0.000150
0.000150
0.000151
0.000150
0.000151
0.000150
0.000154
0.000149
0.000151
0.000151
0.000150
0.000150
0.000150
0.000150
0.000150
0.000150
0.000150
0.000151
0.000150
0.000150
0.000150
0.000150
0.000150
0.000150
0.000150
0.000160
0.000150
0.000150
0.000150
0.000149
0.000150
0.000150
0.000151
0.000153
0.000150
0.000150
0.000151
0.000150
0.000150
0.000150
0.000166
0.000154
0.000153
0.000153
0.000153
0.000154
0.000154
0.000155
0.000154
0.000153
0.000163
0.000161
0.000150
0.000151
0.000150
0.000150
0.000150
0.000150
0.000150
0.000150
0.000150
0.000150
0.000150
0.000151
0.000151
0.000151
0.000150
0.000150
0.000150
0.000150
0.000150
0.000149
0.000150
0.000150
0.000152
0.000150
0.000150
0.000150
0.000163
0.000150
0.000150
0.000151
0.000150
0.000150
0.000151
0.000154
0.000150
0.000151
0.000150
0.000151
0.000151
0.000150
0.000150
0.000150
0.000151
0.000150
0.000150
0.000150
0.000150
0.000151
0.000149
0.000151
0.000151
0.000150
0.000162
0.000151
0.000151
0.000159
0.000150
0.000151
0.000150
0.000150
0.000153
0.000150
0.000150
0.000151
0.000150
0.000150
0.000150
0.000150
0.000150
0.000150
0.000150
0.000150
0.000150
0.000150
0.000158
0.000150
0.000149
0.000150
0.000153
0.000151
0.000151
0.000150
0.000150
0.000151
0.000151
0.000150
0.000150
0.000150
0.000150
0.000154
0.000151
0.000151
0.000151
0.000151
0.000151
0.000151
0.000150
0.000150
0.000151
0.000150
0.000150
0.000150
0.000151
0.000151
0.000151
0.000162
0.000151
0.000150
0.000150
0.000151
0.000150
0.000150
0.000150
0.000152
0.000150
0.000150
0.000150
0.000151
0.000151
0.000151
0.000151
0.000150
0.000150
0.000151
0.000150
0.000151
0.000150
0.000150
0.000152
0.000150
0.000151
0.000164
0.000150
0.000151
0.000151
0.000151
0.000151
0.000150
0.000150
0.000153
0.000150
0.000150
0.000159
0.000151
0.000151
0.000151
0.000151
0.000150
0.000150
0.000150
0.000150
0.000153
0.000150
0.000150
0.000151
0.000150
0.000151
0.000150
0.000161
0.000150
0.000152
0.000151
0.000150
0.000150
0.000150
0.000150
0.000152
0.000149
0.000150
0.000150
0.000150
0.000150
0.000149
0.000149
0.000149
0.000149
0.000150
0.000150
0.000150
0.000151
0.000150
0.000150
0.000150
0.000149
0.000161
0.000150
0.000150
0.000150
0.000151
0.000150
0.000151
0.000150
0.000153
0.000150
0.000151
0.000150
0.000150
0.000150
0.000150
0.000149
0.000150
0.000150
0.000159
0.000150
0.000149
0.000150
0.000150
0.000149
0.000150
0.000150
0.000150
0.000153
0.000150
0.000149
0.000150
0.000150
0.000150
0.000151
0.000155
0.000151
0.000150
0.000149
0.000150
0.000150
0.000150
0.000150
