0.024961
0.019225
0.017887
0.017325
0.017204
0.017213
0.022364
0.021126
0.019708
0.020005
0.019368
0.018988
0.018614
0.018562
0.018539
0.018897
0.019138
0.018848
0.018608
0.019106
0.018801
0.018659
0.018552
0.018438
0.018541
0.018585
0.018618
0.018603
0.018631
0.018606
0.018721
0.018707
0.018553
0.018570
0.018668
0.018670
0.018670
0.018764
0.018692
0.018655
0.018590
0.018628
0.018629
0.018550
0.018566
0.018769
0.018536
0.018595
0.018531
0.018471
0.018524
0.018297
0.018152
0.038873
0.021645
0.018669
0.017496
0.017406
0.017356
0.017323
0.017385
0.017410
0.017427
0.017529
0.017440
0.017542
0.017411
0.017452
0.017630
0.017555
0.017381
0.017476
0.017445
0.017456
0.017507
0.017444
0.017444
0.017627
0.017534
0.017428
0.017557
0.017455
0.017417
0.017412
0.017486
0.017457
0.017392
0.017405
0.017435
0.017450
0.017283
0.017408
0.017372
0.017274
0.017296
0.017347
0.017343
0.017478
0.017329
0.017346
0.017311
0.017264
0.017644
0.017441
0.017536
0.017477
0.017602
0.017537
0.017551
0.017584
0.017521
0.017567
0.017589
0.017544
0.017697
0.017611
0.017640
0.017544
0.017591
0.017689
0.017674
0.017590
0.017837
0.017522
0.017530
0.017614
0.017590
0.017561
0.017593
0.017568
0.017548
0.017576
0.017527
0.017544
0.017475
0.017689
0.017589
0.017713
0.017477
0.017454
0.017456
0.017505
0.017485
0.017532
0.017587
0.017523
0.017497
0.017567
0.017638
0.017599
0.017561
0.017584
0.017568
0.017577
0.017633
0.017593
0.017585
0.017711
0.017676
0.017622
0.017657
0.017632
0.017657
0.017605
0.017611
0.017707
0.025755
0.018697
0.017682
0.017864
0.017811
0.017864
0.017871
0.017809
0.017780
0.017692
0.017701
0.017717
0.017705
0.017724
0.017752
0.017681
0.017815
0.017791
0.017712
0.017780
0.017800
0.017810
0.017872
0.017723
0.017814
0.017816
0.017886
0.017909
0.017759
0.017794
0.017785
0.017750
0.017741
0.017860
0.017759
0.017881
0.017798
0.017778
0.017905
0.017823
0.017775
0.017842
0.017723
0.017725
0.017825
0.017798
0.017716
0.017781
0.017977
0.017761
0.017895
0.017837
0.017825
0.017766
0.017763
0.017805
0.017813
0.017875
0.017822
0.017898
0.017888
0.017849
0.017833
0.017867
0.017822
0.017817
0.017920
0.017956
0.017959
0.017831
0.017806
0.017799
0.017850
0.017801
0.017738
0.017775
0.017805
0.017864
0.017893
0.017795
0.017773
0.017749
0.017884
0.017943
0.017778
0.017759
0.017725
0.017758
0.017792
0.017947
0.017758
0.017803
0.017681
0.017691
0.017769
0.017992
0.017849
0.017803
0.017856
0.017821
0.018017
0.017789
0.017813
0.017736
0.018007
0.017833
0.017854
0.017768
0.017755
0.017792
0.017750
0.017795
0.017762
0.017753
0.017776
0.017697
0.017745
0.017857
0.023240
0.019921
0.018617
0.018531
0.019139
0.018539
0.018582
0.018420
0.018208
0.018533
0.018427
0.018345
0.018329
0.018255
0.018188
0.018340
0.018223
0.018232
0.018241
0.018237
0.018212
0.018136
0.018169
0.018165
0.018167
0.018151
0.018233
0.018028
0.018007
0.018095
0.018129
0.018211
0.018011
0.018079
0.018240
0.018033
0.018014
0.018122
0.018049
0.018080
0.018011
0.018324
0.018201
0.018153
0.018072
0.018058
0.017975
0.018113
0.018094
0.018140
0.018097
0.018014
0.018094
0.018129
0.018022
0.017988
0.018039
0.017973
0.018079
0.018097
0.018082
0.018010
0.018044
0.017999
0.018124
0.018021
0.017977
0.018035
0.017985
0.018041
0.018050
0.018055
0.018018
0.018191
0.018254
0.018258
0.018167
0.018136
0.018077
0.018091
0.018098
0.018194
0.018098
0.018080
0.018128
0.018099
0.018057
0.018234
0.018072
0.018201
0.018051
0.018165
0.018177
0.018149
0.018115
0.018104
0.018043
0.018572
0.018203
0.018217
0.018137
0.018195
0.018141
0.018248
0.028530
0.019542
0.018513
0.018590
0.018578
0.018464
0.018429
0.018506
0.018378
0.018357
0.018475
0.018364
0.018459
0.018548
0.018345
0.018440
0.018444
0.018308
0.018318
0.018334
0.018435
0.018402
0.018348
0.018339
0.018400
0.018441
0.018470
0.018300
0.018384
0.018391
0.018290
0.018480
0.018383
0.018349
0.018311
0.018346
0.018393
0.018400
0.018633
0.018408
0.018335
0.018451
0.018443
0.018406
0.018396
0.018351
0.018487
0.018431
0.018450
0.018499
0.018460
0.018394
0.018452
0.018483
0.018361
0.018368
0.018333
0.018675
0.018437
0.018506
0.018396
0.018355
0.018433
0.018322
0.018454
0.018435
0.018373
0.018457
0.018407
0.018472
0.018449
0.018371
0.018356
0.018421
0.018387
0.018431
0.018385
0.018410
0.018380
0.018340
0.018564
0.018391
0.018388
0.018326
0.018423
0.018404
0.018433
0.018429
0.018365
0.018360
0.018368
0.018450
0.018435
0.018398
0.018401
0.018370
0.018512
0.018440
0.018381
0.018516
0.018475
0.018546
0.018439
0.018409
0.018425
0.018414
0.018374
0.018372
0.018336
0.018430
0.018405
0.018431
0.018463
0.018442
0.018353
0.018412
0.018384
0.018334
0.018318
0.018349
0.018428
0.018368
0.018381
0.018401
0.018451
0.018445
0.018462
0.018391
0.018333
0.018466
0.018323
0.018397
0.018370
0.018337
0.018398
0.018452
0.018340
0.018407
0.018366
0.018313
0.018446
0.018426
0.018435
0.018414
0.018480
0.018455
0.018396
0.018424
0.018377
0.018434
0.018451
0.018447
0.018388
0.018418
0.018385
0.018651
0.018427
0.018528
0.018404
0.018364
0.018435
0.018424
0.018515
0.018406
0.018460
0.018418
0.018447
0.018916
0.021427
0.020142
0.019097
0.018905
0.018868
0.018703
0.018843
0.018814
0.018661
0.019009
0.018856
0.018774
0.018635
0.018558
0.018570
0.018450
0.018422
0.018410
0.018366
0.018435
0.018521
0.018619
0.018407
0.018485
0.018340
0.018507
0.018470
0.018429
0.018331
0.018409
0.018343
0.018540
0.018411
0.018413
0.018340
0.018458
0.018496
0.018450
0.018423
0.018443
0.018473
0.018359
0.018627
0.018375
0.018439
0.018409
0.018437
0.018473
0.018358
0.018455
0.018325
0.018496
0.018422
0.018502
0.018381
0.018411
0.018383
0.018447
0.018511
0.018401
0.018444
0.018360
0.018467
0.018430
0.018578
0.018475
0.018405
0.018361
0.018430
0.018381
0.018406
0.018410
0.018416
0.018454
0.018436
0.018392
0.018284
0.027233
0.019314
0.019319
0.019140
0.019220
0.019186
0.019151
0.019233
0.019118
0.019157
0.019045
0.019194
0.019069
0.019177
0.019079
0.019103
0.019312
0.018959
0.019155
0.019099
0.019135
0.018997
0.018862
0.019160
0.019056
0.019108
0.019097
0.019146
0.019092
0.019168
0.019106
0.019133
0.019129
0.019075
0.018962
0.019098
0.019106
0.019049
0.019005
0.019091
0.019045
0.019023
0.018929
0.019020
0.019046
0.019017
0.018989
0.018934
0.018965
0.019119
0.018986
0.018921
0.019094
0.018964
0.019040
0.018941
0.018867
0.018917
0.018944
0.019034
0.019016
0.019035
0.018949
0.018991
0.018942
0.019109
0.019004
0.018902
0.019008
0.018923
0.018995
0.018997
0.019074
0.018985
0.018846
0.019011
0.018984
0.018890
0.018937
0.018850
0.019041
0.019043
0.018894
0.018902
0.018954
0.018961
0.019046
0.018911
0.018877
0.018925
0.018950
0.019041
0.018987
0.018901
0.018932
0.018834
0.018980
0.018980
0.018910
0.018954
0.018927
0.018926
0.019047
0.018927
0.018945
0.018924
0.018875
0.018954
0.018873
0.018867
0.018966
0.019009
0.019040
0.018991
0.018989
0.018979
0.018996
0.019026
0.019119
0.019020
0.018957
0.018989
0.019317
0.019281
0.019107
0.019036
0.019014
0.019078
0.019040
0.019011
0.018963
0.019034
0.018966
0.019050
0.019013
0.019059
0.018967
0.019058
0.019051
0.019059
0.019018
0.019065
0.018877
0.018881
0.019050
0.019067
0.019079
0.019106
0.019105
0.019111
0.019082
0.019082
0.019284
0.019149
0.019247
0.019118
0.019123
0.019154
0.019127
0.019150
0.019122
0.019077
0.018952
0.019105
0.019019
0.019111
0.019216
0.019120
0.019080
0.019058
0.019253
0.018947
0.019136
0.019055
0.019047
0.019134
0.019076
0.019066
0.019018
0.019089
0.019058
0.019090
0.019035
0.019054
0.019056
0.018905
0.019107
0.022853
0.020229
0.019969
0.019893
0.019924
0.019728
0.019611
0.019527
0.019610
0.019599
0.019300
0.019341
0.019446
0.019499
0.019390
0.019310
0.019104
0.019052
0.019099
0.019136
0.019109
0.019095
0.018933
0.019125
0.018927
0.019077
0.019070
0.019089
0.018993
0.019017
0.019120
0.019044
0.019173
0.019150
0.019103
0.019135
0.019128
0.019056
0.019351
0.019099
0.018928
0.019050
0.019012
0.018980
0.019057
0.019030
0.019082
0.019098
0.019129
0.019032
0.018972
0.019052
0.018897
0.019024
0.018901
0.018997
0.019004
0.018980
0.018995
0.018986
0.018968
0.019121
0.018920
0.018939
0.019058
0.019037
0.019164
0.019098
0.019057
0.019122
0.019128
0.019134
0.032261
0.021436
0.016773
0.015949
0.015753
0.015698
0.015756
0.015676
0.015735
0.015722
0.015707
0.015737
0.015632
0.015635
0.015587
0.015717
0.015592
0.015780
0.015551
0.016496
0.016833
0.016844
0.016846
0.016850
0.016913
0.016894
0.016883
0.016960
0.017006
0.017033
0.017022
0.016968
0.016965
0.016963
0.016939
0.017093
0.017068
0.017000
0.017094
0.017094
0.017092
0.017061
0.017096
0.017009
0.017042
0.017000
0.017090
0.017013
0.017031
0.017027
0.017009
0.017052
0.017025
0.017060
0.017079
0.017069
0.017088
0.017114
0.017102
0.017149
0.017056
0.017092
0.017130
0.017126
0.017103
0.017077
0.017066
0.017125
0.017071
0.017079
0.017048
0.017054
0.017044
0.017029
0.016985
0.017079
0.017063
0.017102
0.017125
0.017072
0.017056
0.017055
0.017198
0.017059
0.017078
0.017169
0.017050
0.017137
0.017119
0.017109
0.017694
0.017200
0.017125
0.017076
0.017056
0.017038
0.017085
0.017058
0.017044
0.017114
0.017075
0.017068
0.017126
0.017069
0.017119
0.017164
0.017138
0.017105
0.017132
0.017107
0.017116
0.017183
0.017108
0.017155
0.017122
0.017082
0.017100
0.017117
0.017094
0.017105
0.017103
0.017067
0.017058
0.017117
0.017123
0.017179
0.017111
0.017144
0.017140
0.017086
0.017095
0.017158
0.017085
0.017096
0.017151
0.017324
0.017033
0.017139
0.017163
0.017168
0.017118
0.017096
0.017122
0.017076
0.017067
0.017068
0.017079
0.017123
0.017033
0.017029
0.017039
0.017134
0.017070
0.017101
0.017135
0.017082
0.017201
0.017197
0.017177
0.017091
0.017153
0.017151
0.017187
0.017298
0.017221
0.017342
0.017215
0.017136
0.017248
0.017088
0.017081
0.017126
0.017062
0.017037
0.017114
0.017041
0.017120
0.017057
0.017116
0.017072
0.017075
0.017094
0.017136
0.017112
0.017096
0.017062
0.017038
0.017063
0.017123
0.017107
0.017028
0.017021
0.017037
0.017142
0.017076
0.017112
0.017226
0.017156
0.017111
0.017160
0.017066
0.017119
0.017064
0.017071
0.017064
0.017130
0.017162
0.017076
0.017092
0.017100
0.017258
0.018874
0.019760
0.018695
0.018354
0.018148
0.018361
0.020565
0.018136
0.017960
0.017832
0.018003
0.017964
0.017863
0.017728
0.017643
0.017521
0.017487
0.017482
0.017441
0.017367
0.017467
0.017377
0.017445
0.017418
0.017424
0.017353
0.017358
0.017515
0.017466
0.017410
0.017368
0.017414
0.017421
0.017469
0.017430
0.017473
0.017427
0.017320
0.017458
0.017435
0.017440
0.017411
0.017521
0.017485
0.017401
0.017486
0.017444
0.017463
0.017445
0.017405
0.017316
0.017285
0.017376
0.017282
0.017308
0.017334
0.017285
0.017316
0.017351
0.017391
0.017240
0.017366
0.017379
0.017339
0.017313
0.017339
0.017337
0.017341
0.017397
0.017336
0.017343
0.017301
0.017450
0.017468
0.017389
0.017449
0.017492
0.017423
0.017319
0.017371
0.017425
0.017370
0.017403
0.017448
0.017354
0.017391
0.017314
0.017321
0.017310
0.017300
0.017293
0.017287
0.017264
0.017306
0.017271
0.017374
0.017334
0.017321
0.017404
0.017271
0.017375
0.017324
0.017369
0.017372
0.017344
0.017291
0.017338
0.017365
0.017342
0.017335
0.017362
0.017320
0.017442
0.017380
0.017329
0.017326
0.017280
0.017293
0.017338
0.017338
0.017348
0.017367
0.017298
0.017261
0.017287
0.017341
0.017377
0.017308
0.017260
0.017259
0.017281
0.017369
0.017311
0.017247
0.017401
0.017311
0.017329
0.017382
0.017294
0.017360
0.017361
0.017351
0.017340
0.017370
0.017341
0.026882
0.019045
0.018658
0.018663
0.018622
0.018560
0.018523
0.018463
0.018531
0.018428
0.018567
0.018345
0.018568
0.018475
0.018610
0.018603
0.018613
0.018516
0.018534
0.018628
0.018481
0.018477
0.018600
0.018575
0.018610
0.018558
0.018593
0.018476
0.018586
0.018527
0.018533
0.018505
0.018523
0.018521
0.018566
0.018754
0.019645
0.019630
0.019589
0.019601
0.019570
0.019558
0.019564
0.019553
0.019595
0.019629
0.019644
0.019611
0.019571
0.019582
0.019644
0.019612
0.019565
0.019648
0.019528
0.019613
0.019546
0.019461
0.019450
0.019504
0.019527
0.019462
0.019514
0.019449
0.019620
0.019550
0.019551
0.019520
0.019514
0.019536
0.019494
0.019597
0.019508
0.019524
0.019553
0.019544
0.019579
0.019562
0.019570
0.019518
0.019608
0.019533
0.019696
0.019654
0.019531
0.019498
0.019681
0.019533
0.019574
0.019629
0.019589
0.019548
0.019591
0.019551
0.019601
0.019520
0.019663
0.019560
0.019590
0.019540
0.019561
0.019620
0.019503
0.019652
0.019538
0.019552
0.019663
0.019662
0.019567
0.019509
0.019515
0.019625
0.019592
0.019495
0.019604
0.019642
0.019630
0.019515
0.019671
0.019556
0.019552
0.019548
0.019634
0.019650
0.019486
0.019630
0.019618
0.019728
0.023437
0.021244
0.020094
0.020009
0.020355
0.019993
0.019879
0.019647
0.019917
0.019896
0.019824
0.019857
0.019771
0.019704
0.019706
0.019613
0.019547
0.019660
0.019695
0.019726
0.019743
0.019711
0.019773
0.019711
0.019801
0.019695
0.019635
0.019759
0.019677
0.019542
0.019565
0.019621
0.019617
0.019582
0.019771
0.019646
0.019664
0.019660
0.019836
0.019668
0.019608
0.019627
0.019633
0.019626
0.019659
0.019624
0.019628
0.019659
0.019690
0.019658
0.019605
0.019673
0.019638
0.019635
0.019689
0.019677
0.019644
0.019673
0.019675
0.019713
0.019607
0.019638
0.019605
0.019697
0.019715
0.019639
0.019671
0.019781
0.019790
0.019783
0.019678
0.019660
0.019737
0.019652
0.019800
0.019706
0.019732
0.019735
0.019680
0.019658
0.019651
0.019681
0.019669
0.019687
0.019826
0.019796
0.019708
0.019690
0.019655
0.019659
0.019748
0.019679
0.019690
0.019704
0.019681
0.019680
0.019675
0.019714
0.019629
0.019749
0.019665
0.019712
0.019659
0.019758
0.019669
0.019775
0.019671
0.019736
0.019740
0.019809
0.019886
0.019889
0.019668
0.019691
0.019702
0.019795
0.019778
0.019764
0.019729
0.019754
0.019838
0.019731
0.019725
0.019741
0.019674
0.019718
0.019715
0.019705
0.019709
0.019714
0.019724
0.019721
0.019646
0.019631
0.019773
0.019725
0.019704
0.019677
0.019682
0.019841
0.019680
0.019738
0.019757
0.019672
0.019670
0.019747
0.019687
0.019667
0.019775
0.019703
0.019733
0.019715
0.019688
0.019652
0.019680
0.019693
0.019732
0.019799
0.019647
0.019711
0.019712
0.019806
0.019738
0.019725
0.019652
0.019726
0.019729
0.019690
0.019727
0.019736
0.019692
0.019755
0.019692
0.019722
0.019642
0.019704
0.019659
0.019695
0.019723
0.019767
0.019684
0.019671
0.019753
0.019709
0.019702
0.019630
0.019740
0.019710
0.019726
0.019717
0.019688
0.019761
0.019662
0.019714
0.019674
0.019689
0.019646
0.019695
0.019648
0.019786
0.019709
0.019778
0.019697
0.019744
0.019731
0.019667
0.019798
0.019677
0.019687
0.019682
0.019721
0.019763
0.019786
0.019733
0.019805
0.019718
0.019745
0.019694
0.019759
0.019657
0.019734
0.019761
0.019823
0.019728
0.019738
0.019752
0.019663
0.019792
0.019721
0.019722
0.019733
0.019802
0.019776
0.019783
0.019758
0.019744
0.019716
0.019836
0.019719
0.019788
0.019640
0.019897
0.019657
0.019693
0.019709
0.019684
0.019700
0.019736
0.019768
0.019703
0.019693
0.019782
0.019780
0.022548
0.022075
0.021119
0.020041
0.020067
0.019915
0.019874
0.019820
0.020023
0.019876
0.019979
0.019751
0.019817
0.019666
0.019688
0.019676
0.019780
0.019682
0.019732
0.019814
0.019846
0.019727
0.019683
0.019732
0.019677
0.019797
0.019677
0.019706
0.019769
0.019704
0.019703
0.019797
0.019704
0.019694
0.019645
0.019623
0.019683
0.019664
0.019658
0.019653
0.019700
0.019695
0.019718
0.019594
0.019742
0.019657
0.019744
0.019680
0.019702
0.019624
0.019639
0.019574
0.019649
0.019635
0.019722
0.019604
0.019683
0.019662
0.019710
0.019749
0.019753
0.019702
0.019768
0.019605
0.019704
0.019674
0.019607
0.019695
0.019827
0.019694
0.019820
0.019731
0.019635
0.019688
0.019732
0.019694
0.019618
0.019737
0.019625
0.019731
0.019723
0.019723
0.019690
0.019613
0.019683
0.019780
0.019645
0.019651
0.019773
0.019685
0.019605
0.019731
0.019616
0.019693
0.019694
0.019727
0.019665
0.019649
0.019720
0.019684
0.019730
0.019766
0.019645
0.019650
0.019705
0.019730
0.019747
0.019718
0.019684
0.019748
0.019830
0.019677
0.019681
0.019567
0.019638
0.019636
0.019704
0.019732
0.019646
0.019671
0.019680
0.019674
0.019716
0.019666
0.019714
0.019718
0.019686
0.019636
0.019615
0.019693
0.019624
0.019806
0.019744
0.019683
0.019680
0.019668
0.019643
0.019514
0.019562
0.019527
0.019711
0.019625
0.019647
0.019581
0.019664
0.019657
0.019739
0.019634
0.019602
0.019602
0.019710
0.019603
0.019606
0.019635
0.019602
0.019583
0.019593
0.019616
0.019654
0.019672
0.019622
0.019579
0.019608
0.019619
0.019658
0.019598
0.019677
0.019647
0.019714
0.019594
0.019642
0.019673
0.019698
0.019667
0.019656
0.019624
0.019692
0.019661
0.019630
0.019660
0.019589
0.019722
0.019604
0.019701
0.019657
0.019697
0.019754
0.019698
0.019701
0.019676
0.019639
0.019780
0.019716
0.019698
0.019660
0.019557
0.019666
0.019675
0.019654
0.019637
0.019619
0.019600
0.019690
0.019650
0.019661
0.019684
0.019706
0.019699
0.019630
0.019712
0.019668
0.019611
0.019673
0.019627
0.026322
0.019731
0.019163
0.019108
0.019103
0.019048
0.019075
0.019084
0.019152
0.019034
0.018990
0.019043
0.019033
0.019120
0.019070
0.019050
0.019045
0.019024
0.019109
0.019066
0.018980
0.019025
0.018978
0.019046
0.019109
0.019067
0.019125
0.019093
0.019089
0.019128
0.019018
0.019653
0.019508
0.019439
0.019501
0.019379
0.019416
0.019434
0.019595
0.019601
0.022285
0.021290
0.020464
0.021013
0.020352
0.020296
0.020258
0.020159
0.020130
0.020371
0.020284
0.020258
0.020200
0.020278
0.020222
0.020190
0.020261
0.020184
0.020153
0.020135
0.020194
0.020177
0.020113
0.020092
0.020068
0.020241
0.020144
0.020126
0.020170
0.020166
0.020065
0.020100
0.020093
0.020157
0.020274
0.020243
0.020175
0.020320
0.020129
0.020082
0.020030
0.019949
0.020157
0.019801
0.020084
0.020009
0.020064
0.020073
0.020107
0.020017
0.020027
0.019986
0.020052
0.020130
0.020085
0.019979
0.019986
0.020058
0.020079
0.020074
0.019979
0.019857
0.020249
0.020125
0.020098
0.020025
0.020126
0.020011
0.020051
0.020065
0.020028
0.020067
0.020000
0.020069
0.020025
0.019860
0.020050
0.019955
0.020074
0.019956
0.020046
0.019983
0.019986
0.020066
0.020009
0.019980
0.020038
0.019958
0.020073
0.020056
0.019938
0.019985
0.019871
0.020082
0.020039
0.020012
0.020074
0.020003
0.020001
0.020011
0.019962
0.019999
0.019991
0.020109
0.020044
0.019963
0.019972
0.020025
0.020103
0.019960
0.019966
0.019968
0.019968
0.020083
0.019975
0.020020
0.019953
