0.008957
0.005853
0.005903
0.005959
0.005775
0.005961
0.005836
0.005876
0.005633
0.006005
0.005767
0.005938
0.005814
0.005750
0.006186
0.005689
0.006123
0.005891
0.005869
0.006020
0.005714
0.005989
0.005905
0.005765
0.005919
0.005837
0.005780
0.006097
0.005717
0.006078
0.005880
0.005785
0.005712
0.005856
0.005816
0.006175
0.005797
0.006167
0.005967
0.005981
0.005835
0.006192
0.006149
0.006273
0.005990
0.005874
0.005774
0.006260
0.005744
0.006230
0.005834
0.006087
0.005805
0.005857
0.005840
0.005727
0.005927
0.006089
0.005817
0.005710
0.005926
0.005813
0.006174
0.005762
0.006096
0.006071
0.005779
0.005796
0.005803
0.005698
0.005836
0.006064
0.006018
0.005940
0.005911
0.006085
0.006032
0.006216
0.005787
0.005950
0.005774
0.005941
0.006112
0.006062
0.005701
0.005996
0.005799
0.005821
0.006104
0.005787
0.005923
0.005918
0.005781
0.005844
0.005828
0.005843
0.006167
0.006212
0.005774
0.006152
0.005878
0.006049
0.005824
0.006043
0.006064
0.005871
0.005704
0.006313
0.005792
0.005839
0.006165
0.005764
0.005831
0.006153
0.005893
0.005823
0.005906
0.005763
0.006155
0.005754
0.005986
0.005874
0.005748
0.006059
0.006207
0.005852
0.006133
0.005816
0.005756
0.005786
0.005817
0.006064
0.005911
0.005946
0.006094
0.006092
0.005863
0.005879
0.006205
0.005759
0.006001
0.005743
0.005903
0.005763
0.005909
0.006153
0.005694
0.005958
0.005843
0.005696
0.006071
0.005877
0.005753
0.005816
0.005993
0.005918
0.005821
0.005994
0.005675
0.005737
0.006002
0.005900
0.005975
0.005879
0.005703
0.005770
0.005775
0.005802
0.006242
0.013581
0.005718
0.004992
0.005253
0.005514
0.005154
0.005287
0.005437
0.005514
0.005130
0.005565
0.005329
0.005443
0.005212
0.005288
0.005323
0.005246
0.005470
0.005455
0.005157
0.005603
0.005382
0.005270
0.005317
0.005263
0.005529
0.005211
0.005303
0.005382
0.005228
0.005074
0.005481
0.005571
0.005342
0.005572
0.005243
0.005418
0.005339
0.005481
0.005293
0.005536
0.005239
0.005668
0.005118
0.005324
0.005509
0.005578
0.005358
0.005171
0.005519
0.005278
0.005414
0.005161
0.005358
0.005346
0.005281
0.005288
0.005464
0.005489
0.005386
0.005304
0.005426
0.005266
0.005268
0.005406
0.005703
0.005321
0.005381
0.005291
0.005256
0.005415
0.005592
0.005209
0.005324
0.005316
0.005309
0.005306
0.005764
0.005124
0.005261
0.005397
0.005376
0.005221
0.005632
0.005228
0.005242
0.005347
0.005522
0.005311
0.005465
0.005455
0.005446
0.005381
0.005241
0.005350
0.005270
0.005587
0.005363
0.005351
0.005274
0.005390
0.005630
0.005235
0.005214
0.005212
0.005355
0.005438
0.005392
0.005441
0.005238
0.005303
0.005333
0.005263
0.005410
0.005237
0.005583
0.005437
0.005389
0.005299
0.005529
0.005356
0.005543
0.005328
0.005495
0.005253
0.005230
0.005567
0.005186
0.005400
0.005238
0.005317
0.005250
0.005359
0.005346
0.005372
0.005180
0.005647
0.005351
0.005529
0.005453
0.005303
0.005614
0.005296
0.005601
0.005460
0.005077
0.005322
0.005212
0.005176
0.005632
0.005192
0.005290
0.005295
0.005426
0.005527
0.005226
0.005585
0.005413
0.005449
0.005322
0.005283
0.005170
0.005374
0.005433
0.005294
0.005310
0.005458
0.005195
0.005276
0.005266
0.005260
0.005531
0.005333
0.005316
0.005238
0.005568
0.005313
0.005250
0.005256
0.005304
0.005637
0.005427
0.005632
0.005283
0.005370
0.005458
0.049727
0.005960
0.004747
0.004975
0.017255
0.009097
0.008856
0.005501
0.005111
0.004996
0.004947
0.005103
0.008651
0.015201
0.005240
0.005059
0.005064
0.004956
0.005064
0.006345
0.005242
0.005170
0.005137
0.004964
0.005253
0.005103
0.005209
0.005303
0.005048
0.005076
0.005378
0.007133
0.007163
0.005283
0.004905
0.005100
0.005100
0.005414
0.005368
0.005025
0.005162
0.005118
0.005150
0.005095
0.005198
0.004966
0.005315
0.005020
0.004893
0.004928
0.005258
0.005317
0.005257
0.005033
0.005106
0.005330
0.005056
0.005177
0.005332
0.005010
0.005262
0.005023
0.005016
0.005179
0.005055
0.005077
0.004867
0.005047
0.005144
0.005403
0.005178
0.005045
0.005139
0.005093
0.005260
0.005007
0.005198
0.005243
0.005095
0.005245
0.005182
0.004985
0.005024
0.005219
0.005100
0.004974
0.005108
0.004917
0.005049
0.005238
0.005047
0.005066
0.005163
0.005212
0.005064
0.005077
0.004933
0.005103
0.005304
0.004961
0.005122
0.005126
0.004902
0.004992
0.004918
0.005072
0.005065
0.004950
0.005126
0.005146
0.005247
0.005071
0.005360
0.005094
0.005241
0.004920
0.004882
0.005132
0.005143
0.005211
0.005099
0.005041
0.005350
0.004996
0.005190
0.004898
0.005161
0.005155
0.005150
0.005089
0.005160
0.005082
0.005136
0.005053
0.005247
0.005044
0.005078
0.005092
0.004870
0.005042
0.005027
0.004796
0.005099
0.005044
0.005246
0.005043
0.004981
0.004966
0.005259
0.004820
0.005156
0.005001
0.004942
0.004884
0.004904
0.005120
0.004964
0.004780
0.004966
0.005051
0.005275
0.004885
0.005258
0.005024
0.005024
0.004801
0.005120
0.004929
0.005153
0.005209
0.005197
0.004977
0.004956
0.004898
0.005028
0.004868
0.005227
0.004873
0.005129
0.004793
0.005027
0.004800
0.005061
0.004839
0.005005
0.004890
0.005125
0.004991
0.005040
0.004993
0.005080
0.004961
0.005260
0.004954
0.004951
0.004970
0.004999
0.004878
0.005074
0.005102
0.005078
0.005088
0.005197
0.005007
0.005028
0.005019
0.004971
0.004896
0.004947
0.004864
0.004919
0.005062
0.004918
0.004839
0.005029
0.005105
0.005220
0.004969
0.004994
0.004976
0.005042
0.005301
0.005056
0.004867
0.005105
0.005331
0.005218
0.005295
0.004882
0.005280
0.004980
0.005048
0.005003
0.004961
0.005046
0.004846
0.005006
0.005101
0.004842
0.004844
0.005132
0.004919
0.006183
0.004999
0.005011
0.004759
0.004853
0.004961
0.005011
0.004917
0.005060
0.004923
0.004884
0.005154
0.004961
0.004977
0.005167
0.005143
0.005095
0.005000
0.005226
0.005131
0.004929
0.004964
0.004902
0.004792
0.004826
0.005088
0.004851
0.004999
0.004883
0.004869
0.005096
0.004928
0.005078
0.004945
0.004832
0.005196
0.005028
0.004945
0.005079
0.005145
0.004833
0.005035
0.004806
0.005226
0.004920
0.004979
0.005148
0.005102
0.005001
0.005045
0.004816
0.005073
0.004997
0.004847
0.005135
0.004932
0.005100
0.004883
0.004949
0.005160
0.004956
0.005030
0.004996
0.005008
0.005045
0.005169
0.005108
0.005126
0.004829
0.004889
0.005043
0.004955
0.005117
0.004982
0.005044
0.004816
0.004900
0.004738
0.005074
0.005082
0.005116
0.004956
0.005009
0.004862
0.004991
0.005110
0.004961
0.004823
0.005165
0.005022
0.004914
0.004882
0.005101
0.004876
0.004885
0.004990
0.005091
0.004983
0.004956
0.005102
0.005062
0.005051
0.005161
0.004787
0.005151
0.004850
0.005233
0.005191
0.005001
0.005230
0.004927
0.004954
0.004995
0.004817
0.005005
0.004963
0.005106
0.004954
0.004964
0.005398
0.005011
0.004815
0.005135
0.004838
0.005134
0.004977
0.004982
0.005034
0.004749
0.005112
0.005078
0.004997
0.004946
0.005013
0.005079
0.004918
0.005007
0.005044
0.004933
0.005069
0.004959
0.004927
0.005093
0.004891
0.005060
0.005083
0.004971
0.004959
0.005168
0.005119
0.005081
0.005114
0.005061
0.004919
0.005048
0.005121
0.004872
0.005142
0.005120
0.004908
0.005105
0.004915
0.005118
0.004965
0.005095
0.004983
0.005009
0.005144
0.005007
0.005135
0.005003
0.005014
0.005018
0.005124
0.005017
0.005159
0.004895
0.005007
0.005067
0.004989
0.005066
0.004949
0.005073
0.005069
0.005064
0.005082
0.005059
0.005074
0.005172
0.005028
0.005191
0.005114
0.005080
0.005152
0.005038
0.005053
0.005122
0.005118
0.004939
0.004958
0.005122
0.004957
0.004946
0.005077
0.005096
0.004958
0.005132
0.004865
0.005071
0.005073
0.005148
0.005130
0.005082
0.005078
0.005162
0.005071
0.005121
0.004949
0.005145
0.005020
0.005148
0.004944
0.005103
0.005020
0.005026
0.005120
0.005023
0.004871
0.005043
0.005083
0.004952
0.004971
0.005009
0.005121
0.005015
0.005095
0.005109
0.005075
0.004958
0.005122
0.004972
0.005118
0.005145
0.005111
0.004953
0.004975
0.004963
0.005087
0.004893
0.005129
0.005187
0.004964
0.005077
0.005162
0.005126
0.004877
0.005129
0.005020
0.005074
0.005021
0.005148
0.005139
0.005047
0.004971
0.005140
0.005077
0.004963
0.005160
0.005135
0.005076
0.005114
0.005115
0.005100
0.005026
0.005144
0.004984
0.004989
0.005110
0.005137
0.005201
0.005131
0.005105
0.004861
0.005132
0.005084
0.005161
0.005099
0.005118
0.004983
0.005063
0.005016
0.005143
0.004921
0.005114
0.005067
0.005059
0.004981
0.005123
0.004939
0.005145
0.004970
0.005112
0.004948
0.005113
0.004968
0.005060
0.004920
0.005096
0.004913
0.005056
0.004964
0.005154
0.005009
0.005158
0.005047
0.005012
0.005075
0.004963
0.004968
0.005096
0.005073
0.005234
0.005013
0.005280
0.005058
0.005180
0.005029
0.005147
0.005121
0.005221
0.005117
0.005055
0.005007
0.008090
0.005152
0.004909
0.004954
0.005098
0.005220
0.004957
0.005288
0.005102
0.005104
0.005038
0.005173
0.004949
0.005196
0.004942
0.005227
0.005000
0.005069
0.005131
0.005047
0.005136
0.005155
0.005064
0.005147
0.005066
0.005044
0.005070
0.005054
0.005113
0.005155
0.004936
0.005130
0.005032
0.005131
0.005005
0.004958
0.005131
0.005027
0.005140
0.005081
0.005089
0.005122
0.004938
0.005120
0.004995
0.005114
0.004970
0.005013
0.005180
0.005152
0.005078
0.005121
0.005119
0.010970
0.012806
0.012382
0.012220
0.005021
0.004947
0.005140
0.005099
0.005089
0.005190
0.005080
0.005170
0.005126
0.004947
0.005097
0.005004
0.005140
0.004987
0.005136
0.005145
0.005153
0.005086
0.004849
0.005126
0.005091
0.004931
0.005134
0.005145
0.004965
0.005137
0.005092
0.004980
0.005126
0.005146
0.005066
0.005115
0.005058
0.005137
0.005000
0.005066
0.005154
0.005002
0.004984
0.005026
0.005120
0.005179
0.005101
0.005096
0.005160
0.004889
0.005126
0.005168
0.005125
0.005142
0.005164
0.005107
0.004865
0.005027
0.005095
0.005065
0.005147
0.005058
0.005152
0.005118
0.005127
0.005075
0.004976
0.005092
0.005195
0.005030
0.005060
0.005135
0.005209
0.005134
0.005144
0.005098
0.005158
0.005005
0.005157
0.005164
0.005184
0.005113
0.004923
0.005135
0.004919
0.005079
0.005131
0.004902
0.005130
0.004938
0.005005
0.005005
0.005113
0.005148
0.005058
0.005075
0.004913
0.005091
0.004943
0.005099
0.005113
0.005068
0.005028
0.005102
0.004935
0.005150
0.005177
0.004917
0.005169
0.005116
0.005162
0.005143
0.004968
0.004999
0.005115
0.005084
0.005074
0.008716
0.005180
0.004969
0.005109
0.005057
0.005072
0.005124
0.005170
0.005089
0.005023
0.005130
0.005079
0.005140
0.004938
0.005148
0.005095
0.005133
0.005118
0.005113
0.005126
0.004941
0.005117
0.004999
0.044808
0.005894
0.005310
0.005276
0.005230
0.005305
0.005447
0.005004
0.005168
0.005176
0.005281
0.005512
0.005279
0.005490
0.005083
0.005627
0.005578
0.005282
0.005393
0.005150
0.005143
0.005241
0.005291
0.005134
0.005599
0.005330
0.005192
0.005064
0.005207
0.005092
0.005075
0.005422
0.005261
0.005468
0.005192
0.005364
0.005262
0.005035
0.005572
0.005324
0.005152
0.005176
0.005298
0.005221
0.005173
0.005277
0.005298
0.005231
0.005261
0.005172
0.005206
0.005039
0.005220
0.005221
0.005079
0.005367
0.005255
0.005297
0.005440
0.005266
0.005387
0.005166
0.005332
0.005133
0.005437
0.005153
0.005384
0.005252
0.005175
0.005347
0.005221
0.005358
0.005320
0.005128
0.005179
0.005238
0.005339
0.005418
0.005185
0.005195
0.005315
0.005091
0.005148
0.005169
0.005257
0.005194
0.005381
0.005107
0.005324
0.005215
0.005302
0.005251
0.005324
0.005236
0.005275
0.005253
0.005259
0.005281
0.005210
0.005091
0.005109
0.005271
0.005299
0.005294
0.005309
0.005224
0.005134
0.005100
0.005220
0.005369
0.005201
0.005029
0.005186
0.005310
0.005166
0.005255
0.005357
0.005254
0.005070
0.005077
0.005301
0.005271
0.005198
0.005305
0.005297
0.005471
0.005316
0.005233
0.004974
0.005359
0.005087
0.005289
0.005317
0.005173
0.005261
0.005429
0.005363
0.005098
0.005183
0.005361
0.005340
0.005388
0.005300
0.005230
0.005211
0.005334
0.005087
0.005299
0.005230
0.005271
0.005279
0.005278
0.005219
0.005287
0.005236
0.005292
0.005103
0.005364
0.005314
0.005333
0.005367
0.005073
0.005224
0.005367
0.005256
0.005686
0.005377
0.005120
0.005284
0.005064
0.005376
0.005290
0.005321
0.005229
0.005320
0.005190
0.005255
0.005183
0.005169
0.005415
0.005120
0.005437
0.005044
0.005204
0.005297
0.005357
0.005300
0.005448
0.005294
0.005107
0.005139
0.005268
0.005260
0.010334
0.009468
0.014245
0.009900
0.005096
0.005067
0.007152
0.014795
0.006180
0.005099
0.005056
0.005082
0.005177
0.005333
0.005035
0.005262
0.005228
0.005887
0.005402
0.005216
0.005397
0.005273
0.005300
0.005421
0.005224
0.005003
0.004954
0.008770
0.005234
0.005204
0.005116
0.005266
0.005871
0.005282
0.005060
0.005088
0.005144
0.005135
0.005183
0.005299
0.005187
0.005111
0.005201
0.005229
0.005161
0.005254
0.005217
0.005201
0.005132
0.005103
0.005179
0.005450
0.005176
0.005159
0.004990
0.005297
0.005076
0.005024
0.005480
0.005297
0.004996
0.005001
0.005368
0.005057
0.005149
0.005050
0.005066
0.005264
0.005179
0.005235
0.005001
0.005258
0.005166
0.005221
0.005146
0.004970
0.005430
0.005119
0.005295
0.005335
0.005105
0.005268
0.005285
0.005156
0.005288
0.005277
0.005283
0.005173
0.005063
0.005049
0.005392
0.005265
0.005150
0.005054
0.005480
0.005323
0.005085
0.005301
0.005111
0.005164
0.005250
0.005237
0.005018
0.005133
0.005446
0.005026
0.005192
0.005066
0.005105
0.005308
0.005252
0.005048
0.005095
0.005040
0.005076
0.005134
0.005284
0.005071
0.005110
0.005312
0.005508
0.004971
0.005227
0.005259
0.005090
0.005115
0.005509
0.005230
0.005202
0.005198
0.005426
0.005133
0.005220
0.005277
0.005220
0.005013
0.005187
0.005093
0.005388
0.005020
0.005300
0.005233
0.005136
0.005203
0.005277
0.005340
0.005055
0.005010
0.005019
0.005132
0.005250
0.005222
0.005242
0.005099
0.005192
0.005170
0.005233
0.005322
0.005156
0.005113
0.005160
0.005230
0.005281
0.005012
0.005254
0.005162
0.005122
0.005197
0.005149
0.005215
0.005238
0.005141
0.005181
0.005051
0.005132
0.005375
0.005238
0.005227
0.005064
0.005257
0.005113
0.005320
0.005148
0.005284
0.005318
0.005023
0.005158
0.005011
0.005179
0.005185
0.005329
0.005077
0.005211
0.005264
0.005229
0.005163
0.005253
0.005362
0.005101
0.005245
0.005267
0.004958
0.005074
0.005326
0.004978
0.005452
0.005457
0.005201
0.005227
0.005267
0.005097
0.005306
0.005173
0.005239
0.005392
0.004975
0.005297
0.005249
0.005178
0.005029
0.005176
0.005160
0.005032
0.005251
0.005102
0.005062
0.005265
0.005418
0.005209
0.005120
0.005183
0.005167
0.005318
0.005160
0.005101
0.005054
0.005195
0.004977
0.005281
0.004932
0.005556
0.005110
0.005196
0.005320
0.005128
0.005119
0.005353
0.005279
0.005377
0.005056
0.005357
0.005167
0.005068
0.005161
0.005155
0.005309
0.005249
0.005206
0.005047
0.005287
0.005020
0.005208
0.005249
0.005201
0.005140
0.005019
0.005284
0.005229
0.005158
0.005109
0.005375
0.005075
0.005184
0.005111
0.005254
0.005076
0.005033
0.005214
0.005171
0.005195
0.005297
0.004964
0.005337
0.005010
0.005264
0.005035
0.005123
0.005383
0.005373
0.005230
0.005133
0.005269
0.005205
0.005087
0.005578
0.005107
0.005231
0.005280
0.005142
0.005402
0.005078
0.005224
0.005039
0.005140
0.005274
0.005192
0.005262
0.005275
0.005246
0.004982
0.005030
0.005267
0.005064
0.005376
0.005102
0.005153
0.004959
0.005077
0.005231
0.005415
0.005123
0.005242
0.005005
0.005152
0.005021
0.004964
0.005088
0.005184
0.005193
0.005104
0.005519
0.005125
0.005261
0.005235
0.005270
0.005352
0.005219
0.005327
0.005100
0.005111
0.005253
0.005184
0.005105
0.005358
0.005260
0.005153
0.005217
0.005065
0.005251
0.005161
0.005290
0.005235
0.005151
0.005335
0.005255
0.005151
0.005248
0.005281
0.005083
0.005197
0.005148
0.005141
0.005299
0.004988
0.005460
0.005011
0.005110
0.005258
0.005107
0.005181
0.005146
0.005247
0.005206
0.005179
0.005289
0.005170
0.005140
0.005060
0.005216
0.005023
0.005174
0.005140
0.005050
0.005093
0.005083
0.005227
0.005345
0.005174
0.005296
0.005053
0.005220
0.005028
0.005206
0.005296
0.005213
0.005288
0.005323
0.005298
0.005318
0.005308
0.004960
0.008578
0.005277
0.005169
0.005256
0.005242
0.005069
0.005221
0.005044
0.005120
0.005219
0.005173
0.005364
0.005058
0.005041
0.005136
0.005102
0.005548
0.005014
0.005299
0.005208
0.005091
0.005290
0.005057
0.005156
0.005127
0.005239
0.005091
0.005256
0.005182
0.005203
0.005083
0.005360
0.005040
0.005324
0.005323
0.005131
0.005234
0.005105
0.005228
0.004978
0.005246
0.005445
0.005166
0.005081
0.005198
0.005237
0.005219
0.005255
0.005238
0.005070
0.005192
0.005235
0.005211
0.005139
0.005244
0.005042
0.005497
0.005075
0.005249
0.005442
0.005195
0.005032
0.005202
0.005103
0.005396
0.005022
0.005267
0.005291
0.005565
0.005229
0.005196
0.005064
0.005189
0.005277
0.005385
0.005092
0.005088
0.005063
0.005209
0.005279
0.005472
0.004969
0.005206
0.005054
0.005225
0.005232
0.005038
0.005397
0.005113
0.005175
0.005283
0.005265
0.005095
0.004993
0.005457
0.005536
0.004923
0.005289
0.005127
0.005074
0.005033
0.005103
0.005156
0.005355
0.005064
0.005192
0.005290
0.005002
0.005266
0.005121
0.005288
0.005165
0.005336
0.005277
0.005288
0.005238
0.005085
0.005301
0.005389
0.005182
0.005208
0.004996
0.005279
0.005375
0.005299
0.005421
0.005181
0.005205
0.005138
0.005063
0.004965
0.005004
0.005170
0.005352
0.005014
0.005153
0.005211
0.005195
0.005092
0.005143
0.005298
0.005274
0.005541
0.005070
0.005291
0.005177
0.005238
0.005125
0.005179
0.005167
0.005137
0.005026
0.005010
0.005010
0.005200
0.005237
0.005177
0.005375
0.005105
0.005086
0.005041
0.005249
0.005037
0.005269
0.005039
0.005162
0.005133
0.005317
0.005028
0.005033
0.005169
0.005269
0.005237
0.005093
0.005263
0.005026
0.005453
0.005198
0.005405
0.005002
0.005303
0.005185
0.005265
0.005215
0.005235
0.005032
0.004991
0.005185
0.005100
0.005262
0.005329
0.005210
0.005051
0.005151
0.007793
0.006244
0.005552
0.005397
0.005634
0.005277
0.005597
0.005385
0.005351
0.005332
0.005385
0.005367
0.005588
0.005410
0.005506
0.005650
0.005435
0.005625
0.005429
0.005640
0.005577
0.005546
0.005666
0.005346
0.005468
0.005651
0.005472
0.005585
0.005543
0.005451
0.005386
0.005390
0.005577
0.005577
0.005399
0.005594
0.005609
0.005490
0.005789
0.005425
0.005520
0.005475
0.005444
0.005425
0.005248
0.005475
0.005532
0.005450
0.005444
0.005466
0.005495
0.005532
0.005471
0.005512
0.005717
0.005715
0.005247
0.005559
0.005427
0.005378
0.005409
0.005506
0.005651
0.005494
0.005402
0.005512
0.005682
0.005369
0.005446
0.005426
0.005588
0.005503
0.005639
0.005511
0.005316
0.005581
0.005192
0.005490
0.005473
0.005557
0.005343
0.005794
0.005396
0.005672
0.005558
0.005547
0.005510
0.005456
0.005482
