0.001565
0.000380
0.000347
0.000339
0.000340
0.000340
0.000337
0.000336
0.000345
0.000387
0.000415
0.000416
0.000414
0.000415
0.000415
0.000416
0.000417
0.000415
0.000431
0.000416
0.000398
0.000398
0.000398
0.000397
0.000398
0.000399
0.000399
0.000398
0.000410
0.000394
0.000384
0.000383
0.000383
0.000383
0.000383
0.000383
0.000383
0.000383
0.000397
0.000370
0.000366
0.000366
0.000367
0.000367
0.000366
0.000367
0.000368
0.000367
0.000367
0.000370
0.000341
0.000345
0.000344
0.000343
0.000343
0.000343
0.000343
0.000342
0.000342
0.000344
0.000350
0.000349
0.000346
0.000332
0.000332
0.000332
0.000333
0.000332
0.000333
0.000333
0.000332
0.000332
0.000338
0.000335
0.000332
0.000330
0.000330
0.000329
0.000331
0.000330
0.000331
0.000331
0.000330
0.000330
0.000334
0.000330
0.000330
0.000330
0.000329
0.000331
0.000330
0.000331
0.000331
0.000330
0.000329
0.000332
0.000333
0.000329
0.000330
0.000331
0.000331
0.000330
0.000330
0.000332
0.000330
0.000330
0.000331
0.000328
0.000329
0.000333
0.000330
0.000331
0.000331
0.000331
0.000331
0.000331
0.000329
0.000331
0.000330
0.000331
0.000331
0.000332
0.000332
0.000330
0.000332
0.000330
0.000330
0.000332
0.000330
0.000329
0.000332
0.000330
0.000331
0.000331
0.000330
0.000331
0.000330
0.000331
0.000332
0.000330
0.000330
0.000329
0.000329
0.000330
0.000331
0.000334
0.000331
0.000331
0.000331
0.000331
0.000329
0.000330
0.000330
0.000330
0.000330
0.000330
0.000329
0.000333
0.000330
0.000330
0.000332
0.000331
0.000331
0.000331
0.000329
0.000332
0.000330
0.000330
0.000330
0.000334
0.000329
0.000329
0.000330
0.000330
0.000330
0.000330
0.000330
0.000330
0.000329
0.000330
0.000331
0.000334
0.000330
0.000329
0.000329
0.000331
0.000329
0.000330
0.000329
0.000329
0.000330
0.000332
0.000330
0.000333
0.000330
0.000330
0.000329
0.000331
0.000329
0.000329
0.000330
0.000331
0.000328
0.000330
0.000331
0.000337
0.000330
0.000329
0.000329
0.000329
0.000330
0.000331
0.000329
0.000330
0.000329
0.000331
0.000329
0.000335
0.000330
0.000331
0.000330
0.000330
0.000329
0.000330
0.000330
0.000330
0.000330
0.000330
0.000331
0.000334
0.000330
0.000330
0.000330
0.000329
0.000330
0.000331
0.000330
0.000330
0.000331
0.000330
0.000330
0.000334
0.000329
0.000330
0.000330
0.000330
0.000330
0.000331
0.000329
0.000329
0.000331
0.000331
0.000330
0.000329
0.000333
0.000330
0.000331
0.000329
0.000329
0.000330
0.000331
0.000330
0.000331
0.000328
0.000329
0.000329
0.000335
0.000328
0.000329
0.000329
0.000331
0.000329
0.000330
0.000331
0.000329
0.000329
0.000329
0.000329
0.000333
0.000330
0.000330
0.000330
0.000329
0.000329
0.000330
0.000330
0.000330
0.000329
0.000330
0.000331
0.000335
0.000329
0.000329
0.000329
0.000331
0.000330
0.000329
0.000329
0.000327
0.000331
0.000330
0.000331
0.000333
0.000330
0.000329
0.000329
0.000330
0.000330
0.000329
0.000331
0.000331
0.000330
0.000330
0.000329
0.000334
0.000329
0.000329
0.000330
0.000329
0.000330
0.000330
0.000329
0.000331
0.000329
0.000329
0.000329
0.000333
0.000330
0.000329
0.000331
0.000328
0.000328
0.000331
0.000330
0.000330
0.000329
0.000331
0.000329
0.000333
0.000330
0.000330
0.000328
0.000330
0.000330
0.000329
0.000328
0.000330
0.000330
0.000331
0.000329
0.000333
0.000329
0.000330
0.000330
0.000330
0.000330
0.000328
0.000329
0.000330
0.000330
0.000329
0.000330
0.000334
0.000330
0.000330
0.000329
0.000328
0.000331
0.000329
0.000330
0.000329
0.000329
0.000330
0.000329
0.000329
0.000334
0.000330
0.000330
0.000329
0.000330
0.000330
0.000329
0.000330
0.000329
0.000328
0.000330
0.000330
0.000334
0.000329
0.000330
0.000331
0.000330
0.000330
0.000328
0.000329
0.000328
0.000331
0.000330
0.000328
0.000331
0.000329
0.000329
0.000328
0.000328
0.000328
0.000329
0.000329
0.000330
0.000330
0.000330
0.000330
0.000333
0.000329
0.000330
0.000330
0.000330
0.000329
0.000329
0.000329
0.000328
0.000328
0.000329
0.000329
0.000333
0.000329
0.000330
0.000328
0.000329
0.000328
0.000328
0.000328
0.000329
0.000327
0.000328
0.000328
0.000333
0.000328
0.000329
0.000328
0.000328
0.000328
0.000328
0.000327
0.000328
0.000329
0.000327
0.000328
0.000333
0.000328
0.000330
0.000329
0.000329
0.000328
0.000329
0.000328
0.000328
0.000329
0.000328
0.000329
0.000332
0.000330
0.000330
0.000329
0.000328
0.000330
0.000330
0.000329
0.000329
0.000327
0.000330
0.000328
0.000331
0.000329
0.000329
0.000329
0.000328
0.000330
0.000327
0.000329
0.000329
0.000328
0.000328
0.000328
0.000328
0.000332
0.000329
0.000330
0.000328
0.000328
0.000330
0.000329
0.000329
0.000328
0.000328
0.000329
0.000329
0.000330
0.000329
0.000329
0.000328
0.000327
0.000328
0.000328
0.000327
0.000330
0.000329
0.000329
0.000328
0.000332
0.000327
0.000329
0.000329
0.000328
0.000330
0.000329
0.000328
0.000330
0.000327
0.000328
0.000329
0.000332
0.000329
0.000329
0.000329
0.000329
0.000329
0.000329
0.000328
0.000327
0.000328
0.000328
0.000327
0.000333
0.000329
0.000328
0.000328
0.000329
0.000328
0.000328
0.000327
0.000328
0.000327
0.000327
0.000328
0.000334
0.000329
0.000329
0.000326
0.000327
0.000327
0.000329
0.000328
0.000328
0.000327
0.000327
0.000329
0.000329
0.000332
0.000327
0.000328
0.000329
0.000328
0.000326
0.000328
0.000327
0.000328
0.000327
0.000328
0.000329
0.000333
0.000328
0.000330
0.000329
0.000328
0.000328
0.000328
0.000329
0.000327
0.000328
0.000328
0.000328
0.000332
0.000329
0.000329
0.000328
0.000328
0.000327
0.000328
0.000327
0.000328
0.000329
0.000329
0.000327
0.000332
0.000329
0.000328
0.000328
0.000328
0.000328
0.000330
0.000328
0.000328
0.000327
0.000328
0.000328
0.000332
0.000328
0.000328
0.000330
0.000327
0.000327
0.000328
0.000329
0.000327
0.000329
0.000328
0.000328
0.000332
0.000329
0.000327
0.000328
0.000328
0.000329
0.000328
0.000329
0.000328
0.000326
0.000328
0.000329
0.000333
0.000328
0.000328
0.000328
0.000328
0.000328
0.000328
0.000328
0.000327
0.000329
0.000328
0.000328
0.000329
0.000333
0.000329
0.000328
0.000328
0.000329
0.000328
0.000327
0.000327
0.000328
0.000327
0.000328
0.000327
0.000331
0.000328
0.000329
0.000329
0.000329
0.000328
0.000327
0.000328
0.000328
0.000328
0.000328
0.000329
0.000333
0.000329
0.000329
0.000329
0.000328
0.000328
0.000328
0.000328
0.000328
0.000330
0.000329
0.000329
0.000330
0.000328
0.000328
0.000327
0.000327
0.000327
0.000328
0.000327
0.000328
0.000328
0.000328
0.000328
0.000331
0.000327
0.000328
0.000328
0.000329
0.000328
0.000328
0.000329
0.000328
0.000328
0.000329
0.000328
0.000332
0.000328
0.000329
0.000328
0.000329
0.000327
0.000328
0.000328
0.000329
0.000329
0.000328
0.000328
0.000329
0.000331
0.000328
0.000328
0.000328
0.000328
0.000328
0.000328
0.000327
0.000329
0.000327
0.000327
0.000327
0.000333
0.000328
0.000328
0.000327
0.000328
0.000328
0.000327
0.000328
0.000328
0.000328
0.000329
0.000330
0.000333
0.000328
0.000327
0.000329
0.000328
0.000327
0.000327
0.000327
0.000328
0.000327
0.000329
0.000328
0.000332
0.000329
0.000329
0.000330
0.000328
0.000327
0.000329
0.000328
0.000328
0.000328
0.000329
0.000328
0.000332
0.000329
0.000328
0.000327
0.000328
0.000328
0.000328
0.000327
0.000328
0.000328
0.000328
0.000327
0.000331
0.000328
0.000328
0.000328
0.000328
0.000328
0.000327
0.000330
0.000328
0.000326
0.000328
0.000330
0.000328
0.000332
0.000327
0.000328
0.000327
0.000327
0.000328
0.000328
0.000327
0.000328
0.000327
0.000329
0.000327
0.000332
0.000328
0.000327
0.000329
0.000329
0.000328
0.000328
0.000327
0.000329
0.000328
0.000327
0.000329
0.000369
0.000329
0.000328
0.000327
0.000328
0.000328
0.000328
0.000328
0.000329
0.000327
0.000327
0.000328
0.000332
0.000328
0.000328
0.000328
0.000328
0.000329
0.000328
0.000328
0.000328
0.000327
0.000329
0.000329
0.000333
0.000329
0.000329
0.000328
0.000327
0.000329
0.000328
0.000328
0.000330
0.000329
0.000328
0.000327
0.000331
0.000326
0.000328
0.000328
0.000329
0.000327
0.000328
0.000328
0.000328
0.000328
0.000329
0.000326
0.000331
0.000329
0.000328
0.000328
0.000329
0.000327
0.000329
0.000327
0.000328
0.000327
0.000330
0.000330
0.000328
0.000331
0.000328
0.000328
0.000327
0.000328
0.000328
0.000327
0.000330
0.000328
0.000328
0.000328
0.000327
0.000334
0.000328
0.000328
0.000327
0.000328
0.000328
0.000328
0.000326
0.000328
0.000329
0.000328
0.000328
0.000334
0.000328
0.000328
0.000328
0.000327
0.000328
0.000328
0.000328
0.000327
0.000328
0.000328
0.000328
0.000331
0.000327
0.000327
0.000329
0.000328
0.000328
0.000328
0.000329
0.000328
0.000329
0.000328
0.000330
0.000332
0.000327
0.000328
0.000329
0.000328
0.000328
0.000328
0.000328
0.000328
0.000329
0.000328
0.000329
0.000332
0.000327
0.000328
0.000328
0.000328
0.000329
0.000328
0.000328
0.000326
0.000330
0.000327
0.000327
0.000332
0.000328
0.000327
0.000329
0.000328
0.000327
0.000328
0.000327
0.000328
0.000327
0.000329
0.000328
0.000328
0.000332
0.000328
0.000328
0.000328
0.000327
0.000328
0.000327
0.000328
0.000329
0.000329
0.000329
0.000328
0.000330
0.000329
0.000328
0.000330
0.000328
0.000329
0.000329
0.000328
0.000329
0.000327
0.000328
0.000328
0.000331
0.000327
0.000328
0.000327
0.000328
0.000329
0.000329
0.000327
0.000328
0.000329
0.000328
0.000328
0.000331
0.000328
0.000327
0.000328
0.000327
0.000327
0.000328
0.000329
0.000327
0.000329
0.000327
0.000327
0.000334
0.000327
0.000328
0.000328
0.000327
0.000330
0.000327
0.000328
0.000327
0.000327
0.000327
0.000328
0.000331
0.000328
0.000327
0.000327
0.000327
0.000326
0.000326
0.000326
0.000328
0.000328
0.000327
0.000328
0.000327
0.000330
0.000326
0.000327
0.000327
0.000328
0.000325
0.000328
0.000327
0.000328
0.000327
0.000328
0.000327
0.000332
0.000328
0.000328
0.000327
0.000328
0.000327
0.000327
0.000328
0.000327
0.000328
0.000327
0.000329
0.000330
0.000326
0.000328
0.000326
0.000326
0.000328
0.000327
0.000328
0.000328
0.000328
0.000326
0.000327
0.000331
0.000326
0.000328
0.000326
0.000328
0.000328
0.000327
0.000328
0.000328
0.000327
0.000326
0.000327
0.000332
0.000327
0.000328
0.000327
0.000327
0.000327
0.000328
0.000327
0.000328
0.000326
0.000327
0.000328
0.000327
0.000330
0.000327
0.000326
0.000326
0.000328
0.000327
0.000326
0.000327
0.000326
0.000327
0.000326
0.000326
0.000335
0.000327
0.000328
0.000326
0.000328
0.000329
0.000327
0.000326
0.000327
0.000328
0.000327
0.000328
0.000331
0.000327
0.000328
0.000326
0.000327
0.000327
0.000326
0.000327
0.000327
0.000327
0.000327
0.000325
0.000330
0.000328
0.000328
0.000327
0.000327
0.000326
0.000327
0.000327
0.000327
0.000327
0.000327
0.000327
0.000330
0.000326
0.000326
0.000326
0.000328
0.000327
0.000327
0.000326
0.000327
0.000327
0.000328
0.000326
0.000327
0.000329
0.000328
0.000329
0.000327
0.000328
0.000328
0.000328
0.000327
0.000327
0.000326
0.000325
0.000328
0.000330
0.000327
0.000327
0.000327
0.000327
0.000328
0.000327
0.000326
0.000326
0.000327
0.000326
0.000327
0.000330
0.000328
0.000327
0.000325
0.000329
0.000327
0.000328
0.000326
0.000327
0.000327
0.000326
0.000327
0.000331
0.000327
0.000328
0.000326
0.000326
0.000328
0.000327
0.000327
0.000326
0.000328
0.000325
0.000326
0.000331
0.000327
0.000326
0.000327
0.000328
0.000327
0.000327
0.000327
0.000327
0.000327
0.000326
0.000327
0.000326
0.000331
0.000329
0.000327
0.000328
0.000326
0.000328
0.000326
0.000328
0.000327
0.000326
0.000327
0.000328
0.000332
0.000326
0.000326
0.000328
0.000328
0.000327
0.000328
0.000327
0.000328
0.000326
0.000327
0.000327
0.000330
0.000327
0.000326
0.000327
0.000328
0.000328
0.000327
0.000328
0.000327
0.000327
0.000327
0.000327
0.000330
0.000327
0.000328
0.000327
0.000327
0.000327
0.000327
0.000326
0.000327
0.000326
0.000327
0.000326
0.000332
0.000327
0.000327
0.000328
0.000327
0.000326
0.000327
0.000326
0.000326
0.000327
0.000327
0.000329
0.000327
0.000329
0.000328
0.000328
0.000328
0.000327
0.000327
0.000326
0.000327
0.000326
0.000326
0.000326
0.000326
0.000330
0.000325
0.000326
0.000326
0.000326
0.000326
0.000327
0.000327
0.000327
0.000327
0.000328
0.000327
0.000331
0.000328
0.000328
0.000327
0.000326
0.000327
0.000327
0.000326
0.000327
0.000328
0.000327
0.000327
0.000331
0.000327
0.000327
0.000325
0.000326
0.000327
0.000327
0.000328
0.000327
0.000327
0.000327
0.000327
0.000330
0.000327
0.000328
0.000327
0.000326
0.000327
0.000328
0.000327
0.000328
0.000326
0.000326
0.000326
0.000327
0.000329
0.000327
0.000327
0.000327
0.000326
0.000326
0.000326
0.000328
0.000328
0.000325
0.000326
0.000329
0.000330
0.000328
0.000328
0.000326
0.000328
0.000327
0.000329
0.000328
0.000327
0.000327
0.000327
0.000328
0.000329
0.000326
0.000327
0.000327
0.000328
0.000329
0.000328
0.000327
0.000326
0.000327
0.000327
0.000326
0.000330
0.000328
0.000327
0.000326
0.000326
0.000326
0.000327
0.000327
0.000326
0.000327
0.000326
0.000326
0.000331
0.000326
0.000327
0.000328
0.000326
0.000326
0.000326
0.000328
0.000327
0.000325
0.000328
0.000327
0.000328
0.000332
0.000326
0.000326
0.000327
0.000327
0.000328
0.000328
0.000327
0.000327
0.000328
0.000328
0.000327
0.000331
0.000327
0.000326
0.000327
0.000328
0.000329
0.000327
0.000328
0.000328
0.000329
0.000327
0.000327
0.000330
0.000326
0.000328
0.000327
0.000326
0.000328
0.000328
0.000327
0.000326
0.000326
0.000328
0.000327
0.000330
0.000328
0.000328
0.000326
0.000327
0.000328
0.000328
0.000327
0.000325
0.000327
0.000327
0.000328
0.000330
0.000327
0.000328
0.000327
0.000328
0.000326
0.000327
0.000326
0.000327
0.000328
0.000328
0.000327
0.000327
0.000330
0.000327
0.000327
0.000327
0.000327
0.000327
0.000327
0.000328
0.000328
0.000325
0.000327
0.000327
0.000330
0.000327
0.000327
0.000328
0.000328
0.000327
0.000327
0.000328
0.000327
0.000327
0.000328
0.000328
0.000334
0.000327
0.000327
0.000327
0.000327
0.000326
0.000327
0.000326
0.000326
0.000327
0.000326
0.000326
0.000333
0.000329
0.000328
0.000327
0.000326
0.000327
0.000327
0.000327
0.000327
0.000327
0.000327
0.000327
0.000372
0.000329
0.000326
0.000325
0.000327
0.000326
0.000327
0.000327
0.000327
0.000331
0.000328
0.000328
0.000330
0.000327
0.000327
0.000326
0.000327
0.000325
0.000328
0.000325
0.000326
0.000327
0.000327
0.000327
0.000326
0.000332
0.000327
0.000326
0.000326
0.000326
0.000327
0.000325
0.000327
0.000326
0.000326
0.000326
0.000326
0.000330
0.000328
0.000327
0.000327
0.000327
0.000328
0.000326
0.000326
0.000327
0.000328
0.000327
0.000329
0.000331
0.000327
0.000326
0.000326
0.000326
0.000327
0.000328
0.000326
0.000327
0.000327
0.000327
0.000327
0.000331
0.000326
0.000327
0.000328
0.000328
0.000327
0.000327
0.000327
0.000326
0.000328
0.000326
0.000327
0.000331
0.000328
0.000327
0.000327
0.000327
0.000326
0.000327
0.000327
0.000326
0.000326
0.000327
0.000327
0.000328
0.000330
0.000326
0.000327
0.000327
0.000327
0.000327
0.000327
0.000327
0.000327
0.000326
0.000327
0.000327
0.000329
0.000328
0.000327
0.000328
0.000326
0.000326
0.000326
0.000326
0.000327
0.000326
0.000327
0.000326
0.000330
0.000327
0.000326
0.000326
0.000348
0.000355
0.000325
0.000325
0.000326
0.000328
0.000327
0.000328
0.000333
0.000327
0.000328
0.000327
0.000327
0.000327
0.000329
0.000327
0.000327
0.000326
0.000326
0.000326
0.000331
0.000327
0.000327
0.000327
0.000327
0.000328
0.000327
0.000327
0.000326
0.000327
0.000327
0.000328
0.000328
0.000331
0.000328
0.000325
0.000328
0.000328
0.000327
0.000327
0.000326
0.000326
0.000326
0.000327
0.000327
0.000331
0.000327
0.000326
0.000328
0.000328
0.000326
0.000327
0.000327
0.000327
0.000326
0.000327
0.000328
0.000330
0.000326
0.000328
0.000326
0.000326
0.000327
0.000325
0.000326
0.000326
0.000327
0.000326
0.000326
0.000330
0.000327
0.000327
0.000327
0.000326
0.000327
0.000326
0.000326
0.000327
0.000327
0.000326
0.000327
0.000332
0.000327
0.000326
0.000325
0.000327
0.000328
0.000327
0.000326
0.000327
0.000326
0.000327
0.000328
0.000326
0.000331
0.000327
0.000327
0.000326
0.000327
0.000327
0.000327
0.000327
0.000328
0.000328
0.000327
0.000326
0.000329
0.000328
0.000327
0.000326
0.000327
0.000326
0.000327
0.000328
0.000328
0.000327
0.000327
0.000327
0.000330
0.000327
0.000327
0.000327
0.000328
0.000326
0.000326
0.000326
0.000328
0.000327
0.000326
0.000327
0.000331
0.000327
0.000328
0.000327
0.000328
0.000327
0.000327
0.000326
0.000327
0.000326
0.000328
0.000327
0.000331
0.000325
0.000326
0.000328
0.000328
0.000327
0.000326
0.000327
0.000327
0.000326
0.000326
0.000327
0.000328
0.000329
0.000327
0.000327
0.000328
0.000327
0.000326
0.000326
0.000325
0.000327
0.000327
0.000327
0.000326
0.000332
0.000326
0.000327
0.000327
0.000325
0.000326
0.000327
0.000326
0.000328
0.000326
0.000326
0.000325
0.000331
0.000326
0.000328
0.000326
0.000326
0.000325
0.000326
0.000326
0.000326
0.000328
0.000326
0.000326
0.000331
0.000326
0.000326
0.000325
0.000328
0.000327
0.000326
0.000326
0.000327
0.000327
0.000327
0.000325
0.000331
0.000325
0.000328
0.000326
0.000327
0.000328
0.000325
0.000327
0.000327
0.000326
0.000326
0.000326
0.000326
0.000332
0.000326
0.000327
0.000326
0.000326
0.000327
0.000326
0.000325
0.000326
0.000326
0.000327
0.000326
0.000331
0.000328
0.000326
0.000328
0.000328
0.000326
0.000328
0.000326
0.000327
0.000327
0.000328
0.000328
0.000330
0.000327
0.000326
0.000327
0.000327
0.000326
0.000327
0.000326
0.000327
0.000325
0.000327
0.000325
0.000331
0.000326
0.000326
0.000326
0.000326
0.000326
0.000326
0.000327
0.000325
0.000326
0.000324
0.000326
0.000331
0.000336
0.000324
0.000325
0.000325
0.000325
0.000326
0.000326
0.000326
0.000326
0.000327
0.000326
0.000325
0.000332
0.000327
0.000328
0.000327
0.000326
0.000326
0.000327
0.000326
0.000327
0.000326
0.000326
0.000326
0.000330
0.000325
0.000325
0.000326
0.000326
0.000325
0.000326
0.000326
0.000327
0.000326
0.000325
0.000327
0.000328
0.000327
0.000326
0.000326
0.000325
0.000326
0.000326
0.000326
0.000326
0.000325
0.000327
0.000326
0.000329
0.000327
0.000328
0.000327
0.000325
0.000325
0.000325
0.000326
0.000326
0.000327
0.000326
0.000326
0.000324
0.000330
0.000327
0.000326
0.000327
0.000326
0.000325
0.000325
0.000326
0.000326
0.000325
0.000326
0.000325
0.000329
0.000327
0.000328
0.000325
0.000326
0.000325
0.000326
0.000326
0.000325
0.000327
0.000325
0.000326
0.000330
0.000325
0.000326
0.000327
0.000327
0.000327
0.000327
0.000326
0.000325
0.000326
0.000325
0.000326
0.000329
0.000324
0.000326
0.000325
0.000326
0.000327
0.000326
0.000327
0.000326
0.000326
0.000326
0.000326
0.000327
0.000328
0.000325
0.000325
0.000325
0.000326
