0.002445
0.000735
0.000707
0.000709
0.000708
0.000709
0.000682
0.000739
0.000950
0.000682
0.000691
0.000654
0.000642
0.000639
0.000643
0.000640
0.000656
0.000647
0.000704
0.000644
0.000643
0.000638
0.000654
0.000639
0.000655
0.000639
0.000647
0.000645
0.000646
0.000646
0.000646
0.000633
0.000647
0.000636
0.000644
0.000651
0.000648
0.000642
0.000647
0.000640
0.000643
0.000657
0.000638
0.000645
0.000645
0.000642
0.000641
0.000646
0.000641
0.000641
0.000637
0.000642
0.000645
0.000649
0.000642
0.000654
0.000639
0.000653
0.000638
0.000648
0.000647
0.000643
0.000642
0.000647
0.000642
0.000650
0.000644
0.000655
0.000642
0.000648
0.000645
0.000643
0.000656
0.000642
0.000648
0.000640
0.000639
0.000645
0.000648
0.000647
0.000643
0.000643
0.000646
0.000650
0.000653
0.000646
0.000643
0.000651
0.000639
0.000649
0.000648
0.000650
0.000650
0.000645
0.000642
0.000643
0.000640
0.000654
0.000644
0.000643
0.000641
0.000642
0.000645
0.000647
0.000647
0.000644
0.000641
0.000651
0.000651
0.000650
0.000651
0.000640
0.000646
0.000647
0.000646
0.000649
0.000643
0.000646
0.000642
0.000644
0.000644
0.000647
0.000645
0.000644
0.000641
0.000639
0.000638
0.000642
0.000656
0.000645
0.000643
0.000643
0.000641
0.000646
0.000653
0.000643
0.000643
0.000647
0.000639
0.000647
0.000657
0.000643
0.000643
0.000642
0.000649
0.000642
0.000650
0.000650
0.000643
0.000645
0.000644
0.000645
0.000645
0.000648
0.000646
0.000638
0.000638
0.000642
0.000643
0.000642
0.000644
0.000638
0.000647
0.000642
0.000640
0.000649
0.000640
0.000641
0.000647
0.000635
0.000652
0.000648
0.000645
0.000642
0.000645
0.000649
0.000644
0.000654
0.000646
0.000645
0.000640
0.000642
0.000641
0.000645
0.000646
0.000641
0.000642
0.000649
0.000641
0.000650
0.000644
0.000642
0.000640
0.000639
0.000641
0.001213
0.000747
0.000627
0.000655
0.000642
0.000643
0.000645
0.000652
0.000646
0.000644
0.000645
0.000644
0.000651
0.000648
0.000647
0.000645
0.000645
0.000645
0.000655
0.000649
0.000647
0.000643
0.000647
0.000639
0.000655
0.000649
0.000650
0.000647
0.000645
0.000646
0.000641
0.000650
0.000651
0.000647
0.000641
0.000644
0.000642
0.000646
0.000647
0.000646
0.000644
0.000637
0.000645
0.000652
0.000648
0.000640
0.000648
0.000645
0.000644
0.000645
0.000642
0.000638
0.000640
0.000644
0.000640
0.000649
0.000648
0.000641
0.000641
0.000646
0.000639
0.000646
0.000657
0.000645
0.000648
0.000646
0.000639
0.000645
0.000655
0.000644
0.000646
0.000648
0.000645
0.000641
0.000654
0.000646
0.000644
0.000640
0.000647
0.000639
0.000654
0.000644
0.000649
0.000644
0.000640
0.000643
0.000660
0.000636
0.000651
0.000647
0.000645
0.000639
0.000647
0.000647
0.000646
0.000646
0.000643
0.000640
0.000643
0.000651
0.000649
0.000641
0.000641
0.000645
0.000645
0.000646
0.000645
0.000636
0.000645
0.000640
0.000640
0.000648
0.000646
0.000645
0.000640
0.000642
0.000639
0.000648
0.000646
0.000643
0.000637
0.000640
0.000637
0.000644
0.000651
0.000642
0.000639
0.000642
0.000642
0.000649
0.000644
0.000645
0.000645
0.000632
0.000650
0.000644
0.000651
0.000640
0.000638
0.000641
0.000643
0.000641
0.000643
0.000644
0.000642
0.000640
0.000648
0.000638
0.000650
0.000642
0.000642
0.000644
0.000641
0.000639
0.000644
0.000649
0.000647
0.000637
0.000644
0.000653
0.000637
0.000657
0.000653
0.000637
0.000644
0.000646
0.000641
0.000652
0.000650
0.000638
0.000649
0.000637
0.000643
0.000649
0.000641
0.000641
0.000636
0.000647
0.000646
0.000652
0.000646
0.000649
0.000639
0.000647
0.000640
0.000645
0.000651
0.000654
0.000643
0.000644
0.000644
0.000645
0.000653
0.000649
0.000641
0.000648
0.000638
0.000651
0.000647
0.000647
0.000643
0.000644
0.000640
0.000645
0.000653
0.000644
0.000645
0.000639
0.000646
0.000644
0.000643
0.000646
0.000647
0.000637
0.000644
0.000637
0.000644
0.000655
0.000641
0.000647
0.000636
0.000638
0.000639
0.000655
0.000632
0.000635
0.000630
0.000630
0.000633
0.000635
0.000634
0.000630
0.000635
0.000638
0.000631
0.000644
0.000638
0.000633
0.000634
0.000636
0.000631
0.000633
0.000649
0.000628
0.000634
0.000647
0.000641
0.000646
0.000653
0.000653
0.000640
0.000647
0.000646
0.000637
0.000651
0.000643
0.000641
0.000643
0.000648
0.000640
0.000654
0.000647
0.000647
0.000640
0.000644
0.000643
0.000643
0.000643
0.000641
0.000640
0.000652
0.000641
0.000644
0.000647
0.000652
0.000640
0.000646
0.000648
0.000646
0.000653
0.000641
0.000637
0.000640
0.000647
0.000639
0.000652
0.000643
0.000644
0.000645
0.000647
0.000645
0.000652
0.000647
0.000649
0.000639
0.000643
0.000647
0.000642
0.000643
0.000642
0.000638
0.000643
0.000645
0.000639
0.000649
0.000647
0.000641
0.000648
0.000640
0.000645
0.000648
0.000648
0.000640
0.000643
0.000641
0.000641
0.000647
0.000645
0.000644
0.000639
0.000647
0.000640
0.000648
0.000645
0.000647
0.000646
0.000639
0.000646
0.000651
0.000642
0.000656
0.000637
0.000646
0.000638
0.000645
0.000647
0.000648
0.000642
0.000642
0.000647
0.000639
0.000645
0.000641
0.000645
0.000643
0.000645
0.000647
0.000647
0.000647
0.000640
0.000640
0.000643
0.000644
0.000652
0.000646
0.000647
0.000640
0.000647
0.000644
0.000652
0.000645
0.000643
0.000643
0.000642
0.000639
0.000641
0.000653
0.000647
0.000640
0.000639
0.000639
0.000641
0.000653
0.000646
0.000642
0.000644
0.000643
0.000640
0.000657
0.000645
0.000656
0.000634
0.000639
0.000638
0.000652
0.000641
0.000648
0.000642
0.000639
0.000641
0.000643
0.000644
0.000639
0.000639
0.000646
0.000639
0.000636
0.000652
0.000643
0.000643
0.000645
0.000642
0.000643
0.000661
0.000643
0.000641
0.000636
0.000639
0.000643
0.000646
0.000641
0.000664
0.000643
0.000641
0.000640
0.000902
0.000648
0.000645
0.000646
0.000635
0.000646
0.000650
0.000645
0.000645
0.000637
0.000651
0.000644
0.000648
0.000645
0.000642
0.000647
0.000641
0.000644
0.000645
0.000647
0.000645
0.000640
0.000643
0.000639
0.000647
0.000647
0.000643
0.000646
0.000647
0.000646
0.000640
0.000652
0.000646
0.000644
0.000643
0.000643
0.000641
0.000656
0.000644
0.000647
0.000641
0.000649
0.000645
0.000651
0.000640
0.000639
0.000651
0.000635
0.000646
0.000646
0.000826
0.000650
0.000643
0.000643
0.000645
0.000648
0.000643
0.000643
0.000639
0.000650
0.000637
0.000643
0.000650
0.000645
0.000640
0.000643
0.000635
0.000639
0.000650
0.000651
0.000640
0.000635
0.000645
0.000639
0.000680
0.000638
0.000642
0.000637
0.000643
0.000640
0.000650
0.000641
0.000641
0.000649
0.000640
0.000641
0.000644
0.000650
0.000644
0.000644
0.000637
0.000645
0.000640
0.000654
0.000645
0.000642
0.000638
0.000643
0.000641
0.000651
0.000644
0.000644
0.000638
0.000644
0.000642
0.000646
0.000645
0.000641
0.000640
0.000645
0.000633
0.000652
0.000643
0.000652
0.000636
0.000645
0.000644
0.000644
0.000641
0.000639
0.000646
0.000635
0.000648
0.000642
0.000649
0.000641
0.000638
0.000647
0.000635
0.000643
0.000649
0.000647
0.000650
0.000643
0.000643
0.000637
0.000644
0.000644
0.000643
0.000642
0.000644
0.000649
0.000654
0.000639
0.000637
0.000643
0.000646
0.000639
0.000642
0.000644
0.000639
0.000640
0.000647
0.000647
0.000647
0.000647
0.000653
0.000641
0.000647
0.000641
0.000637
0.000647
0.000643
0.000646
0.000645
0.000654
0.000640
0.000652
0.000640
0.000642
0.000645
0.000644
0.000644
0.000644
0.000647
0.000639
0.000643
0.000643
0.000642
0.000643
0.000645
0.000652
0.000640
0.000640
0.000644
0.000639
0.000646
0.000644
0.000647
0.000642
0.000652
0.000638
0.000654
0.000647
0.000641
0.000647
0.000645
0.000645
0.000653
0.000642
0.000648
0.000646
0.000646
0.000643
0.000646
0.000642
0.000644
0.000641
0.000648
0.000642
0.000648
0.000643
0.000639
0.000644
0.000643
0.000637
0.000642
0.000655
0.000642
0.000639
0.000643
0.000638
0.000638
0.000652
0.000641
0.000647
0.000645
0.000642
0.000648
0.000655
0.000640
0.000643
0.000648
0.000646
0.000647
0.000647
0.000641
0.000643
0.000645
0.000642
0.000638
0.000656
0.000646
0.000646
0.000638
0.000643
0.000641
0.000642
0.000653
0.000642
0.000640
0.000635
0.000644
0.000644
0.000655
0.000646
0.000647
0.000639
0.000641
0.000643
0.000648
0.000643
0.000637
0.000641
0.000641
0.000640
0.000653
0.000639
0.000634
0.000632
0.000634
0.000628
0.000635
0.000639
0.000639
0.000633
0.000640
0.000632
0.000630
0.000643
0.000637
0.000631
0.000634
0.000636
0.000635
0.000637
0.000627
0.000634
0.000635
0.000633
0.000632
0.000642
0.000638
0.000635
0.000635
0.000632
0.000627
0.000631
0.000639
0.000636
0.000640
0.000639
0.000644
0.000637
0.000657
0.000646
0.000643
0.000639
0.000650
0.000636
0.000648
0.000646
0.000643
0.000643
0.000643
0.000637
0.000652
0.000641
0.000644
0.000647
0.000643
0.000639
0.000636
0.000652
0.000652
0.000635
0.000638
0.000644
0.000645
0.000644
0.000643
0.000649
0.000641
0.000646
0.000640
0.000655
0.000643
0.000646
0.000640
0.000644
0.000644
0.000654
0.000644
0.000639
0.000640
0.000641
0.000642
0.000640
0.000646
0.000642
0.000641
0.000642
0.000640
0.000659
0.000653
0.000654
0.000638
0.000648
0.000636
0.000639
0.000653
0.000635
0.000636
0.000630
0.000628
0.000629
0.000642
0.000636
0.000640
0.000634
0.000634
0.000632
0.000637
0.000636
0.000637
0.000634
0.000633
0.000629
0.000640
0.000640
0.000633
0.000633
0.000635
0.000637
0.000636
0.000644
0.000630
0.000623
0.000628
0.000631
0.000633
0.000641
0.000633
0.000634
0.000630
0.000633
0.000630
0.000638
0.000641
0.000629
0.000633
0.000635
0.000631
0.000634
0.000642
0.000633
0.000632
0.000633
0.000635
0.000630
0.000638
0.000635
0.000635
0.000629
0.000635
0.000635
0.000641
0.000635
0.000634
0.000627
0.000635
0.000636
0.000635
0.000642
0.000638
0.000634
0.000631
0.000634
0.000626
0.000640
0.000632
0.000634
0.000633
0.000631
0.000634
0.000640
0.000634
0.000630
0.000632
0.000631
0.000630
0.000632
0.000641
0.000633
0.000634
0.000632
0.000633
0.000630
0.000643
0.000628
0.000630
0.000628
0.000629
0.000633
0.000640
0.000637
0.000634
0.000629
0.000633
0.000631
0.000637
0.000642
0.000637
0.000629
0.000634
0.000629
0.000634
0.000640
0.000637
0.000636
0.000633
0.000636
0.000635
0.000639
0.000633
0.000639
0.000636
0.000631
0.000631
0.000635
0.000642
0.000630
0.000632
0.000633
0.000637
0.000637
0.000641
0.000637
0.000638
0.000629
0.000628
0.000631
0.000637
0.000633
0.000633
0.000636
0.000632
0.000633
0.000639
0.000635
0.000637
0.000630
0.000640
0.000631
0.000633
0.000641
0.000635
0.000637
0.000631
0.000631
0.000631
0.000655
0.000637
0.000633
0.000631
0.000633
0.000634
0.000638
0.000635
0.000632
0.000635
0.000635
0.000633
0.000640
0.000636
0.000628
0.000630
0.000628
0.000635
0.000634
0.000646
0.000633
0.000633
0.000631
0.000633
0.000633
0.000637
0.000639
0.000634
0.000636
0.000634
0.000630
0.000639
0.000629
0.000633
0.000630
0.000628
0.000628
0.000631
0.000639
0.000635
0.000627
0.000634
0.000633
0.000629
0.000642
0.000634
0.000636
0.000634
0.000635
0.000628
0.000640
0.000632
0.000632
0.000634
0.000630
0.000628
0.000637
0.000649
0.000636
0.000636
0.000632
0.000634
0.000633
0.000639
0.000634
0.000628
0.000633
0.000630
0.000636
0.000639
0.000633
0.000637
0.000630
0.000635
0.000636
0.000639
0.000640
0.000635
0.000629
0.000635
0.000629
0.000636
0.000643
0.000635
0.000628
0.000631
0.000631
0.000632
0.000638
0.000635
0.000630
0.000631
0.000632
0.000632
0.000638
0.000636
0.000631
0.000632
0.000629
0.000630
0.000632
0.000638
0.000638
0.000630
0.000631
0.000629
0.000637
0.000632
0.000636
0.000634
0.000632
0.000629
0.000631
0.000637
0.000633
0.000635
0.000631
0.000626
0.000631
0.000633
0.000640
0.000637
0.000634
0.000634
0.000635
0.000632
0.000633
0.000631
0.000626
0.000632
0.000633
0.000633
0.000639
0.000632
0.000632
0.000629
0.000635
0.000632
0.000636
0.000642
0.000630
0.000630
0.000638
0.000633
0.000631
0.000641
0.000634
0.000633
0.000634
0.000634
0.000629
0.000644
0.000637
0.000631
0.000634
0.000633
0.000634
0.000638
0.000633
0.000633
0.000633
0.000631
0.000634
0.000632
0.000641
0.000635
0.000630
0.000631
0.000631
0.000630
0.000637
0.000634
0.000631
0.000632
0.000630
0.000628
0.000636
0.000631
0.000632
0.000633
0.000634
0.000634
0.000634
0.000639
0.000639
0.000631
0.000628
0.000628
0.000635
0.000675
0.000637
0.000626
0.000633
0.000633
0.000638
0.000641
0.000640
0.000629
0.000629
0.000631
0.000633
0.000631
0.000637
0.000630
0.000630
0.000641
0.000632
0.000639
0.000638
0.000635
0.000633
0.000633
0.000629
0.000626
0.000636
0.000631
0.000630
0.000632
0.000640
0.000642
0.000646
0.000641
0.000639
0.000638
0.000642
0.000644
0.000641
0.000644
0.000648
0.000635
0.000638
0.000641
0.000639
0.000646
0.000634
0.000652
0.000641
0.000648
0.000632
0.000658
0.000635
0.000643
0.000644
0.000640
0.000644
0.000647
0.000648
0.000645
0.000644
0.000640
0.000644
0.000637
0.000651
0.000644
0.000638
0.000649
0.000645
0.000641
0.000649
0.000646
0.000641
0.000643
0.000650
0.000634
0.000653
0.000638
0.000646
0.000638
0.000643
0.000641
0.000655
0.000645
0.000637
0.000643
0.000649
0.000636
0.000651
0.000648
0.000644
0.000646
0.000641
0.000645
0.000634
0.000650
0.000641
0.000635
0.000642
0.000643
0.000646
0.000649
0.000648
0.000637
0.000644
0.000642
0.000638
0.000647
0.000655
0.000642
0.000645
0.000639
0.000645
0.000649
0.000648
0.000644
0.000643
0.000647
0.000642
0.000651
0.000639
0.000647
0.000641
0.000641
0.000646
0.000643
0.000651
0.000648
0.000647
0.000646
0.000647
0.000638
0.000656
0.000638
0.000642
0.000638
0.000648
0.000641
0.000648
0.000642
0.000653
0.000641
0.000645
0.000648
0.000645
0.000646
0.000646
0.000640
0.000642
0.000641
0.000648
0.000646
0.000644
0.000642
0.000643
0.000643
0.000639
0.000649
0.000640
0.000638
0.000648
0.000641
0.000644
0.000646
0.000642
0.000642
0.000640
0.000638
0.000656
0.000645
0.000645
0.000636
0.000649
0.000645
0.000640
0.000651
0.000642
0.000643
0.000647
0.000639
0.000642
0.000641
0.000653
0.000640
0.000647
0.000647
0.000635
0.000638
0.000641
0.000643
0.000634
0.000644
0.000646
0.000639
0.000651
0.000643
0.000643
0.000641
0.000638
0.000641
0.000647
0.000644
0.000640
0.000640
0.000646
0.000639
0.000646
0.000641
0.000642
0.000643
0.000635
0.000643
0.000647
0.000643
0.000644
0.000637
0.000638
0.000638
0.000651
0.000641
0.000646
0.000641
0.000641
0.000641
0.000641
0.000644
0.000641
0.000637
0.000635
0.000633
0.000634
0.000643
0.000633
0.000631
0.000631
0.000630
0.000630
0.000632
0.000635
0.000633
0.000629
0.000631
0.000631
0.000632
0.000635
0.000635
0.000630
0.000631
0.000627
0.000632
0.000637
0.000632
0.000631
0.000630
0.000632
0.000633
0.000636
0.001064
0.000659
0.000636
0.000632
0.000635
0.000641
0.000638
0.000730
0.001368
0.000654
0.000641
0.000652
0.000638
0.000640
0.000640
0.000638
0.000648
0.000647
0.000638
0.000646
0.000644
0.000645
0.000648
0.000643
0.000642
0.000638
0.000639
0.000644
0.000637
0.000644
0.000637
0.000642
0.000641
0.000635
0.000641
0.000648
0.000649
0.000635
0.000649
0.000637
0.000638
0.000654
0.000636
0.000643
0.000639
0.000638
0.000645
0.000644
0.000645
0.000641
0.000639
0.000641
0.000636
0.000644
0.000646
0.000647
0.000643
0.000638
0.000638
0.000643
0.000646
0.000646
0.000642
0.000645
0.000644
0.000634
0.000650
0.000648
0.000640
0.000640
0.000641
0.000637
0.000645
0.000644
0.000641
0.000644
0.000638
0.000640
0.000650
0.000645
0.000640
0.000643
0.000641
0.000644
0.000645
0.000645
0.000645
0.000635
0.000639
0.000643
0.000637
0.000651
0.000642
0.000646
0.000643
0.000638
0.000646
0.000646
0.000639
0.000642
0.000643
0.000639
0.000641
0.000655
0.000640
0.000645
0.000641
0.000642
0.000640
0.000639
0.000644
0.000630
0.000631
0.000634
0.000634
0.000630
0.000635
0.000631
0.000635
0.000633
0.000629
0.000632
0.000643
0.000633
0.000632
0.000630
0.000635
0.000629
0.000634
0.000632
0.000632
0.000634
0.000632
0.000635
0.000630
0.000647
0.000636
0.000631
0.000630
0.000634
0.000630
0.000637
0.000636
0.000635
0.000631
0.000633
0.000632
0.000637
0.000639
0.000629
0.000631
0.000630
0.000630
0.000630
0.000640
0.000635
0.000634
0.000636
0.000635
0.000631
0.000636
0.000632
0.000627
0.000624
0.000629
0.000631
0.000641
0.000635
0.000633
0.000634
0.000631
0.000629
0.000629
0.000639
0.000627
0.000625
0.000631
0.000630
0.000629
0.000638
0.000633
0.000634
0.000631
0.000628
0.000630
0.000651
0.000636
0.000631
0.000635
0.000631
0.000634
0.000632
0.000638
0.000637
0.000632
0.000632
0.000632
0.000631
0.000639
0.000633
0.000633
0.000629
0.000631
0.000631
0.000640
0.000632
0.000627
0.000627
0.000629
0.000633
0.000634
0.000637
0.000635
0.000630
0.000636
0.000632
0.000636
0.000639
0.000633
0.000627
0.000631
0.000631
0.000631
0.000637
0.000634
0.000629
0.000633
0.000631
0.000630
0.000635
0.000640
0.000632
0.000631
0.000629
0.000634
0.000644
0.000650
0.000632
0.000633
0.000633
0.000629
0.000631
0.000633
0.000633
0.000630
0.000634
0.000632
0.000631
0.000641
0.000635
0.000630
0.000634
0.000630
0.000635
0.000639
0.000653
0.000635
0.000646
0.000636
0.000638
0.000638
0.000650
0.000640
0.000643
0.000637
0.000645
0.000638
0.000649
0.000649
0.000640
0.000646
0.000639
0.000643
0.000644
0.000641
0.000646
0.000633
0.000642
0.000638
0.000638
0.000645
0.000637
0.000642
0.000642
0.000642
0.000640
0.000650
0.000642
0.000634
0.000637
0.000640
0.000645
0.000653
0.000640
0.000637
0.000648
0.000641
0.000638
0.000647
0.000642
0.000641
0.000637
0.000638
0.000647
0.000644
0.000647
0.000643
0.000644
0.000641
0.000633
0.000649
0.000645
0.000648
0.000639
0.000641
0.000644
0.000639
0.000644
0.000651
0.000636
0.000639
0.000639
0.000644
0.000654
0.000644
0.000641
0.000640
0.000640
0.000647
0.000652
0.000645
0.000648
0.000639
0.000638
0.000639
0.000665
0.000646
0.000648
0.000638
0.000647
0.000637
0.000639
0.000646
0.000648
0.000636
0.000642
0.000640
0.000646
0.000640
0.000648
0.000639
0.000644
0.000643
0.000641
0.000645
0.000641
0.000638
0.000642
0.000639
0.000639
0.000651
0.000643
0.000635
0.000641
0.000646
0.000639
0.000635
0.000647
0.000635
0.000626
0.000636
0.000640
0.000639
0.000650
0.000643
0.000643
0.000641
0.000636
0.000643
0.000646
0.000710
0.000634
0.000639
0.000642
0.000636
0.000659
0.000649
0.000641
0.000641
0.000640
0.000643
0.000638
0.000647
0.000643
0.000643
0.000644
0.000639
0.000638
0.000648
0.000633
0.000634
0.000633
0.000629
0.000630
0.000638
0.000631
0.000630
0.006335
0.000640
0.000636
0.000632
0.000631
0.000637
0.000630
0.000640
0.000634
0.000630
0.000632
0.000634
0.000630
0.000642
0.000633
0.000632
0.000632
0.000627
0.000626
0.000632
0.000631
0.000629
0.000629
0.000634
0.000634
0.000628
0.000639
