0.001192
0.000545
0.000399
0.000252
0.000253
0.000253
0.000257
0.000257
0.000256
0.000254
0.000252
0.000253
0.000253
0.000253
0.000253
0.000253
0.000253
0.000262
0.000258
0.000259
0.000247
0.000246
0.000247
0.000246
0.000245
0.000247
0.000246
0.000246
0.000247
0.000247
0.000247
0.000246
0.000247
0.000262
0.000247
0.000256
0.000241
0.000241
0.000243
0.000242
0.000241
0.000242
0.000242
0.000242
0.000258
0.000242
0.000242
0.000241
0.000242
0.000243
0.000247
0.000252
0.000272
0.000239
0.000238
0.000241
0.000237
0.000238
0.000239
0.000238
0.000237
0.000238
0.000238
0.000239
0.000238
0.000238
0.000253
0.000237
0.000242
0.000233
0.000234
0.000242
0.000231
0.000230
0.000231
0.000230
0.000231
0.000231
0.000231
0.000231
0.000230
0.000230
0.000229
0.000251
0.000236
0.000240
0.000236
0.000237
0.000237
0.000236
0.000238
0.000237
0.000239
0.000238
0.000238
0.000238
0.000238
0.000246
0.000235
0.000235
0.000256
0.000236
0.000238
0.000236
0.000236
0.000245
0.000233
0.000234
0.000234
0.000233
0.000234
0.000233
0.000234
0.000235
0.000234
0.000233
0.000233
0.000252
0.000242
0.000235
0.000237
0.000235
0.000243
0.000232
0.000233
0.000232
0.000233
0.000232
0.000233
0.000232
0.000232
0.000249
0.000236
0.000236
0.000244
0.000236
0.000235
0.000235
0.000236
0.000236
0.000236
0.000245
0.000233
0.000233
0.000234
0.000233
0.000233
0.000233
0.000235
0.000234
0.000234
0.000258
0.000239
0.000239
0.000238
0.000239
0.000247
0.000236
0.000234
0.000237
0.000236
0.000237
0.000237
0.000238
0.000253
0.000275
0.000236
0.000257
0.000237
0.000237
0.000236
0.000237
0.000248
0.000252
0.000239
0.000238
0.000238
0.000238
0.000237
0.000248
0.000234
0.000234
0.000235
0.000236
0.000268
0.000238
0.000239
0.000237
0.000238
0.000247
0.000235
0.000237
0.000237
0.000235
0.000237
0.000236
0.000236
0.000235
0.000236
0.000235
0.000236
0.000259
0.000237
0.000237
0.000237
0.000236
0.000245
0.000232
0.000235
0.000233
0.000234
0.000234
0.000252
0.000235
0.000236
0.000236
0.000236
0.000245
0.000236
0.000236
0.000237
0.000236
0.000246
0.000233
0.000233
0.000233
0.000233
0.000234
0.000234
0.000233
0.000233
0.000233
0.000233
0.000233
0.000253
0.000235
0.000236
0.000235
0.000236
0.000247
0.000234
0.000233
0.000233
0.000233
0.000233
0.000234
0.000234
0.000233
0.000234
0.000234
0.000233
0.000257
0.000235
0.000235
0.000235
0.000236
0.000235
0.000244
0.000235
0.000234
0.000235
0.000235
0.000236
0.000235
0.000234
0.000246
0.000234
0.000233
0.000255
0.000236
0.000237
0.000236
0.000237
0.000245
0.000232
0.000233
0.000233
0.000232
0.000233
0.000232
0.000233
0.000233
0.000233
0.000232
0.000233
0.000254
0.000235
0.000235
0.000234
0.000235
0.000246
0.000232
0.000233
0.000235
0.000234
0.000234
0.000233
0.000234
0.000233
0.000252
0.000236
0.000235
0.000247
0.000239
0.000237
0.000238
0.000237
0.000238
0.000250
0.000236
0.000235
0.000235
0.000236
0.000236
0.000236
0.000236
0.000236
0.000236
0.000237
0.000256
0.000238
0.000238
0.000238
0.000238
0.000246
0.000235
0.000236
0.000236
0.000235
0.000236
0.000236
0.000236
0.000235
0.000237
0.000236
0.000240
0.000253
0.000238
0.000239
0.000239
0.000250
0.000254
0.000239
0.000239
0.000238
0.000238
0.000238
0.000238
0.000246
0.000236
0.000236
0.000235
0.000255
0.000238
0.000238
0.000239
0.000238
0.000249
0.000237
0.000237
0.000236
0.000236
0.000237
0.000236
0.000236
0.000236
0.000236
0.000236
0.000236
0.000256
0.000239
0.000238
0.000239
0.000238
0.000247
0.000236
0.000236
0.000237
0.000235
0.000236
0.000253
0.000238
0.000239
0.000238
0.000238
0.000243
0.000240
0.000238
0.000238
0.000238
0.000237
0.000247
0.000235
0.000236
0.000235
0.000236
0.000235
0.000236
0.000236
0.000236
0.000235
0.000235
0.000255
0.000238
0.000238
0.000239
0.000238
0.000248
0.000235
0.000235
0.000234
0.000235
0.000236
0.000235
0.000236
0.000235
0.000235
0.000236
0.000234
0.000255
0.000237
0.000237
0.000238
0.000238
0.000238
0.000238
0.000238
0.000237
0.000239
0.000238
0.000239
0.000238
0.000237
0.000248
0.000236
0.000236
0.000265
0.000238
0.000237
0.000239
0.000237
0.000246
0.000237
0.000235
0.000235
0.000235
0.000234
0.000234
0.000234
0.000235
0.000235
0.000234
0.000235
0.000256
0.000237
0.000238
0.000238
0.000237
0.000245
0.000235
0.000236
0.000234
0.000234
0.000234
0.000235
0.000234
0.000252
0.000236
0.000237
0.000290
0.000243
0.000235
0.000235
0.000236
0.000235
0.000247
0.000233
0.000234
0.000232
0.000232
0.000232
0.000232
0.000233
0.000234
0.000233
0.000232
0.000255
0.000235
0.000235
0.000235
0.000235
0.000248
0.000237
0.000237
0.000236
0.000237
0.000248
0.000235
0.000236
0.000235
0.000235
0.000234
0.000234
0.000256
0.000236
0.000238
0.000238
0.000237
0.000239
0.000237
0.000237
0.000237
0.000237
0.000237
0.000237
0.000236
0.000238
0.000237
0.000236
0.000244
0.000257
0.000237
0.000237
0.000238
0.000237
0.000245
0.000234
0.000234
0.000234
0.000235
0.000234
0.000234
0.000251
0.000237
0.000236
0.000237
0.000241
0.000236
0.000237
0.000237
0.000237
0.000247
0.000235
0.000234
0.000234
0.000235
0.000235
0.000235
0.000253
0.000237
0.000237
0.000237
0.000238
0.000246
0.000236
0.000236
0.000236
0.000236
0.000247
0.000234
0.000235
0.000234
0.000234
0.000234
0.000234
0.000234
0.000233
0.000233
0.000233
0.000233
0.000254
0.000235
0.000236
0.000236
0.000236
0.000246
0.000234
0.000234
0.000234
0.000233
0.000233
0.000234
0.000234
0.000234
0.000233
0.000234
0.000234
0.000253
0.000236
0.000236
0.000237
0.000236
0.000245
0.000250
0.000237
0.000236
0.000243
0.000237
0.000236
0.000236
0.000235
0.000245
0.000234
0.000233
0.000255
0.000236
0.000235
0.000237
0.000237
0.000244
0.000235
0.000234
0.000233
0.000233
0.000234
0.000234
0.000234
0.000232
0.000233
0.000234
0.000234
0.000255
0.000236
0.000237
0.000236
0.000236
0.000243
0.000233
0.000234
0.000234
0.000233
0.000235
0.000233
0.000233
0.000234
0.000233
0.000252
0.000241
0.000235
0.000240
0.000236
0.000237
0.000237
0.000236
0.000243
0.000233
0.000234
0.000234
0.000234
0.000234
0.000233
0.000233
0.000234
0.000234
0.000253
0.000236
0.000236
0.000237
0.000235
0.000246
0.000233
0.000233
0.000233
0.000234
0.000233
0.000234
0.000233
0.000234
0.000234
0.000234
0.000234
0.000253
0.000235
0.000236
0.000237
0.000237
0.000245
0.000232
0.000233
0.000250
0.000235
0.000238
0.000237
0.000236
0.000236
0.000235
0.000235
0.000243
0.000255
0.000235
0.000235
0.000235
0.000236
0.000245
0.000234
0.000234
0.000234
0.000233
0.000232
0.000234
0.000232
0.000233
0.000233
0.000233
0.000232
0.000253
0.000236
0.000235
0.000235
0.000237
0.000245
0.000235
0.000234
0.000234
0.000234
0.000234
0.000234
0.000234
0.000233
0.000233
0.000251
0.000237
0.000241
0.000237
0.000236
0.000236
0.000235
0.000245
0.000233
0.000233
0.000235
0.000235
0.000234
0.000234
0.000234
0.000234
0.000234
0.000234
0.000234
0.000261
0.000234
0.000235
0.000234
0.000234
0.000243
0.000232
0.000232
0.000231
0.000231
0.000232
0.000233
0.000232
0.000233
0.000232
0.000232
0.000231
0.000253
0.000234
0.000235
0.000234
0.000234
0.000243
0.000249
0.000234
0.000236
0.000234
0.000235
0.000235
0.000235
0.000244
0.000232
0.000232
0.000231
0.000254
0.000234
0.000235
0.000235
0.000234
0.000244
0.000232
0.000232
0.000232
0.000232
0.000233
0.000232
0.000233
0.000232
0.000234
0.000233
0.000232
0.000253
0.000234
0.000234
0.000235
0.000235
0.000244
0.000232
0.000231
0.000233
0.000233
0.000232
0.000231
0.000233
0.000232
0.000232
0.000249
0.000235
0.000249
0.000234
0.000234
0.000236
0.000235
0.000244
0.000232
0.000232
0.000231
0.000232
0.000234
0.000232
0.000232
0.000232
0.000233
0.000232
0.000233
0.000255
0.000235
0.000235
0.000234
0.000234
0.000244
0.000231
0.000234
0.000232
0.000232
0.000232
0.000233
0.000232
0.000231
0.000232
0.000232
0.000232
0.000254
0.000236
0.000234
0.000234
0.000233
0.000243
0.000232
0.000249
0.000234
0.000263
0.000234
0.000233
0.000235
0.000234
0.000244
0.000231
0.000252
0.000235
0.000234
0.000234
0.000235
0.000234
0.000244
0.000232
0.000232
0.000232
0.000231
0.000231
0.000233
0.000232
0.000233
0.000232
0.000231
0.000253
0.000235
0.000235
0.000234
0.000235
0.000245
0.000232
0.000232
0.000232
0.000232
0.000232
0.000233
0.000232
0.000232
0.000233
0.000231
0.000233
0.000265
0.000258
0.000242
0.000235
0.000234
0.000236
0.000234
0.000244
0.000232
0.000233
0.000233
0.000233
0.000232
0.000233
0.000233
0.000232
0.000232
0.000254
0.000234
0.000236
0.000234
0.000235
0.000245
0.000231
0.000233
0.000230
0.000232
0.000233
0.000232
0.000232
0.000232
0.000231
0.000232
0.000231
0.000254
0.000234
0.000233
0.000233
0.000234
0.000245
0.000232
0.000258
0.000235
0.000235
0.000233
0.000234
0.000234
0.000235
0.000245
0.000232
0.000232
0.000255
0.000234
0.000234
0.000235
0.000234
0.000245
0.000231
0.000231
0.000234
0.000232
0.000231
0.000232
0.000233
0.000233
0.000231
0.000232
0.000233
0.000254
0.000235
0.000234
0.000235
0.000235
0.000243
0.000232
0.000232
0.000233
0.000233
0.000233
0.000231
0.000232
0.000231
0.000232
0.000249
0.000242
0.000240
0.000234
0.000234
0.000235
0.000234
0.000245
0.000232
0.000232
0.000232
0.000232
0.000232
0.000231
0.000232
0.000231
0.000232
0.000232
0.000231
0.000253
0.000234
0.000235
0.000234
0.000233
0.000244
0.000232
0.000231
0.000232
0.000232
0.000232
0.000232
0.000232
0.000232
0.000232
0.000232
0.000233
0.000253
0.000234
0.000234
0.000235
0.000234
0.000244
0.000232
0.000248
0.000235
0.000235
0.000234
0.000234
0.000235
0.000234
0.000243
0.000232
0.000232
0.000252
0.000234
0.000235
0.000234
0.000234
0.000243
0.000231
0.000253
0.000234
0.000235
0.000235
0.000236
0.000235
0.000235
0.000236
0.000235
0.000235
0.000256
0.000238
0.000238
0.000238
0.000238
0.000246
0.000235
0.000235
0.000235
0.000236
0.000235
0.000235
0.000236
0.000235
0.000236
0.000235
0.000256
0.000244
0.000237
0.000237
0.000239
0.000238
0.000249
0.000235
0.000235
0.000234
0.000235
0.000236
0.000236
0.000235
0.000236
0.000235
0.000235
0.000255
0.000238
0.000237
0.000237
0.000237
0.000248
0.000236
0.000235
0.000235
0.000235
0.000235
0.000236
0.000236
0.000235
0.000235
0.000235
0.000236
0.000255
0.000238
0.000238
0.000238
0.000238
0.000247
0.000235
0.000235
0.000251
0.000238
0.000244
0.000237
0.000237
0.000238
0.000238
0.000246
0.000235
0.000256
0.000237
0.000237
0.000237
0.000237
0.000245
0.000235
0.000234
0.000235
0.000234
0.000234
0.000235
0.000234
0.000235
0.000235
0.000234
0.000235
0.000256
0.000239
0.000238
0.000238
0.000238
0.000246
0.000235
0.000235
0.000236
0.000235
0.000234
0.000235
0.000236
0.000236
0.000235
0.000234
0.000254
0.000238
0.000237
0.000242
0.000237
0.000237
0.000237
0.000237
0.000245
0.000235
0.000233
0.000235
0.000235
0.000234
0.000234
0.000235
0.000234
0.000255
0.000237
0.000237
0.000237
0.000236
0.000246
0.000234
0.000234
0.000234
0.000234
0.000233
0.000235
0.000234
0.000234
0.000234
0.000235
0.000234
0.000261
0.000235
0.000234
0.000233
0.000234
0.000244
0.000232
0.000257
0.000234
0.000234
0.000235
0.000234
0.000234
0.000236
0.000245
0.000233
0.000232
0.000254
0.000236
0.000235
0.000233
0.000235
0.000244
0.000232
0.000231
0.000232
0.000232
0.000232
0.000232
0.000232
0.000232
0.000232
0.000231
0.000231
0.000253
0.000234
0.000234
0.000234
0.000234
0.000244
0.000233
0.000232
0.000233
0.000232
0.000231
0.000231
0.000233
0.000232
0.000232
0.000249
0.000238
0.000240
0.000235
0.000234
0.000234
0.000234
0.000244
0.000232
0.000232
0.000233
0.000232
0.000232
0.000232
0.000233
0.000232
0.000233
0.000232
0.000231
0.000254
0.000235
0.000235
0.000234
0.000235
0.000245
0.000233
0.000233
0.000233
0.000233
0.000234
0.000233
0.000233
0.000232
0.000233
0.000234
0.000233
0.000255
0.000234
0.000235
0.000235
0.000235
0.000244
0.000233
0.000250
0.000234
0.000257
0.000236
0.000234
0.000235
0.000234
0.000244
0.000232
0.000233
0.000254
0.000234
0.000234
0.000235
0.000234
0.000244
0.000233
0.000233
0.000232
0.000232
0.000234
0.000232
0.000232
0.000233
0.000233
0.000233
0.000233
0.000254
0.000234
0.000235
0.000235
0.000235
0.000243
0.000232
0.000231
0.000232
0.000232
0.000233
0.000234
0.000232
0.000233
0.000233
0.000232
0.000254
0.000235
0.000244
0.000234
0.000235
0.000236
0.000235
0.000234
0.000235
0.000234
0.000235
0.000234
0.000244
0.000233
0.000232
0.000232
0.000233
0.000253
0.000234
0.000235
0.000235
0.000234
0.000245
0.000233
0.000234
0.000233
0.000233
0.000233
0.000231
0.000232
0.000233
0.000232
0.000232
0.000232
0.000253
0.000235
0.000236
0.000235
0.000234
0.000234
0.000243
0.000232
0.000233
0.000251
0.000235
0.000242
0.000234
0.000235
0.000236
0.000236
0.000245
0.000254
0.000235
0.000234
0.000235
0.000234
0.000244
0.000232
0.000232
0.000232
0.000233
0.000232
0.000233
0.000232
0.000232
0.000232
0.000232
0.000231
0.000252
0.000234
0.000235
0.000234
0.000234
0.000245
0.000232
0.000233
0.000233
0.000232
0.000232
0.000233
0.000232
0.000231
0.000232
0.000233
0.000256
0.000237
0.000234
0.000235
0.000234
0.000235
0.000235
0.000244
0.000232
0.000232
0.000232
0.000232
0.000231
0.000231
0.000232
0.000231
0.000232
0.000231
0.000252
0.000244
0.000232
0.000234
0.000234
0.000246
0.000231
0.000231
0.000232
0.000231
0.000232
0.000231
0.000231
0.000232
0.000232
0.000232
0.000232
0.000252
0.000235
0.000234
0.000234
0.000233
0.000244
0.000231
0.000249
0.000238
0.000234
0.000235
0.000234
0.000236
0.000234
0.000243
0.000233
0.000233
0.000254
0.000234
0.000234
0.000236
0.000235
0.000245
0.000233
0.000233
0.000231
0.000232
0.000232
0.000233
0.000232
0.000232
0.000233
0.000232
0.000232
0.000254
0.000235
0.000235
0.000234
0.000234
0.000244
0.000232
0.000232
0.000233
0.000231
0.000232
0.000232
0.000231
0.000232
0.000232
0.000232
0.000250
0.000238
0.000243
0.000233
0.000234
0.000234
0.000234
0.000242
0.000231
0.000232
0.000232
0.000232
0.000231
0.000232
0.000230
0.000232
0.000230
0.000230
0.000252
0.000233
0.000234
0.000233
0.000235
0.000244
0.000231
0.000231
0.000231
0.000230
0.000230
0.000231
0.000232
0.000231
0.000231
0.000231
0.000232
0.000252
0.000233
0.000235
0.000234
0.000234
0.000244
0.000231
0.000233
0.000250
0.000234
0.000240
0.000234
0.000234
0.000235
0.000233
0.000244
0.000231
0.000253
0.000234
0.000234
0.000234
0.000235
0.000245
0.000233
0.000231
0.000232
0.000231
0.000233
0.000233
0.000231
0.000231
0.000232
0.000231
0.000231
0.000252
0.000235
0.000235
0.000234
0.000234
0.000243
0.000231
0.000231
0.000231
0.000232
0.000232
0.000232
0.000233
0.000232
0.000232
0.000231
0.000232
0.000253
0.000234
0.000242
0.000235
0.000234
0.000234
0.000234
0.000245
0.000232
0.000233
0.000232
0.000231
0.000232
0.000232
0.000232
0.000232
0.000233
0.000253
0.000235
0.000235
0.000235
0.000234
0.000244
0.000231
0.000232
0.000234
0.000233
0.000232
0.000232
0.000232
0.000231
0.000232
0.000231
0.000231
0.000252
0.000234
0.000233
0.000233
0.000234
0.000244
0.000231
0.000257
0.000235
0.000233
0.000233
0.000234
0.000233
0.000233
0.000244
0.000231
0.000232
0.000253
0.000234
0.000234
0.000234
0.000234
0.000243
0.000231
0.000231
0.000231
0.000233
0.000232
0.000232
0.000231
0.000232
0.000232
0.000231
0.000232
0.000251
0.000235
0.000233
0.000233
0.000234
0.000244
0.000231
0.000231
0.000231
0.000232
0.000231
0.000232
0.000233
0.000231
0.000231
0.000250
0.000235
0.000246
0.000235
0.000235
0.000235
0.000235
0.000245
0.000233
0.000232
0.000233
0.000232
0.000231
0.000232
0.000232
0.000233
0.000232
0.000232
0.000232
0.000253
0.000235
0.000234
0.000234
0.000234
0.000244
0.000232
0.000232
0.000233
0.000232
0.000233
0.000231
0.000231
0.000232
0.000233
0.000232
0.000232
0.000254
0.000235
0.000234
0.000234
0.000234
0.000245
0.000231
0.000249
0.000234
0.000256
0.000234
0.000234
0.000234
0.000233
0.000243
0.000231
0.000232
0.000255
0.000233
0.000235
0.000233
0.000234
0.000245
0.000232
0.000232
0.000230
0.000231
0.000231
0.000231
0.000231
0.000234
0.000231
0.000232
0.000231
0.000252
0.000234
0.000234
0.000234
0.000234
0.000244
0.000232
0.000232
0.000232
0.000231
0.000232
0.000233
0.000231
0.000231
0.000232
0.000231
0.000248
0.000241
0.000243
0.000234
0.000234
0.000234
0.000235
0.000246
0.000231
0.000231
0.000231
0.000231
0.000231
0.000231
0.000231
0.000231
0.000231
0.000232
0.000253
0.000234
0.000234
0.000233
0.000234
0.000243
0.000231
0.000232
0.000231
0.000231
0.000232
0.000231
0.000232
0.000232
0.000231
0.000232
0.000233
0.000253
0.000234
0.000233
0.000234
0.000234
0.000244
0.000231
0.000232
0.000248
0.000234
0.000236
0.000233
0.000235
0.000234
0.000234
0.000233
0.000243
0.000254
0.000234
0.000233
0.000234
0.000235
0.000244
0.000232
0.000231
0.000232
0.000232
0.000233
0.000232
0.000232
0.000232
0.000233
0.000231
0.000232
0.000254
0.000235
0.000234
0.000234
0.000234
0.000244
0.000231
0.000233
0.000233
0.000232
0.000232
0.000232
0.000232
0.000231
0.000231
0.000231
0.000255
0.000238
0.000233
0.000233
0.000233
0.000233
0.000245
0.000232
0.000232
0.000232
0.000233
0.000233
0.000232
0.000232
0.000232
0.000233
0.000232
0.000232
0.000254
0.000234
0.000234
0.000235
0.000235
0.000245
0.000232
0.000233
0.000233
0.000232
0.000232
0.000232
0.000233
0.000232
0.000233
0.000232
0.000231
0.000254
0.000235
0.000235
0.000235
0.000235
0.000244
0.000248
0.000236
0.000243
0.000234
0.000235
0.000234
0.000235
0.000244
0.000232
0.000231
0.000232
0.000253
0.000235
0.000235
0.000235
0.000234
0.000244
0.000232
0.000233
0.000231
0.000233
0.000232
0.000232
0.000232
0.000231
0.000232
0.000232
0.000232
0.000254
0.000234
0.000235
0.000236
0.000236
0.000246
0.000231
0.000233
0.000232
0.000231
0.000232
0.000232
0.000232
0.000232
0.000232
0.000248
0.000234
0.000247
0.000235
0.000234
0.000235
0.000234
0.000244
0.000232
0.000231
0.000232
0.000231
0.000232
0.000232
0.000231
0.000232
0.000232
0.000233
0.000232
0.000253
0.000234
0.000235
0.000233
0.000234
0.000243
0.000233
0.000232
0.000232
0.000232
0.000232
0.000232
0.000232
0.000233
0.000232
0.000232
0.000233
0.000253
0.000235
0.000235
0.000235
0.000235
0.000244
0.000232
0.000248
0.000234
0.000235
0.000233
0.000234
0.000234
0.000235
0.000234
0.000243
0.000232
0.000253
0.000235
0.000234
0.000235
0.000235
0.000244
0.000231
0.000232
0.000232
0.000232
0.000232
0.000232
0.000231
0.000232
0.000231
0.000232
0.000232
0.000254
0.000234
0.000234
0.000233
0.000235
0.000243
0.000231
0.000232
0.000232
0.000231
0.000231
0.000232
0.000231
0.000231
0.000230
0.000231
0.000232
0.000253
0.000234
0.000240
0.000234
0.000234
0.000234
0.000234
