0.004230
0.002818
0.002438
0.002300
0.002298
0.002289
0.002264
0.002227
0.002155
0.002117
0.002099
0.002158
0.002112
0.002077
0.001982
0.002050
0.002037
0.001984
0.001940
0.002001
0.001990
0.001931
0.001989
0.001939
0.001949
0.001936
0.001930
0.002032
0.002066
0.002056
0.002042
0.002070
0.002047
0.002062
0.002049
0.002057
0.002041
0.002045
0.002041
0.002054
0.002042
0.002045
0.002040
0.002064
0.002034
0.002042
0.002037
0.002074
0.002039
0.002054
0.002028
0.002058
0.002035
0.002052
0.002041
0.002033
0.002044
0.002025
0.002042
0.002049
0.002048
0.002031
0.002023
0.002036
0.002051
0.002053
0.002075
0.002044
0.002027
0.002038
0.002052
0.002044
0.002067
0.002045
0.002032
0.002043
0.002059
0.002047
0.002065
0.002040
0.002036
0.002045
0.002053
0.002047
0.002044
0.002038
0.002054
0.002035
0.002037
0.002037
0.002053
0.002039
0.002060
0.002035
0.002037
0.002028
0.002043
0.002041
0.002043
0.002040
0.002032
0.002053
0.002044
0.002033
0.002040
0.002045
0.002048
0.002046
0.002032
0.002057
0.002043
0.002050
0.002040
0.002040
0.002046
0.002051
0.002042
0.002040
0.002026
0.002055
0.002035
0.002046
0.002031
0.002041
0.002033
0.002059
0.002039
0.002052
0.002033
0.002045
0.002043
0.002048
0.002035
0.002047
0.002037
0.002062
0.002047
0.002043
0.002039
0.002048
0.002047
0.002046
0.002046
0.002044
0.002042
0.002042
0.002045
0.002046
0.002060
0.002046
0.002038
0.002043
0.002040
0.002035
0.002033
0.002052
0.002047
0.002031
0.002052
0.002038
0.002059
0.002037
0.002041
0.002033
0.002037
0.002037
0.002052
0.002037
0.002045
0.002027
0.002040
0.002040
0.002051
0.002028
0.002041
0.002038
0.002048
0.002035
0.002051
0.002052
0.002062
0.002040
0.002048
0.002032
0.002043
0.002043
0.002044
0.002039
0.002031
0.002046
0.002042
0.002051
0.002044
0.002046
0.002036
0.002039
0.002039
0.002044
0.002043
0.002053
0.002038
0.002041
0.002041
0.002041
0.002044
0.002052
0.002048
0.002039
0.002030
0.002038
0.002032
0.002046
0.002039
0.002039
0.002054
0.002046
0.002028
0.002033
0.002038
0.002056
0.002043
0.002044
0.002043
0.002044
0.002045
0.002067
0.002047
0.002093
0.002042
0.002047
0.002043
0.002041
0.002043
0.002053
0.002048
0.002035
0.002028
0.002035
0.002030
0.002035
0.002053
0.002033
0.002045
0.002040
0.002050
0.002036
0.002045
0.002033
0.002041
0.002035
0.002045
0.002040
0.002048
0.002044
0.002047
0.002036
0.002042
0.002031
0.002039
0.002033
0.002048
0.002035
0.002042
0.002043
0.002039
0.002031
0.002045
0.002044
0.002062
0.002033
0.002050
0.002044
0.002042
0.002036
0.002058
0.002041
0.002027
0.002032
0.002047
0.002038
0.002033
0.002035
0.002045
0.002038
0.002036
0.002040
0.002049
0.002042
0.002038
0.002037
0.002034
0.002038
0.002033
0.002033
0.002037
0.002036
0.002054
0.002047
0.002033
0.002038
0.002038
0.002037
0.002040
0.002032
0.002038
0.002046
0.002048
0.002040
0.002034
0.002054
0.002040
0.002043
0.002034
0.002046
0.002033
0.002058
0.002035
0.002056
0.002040
0.002051
0.002037
0.002068
0.002033
0.002037
0.002044
0.002035
0.002040
0.002048
0.002038
0.002037
0.002044
0.002033
0.002036
0.002029
0.002025
0.002040
0.002039
0.002033
0.002036
0.002045
0.002028
0.002039
0.002045
0.002046
0.002040
0.002032
0.002045
0.002045
0.002039
0.002035
0.002059
0.002045
0.002050
0.002040
0.002065
0.002048
0.002047
0.002034
0.002061
0.002047
0.002056
0.002039
0.002049
0.002039
0.002050
0.002033
0.002053
0.002028
0.002042
0.002041
0.002032
0.002050
0.002041
0.002041
0.002033
0.002045
0.002040
0.002049
0.002035
0.002039
0.002054
0.002050
0.002048
0.002037
0.002040
0.002032
0.002036
0.002033
0.002042
0.002045
0.002040
0.002049
0.002036
0.002059
0.002032
0.002048
0.002031
0.002048
0.002033
0.002063
0.002042
0.002049
0.002028
0.002050
0.002039
0.002045
0.002045
0.002054
0.002037
0.002062
0.002041
0.002055
0.002049
0.002048
0.002042
0.002048
0.002050
0.002045
0.002040
0.002045
0.002043
0.002049
0.002055
0.002041
0.002044
0.002050
0.002040
0.002036
0.002045
0.002042
0.002049
0.002041
0.002036
0.002044
0.002034
0.002021
0.002041
0.002024
0.002045
0.002040
0.002044
0.002021
0.002028
0.002025
0.002043
0.002029
0.002050
0.002039
0.002032
0.002036
0.002048
0.002029
0.002056
0.002043
0.002044
0.002038
0.002051
0.002038
0.002036
0.002029
0.002039
0.002037
0.002027
0.002031
0.002036
0.002038
0.002042
0.002043
0.002037
0.002042
0.002050
0.002048
0.002034
0.002063
0.002035
0.002043
0.002036
0.002042
0.002033
0.002049
0.002037
0.002043
0.002056
0.002051
0.002056
0.002050
0.002041
0.002046
0.002036
0.002061
0.002030
0.015059
0.002492
0.002151
0.002021
0.001954
0.001988
0.001962
0.002031
0.001961
0.002002
0.002013
0.001946
0.001946
0.001948
0.001955
0.001989
0.002001
0.002011
0.002026
0.002018
0.001968
0.002033
0.002005
0.002000
0.001937
0.002013
0.001973
0.001960
0.001945
0.001958
0.001986
0.001967
0.001939
0.001946
0.001936
0.002004
0.002002
0.002000
0.002003
0.002008
0.002017
0.001997
0.002008
0.002019
0.002009
0.002019
0.002016
0.002017
0.002022
0.002013
0.002012
0.002098
0.002013
0.001988
0.002000
0.002015
0.002018
0.002004
0.002008
0.002011
0.002011
0.002029
0.002009
0.002018
0.002019
0.002036
0.002015
0.002007
0.002022
0.002013
0.002016
0.002012
0.002019
0.002018
0.002006
0.002049
0.002014
0.002016
0.002015
0.002017
0.002001
0.002014
0.002014
0.002020
0.002012
0.002009
0.002010
0.002021
0.002024
0.002018
0.002020
0.002013
0.002009
0.002020
0.002020
0.002020
0.002012
0.002013
0.002015
0.002024
0.002008
0.002033
0.002006
0.002020
0.002003
0.002012
0.001958
0.001999
0.002000
0.002025
0.002013
0.002011
0.002009
0.002006
0.002009
0.001980
0.001999
0.002020
0.002012
0.002019
0.002017
0.002018
0.002008
0.002028
0.002017
0.002016
0.002011
0.002016
0.002012
0.002020
0.002010
0.002010
0.002017
0.002027
0.002011
0.002027
0.002012
0.002015
0.002008
0.002018
0.002011
0.002020
0.002018
0.002013
0.002009
0.001972
0.001931
0.001928
0.001918
0.001977
0.001984
0.001998
0.001987
0.002010
0.002013
0.002002
0.001994
0.002015
0.001993
0.002023
0.002003
0.002013
0.001997
0.002017
0.002080
0.002794
0.002838
0.002627
0.002661
0.002530
0.001966
0.001949
0.001974
0.002432
0.002125
0.002187
0.002129
0.002121
0.002119
0.002094
0.002132
0.002103
0.002125
0.002104
0.002139
0.002088
0.002112
0.001888
0.001947
0.001919
0.002030
0.002160
0.002307
0.002066
0.002002
0.001923
0.001952
0.001928
0.001942
0.001965
0.004124
0.002198
0.002081
0.002143
0.002305
0.002272
0.002141
0.002110
0.002130
0.002142
0.002109
0.002114
0.002109
0.002090
0.002096
0.002045
0.001958
0.001948
0.001954
0.001911
0.001965
0.001943
0.001953
0.001921
0.001946
0.002077
0.002079
0.002060
0.002069
0.002058
0.002078
0.002067
0.002081
0.002084
0.002091
0.002086
0.002082
0.002384
0.002081
0.001988
0.002072
0.002090
0.002087
0.001983
0.001959
0.001979
0.001935
0.002324
0.002404
0.002087
0.002448
0.002107
0.002092
0.002114
0.002131
0.002110
0.002083
0.002080
0.002089
0.001955
0.001981
0.001948
0.001961
0.002082
0.001989
0.001965
0.001976
0.002076
0.002085
0.002090
0.002091
0.002088
0.002084
0.002069
0.002077
0.002154
0.002102
0.002096
0.001966
0.001944
0.001975
0.001942
0.001963
0.002051
0.002091
0.002069
0.002083
0.002084
0.002092
0.002083
0.002091
0.002087
0.002100
0.002088
0.002079
0.002086
0.001934
0.002000
0.002075
0.002081
0.002085
0.002094
0.002091
0.002136
0.002079
0.002108
0.002076
0.002093
0.002090
0.002104
0.002079
0.002090
0.002086
0.002094
0.002100
0.002081
0.002083
0.002084
0.002075
0.002085
0.002086
0.002080
0.002095
0.002086
0.002093
0.001978
0.001986
0.002078
0.002067
0.002079
0.001958
0.001991
0.002080
0.002077
0.002089
0.002078
0.002090
0.002081
0.002085
0.002013
0.001964
0.001973
0.001958
0.001940
0.001965
0.001959
0.001957
0.002000
0.002075
0.002080
0.002089
0.002074
0.002079
0.002112
0.002119
0.002084
0.002087
0.002084
0.002072
0.002083
0.002088
0.002082
0.002095
0.002093
0.002084
0.002089
0.002080
0.002079
0.002077
0.002087
0.002083
0.002090
0.002077
0.002100
0.002080
0.002082
0.002071
0.002097
0.002086
0.002093
0.002074
0.002080
0.002073
0.002088
0.002071
0.002083
0.002078
0.002077
0.002068
0.002089
0.002088
0.002084
0.002089
0.002089
0.002101
0.002087
0.002098
0.002096
0.002111
0.002085
0.002096
0.002095
0.002084
0.002111
0.002115
0.002094
0.002084
0.002104
0.002095
0.002103
0.001965
0.001956
0.001958
0.001965
0.001947
0.001967
0.001947
0.001966
0.001956
0.001958
0.001946
0.001968
0.002006
0.002085
0.002091
0.002075
0.002080
0.001961
0.001950
0.001981
0.001992
0.002065
0.002076
0.002074
0.002081
0.002093
0.002069
0.002079
0.002090
0.002084
0.002086
0.002085
0.002075
0.002098
0.002085
0.002080
0.002075
0.002071
0.002086
0.002089
0.002085
0.002078
0.002068
0.002078
0.002111
0.002085
0.002098
0.002081
0.002074
0.002081
0.002097
0.002082
0.002107
0.002090
0.001953
0.001936
0.001963
0.001970
0.001948
0.001939
0.001964
0.001947
0.001973
0.001972
0.001950
0.001942
0.001956
0.001937
0.001955
0.001949
0.001948
0.001942
0.002060
0.002074
0.002070
0.002071
0.002080
0.002083
0.002075
0.002092
0.002083
0.002077
0.002076
0.002084
0.002095
0.002090
0.002094
0.002076
0.002084
0.002085
0.002077
0.002076
0.002092
0.002081
0.002088
0.002119
0.002113
0.002085
0.002082
0.002089
0.002079
0.002080
0.002083
0.002090
0.002087
0.002083
0.002104
0.002104
0.002090
0.001955
0.001923
0.001960
0.002061
0.001955
0.001940
0.002069
0.002077
0.002074
0.001960
0.001931
0.001934
0.001943
0.001901
0.002000
0.001931
0.001932
0.001988
0.001953
0.001948
0.001958
0.001931
0.001945
0.001935
0.002074
0.002062
0.002074
0.002074
0.002072
0.002073
0.002094
0.002070
0.002100
0.002075
0.002081
0.002089
0.002080
0.002108
0.002106
0.002074
0.002071
0.002089
0.002087
0.002089
0.002091
0.002112
0.002079
0.002079
0.002072
0.002091
0.002066
0.002093
0.002082
0.002080
0.002072
0.002079
0.002075
0.002094
0.002093
0.002075
0.001975
0.001939
0.001954
0.002073
0.002105
0.002079
0.002078
0.002091
0.002094
0.002075
0.002100
0.002077
0.002083
0.001913
0.001955
0.001959
0.001922
0.001962
0.002061
0.002058
0.002062
0.002061
0.002066
0.002076
0.002090
0.002075
0.002089
0.002067
0.002083
0.002082
0.002092
0.002075
0.002070
0.002102
0.002087
0.002077
0.002068
0.002074
0.002067
0.002075
0.002080
0.002084
0.002086
0.002089
0.002082
0.002074
0.002076
0.002077
0.002084
0.002100
0.002067
0.002081
0.002078
0.002088
0.002072
0.002063
0.002072
0.002076
0.002090
0.002078
0.002068
0.002078
0.002069
0.002084
0.002078
0.002087
0.002083
0.002085
0.002095
0.002079
0.002088
0.002073
0.001896
0.001941
0.001942
0.001905
0.001913
0.002068
0.002075
0.002078
0.002077
0.002076
0.002072
0.002084
0.002079
0.002059
0.002094
0.002075
0.002097
0.002076
0.002091
0.002078
0.002077
0.002059
0.001932
0.001909
0.001909
0.001907
0.001932
0.001870
0.001891
0.001980
0.002063
0.002069
0.002078
0.002078
0.001917
0.001941
0.001943
0.002074
0.002073
0.002074
0.002085
0.002087
0.002072
0.002062
0.002086
0.002068
0.002098
0.002073
0.002085
0.002086
0.002085
0.002102
0.002075
0.002125
0.002095
0.002093
0.002074
0.002089
0.002074
0.002092
0.002090
0.001979
0.002063
0.002083
0.002075
0.002086
0.002076
0.002077
0.002097
0.002072
0.002096
0.002096
0.002095
0.002091
0.002081
0.002066
0.002076
0.002071
0.002068
0.002079
0.002089
0.002080
0.002090
0.002103
0.002091
0.002078
0.002077
0.002078
0.002101
0.002088
0.002098
0.002077
0.002073
0.001953
0.001947
0.001933
0.001912
0.001914
0.002078
0.002002
0.002076
0.002071
0.002086
0.002076
0.002087
0.002075
0.002071
0.002071
0.001947
0.001943
0.001917
0.001919
0.001908
0.001956
0.001921
0.002053
0.002050
0.002073
0.002073
0.002084
0.002078
0.002096
0.002090
0.002078
0.002079
0.002076
0.002061
0.002080
0.002094
0.002081
0.002062
0.002085
0.002071
0.002085
0.001916
0.001917
0.001914
0.001980
0.001973
0.001975
0.001917
0.001882
0.001881
0.001947
0.001916
0.001921
0.001927
0.002050
0.002062
0.002082
0.002069
0.002079
0.002069
0.002075
0.002070
0.002074
0.002073
0.002075
0.002079
0.002075
0.002069
0.002078
0.002083
0.002100
0.002083
0.002094
0.002082
0.001999
0.001939
0.001877
0.002062
0.002067
0.002077
0.002080
0.002087
0.002078
0.001966
0.001980
0.001978
0.002061
0.002075
0.002068
0.001970
0.001948
0.002054
0.002072
0.002067
0.002101
0.002093
0.002087
0.002090
0.002064
0.002081
0.002087
0.002082
0.002066
0.001920
0.001949
0.001915
0.001891
0.001906
0.001962
0.002067
0.002056
0.002087
0.002081
0.002077
0.002069
0.002083
0.002083
0.002096
0.002068
0.002079
0.002088
0.002071
0.002080
0.002081
0.002084
0.002070
0.002086
0.002081
0.002076
0.002087
0.002091
0.002086
0.002091
0.002090
0.002098
0.002071
0.002104
0.002064
0.002087
0.002092
0.002091
0.002087
0.002098
0.002097
0.002083
0.002091
0.002073
0.002081
0.002095
0.002088
0.002071
0.001915
0.001969
0.002080
0.002068
0.002071
0.002065
0.002085
0.002073
0.002065
0.002081
0.002079
0.002071
0.002067
0.002078
0.002080
0.002076
0.002098
0.002074
0.002072
0.002085
0.002088
0.002089
0.002085
0.002083
0.002097
0.002085
0.002073
0.002081
0.002092
0.002083
0.002072
0.002084
0.002079
0.002081
0.002086
0.002077
0.002080
0.002071
0.002081
0.002100
0.002033
0.001911
0.001884
0.002004
0.002068
0.002071
0.002065
0.002078
0.002072
0.002081
0.002086
0.002081
0.002080
0.002076
0.002091
0.002072
0.002070
0.002084
0.002080
0.002089
0.002147
0.002099
0.002093
0.002078
0.002097
0.002079
0.002089
0.002070
0.002085
0.002078
0.002086
0.007154
0.007804
0.002229
0.002108
0.002059
0.002058
0.002050
0.002076
0.002052
0.002060
0.002015
0.002046
0.002062
0.002068
0.002030
0.002044
0.002074
0.002004
0.002030
0.002008
0.002027
0.002033
0.002042
0.002033
0.002050
0.002015
0.002063
0.002017
0.002024
0.002036
0.002032
0.002041
0.002032
0.002025
0.002026
0.002027
0.002041
0.002026
0.002041
0.002031
0.002023
0.002023
0.002019
0.002025
0.002042
0.002040
0.002049
0.002032
0.002028
0.002028
0.002026
0.002028
0.002034
0.002018
0.002033
0.002031
0.002041
0.002024
0.002018
0.002023
0.002034
0.002032
0.002027
0.002015
0.002019
0.002027
0.002056
0.002004
0.002007
0.002021
0.002041
0.002028
0.002053
0.002025
0.002035
0.002005
0.002057
0.002036
0.002021
0.002021
0.002036
0.002035
0.002037
0.002025
0.002010
0.002036
0.002020
0.002022
0.002010
0.002015
0.003201
0.003112
0.003083
0.003090
0.003098
0.003079
0.003078
0.003066
0.003111
0.003082
0.003094
0.003095
0.003112
0.003095
0.003096
0.003081
0.003066
0.003091
0.003092
0.003091
0.003095
0.003062
0.003086
0.003058
0.003091
0.003086
0.003042
0.004481
0.001943
0.001948
0.001955
0.001934
0.001936
0.001937
0.001925
0.001948
0.001944
0.001944
0.001948
0.001943
0.001973
0.001954
0.001968
0.001978
0.001944
0.001929
0.001999
0.001947
0.001959
0.001941
0.001994
0.001948
0.001953
0.002018
0.002012
0.001959
0.001956
0.001943
0.001988
0.001944
0.001993
0.001941
0.001969
0.001940
0.001928
0.001940
0.001979
0.001971
0.001970
0.001934
0.001955
0.001942
0.001923
0.001934
0.001936
0.001925
0.001950
0.001938
0.001953
0.001952
0.001966
0.001949
0.001932
0.001935
0.001935
0.001926
0.001945
0.001954
0.001952
0.001946
0.001942
0.001963
0.001930
0.001912
0.001932
0.001952
0.001939
0.001978
0.001942
0.001993
0.001976
0.002003
0.001953
0.001926
0.001932
0.001996
0.001964
0.001984
0.001954
0.001953
0.001951
0.001993
0.001950
0.001950
0.001943
0.001941
0.001958
0.001946
0.001966
0.001979
0.001961
0.001969
0.001936
0.001948
0.001940
0.001939
0.001940
0.001951
0.001939
0.001937
0.001944
0.001949
0.002014
0.001967
0.001960
0.001931
0.001946
0.001942
0.001951
0.001938
0.001950
0.001939
0.001967
0.001932
0.001949
0.001941
0.001952
0.001941
0.001994
0.001963
0.001930
0.001944
0.001987
0.001972
0.001945
0.001942
0.001980
0.001972
0.001985
0.001962
0.001937
0.001933
0.001953
0.001953
0.001944
0.001937
0.001946
0.001938
0.001945
0.001940
0.001921
0.001944
0.001940
0.001938
0.001934
0.001940
0.001940
0.001950
0.001928
0.001952
0.001934
0.001946
0.001942
0.001971
0.001943
0.001960
0.001960
0.001928
0.001953
0.001948
0.001953
0.001954
0.001944
0.001974
0.001946
0.001938
0.001931
0.001920
0.001993
0.001978
0.001964
0.001948
0.001939
0.001978
0.001978
0.001939
0.001941
0.001957
0.002002
0.001941
0.001959
0.001946
0.001941
0.001958
0.002001
0.001938
0.001946
0.001919
0.001950
0.001956
0.001949
0.001941
0.001944
0.001933
0.001972
0.001947
0.001939
0.001947
0.001946
0.001945
0.001970
0.001947
0.001961
0.001947
0.001941
0.001940
0.001949
0.001931
0.001947
0.001944
0.001946
0.001943
0.001938
0.001951
0.001969
0.001947
0.001960
0.001935
0.001939
0.001967
0.001949
0.002006
0.001925
0.001946
0.001943
0.002014
0.001941
0.001941
0.001934
0.001996
0.001942
0.001953
0.001951
0.001990
0.001943
0.001972
0.001944
0.001935
0.001963
0.001949
0.001942
0.001937
0.001937
0.001948
0.001942
0.001957
0.001934
0.001940
0.001927
0.001942
0.001937
0.001921
0.001933
0.001905
0.001941
0.001963
0.001946
0.001947
0.001930
0.001935
0.001950
0.001940
0.001946
0.002001
0.001977
0.001940
0.001966
0.001946
0.001960
0.001977
0.001959
0.001957
0.002002
0.001931
0.001937
0.001940
0.002007
0.001949
0.001945
0.001940
0.001957
0.001966
0.001965
0.001946
0.001956
0.001944
0.001989
0.001923
0.001930
0.001942
0.001936
0.001941
0.001942
0.001942
0.001948
0.001958
0.001966
0.001948
0.001950
0.001940
0.001932
0.001922
0.001919
0.001945
0.001933
0.001949
0.001955
0.001958
0.001935
0.001946
0.001960
0.001940
0.001967
0.001934
0.001933
0.001949
0.001938
0.001961
0.001970
0.001950
0.001933
0.001958
0.001952
0.002001
0.001951
0.001919
0.001943
0.001980
0.001955
0.001942
0.001936
0.001959
0.001979
0.001950
0.001930
0.001938
0.001945
0.001948
0.001977
0.002147
0.001976
0.001940
0.001946
0.001972
0.001973
0.001954
0.001925
0.001981
0.001944
0.001928
0.001957
0.001933
0.001936
0.001947
0.001942
0.001947
0.001964
0.001936
0.001964
0.001928
0.001952
0.001942
0.001944
0.001951
0.002004
0.001956
0.001952
0.001954
0.001976
0.001937
0.001956
0.001950
0.001955
0.001937
0.001980
0.001961
0.001933
0.001927
0.001993
0.001956
0.001947
0.001939
0.001964
0.001980
0.001931
0.001935
0.001948
0.001933
0.001973
0.001933
0.001937
0.001942
0.001937
0.001950
0.001947
0.001937
0.001934
0.001920
0.001932
0.001962
0.001941
0.001954
0.001941
0.001936
0.001945
0.001945
0.001943
0.001975
0.001942
0.001980
0.001949
0.001929
0.001943
0.002001
0.002033
0.001979
0.001980
0.001953
0.001958
0.001965
0.001926
0.001942
0.001939
