0.006507
0.003178
0.002875
0.002810
0.002631
0.002599
0.002542
0.002495
0.002469
0.002401
0.002368
0.002354
0.002302
0.002283
0.002225
0.002237
0.002171
0.002177
0.002167
0.002155
0.002153
0.002205
0.002160
0.002173
0.002169
0.002156
0.002193
0.002083
0.002182
0.002127
0.002211
0.002124
0.002125
0.002073
0.002064
0.002071
0.002064
0.002059
0.002060
0.002096
0.002098
0.002062
0.002051
0.002056
0.002082
0.002056
0.002050
0.002045
0.002051
0.002167
0.002109
0.002098
0.002084
0.002082
0.002146
0.002072
0.002072
0.002071
0.002099
0.002110
0.002070
0.002070
0.002071
0.002071
0.002071
0.002072
0.002076
0.002070
0.002125
0.002086
0.002082
0.002073
0.002149
0.002067
0.002072
0.002062
0.002068
0.002062
0.002128
0.002060
0.002072
0.002067
0.002105
0.002082
0.002074
0.002132
0.002172
0.002149
0.002139
0.002136
0.002131
0.002128
0.002132
0.002129
0.002127
0.002208
0.002120
0.002166
0.002059
0.002053
0.002086
0.002111
0.002051
0.002048
0.002056
0.002047
0.002092
0.002051
0.002054
0.002044
0.002111
0.002085
0.002058
0.002056
0.002052
0.002047
0.002140
0.002049
0.002062
0.002052
0.002137
0.002049
0.002068
0.002046
0.002054
0.002063
0.002094
0.002055
0.002050
0.002051
0.002055
0.002056
0.002053
0.002045
0.002046
0.002094
0.002053
0.002060
0.002054
0.002060
0.002060
0.002069
0.002044
0.002039
0.002044
0.002117
0.002051
0.002050
0.002052
0.002089
0.002066
0.002060
0.002052
0.002048
0.002089
0.002124
0.002058
0.002052
0.002059
0.002078
0.002074
0.002054
0.002057
0.002055
0.002086
0.002057
0.002051
0.002054
0.002096
0.002085
0.002086
0.002047
0.002046
0.002049
0.002117
0.002069
0.002063
0.002064
0.002063
0.002073
0.002075
0.002053
0.002088
0.002058
0.002114
0.002062
0.002064
0.002057
0.002062
0.002063
0.002049
0.002074
0.002073
0.002095
0.002084
0.002054
0.002048
0.002062
0.002065
0.002066
0.002063
0.002064
0.002057
0.002164
0.002152
0.002068
0.002060
0.002066
0.002069
0.002119
0.002078
0.002098
0.002069
0.002080
0.002053
0.002055
0.002081
0.002111
0.002074
0.002058
0.002089
0.002090
0.002115
0.002207
0.002339
0.003258
0.003908
0.002979
0.002644
0.002495
0.002402
0.002406
0.002246
0.003110
0.002510
0.002243
0.003991
0.004780
0.004866
0.005070
0.004294
0.004789
0.004537
0.004790
0.004542
0.004886
0.004938
0.004876
0.004865
0.004279
0.005520
0.004985
0.004420
0.005198
0.002605
0.002474
0.002681
0.002943
0.002960
0.002452
0.002584
0.002675
0.002779
0.002501
0.002815
0.002700
0.002793
0.002462
0.003032
0.002510
0.002554
0.002671
0.002728
0.002697
0.002438
0.002877
0.003005
0.002790
0.002531
0.002626
0.002606
0.002459
0.002718
0.002790
0.002730
0.002702
0.002653
0.002558
0.002855
0.002924
0.002789
0.002684
0.002495
0.002520
0.002643
0.002536
0.002760
0.002721
0.002504
0.002500
0.002448
0.002493
0.002806
0.002685
0.002460
0.002861
0.002530
0.002854
0.002518
0.002642
0.002483
0.002838
0.002830
0.002720
0.002534
0.002534
0.002730
0.002485
0.002609
0.002732
0.002430
0.002431
0.002441
0.002517
0.002794
0.002763
0.002697
0.002878
0.002792
0.002659
0.002784
0.002877
0.002502
0.002539
0.002517
0.002829
0.002758
0.002721
0.002631
0.002852
0.002780
0.002727
0.002445
0.002518
0.002844
0.002752
0.002608
0.002430
0.002494
0.002768
0.002484
0.002708
0.002824
0.002779
0.002824
0.002558
0.002714
0.002788
0.002844
0.002859
0.002757
0.002450
0.002782
0.002843
0.002720
0.002618
0.002695
0.002509
0.002798
0.002821
0.002844
0.002562
0.002483
0.002791
0.002815
0.002861
0.002863
0.002931
0.002608
0.002788
0.002835
0.002624
0.002613
0.002791
0.002797
0.002804
0.002871
0.002860
0.002885
0.002771
0.002884
0.002853
0.002841
0.002914
0.002779
0.002642
0.002448
0.002505
0.002472
0.002733
0.002508
0.002509
0.002793
0.002489
0.002702
0.002880
0.002805
0.002791
0.010141
0.003769
0.002455
0.002421
0.002476
0.002424
0.002618
0.002403
0.002380
0.002383
0.002748
0.002738
0.002761
0.002808
0.002825
0.002736
0.002710
0.002601
0.002619
0.002734
0.002751
0.002820
0.002755
0.002467
0.002522
0.002561
0.002403
0.002489
0.002464
0.002284
0.002285
0.002277
0.002435
0.002613
0.002508
0.002396
0.002446
0.002354
0.002430
0.002284
0.002272
0.002386
0.002476
0.002382
0.002592
0.002466
0.002605
0.002289
0.002300
0.002505
0.002463
0.002451
0.002474
0.002615
0.002305
0.002295
0.002277
0.002478
0.002403
0.002500
0.002603
0.002805
0.002758
0.002587
0.002660
0.002734
0.002550
0.002479
0.002651
0.002481
0.002411
0.002518
0.002605
0.002628
0.002384
0.002591
0.002492
0.002469
0.002474
0.002509
0.002508
0.002524
0.002549
0.002416
0.002498
0.002552
0.002631
0.002487
0.002642
0.002517
0.002658
0.002653
0.002649
0.002547
0.002418
0.002458
0.002463
0.002470
0.002457
0.002591
0.002414
0.002477
0.002406
0.002517
0.002526
0.002612
0.002384
0.002435
0.002422
0.002623
0.002522
0.002498
0.002445
0.002460
0.002615
0.002292
0.002435
0.002513
0.002389
0.002286
0.002452
0.002469
0.002474
0.002401
0.002527
0.002443
0.002604
0.002392
0.002382
0.002455
0.002383
0.002391
0.002479
0.002460
0.002406
0.002507
0.002410
0.002707
0.002635
0.002470
0.002491
0.002613
0.002623
0.002530
0.002622
0.002288
0.002463
0.002389
0.002502
0.002406
0.002454
0.002324
0.002414
0.002459
0.002408
0.002282
0.002485
0.002456
0.002472
0.002573
0.002452
0.002595
0.002622
0.002698
0.002514
0.002417
0.002528
0.002460
0.002465
0.002501
0.002473
0.002468
0.002505
0.002468
0.002534
0.002472
0.002475
0.002513
0.002483
0.002464
0.002518
0.002563
0.002518
0.002571
0.002294
0.002547
0.002614
0.002618
0.002635
0.002487
0.002436
0.002562
0.002276
0.002451
0.002390
0.002398
0.002342
0.002590
0.002503
0.002280
0.002296
0.002450
0.002390
0.002500
0.002462
0.002459
0.002542
0.002460
0.002343
0.002436
0.002446
0.002495
0.002452
0.002465
0.002511
0.002747
0.002609
0.002637
0.002670
0.002405
0.002468
0.002632
0.002395
0.002582
0.002624
0.002517
0.002445
0.002500
0.002478
0.002610
0.002331
0.002452
0.002585
0.002516
0.002449
0.002466
0.002632
0.002629
0.002409
0.002604
0.002643
0.002402
0.002614
0.002613
0.002635
0.002641
0.002670
0.002414
0.002450
0.002510
0.002466
0.002459
0.002525
0.002620
0.002479
0.002461
0.002475
0.002449
0.002299
0.002378
0.002510
0.002338
0.002454
0.002279
0.002276
0.002493
0.002400
0.002507
0.002445
0.002395
0.002516
0.002465
0.002506
0.002476
0.002292
0.002283
0.002272
0.002435
0.002456
0.002460
0.002396
0.002441
0.002463
0.002456
0.002732
0.002967
0.002676
0.002605
0.002713
0.002579
0.002312
0.002631
0.002658
0.002686
0.002553
0.002641
0.002555
0.002579
0.002511
0.002453
0.002552
0.002466
0.002589
0.002467
0.002486
0.002536
0.002635
0.002511
0.002392
0.002335
0.002592
0.002599
0.002635
0.002613
0.002472
0.002473
0.002524
0.002622
0.002424
0.002622
0.002355
0.002443
0.002388
0.002589
0.002531
0.002482
0.002386
0.002454
0.002404
0.002537
0.002631
0.002621
0.002661
0.002428
0.002423
0.002551
0.002529
0.002669
0.002473
0.002621
0.002638
0.002659
0.002423
0.002348
0.002443
0.002463
0.002463
0.002455
0.002504
0.002459
0.002469
0.002511
0.002469
0.002471
0.002285
0.002693
0.002604
0.002600
0.002633
0.002479
0.002458
0.002466
0.002532
0.002475
0.002482
0.002475
0.002476
0.002663
0.002544
0.002637
0.002346
0.002450
0.002471
0.002341
0.002389
0.002493
0.002418
0.002297
0.002406
0.002407
0.002391
0.002439
0.002610
0.002455
0.002447
0.002497
0.002400
0.002403
0.002556
0.002407
0.002468
0.002452
0.002404
0.002625
0.002522
0.002507
0.002469
0.002470
0.002538
0.002634
0.002635
0.002552
0.002290
0.002400
0.002458
0.002456
0.002522
0.002470
0.002329
0.002509
0.002420
0.002602
0.002613
0.002621
0.002525
0.002476
0.002415
0.002377
0.002583
0.002363
0.002630
0.002635
0.002647
0.002649
0.002631
0.002649
0.002655
0.002644
0.002650
0.002661
0.002664
0.002535
0.002635
0.002656
0.002648
0.002649
0.002650
0.002654
0.002640
0.002673
0.002675
0.002676
0.002684
0.002665
0.002665
0.002671
0.002538
0.002473
0.002474
0.002297
0.002292
0.002450
0.002457
0.002463
0.002636
0.002613
0.002673
0.002686
0.002527
0.002611
0.002629
0.002628
0.002357
0.002592
0.002444
0.002457
0.002464
0.002469
0.002450
0.002281
0.002568
0.002418
0.002409
0.002455
0.002394
0.002515
0.002479
0.002404
0.002495
0.002450
0.002582
0.002622
0.002615
0.002632
0.002640
0.002634
0.002635
0.002645
0.002660
0.002653
0.002668
0.002660
0.002543
0.002694
0.002666
0.002650
0.002679
0.002405
0.002621
0.002629
0.002401
0.002512
0.002463
0.002512
0.002451
0.002458
0.002411
0.002466
0.002516
0.002462
0.002456
0.002468
0.002466
0.002464
0.002412
0.002400
0.002325
0.002550
0.002587
0.002450
0.002397
0.002499
0.002509
0.002634
0.002337
0.002590
0.002626
0.002506
0.002465
0.002457
0.002515
0.002472
0.002405
0.002341
0.002449
0.002462
0.002286
0.002487
0.002608
0.002610
0.002629
0.002544
0.002632
0.002359
0.002631
0.002631
0.002638
0.002651
0.002662
0.002562
0.002497
0.002480
0.002424
0.002416
0.002422
0.002386
0.002503
0.002486
0.002656
0.002549
0.002464
0.002612
0.002616
0.002629
0.002632
0.002543
0.002619
0.002459
0.002607
0.002463
0.002525
0.002625
0.002614
0.002470
0.002614
0.002619
0.002340
0.002624
0.002630
0.002634
0.002668
0.002654
0.002697
0.002568
0.002422
0.002622
0.002639
0.002666
0.002477
0.002587
0.002468
0.002273
0.002368
0.002425
0.002397
0.002498
0.002452
0.002399
0.002523
0.002418
0.002509
0.002462
0.002452
0.002497
0.002401
0.002456
0.002476
0.002412
0.002465
0.002586
0.002602
0.002553
0.002476
0.002632
0.002603
0.002526
0.002547
0.002612
0.002469
0.002621
0.002484
0.002612
0.002333
0.002459
0.002516
0.002462
0.002463
0.002523
0.002421
0.002419
0.002522
0.002480
0.002531
0.002485
0.002490
0.002531
0.002488
0.002409
0.002339
0.002407
0.002510
0.002605
0.002628
0.002643
0.002659
0.002449
0.002421
0.002672
0.002319
0.002423
0.002429
0.002669
0.002605
0.002631
0.002490
0.002474
0.002416
0.002561
0.002590
0.002333
0.002473
0.002447
0.002455
0.002451
0.002463
0.002589
0.002475
0.002517
0.002470
0.002406
0.002611
0.002563
0.002615
0.002554
0.002618
0.002506
0.002480
0.002460
0.002379
0.002605
0.002491
0.002501
0.002562
0.002598
0.002476
0.002469
0.002524
0.002392
0.002274
0.002438
0.002399
0.002459
0.002405
0.002413
0.002579
0.002409
0.002511
0.002495
0.002514
0.002406
0.002455
0.002284
0.002606
0.002494
0.002509
0.002286
0.002396
0.002456
0.002403
0.002505
0.002417
0.002612
0.002352
0.002449
0.002483
0.002450
0.002462
0.002332
0.002596
0.002630
0.002622
0.002602
0.002641
0.002628
0.002649
0.002645
0.002647
0.002641
0.002661
0.002659
0.002656
0.002671
0.002668
0.002581
0.002352
0.002307
0.002634
0.002329
0.002573
0.002542
0.002612
0.002537
0.002503
0.002390
0.002391
0.002438
0.002289
0.002511
0.002384
0.002479
0.002485
0.002453
0.002503
0.002393
0.002288
0.002447
0.002282
0.002490
0.002449
0.002451
0.002496
0.002461
0.002462
0.002487
0.002463
0.002487
0.002412
0.002281
0.002450
0.002394
0.002502
0.002455
0.002399
0.002516
0.002280
0.002482
0.002464
0.002456
0.002492
0.002467
0.002466
0.002466
0.002468
0.002477
0.002626
0.002607
0.002575
0.002486
0.002472
0.002529
0.002480
0.002530
0.002593
0.002485
0.004982
0.002608
0.002497
0.002586
0.002591
0.002594
0.002583
0.002582
0.002602
0.002630
0.002596
0.002619
0.002618
0.002568
0.002607
0.002502
0.002405
0.002549
0.002553
0.002548
0.002564
0.002489
0.002561
0.002575
0.002581
0.002573
0.002469
0.002568
0.002548
0.002589
0.002591
0.002605
0.002603
0.002373
0.002558
0.002564
0.002585
0.002584
0.002612
0.002611
0.002605
0.002602
0.002601
0.002591
0.002600
0.002615
0.002357
0.002589
0.002700
0.002593
0.002499
0.002316
0.002624
0.002586
0.002570
0.002566
0.002576
0.002542
0.002592
0.002587
0.002598
0.002598
0.002468
0.002570
0.002502
0.002553
0.002354
0.002532
0.002666
0.002358
0.002483
0.002541
0.002546
0.002551
0.002560
0.002300
0.002533
0.002437
0.002547
0.002556
0.002463
0.002542
0.002648
0.002574
0.002577
0.002315
0.002535
0.002287
0.002553
0.002371
0.002546
0.002327
0.002381
0.002514
0.002540
0.002428
0.002306
0.002524
0.002453
0.002563
0.002576
0.002580
0.002589
0.002588
0.002583
0.002590
0.002665
0.002698
0.002659
0.002688
0.002510
0.002558
0.002579
0.002528
0.002571
0.002575
0.002588
0.002574
0.002575
0.002541
0.002558
0.002583
0.002583
0.002612
0.002505
0.002580
0.002600
0.002610
0.002606
0.002384
0.002548
0.002480
0.002570
0.002551
0.002586
0.002562
0.002574
0.002584
0.002587
0.002597
0.002604
0.002570
0.002357
0.002598
0.002599
0.002528
0.002495
0.002572
0.002348
0.002570
0.002640
0.002549
0.002572
0.002803
0.002680
0.002548
0.002602
0.002518
0.002565
0.002602
0.002395
0.002567
0.002537
0.002558
0.002579
0.002638
0.002574
0.002596
0.002435
0.002611
0.002577
0.002584
0.002602
0.002518
0.002586
0.002586
0.002621
0.002589
0.002580
0.002508
0.002594
0.002603
0.002588
0.002602
0.002604
0.002526
0.002615
0.002601
0.002596
0.002595
0.002642
0.002505
0.002584
0.002581
0.002525
0.002589
0.002585
0.002485
0.002599
0.002306
0.002527
0.002314
0.002526
0.002505
0.002559
0.002553
0.002571
0.002484
0.002560
0.002573
0.002266
0.002291
0.002543
0.002650
0.002436
0.002527
0.002288
0.002343
0.002528
0.002340
0.002535
0.002458
0.002467
0.002571
0.002558
0.002325
0.002532
0.002547
0.002556
0.002572
0.002477
0.002558
0.002540
0.002551
0.002533
0.002574
0.002557
0.002570
0.002582
0.002587
0.002600
0.002747
0.002629
0.002622
0.002640
0.002712
0.002642
0.002522
0.002525
0.002567
0.002596
0.002525
0.002558
0.002569
0.002586
0.002589
0.002599
0.002579
0.002587
0.002585
0.002582
0.002570
0.002491
0.002566
0.002591
0.002579
0.002581
0.002564
0.002289
0.002635
0.002305
0.002533
0.002421
0.002523
0.002546
0.002569
0.002583
0.002314
0.002550
0.002551
0.002547
0.002569
0.002624
0.002607
0.002475
0.002576
0.002313
0.002541
0.002542
0.002555
0.002551
0.002569
0.002567
0.002588
0.002327
0.002547
0.002560
0.002552
0.002495
0.002567
0.002592
0.002562
0.002591
0.002580
0.002595
0.002604
0.002605
0.002696
0.002596
0.002581
0.002628
0.002520
0.002576
0.002676
0.002587
0.002587
0.002585
0.002612
0.002609
0.002601
0.002301
0.002558
0.002547
0.002558
0.002588
0.002371
0.002546
0.002527
0.002500
0.002563
0.002553
0.002599
0.002580
0.002591
0.002602
0.002604
0.002631
0.002717
0.002266
0.002478
0.002565
0.002393
0.002520
0.002537
0.002365
0.002613
0.002555
0.002367
0.002585
0.002572
0.002565
0.002588
0.002563
0.002367
0.002600
0.002404
0.002554
0.002565
0.002322
0.002562
0.002490
0.002549
0.002547
0.002569
0.002553
0.002570
0.002560
0.002563
0.002582
0.002582
0.002592
0.002590
0.002607
0.002602
0.002313
0.002547
0.002313
0.002523
0.002481
0.002533
0.002316
0.002550
0.002561
0.002570
0.002488
0.002567
0.002292
0.002538
0.002533
0.002571
0.002397
0.002566
0.002579
0.002477
0.002564
0.002268
0.002539
0.002569
0.002572
0.002589
0.002585
0.002601
0.002602
0.002596
0.002600
0.002592
0.002623
0.002614
0.002608
0.002385
0.002558
0.002564
0.002578
0.002315
0.002545
0.002547
0.002578
0.002588
0.002578
0.002577
0.002597
0.002597
0.002619
0.002601
0.002596
0.002596
0.002338
0.002544
0.002567
0.002563
0.002561
0.002551
0.002317
0.002584
0.002676
0.002579
0.002517
0.002598
0.002631
0.002592
0.002571
0.002486
0.002568
0.002565
0.002570
0.002585
0.002562
0.002365
0.002555
0.002569
0.002579
0.002575
0.002293
0.002486
0.002557
0.002564
0.002483
0.002549
0.002573
0.002491
0.002569
0.002583
0.002318
0.002304
0.002535
0.002544
0.002555
0.002548
0.002553
0.002570
0.002292
0.002559
0.002292
0.002519
0.002559
0.002584
0.002337
0.002550
0.002562
0.002571
0.002557
0.002558
0.002560
0.002613
0.002332
0.002548
0.002357
0.002522
0.002549
0.002556
0.002577
0.002567
0.002587
0.002574
0.002572
0.002305
0.002337
0.002543
0.002540
0.002573
0.002553
0.002568
0.002505
0.002543
0.002573
0.002574
0.002572
0.002716
0.002853
0.002730
0.002675
0.002722
0.002665
0.002662
0.002636
0.002640
0.002633
0.002391
0.002630
0.002576
0.002586
0.002598
0.002585
0.002590
0.002588
0.002336
0.002538
0.002592
0.002579
0.002597
0.002706
0.002633
0.002613
0.002384
0.002645
0.002310
0.002556
0.002468
0.002568
0.002559
0.002578
0.002405
0.002553
0.002552
0.002571
0.002576
0.002577
0.002495
0.002571
0.002298
0.002536
0.002539
0.002374
0.002555
0.002325
0.002553
0.002473
0.002552
0.002574
0.002579
0.002293
0.002538
0.002546
0.002307
0.002551
0.002373
0.002553
0.002323
0.002536
0.002459
0.002536
0.002560
0.002533
0.002365
0.002531
0.002554
0.002565
0.002302
0.002550
0.002570
0.002578
0.002595
0.002591
0.002582
0.002596
0.002609
0.002603
0.002586
0.002594
0.002596
0.002491
0.002309
0.002564
0.002560
0.002570
0.002562
0.002577
0.002372
0.002297
0.002337
0.002544
0.002327
0.002570
0.002318
0.002525
0.002550
0.002590
0.002663
0.002582
0.002310
0.002540
0.002561
0.002571
0.002581
0.002563
0.002575
0.002365
0.002592
0.002577
0.002713
0.002614
0.002632
0.002318
0.002653
0.002561
0.002564
0.002559
0.002650
0.002672
0.002323
0.002357
0.002579
0.002589
0.002640
0.002479
0.002574
0.002387
0.002535
0.002357
0.002541
0.002635
0.002578
0.002597
0.002568
0.002581
0.002383
0.002608
0.002487
0.002565
0.002460
0.002552
0.002360
0.002549
0.002569
0.002635
0.002651
0.002495
0.002336
0.002622
0.002631
0.002635
0.002582
0.002573
0.002666
0.002630
0.002621
0.002605
0.002583
0.002612
0.002602
0.002609
0.002610
0.002334
0.002360
0.002569
0.002547
0.002602
0.002658
0.002490
0.002572
0.002305
0.002556
0.002559
0.002582
0.002578
0.002585
0.002593
0.002588
0.002590
0.002608
0.002342
0.002550
0.002557
0.002563
0.002561
0.002574
0.002574
0.002596
0.002592
0.002650
0.002606
0.002598
0.002592
0.002622
0.002604
0.002514
0.002592
0.002596
0.002580
0.002605
0.002693
0.002605
0.002603
0.002573
0.002609
0.002606
0.002385
0.002577
0.002582
0.002561
0.002570
0.002569
0.002402
0.002610
0.002606
0.002579
0.002595
0.002645
0.002602
0.002609
0.002600
0.002602
0.002374
0.002596
0.002555
0.002557
0.002573
0.002558
0.002608
0.002611
0.002602
0.002366
0.002529
0.002543
0.002575
0.002601
0.002590
0.002548
0.002617
0.002573
0.002492
0.002575
0.002565
0.002593
0.002589
0.002593
0.002608
0.002602
0.002586
0.002609
0.002619
0.002622
0.002613
0.002643
0.002616
0.002613
0.002617
0.002625
0.002616
0.002647
0.002608
0.002616
0.002587
0.002607
0.002607
0.002370
0.002527
0.002547
0.002558
0.002560
0.002663
0.002500
0.002559
0.002574
0.002299
0.002529
0.002584
0.002585
0.002544
0.002570
0.002572
0.002582
0.002546
0.002308
0.002531
0.002545
0.002549
0.002582
