0.067922
0.066375
0.066234
0.065630
0.065518
0.065511
0.065233
0.064956
0.064913
0.064868
0.064825
0.064748
0.064720
0.064652
0.064237
0.064385
0.068429
0.070890
0.069576
0.070021
0.068902
0.067692
0.067155
0.066743
0.066801
0.067234
0.066661
0.065962
0.065369
0.065439
0.065213
0.065254
0.064950
0.065243
0.065107
0.065499
0.065189
0.065027
0.064794
0.064953
0.065012
0.064466
0.064360
0.064310
0.064128
0.064034
0.064113
0.064010
0.064001
0.064107
0.064133
0.064087
0.064016
0.063987
0.063956
0.063946
0.065016
0.063951
0.064046
0.063848
0.063682
0.063419
0.063759
0.063529
0.063687
0.063962
0.063671
0.063709
0.063493
0.063547
0.063486
0.063291
0.064029
0.063264
0.063440
0.063263
0.063203
0.063133
0.063285
0.063161
0.062996
0.063291
0.063240
0.063161
0.063137
0.063066
0.062984
0.062954
0.063657
0.063009
0.062998
0.063134
0.063068
0.062950
0.072138
0.070970
0.072744
0.071259
0.069917
0.068859
0.068746
0.068228
0.067840
0.068289
0.067273
0.067175
0.066673
0.065945
0.065877
0.065782
0.065511
0.065561
0.065519
0.065301
0.065292
0.064964
0.064885
0.064714
0.065087
0.064631
0.064523
0.064511
0.064231
0.064242
0.064191
0.064141
0.064238
0.064072
0.064253
0.064056
0.064118
0.063896
0.063984
0.063908
0.064456
0.065207
0.069313
0.068097
0.067034
0.066512
0.066300
0.066149
0.066140
0.065996
0.065665
0.065483
0.067174
0.064944
0.064793
0.065197
0.064450
0.064414
0.064623
0.064211
0.064245
0.064097
0.064106
0.064364
0.063989
0.064090
0.063838
0.064045
0.063978
0.063936
0.063838
0.064364
0.063934
0.063705
0.063675
0.063624
0.071661
0.070985
0.077123
0.094826
0.092548
0.091849
0.090891
0.091485
0.121206
0.073225
0.065591
0.065166
0.065033
0.065068
0.064921
0.064841
0.064824
0.064914
0.064853
0.064585
0.064412
0.064583
0.064426
0.064381
0.064423
0.064520
0.064386
0.064416
0.064351
0.064650
0.064585
0.064613
0.064423
0.064257
0.064151
0.064182
0.064161
0.064144
0.064577
0.063995
0.064002
0.063925
0.063828
0.064050
0.063928
0.063965
0.063947
0.063789
0.063802
0.063629
0.063632
0.063654
0.063571
0.063774
0.063800
0.063809
0.063582
0.063565
0.063561
0.063600
0.063584
0.063431
0.063473
0.063489
0.063363
0.063273
0.063261
0.063318
0.063261
0.063708
0.063245
0.063221
0.063146
0.063146
0.065377
0.072280
0.069277
0.068290
0.067949
0.067084
0.066889
0.066610
0.066458
0.066174
0.065976
0.065877
0.065861
0.065504
0.065409
0.065465
0.065346
0.065275
0.065416
0.065443
0.065307
0.065231
0.065101
0.065119
0.064915
0.064846
0.065540
0.064817
0.064720
0.064656
0.064605
0.064712
0.064569
0.064617
0.064663
0.064495
0.064483
0.064367
0.064428
0.064304
0.066429
0.066477
0.065720
0.065457
0.065239
0.065232
0.065133
0.064931
0.064941
0.064920
0.064819
0.064708
0.064608
0.064617
0.064477
0.064474
0.064408
0.065147
0.064457
0.064304
0.064278
0.064268
0.064195
0.064198
0.064234
0.064083
0.064091
0.064054
0.064008
0.064072
0.063958
0.063930
0.063968
0.063917
0.063866
0.063882
0.063859
0.069037
0.071955
0.069676
0.069094
0.068182
0.067980
0.067900
0.067337
0.066994
0.067016
0.067547
0.066726
0.065804
0.065831
0.065721
0.065758
0.065791
0.065785
0.065698
0.065341
0.065541
0.065187
0.065382
0.064957
0.064676
0.064934
0.064683
0.064660
0.064657
0.064744
0.064625
0.064507
0.064438
0.064475
0.064353
0.064216
0.064609
0.064413
0.064168
0.064116
0.064107
0.064478
0.064325
0.063979
0.064105
0.063965
0.063863
0.064036
0.063978
0.063936
0.063696
0.063769
0.063673
0.063599
0.063602
0.063690
0.063535
0.063421
0.063674
0.063677
0.063577
0.063649
0.063534
0.063643
0.063687
0.063430
0.063581
0.063471
0.063343
0.063236
0.063224
0.063394
0.063203
0.063202
0.063460
0.063408
0.063136
0.068182
0.070894
0.069337
0.068287
0.067379
0.066759
0.066486
0.066478
0.066066
0.065931
0.066232
0.066030
0.065746
0.065457
0.065093
0.065104
0.065103
0.064892
0.065000
0.064964
0.064786
0.064895
0.064567
0.064560
0.064503
0.064352
0.064247
0.064473
0.064249
0.064241
0.064138
0.064065
0.063947
0.063830
0.063739
0.063734
0.063610
0.063626
0.063543
0.063648
0.063590
0.063489
0.063453
0.063528
0.063441
0.063377
0.063441
0.063440
0.063361
0.063290
0.063294
0.063337
0.063114
0.063209
0.063231
0.063250
0.063147
0.063164
0.063150
0.063168
0.063051
0.062985
0.063111
0.063148
0.063029
0.063233
0.063002
0.062971
0.062808
0.062798
0.062959
0.062808
0.062781
0.062811
0.062838
0.062762
0.062752
0.062737
0.069738
0.071055
0.069315
0.068149
0.067252
0.066843
0.066305
0.066561
0.066180
0.065908
0.065880
0.066744
0.065615
0.065644
0.065492
0.065238
0.065123
0.064955
0.065035
0.064984
0.065098
0.065019
0.064936
0.064745
0.064735
0.064573
0.064690
0.064565
0.064502
0.064476
0.064577
0.064446
0.064430
0.064444
0.064357
0.064345
0.064249
0.064244
0.064135
0.064023
0.064073
0.064286
0.064081
0.063892
0.063843
0.063995
0.063853
0.063856
0.063866
0.064130
0.063862
0.063774
0.063767
0.063990
0.063741
0.063702
0.063731
0.063645
0.063675
0.063638
0.063661
0.063681
0.063593
0.063567
0.063681
0.063586
0.063413
0.063436
0.063542
0.063500
0.063428
0.063422
0.063428
0.063828
0.063258
0.063084
0.063235
0.065896
0.071121
0.069587
0.068530
0.067839
0.067293
0.067028
0.067100
0.066683
0.066532
0.066446
0.066306
0.066266
0.065478
0.065251
0.065190
0.065127
0.065077
0.065230
0.065087
0.065043
0.065067
0.064767
0.064805
0.064706
0.064690
0.064550
0.064524
0.064515
0.064550
0.064471
0.064463
0.064403
0.064469
0.064415
0.064246
0.064218
0.063989
0.063904
0.063917
0.063960
0.063837
0.063812
0.063861
0.063862
0.064283
0.064004
0.063842
0.063814
0.063720
0.063613
0.063577
0.063516
0.063496
0.063490
0.063585
0.063481
0.063376
0.064035
0.063792
0.063690
0.063490
0.063454
0.063495
0.063359
0.063303
0.063285
0.063314
0.063268
0.063224
0.063211
0.063349
0.063246
0.063215
0.063181
0.063245
0.063139
0.063118
0.072387
0.070167
0.069029
0.068403
0.067945
0.067459
0.067158
0.066973
0.066945
0.066728
0.066484
0.066537
0.065931
0.065431
0.065270
0.065213
0.065097
0.065232
0.065051
0.064855
0.065162
0.064852
0.064892
0.064735
0.064532
0.064577
0.064691
0.064436
0.064479
0.064356
0.064544
0.064332
0.064795
0.064440
0.064352
0.064005
0.064018
0.063965
0.064004
0.063921
0.063835
0.063775
0.064621
0.063859
0.063934
0.063868
0.063811
0.063701
0.063703
0.063522
0.063567
0.063464
0.063482
0.063534
0.063418
0.063400
0.064107
0.063829
0.063612
0.063361
0.063398
0.063543
0.063407
0.063311
0.063374
0.063352
0.063340
0.063300
0.063210
0.063391
0.063222
0.063163
0.063269
0.063203
0.063103
0.063116
0.063154
0.069413
0.072533
0.070270
0.069479
0.068385
0.067942
0.067598
0.067309
0.067042
0.066877
0.066314
0.065930
0.065565
0.065563
0.065464
0.065256
0.065232
0.065338
0.065304
0.065375
0.065122
0.065029
0.065006
0.064810
0.064690
0.064749
0.064505
0.065564
0.064542
0.064501
0.064629
0.064382
0.064180
0.064281
0.064067
0.064042
0.063946
0.064025
0.063887
0.064070
0.066917
0.065620
0.065117
0.064848
0.064807
0.064742
0.064630
0.064458
0.064542
0.064382
0.064309
0.064189
0.064259
0.064088
0.063997
0.064046
0.064055
0.063845
0.063882
0.063920
0.063861
0.063817
0.063750
0.063692
0.063910
0.063768
0.063590
0.063700
0.063656
0.063547
0.063525
0.063604
0.063563
0.063456
0.063417
0.063478
0.063397
0.069151
0.070996
0.068787
0.067901
0.067536
0.067367
0.067073
0.066793
0.066704
0.066294
0.065683
0.065864
0.065390
0.065444
0.065392
0.065279
0.065346
0.065122
0.064925
0.064872
0.065073
0.064721
0.064649
0.064582
0.064596
0.064618
0.064415
0.064507
0.064465
0.064504
0.064418
0.064471
0.064410
0.064275
0.064142
0.064129
0.064134
0.063979
0.063991
0.064050
0.063942
0.063906
0.063883
0.064028
0.063902
0.063827
0.063760
0.063831
0.063759
0.063953
0.063765
0.063751
0.063580
0.063623
0.063612
0.063569
0.063541
0.063441
0.063478
0.063524
0.063408
0.063646
0.063541
0.063475
0.063397
0.063380
0.063490
0.063327
0.063341
0.063270
0.063349
0.063296
0.063148
0.063208
0.064079
0.063347
0.063217
0.065324
0.071858
0.069884
0.068830
0.067962
0.067368
0.067094
0.066721
0.065994
0.065798
0.065747
0.065580
0.065603
0.065387
0.065274
0.065328
0.065255
0.065090
0.065255
0.065325
0.065149
0.064936
0.064811
0.064810
0.064741
0.064665
0.064639
0.064744
0.064606
0.064519
0.064503
0.064757
0.064500
0.064454
0.064744
0.064441
0.064304
0.064317
0.064337
0.064307
0.064247
0.064274
0.064315
0.064244
0.064153
0.064228
0.064238
0.064063
0.063989
0.064049
0.063990
0.063960
0.063771
0.063930
0.063896
0.063791
0.063697
0.063711
0.063710
0.064353
0.063660
0.063610
0.063652
0.063618
0.063474
0.063654
0.063562
0.063496
0.063455
0.063534
0.063422
0.063378
0.063315
0.063509
0.063294
0.063347
0.063380
0.063599
0.072865
0.070906
0.068739
0.067856
0.067348
0.066949
0.066089
0.065749
0.065607
0.065521
0.065314
0.065235
0.065150
0.065225
0.065016
0.064985
0.064878
0.064905
0.064939
0.064676
0.064899
0.064761
0.064524
0.064539
0.064460
0.064546
0.064354
0.064261
0.064272
0.064294
0.064250
0.064175
0.064217
0.064237
0.064147
0.064202
0.064211
0.064067
0.063970
0.063944
0.063981
0.063941
0.064437
0.063971
0.064022
0.063853
0.063837
0.063800
0.063891
0.063816
0.063746
0.063761
0.063777
0.063723
0.063698
0.063714
0.063706
0.063713
0.063635
0.063657
0.063664
0.063611
0.063589
0.063572
0.063691
0.063581
0.063519
0.063548
0.063501
0.063330
0.063381
0.063362
0.063287
0.063187
0.063324
0.063348
0.063188
0.067711
0.070915
0.068904
0.068394
0.067339
0.066968
0.066690
0.066529
0.066251
0.066226
0.065995
0.065951
0.065862
0.065764
0.065471
0.065422
0.065445
0.065361
0.065361
0.065382
0.065406
0.065179
0.064939
0.064929
0.064907
0.064827
0.064732
0.065041
0.064724
0.064523
0.064440
0.064497
0.064412
0.064273
0.064203
0.064267
0.064156
0.064069
0.064015
0.064070
0.064007
0.063860
0.063819
0.063896
0.063794
0.064518
0.064151
0.063947
0.063847
0.063866
0.063919
0.063837
0.063748
0.063677
0.063717
0.063592
0.063542
0.063512
0.063522
0.063992
0.063718
0.063519
0.063604
0.063510
0.063497
0.063696
0.063592
0.063419
0.063342
0.063316
0.063364
0.063268
0.063218
0.063271
0.063268
0.063230
0.063174
0.064391
0.071460
0.069469
0.068270
0.067741
0.067289
0.066941
0.066739
0.066883
0.066505
0.065564
0.065357
0.065821
0.065278
0.065192
0.065070
0.064882
0.064755
0.064684
0.064791
0.064663
0.064731
0.064434
0.064447
0.064231
0.064273
0.064304
0.064237
0.064098
0.064029
0.064093
0.064124
0.064023
0.064427
0.064242
0.064032
0.063985
0.063881
0.063931
0.063926
0.063878
0.063732
0.063842
0.063804
0.063741
0.063652
0.063803
0.063673
0.063680
0.063856
0.063827
0.063579
0.063549
0.063673
0.063583
0.063467
0.063393
0.064094
0.063663
0.063522
0.063470
0.063452
0.063490
0.063440
0.063369
0.063404
0.063337
0.063337
0.063243
0.063719
0.063291
0.063298
0.063274
0.063288
0.063216
0.063707
0.063276
0.063202
0.067600
0.069746
0.067387
0.066615
0.066199
0.065892
0.065724
0.065903
0.065793
0.065458
0.065326
0.065162
0.065182
0.065037
0.065001
0.064932
0.064878
0.064782
0.064938
0.064956
0.064871
0.064833
0.064594
0.064493
0.064400
0.065759
0.064838
0.064650
0.064532
0.064496
0.064287
0.064225
0.064182
0.064275
0.064280
0.064058
0.064035
0.064068
0.063967
0.063903
0.068123
0.068568
0.067637
0.067113
0.066841
0.066480
0.066238
0.066112
0.065931
0.065839
0.066065
0.065688
0.065580
0.065434
0.065412
0.065331
0.065142
0.065097
0.065665
0.064981
0.064697
0.064738
0.064639
0.064575
0.064508
0.064472
0.064325
0.064206
0.064054
0.064064
0.064114
0.063935
0.063936
0.063918
0.063966
0.063814
0.063861
0.070703
0.070436
0.068854
0.068054
0.067696
0.067014
0.066230
0.065981
0.065900
0.065725
0.065543
0.065411
0.065339
0.065341
0.065165
0.065189
0.064970
0.064842
0.064935
0.064687
0.067290
0.066749
0.066186
0.065698
0.065486
0.065365
0.065136
0.065022
0.064719
0.064869
0.064618
0.064520
0.064373
0.064345
0.064327
0.064147
0.064060
0.063907
0.063968
0.063854
0.063734
0.063827
0.063821
0.064260
0.063615
0.063564
0.063501
0.063386
0.063346
0.063381
0.063197
0.063174
0.063056
0.063165
0.063232
0.063000
0.064293
0.063599
0.063394
0.063223
0.063181
0.063242
0.063150
0.063101
0.063180
0.063142
0.063056
0.062878
0.062840
0.062884
0.062856
0.062819
0.063088
0.063106
0.062955
0.062867
0.062760
0.066132
0.072090
0.069428
0.068782
0.068065
0.067138
0.066878
0.066941
0.066470
0.066401
0.066511
0.066363
0.065651
0.065091
0.064802
0.064910
0.064791
0.064439
0.064772
0.064871
0.064488
0.064165
0.064115
0.063971
0.063911
0.063814
0.063895
0.063712
0.064120
0.063579
0.063504
0.063490
0.063441
0.063385
0.063389
0.063404
0.063185
0.063202
0.063132
0.063141
0.063203
0.063099
0.063045
0.063053
0.062970
0.063048
0.063033
0.062996
0.062937
0.063004
0.062882
0.062873
0.062741
0.062871
0.062686
0.062704
0.062692
0.062760
0.062723
0.062845
0.062691
0.062839
0.062681
0.062776
0.062735
0.062972
0.062730
0.062723
0.062641
0.062648
0.062564
0.062534
0.062618
0.062593
0.062504
0.062541
0.062545
0.062498
0.065776
0.071364
0.068273
0.067357
0.067095
0.066253
0.066199
0.065865
0.065588
0.065631
0.065403
0.065346
0.065165
0.065697
0.064963
0.064864
0.064638
0.064591
0.064549
0.064328
0.064285
0.064582
0.064226
0.064110
0.064015
0.064065
0.063936
0.063890
0.063872
0.063853
0.063777
0.063859
0.063784
0.063704
0.063678
0.063575
0.063706
0.063565
0.063349
0.063429
0.063424
0.063355
0.063305
0.063250
0.063310
0.063299
0.063244
0.063150
0.063309
0.063230
0.063431
0.063174
0.063143
0.062950
0.062926
0.063028
0.062944
0.062904
0.062886
0.062855
0.062845
0.062779
0.062761
0.062873
0.062877
0.062817
0.062722
0.062798
0.062686
0.062689
0.062576
0.062660
0.062569
0.062503
0.062497
0.062631
0.063127
0.062782
0.063233
0.071572
0.069796
0.067897
0.067248
0.066755
0.066459
0.066108
0.065239
0.065034
0.064816
0.064651
0.064855
0.064552
0.064383
0.064309
0.064391
0.064147
0.064160
0.064174
0.064491
0.064180
0.064121
0.063956
0.063865
0.063878
0.063737
0.063810
0.063695
0.063624
0.063588
0.063731
0.063621
0.063578
0.063695
0.063724
0.063483
0.063399
0.063349
0.063467
0.063291
0.063308
0.063282
0.063370
0.063214
0.063198
0.063558
0.063655
0.063273
0.063248
0.063316
0.063219
0.063118
0.063003
0.063057
0.063067
0.062923
0.062969
0.062967
0.062915
0.063064
0.063834
0.063053
0.062950
0.062861
0.062810
0.062847
0.062919
0.062789
0.062790
0.062725
0.062708
0.062667
0.062623
0.062719
0.062614
0.062681
0.062678
0.062752
0.071395
0.070354
0.068265
0.067423
0.066909
0.066452
0.066292
0.066135
0.065990
0.065837
0.065837
0.065633
0.065440
0.065843
0.065390
0.065226
0.065074
0.065212
0.065157
0.065097
0.064999
0.064845
0.064790
0.064725
0.064614
0.064666
0.064414
0.064371
0.064287
0.064323
0.064264
0.064127
0.064437
0.064444
0.064126
0.064037
0.063894
0.064037
0.063893
0.063795
0.063842
0.063817
0.063759
0.063731
0.064423
0.063875
0.063849
0.063714
0.063703
0.063671
0.063496
0.063475
0.063523
0.063405
0.063314
0.063296
0.063936
0.063486
0.063228
0.063297
0.063285
0.063150
0.063091
0.063154
0.063175
0.063159
0.063034
0.063074
0.063153
0.063014
0.062949
0.063032
0.062926
0.062828
0.062739
0.062827
0.062749
0.064880
0.071907
0.069963
0.069013
0.068078
0.067510
0.067304
0.066836
0.066596
0.066589
0.066488
0.066178
0.065365
0.065125
0.064871
0.064777
0.064683
0.064610
0.064605
0.064546
0.064640
0.064512
0.064275
0.064091
0.064140
0.064108
0.064119
0.064032
0.064041
0.064524
0.063811
0.063843
0.063911
0.063714
0.063725
0.063643
0.063725
0.063612
0.063544
0.063523
0.064463
0.066212
0.065108
0.064883
0.064636
0.064482
0.064456
0.064447
0.064252
0.064185
0.064105
0.064117
0.063966
0.063793
0.063808
0.063736
0.063634
0.063586
0.063536
0.063496
0.063375
0.063471
0.063467
0.063456
0.063449
0.063585
0.063465
0.063301
0.063317
0.063219
0.063310
0.063281
0.063246
0.063150
0.063144
0.063150
0.063055
0.063065
0.069165
0.070817
0.068767
0.067906
0.067743
0.067106
0.066938
0.066077
0.065421
0.065072
0.065057
0.065113
0.064979
0.065586
0.064697
0.064948
0.064639
0.064356
0.064511
0.064376
0.064626
0.064228
0.064233
0.064032
0.064057
0.064270
0.064003
0.064023
0.063750
0.063805
0.063998
0.063738
0.063684
0.063637
0.063613
0.063529
0.063473
0.063203
0.063284
0.063011
0.063030
0.063060
0.062982
0.063037
0.063159
0.063145
0.063145
0.062969
0.062968
0.063325
0.063059
0.063009
0.063041
0.062935
0.063002
0.062838
0.062816
0.063024
0.062767
0.062618
0.062630
0.062699
0.062804
0.062897
0.062595
0.062926
0.062620
0.062636
0.062619
0.062605
0.062758
0.062497
0.062486
0.062742
0.062428
0.062377
0.062914
0.062692
0.067893
0.070836
0.068591
0.068216
0.067207
0.066470
0.066599
0.066028
0.065810
0.065540
0.065984
0.065547
0.065441
0.065078
0.064938
0.064859
0.064759
0.064790
0.065012
0.064878
0.064787
0.064774
0.064458
0.064218
0.064317
0.064120
0.064023
0.064092
0.063855
0.064087
0.063742
0.063624
0.063650
0.063659
0.063593
0.063398
0.063301
0.063290
0.063211
0.063134
0.063216
0.063196
0.063163
0.063070
0.063095
0.063079
0.063099
0.062987
0.063082
0.062983
0.062885
0.062837
0.062944
0.062893
0.062716
0.062769
0.062846
0.062677
0.062618
0.062560
0.062715
0.063317
0.062650
0.062637
0.062737
0.062683
0.062669
0.062669
0.062631
0.062547
0.062531
0.062537
0.062588
0.062457
0.062434
0.062607
0.062522
0.062441
0.065936
0.072142
0.070679
0.069342
0.068257
0.067708
0.067403
0.067166
0.065812
0.065761
0.065391
0.065243
0.065256
0.065238
0.065021
0.065036
0.064832
0.064783
0.064900
0.065036
0.064886
0.064744
0.064424
0.064381
0.064337
0.064113
0.064123
0.064223
0.064097
0.063837
0.063861
0.063987
0.063934
0.063818
0.063707
0.063687
0.063773
0.063534
0.063435
0.063484
0.063433
0.063334
0.063161
0.063389
0.063254
0.063619
0.063179
0.063130
0.063080
0.063014
0.063007
0.063037
0.062950
0.062861
0.062936
0.062849
0.062770
0.062741
0.062759
0.062795
0.062601
0.062696
0.062831
0.062765
0.062633
0.062653
0.062612
0.062670
0.062506
0.062481
0.062542
0.062543
0.062358
0.062372
0.062516
0.062476
0.062344
0.062322
0.065644
0.070758
0.069532
0.068433
0.067533
0.067083
0.066709
0.066546
0.066226
0.066201
0.065331
0.065052
0.064736
0.064561
0.064444
0.064561
0.064409
0.064345
0.064446
0.064486
0.064347
0.064227
0.064101
0.064016
0.063937
0.063828
0.063872
0.063791
0.063652
0.063613
0.064532
0.063853
0.063548
0.063503
0.063688
0.063391
0.063455
0.063352
0.063476
0.063364
0.063241
0.063314
0.063241
0.063174
0.063061
0.063337
0.063552
0.063283
0.063154
0.063134
