0.004660
0.003432
0.003208
0.003184
0.003236
0.003184
0.003179
0.003235
0.003183
0.003238
0.003231
0.003182
0.003179
0.003218
0.003253
0.003182
0.003201
0.003216
0.003183
0.003181
0.003235
0.003182
0.003179
0.003230
0.003183
0.003183
0.003235
0.003178
0.003183
0.003298
0.003183
0.003182
0.003232
0.003183
0.003183
0.003221
0.003196
0.003178
0.003220
0.003252
0.003183
0.003208
0.003206
0.003183
0.003183
0.003276
0.003197
0.003179
0.003239
0.003244
0.003222
0.003270
0.003207
0.003182
0.003238
0.003184
0.003184
0.003240
0.003183
0.003182
0.003236
0.003224
0.003232
0.003260
0.003211
0.003235
0.003244
0.003199
0.003182
0.003214
0.003219
0.003183
0.003211
0.003233
0.003182
0.003234
0.003275
0.003201
0.003179
0.003296
0.003236
0.003271
0.003262
0.003200
0.003216
0.003272
0.003237
0.003183
0.003268
0.003210
0.003182
0.003246
0.003223
0.003206
0.003236
0.003182
0.003182
0.003226
0.003197
0.003182
0.003249
0.003215
0.003182
0.003200
0.003231
0.003182
0.003198
0.003280
0.003203
0.003236
0.003242
0.003182
0.003182
0.003233
0.003181
0.003182
0.003224
0.003194
0.003179
0.003235
0.003182
0.003181
0.003218
0.003198
0.003182
0.003200
0.003263
0.003182
0.003179
0.003224
0.003183
0.003182
0.003229
0.003180
0.003182
0.003223
0.003184
0.003182
0.003215
0.003182
0.003182
0.003239
0.003183
0.003179
0.003236
0.003182
0.003180
0.003224
0.003194
0.003182
0.003208
0.003209
0.003184
0.003179
0.003233
0.003181
0.003182
0.003235
0.003178
0.003182
0.003237
0.003182
0.003181
0.003228
0.003181
0.003184
0.003235
0.003215
0.003200
0.003235
0.003234
0.003183
0.003219
0.003203
0.003179
0.003210
0.003201
0.003183
0.003217
0.003204
0.003184
0.003182
0.003237
0.003182
0.003179
0.003235
0.003183
0.003181
0.003233
0.003179
0.003182
0.003247
0.003182
0.003183
0.003234
0.003183
0.003181
0.003232
0.003181
0.003179
0.003218
0.003251
0.003181
0.003202
0.003216
0.003183
0.003182
0.003237
0.003182
0.003179
0.003236
0.003182
0.003184
0.003236
0.003178
0.003181
0.003235
0.003183
0.003182
0.003233
0.003182
0.003183
0.003221
0.003195
0.003178
0.003220
0.003200
0.003183
0.003223
0.003291
0.003291
0.003201
0.003255
0.003194
0.003179
0.003238
0.003182
0.003181
0.003225
0.003178
0.003183
0.003220
0.003182
0.003182
0.003232
0.003181
0.003183
0.003222
0.003182
0.003178
0.003202
0.003198
0.003181
0.003208
0.003206
0.003182
0.003181
0.003222
0.003215
0.003285
0.003239
0.003183
0.003183
0.003235
0.003180
0.003210
0.003307
0.003182
0.003229
0.003281
0.003184
0.003182
0.003223
0.003183
0.003179
0.003235
0.003183
0.003181
0.003219
0.003196
0.003182
0.003206
0.003213
0.003182
0.003229
0.003234
0.003182
0.003183
0.003257
0.003179
0.003181
0.003220
0.003182
0.003181
0.003227
0.003236
0.003182
0.003247
0.003184
0.003178
0.003237
0.003182
0.003182
0.003218
0.003196
0.003182
0.003207
0.003209
0.003182
0.003203
0.003212
0.003182
0.003181
0.003236
0.003178
0.003181
0.003237
0.003182
0.003183
0.003234
0.003182
0.003181
0.003236
0.003183
0.003178
0.003227
0.003235
0.003182
0.003242
0.003217
0.003235
0.003256
0.003254
0.003220
0.003200
0.003216
0.003182
0.003182
0.003235
0.003182
0.003179
0.003221
0.003181
0.003182
0.003217
0.003179
0.003181
0.003237
0.003251
0.003247
0.003257
0.003183
0.003181
0.003215
0.003198
0.003178
0.003209
0.003202
0.003223
0.003233
0.003209
0.003183
0.003232
0.003213
0.003182
0.003179
0.003233
0.003181
0.003181
0.003237
0.003179
0.003181
0.003237
0.003181
0.003182
0.003233
0.003183
0.003182
0.003236
0.003183
0.003180
0.003225
0.003193
0.003185
0.003212
0.003202
0.003183
0.003201
0.003270
0.003182
0.003180
0.003277
0.003236
0.003258
0.003269
0.003204
0.003234
0.003235
0.003233
0.003182
0.003233
0.003182
0.003181
0.003238
0.003183
0.003178
0.003209
0.003205
0.003181
0.003218
0.003198
0.003236
0.003202
0.003215
0.003181
0.003177
0.003236
0.003182
0.003182
0.003269
0.003202
0.003201
0.003279
0.003182
0.003218
0.003256
0.003179
0.003207
0.003269
0.003182
0.003183
0.003310
0.003182
0.003182
0.003217
0.003201
0.003180
0.003202
0.003269
0.003182
0.003209
0.003206
0.003182
0.003181
0.003223
0.003183
0.003178
0.003217
0.003182
0.003182
0.003234
0.003179
0.003181
0.003239
0.003184
0.003183
0.003259
0.003183
0.003182
0.003227
0.003182
0.003179
0.003274
0.003183
0.003181
0.003216
0.003201
0.003183
0.003201
0.003215
0.003183
0.003178
0.003235
0.003183
0.003181
0.003235
0.003178
0.003182
0.003235
0.003182
0.003182
0.003234
0.003235
0.003183
0.003275
0.003210
0.003205
0.003268
0.003260
0.003234
0.003207
0.003192
0.003181
0.003208
0.003204
0.003182
0.003178
0.003224
0.003183
0.003180
0.003221
0.003179
0.003181
0.003234
0.003183
0.003182
0.003219
0.003192
0.003236
0.003218
0.003182
0.003179
0.003238
0.003183
0.003182
0.003217
0.003202
0.003181
0.003231
0.003216
0.003182
0.003179
0.003223
0.003183
0.003182
0.003237
0.003179
0.003182
0.003236
0.003183
0.003182
0.003232
0.003183
0.003182
0.003236
0.003182
0.003179
0.003235
0.003182
0.003181
0.003221
0.003193
0.003181
0.003210
0.003262
0.003183
0.003178
0.003276
0.003234
0.003261
0.003272
0.003219
0.003211
0.003237
0.003182
0.003183
0.003237
0.003179
0.003182
0.003236
0.003183
0.003182
0.003214
0.003201
0.003181
0.003223
0.003195
0.003179
0.003207
0.003210
0.003182
0.003183
0.003232
0.003182
0.003181
0.003268
0.003199
0.003219
0.003297
0.003181
0.003219
0.003236
0.003178
0.003183
0.003231
0.003181
0.003181
0.003226
0.003236
0.003183
0.003224
0.003183
0.003179
0.003205
0.003196
0.003181
0.003210
0.003204
0.003183
0.003181
0.003221
0.003182
0.003179
0.003385
0.003183
0.003181
0.003235
0.003179
0.003181
0.003249
0.003182
0.003212
0.003255
0.003238
0.003181
0.003242
0.003183
0.003179
0.003233
0.003250
0.003182
0.003226
0.003263
0.003178
0.003221
0.003224
0.003183
0.003227
0.003211
0.003182
0.003198
0.003234
0.003183
0.003177
0.003256
0.003182
0.003182
0.003254
0.003215
0.003183
0.003270
0.003219
0.003218
0.003247
0.003234
0.003295
0.003543
0.003549
0.003575
0.003605
0.003329
0.003468
0.003360
0.003448
0.003353
0.003370
0.003282
0.003309
0.003352
0.003311
0.003283
0.003354
0.003332
0.003355
0.003393
0.003387
0.003298
0.003307
0.003349
0.003330
0.003349
0.003395
0.003304
0.003305
0.003276
0.003314
0.003303
0.003294
0.003301
0.003289
0.003246
0.003269
0.003304
0.003267
0.003257
0.003300
0.003252
0.003264
0.003307
0.003254
0.003259
0.003284
0.003259
0.003258
0.003287
0.003250
0.003269
0.003293
0.003342
0.003304
0.003315
0.003330
0.003261
0.003336
0.003295
0.003298
0.003285
0.003353
0.003276
0.003338
0.003308
0.003293
0.003282
0.003273
0.003251
0.003320
0.003308
0.003300
0.003283
0.003267
0.003297
0.003296
0.003298
0.003291
0.003338
0.003281
0.003295
0.003317
0.003312
0.003283
0.003309
0.003303
0.003310
0.003309
0.003315
0.003255
0.003284
0.003290
0.003293
0.003294
0.003294
0.003292
0.003290
0.003280
0.003257
0.003301
0.003295
0.003295
0.003291
0.003295
0.003294
0.003293
0.003285
0.003255
0.003273
0.003295
0.003293
0.003293
0.003294
0.003292
0.003282
0.003312
0.003297
0.003280
0.003293
0.003273
0.003297
0.003309
0.003337
0.003280
0.003344
0.003297
0.003287
0.003300
0.003295
0.003276
0.003291
0.003294
0.003293
0.003294
0.003292
0.003293
0.003290
0.003294
0.003295
0.003300
0.003281
0.003287
0.003291
0.003296
0.003293
0.003294
0.003302
0.003289
0.003304
0.003297
0.003315
0.003298
0.003293
0.003289
0.003294
0.003291
0.003296
0.003286
0.003288
0.003276
0.003303
0.003293
0.003301
0.003292
0.003289
0.003292
0.003293
0.003292
0.003292
0.003294
0.003272
0.003298
0.003297
0.003296
0.003293
0.003294
0.003286
0.003296
0.003318
0.003317
0.003277
0.003300
0.003297
0.003294
0.003366
0.003312
0.003310
0.003304
0.003304
0.003300
0.003316
0.003290
0.003285
0.003278
0.003328
0.003308
0.003307
0.003311
0.003310
0.003296
0.003311
0.003254
0.003255
0.003308
0.003276
0.003355
0.003323
0.003307
0.003288
0.003288
0.003294
0.003269
0.003329
0.003255
0.003280
0.003319
0.003252
0.003249
0.003314
0.003323
0.003292
0.003296
0.003298
0.003317
0.003299
0.003319
0.003300
0.003297
0.003258
0.003254
0.003300
0.003286
0.003292
0.003289
0.003348
0.003296
0.003314
0.003277
0.003269
0.003316
0.003314
0.003254
0.003291
0.003293
0.003289
0.003294
0.003293
0.003292
0.003293
0.003294
0.003289
0.003293
0.003269
0.003293
0.003280
0.003290
0.003294
0.003293
0.003297
0.003256
0.003287
0.003221
0.003182
0.003371
0.003270
0.003181
0.003179
0.003237
0.003182
0.003181
0.003236
0.003178
0.003182
0.003239
0.003182
0.003181
0.003241
0.003237
0.003182
0.003253
0.003182
0.003179
0.003234
0.003207
0.003181
0.003243
0.003199
0.003181
0.003227
0.003215
0.003181
0.003207
0.003233
0.003182
0.003219
0.003262
0.003219
0.003215
0.003237
0.003235
0.003219
0.003272
0.003209
0.003237
0.003237
0.003181
0.003182
0.003240
0.003182
0.003181
0.003233
0.003200
0.003179
0.003261
0.003213
0.003181
0.003241
0.003202
0.003182
0.003207
0.003221
0.003181
0.003203
0.003329
0.003236
0.003182
0.003269
0.003201
0.003181
0.003237
0.003183
0.003183
0.003232
0.003238
0.003182
0.003221
0.003200
0.003179
0.003227
0.003182
0.003182
0.003209
0.003190
0.003242
0.003182
0.003213
0.003182
0.003196
0.003217
0.003182
0.003182
0.003228
0.003181
0.003183
0.003225
0.003182
0.003182
0.003226
0.003182
0.003183
0.003246
0.003182
0.003180
0.003264
0.003182
0.003182
0.003220
0.003191
0.003182
0.003214
0.003203
0.003181
0.003200
0.003217
0.003181
0.003182
0.003235
0.003179
0.003181
0.003234
0.003182
0.003181
0.003232
0.003183
0.003184
0.003235
0.003182
0.003178
0.003235
0.003234
0.003234
0.003220
0.003220
0.003217
0.003254
0.003262
0.003220
0.003245
0.003236
0.003181
0.003204
0.003220
0.003181
0.003179
0.003282
0.003181
0.003181
0.003255
0.003178
0.003216
0.003262
0.003184
0.003182
0.003274
0.003182
0.003183
0.003238
0.003193
0.003178
0.003224
0.003262
0.003181
0.003242
0.003216
0.003181
0.003268
0.003213
0.003182
0.003198
0.003227
0.003182
0.003180
0.003253
0.003178
0.003181
0.003234
0.003180
0.003181
0.003245
0.003181
0.003181
0.003238
0.003196
0.003178
0.003235
0.003182
0.003182
0.003223
0.003201
0.003182
0.003212
0.003274
0.003181
0.003204
0.003254
0.003181
0.003198
0.003226
0.003182
0.003179
0.003247
0.003182
0.003181
0.003252
0.003178
0.003182
0.003236
0.003182
0.003181
0.003234
0.003194
0.003182
0.003226
0.003211
0.003178
0.003216
0.003203
0.003182
0.003227
0.003231
0.003183
0.003182
0.003284
0.003197
0.003177
0.003291
0.003182
0.003182
0.003238
0.003178
0.003183
0.003281
0.003182
0.003183
0.003235
0.003194
0.003181
0.003236
0.003183
0.003178
0.003224
0.003202
0.003180
0.003212
0.003214
0.003181
0.003199
0.003234
0.003181
0.003179
0.003238
0.003183
0.003181
0.003272
0.003206
0.003182
0.003286
0.003182
0.003181
0.003232
0.003181
0.003182
0.003243
0.003181
0.003178
0.003223
0.003203
0.003182
0.003212
0.003218
0.003180
0.003245
0.003214
0.003182
0.003197
0.003229
0.003182
0.003181
0.003250
0.003179
0.003182
0.003237
0.003181
0.003182
0.003241
0.003235
0.003182
0.003311
0.003182
0.003179
0.003281
0.003203
0.003182
0.003222
0.003192
0.003182
0.003214
0.003211
0.003182
0.003200
0.003228
0.003181
0.003182
0.003251
0.003178
0.003181
0.003237
0.003181
0.003183
0.003246
0.003182
0.003181
0.003240
0.003196
0.003178
0.003237
0.003233
0.003321
0.003249
0.003232
0.003209
0.003293
0.003263
0.003234
0.003218
0.003198
0.003182
0.003209
0.003217
0.003182
0.003178
0.003246
0.003183
0.003181
0.003257
0.003178
0.003182
0.003237
0.003182
0.003183
0.003277
0.003181
0.003182
0.003268
0.003198
0.003180
0.003238
0.003233
0.003182
0.003248
0.003212
0.003182
0.003244
0.003216
0.003180
0.003197
0.003235
0.003182
0.003182
0.003237
0.003178
0.003183
0.003264
0.003181
0.003181
0.003249
0.003182
0.003181
0.003237
0.003181
0.003179
0.003245
0.003233
0.003181
0.003224
0.003208
0.003178
0.003211
0.003274
0.003181
0.003254
0.003233
0.003188
0.003257
0.003226
0.003182
0.003179
0.003252
0.003181
0.003185
0.003258
0.003275
0.003238
0.003237
0.003228
0.003181
0.003235
0.003182
0.003237
0.003246
0.003182
0.003178
0.003285
0.003202
0.003181
0.003229
0.003214
0.003208
0.003254
0.003289
0.003217
0.003256
0.003275
0.003234
0.003233
0.003237
0.003183
0.003187
0.003238
0.003236
0.003184
0.003254
0.003189
0.003182
0.003244
0.003182
0.003182
0.003218
0.003182
0.003182
0.003220
0.003181
0.003179
0.003218
0.003199
0.003182
0.003204
0.003199
0.003181
0.003181
0.003218
0.003182
0.003179
0.003235
0.003181
0.003181
0.003237
0.003178
0.003181
0.003235
0.003182
0.003182
0.003228
0.003182
0.003182
0.003233
0.003195
0.003179
0.003222
0.003197
0.003181
0.003210
0.003212
0.003182
0.003182
0.003236
0.003181
0.003178
0.003237
0.003182
0.003181
0.003259
0.003209
0.003181
0.003240
0.003182
0.003182
0.003229
0.003182
0.003181
0.003216
0.003196
0.003177
0.003209
0.003197
0.003180
0.003207
0.003199
0.003181
0.003181
0.003221
0.003181
0.003178
0.003232
0.003182
0.003182
0.003227
0.003179
0.003183
0.003249
0.003182
0.003182
0.003232
0.003251
0.003181
0.003306
0.003183
0.003179
0.003266
0.003181
0.003182
0.003217
0.003200
0.003182
0.003203
0.003214
0.003182
0.003197
0.003218
0.003181
0.003181
0.003237
0.003178
0.003182
0.003235
0.003182
0.003183
0.003232
0.003182
0.003182
0.003235
0.003198
0.003178
0.003222
0.003244
0.003183
0.003213
0.003202
0.003183
0.003183
0.003222
0.003182
0.003180
0.003221
0.003182
0.003181
0.003233
0.003179
0.003182
0.003221
0.003182
0.003182
0.003215
0.003182
0.003181
0.003236
0.003182
0.003178
0.003213
0.003198
0.003181
0.003184
0.003222
0.003181
0.003181
0.003228
0.003182
0.003196
0.003229
0.003182
0.003210
0.003302
0.003244
0.003278
0.003232
0.003181
0.003182
0.003232
0.003183
0.003181
0.003236
0.003182
0.003179
0.003237
0.003182
0.003183
0.003215
0.003199
0.003234
0.003247
0.003202
0.003259
0.003270
0.003213
0.003182
0.003180
0.003274
0.003198
0.003207
0.003324
0.003236
0.003254
0.003288
0.003206
0.003234
0.003223
0.003181
0.003183
0.003223
0.003182
0.003181
0.003224
0.003196
0.003179
0.003232
0.003182
0.003181
0.003222
0.003195
0.003181
0.003206
0.003211
0.003182
0.003179
0.003236
0.003182
0.003182
0.003263
0.003205
0.003181
0.003237
0.003357
0.003214
0.003257
0.003179
0.003181
0.003231
0.003182
0.003179
0.003272
0.003182
0.003181
0.003226
0.003195
0.003178
0.003212
0.003206
0.003183
0.003200
0.003211
0.003181
0.003198
0.003219
0.003184
0.003179
0.003236
0.003183
0.003181
0.003236
0.003229
0.003182
0.003288
0.003219
0.003219
0.003257
0.003234
0.003181
0.003223
0.003183
0.003179
0.003214
0.003195
0.003181
0.003183
0.003219
0.003182
0.003181
0.003217
0.003182
0.003179
0.003236
0.003184
0.003181
0.003223
0.003178
0.003182
0.003216
0.003181
0.003182
0.003229
0.003183
0.003322
0.003295
0.003193
0.003178
0.003208
0.003203
0.003182
0.003203
0.003199
0.003181
0.003199
0.003211
0.003181
0.003179
0.003222
0.003181
0.003181
0.003220
0.003179
0.003182
0.003237
0.003182
0.003181
0.003219
0.003184
0.003182
0.003218
0.003183
0.003177
0.003216
0.003253
0.003182
0.003208
0.003207
0.003183
0.003209
0.003236
0.003182
0.003178
0.003225
0.003182
0.003204
0.003248
0.003178
0.003182
0.003234
0.003183
0.003181
0.003233
0.003183
0.003181
0.003233
0.003183
0.003178
0.003235
0.003183
0.003181
0.003214
0.003201
0.003181
0.003218
0.003269
0.003182
0.003178
0.003276
0.003181
0.003235
0.003236
0.003180
0.003181
0.003237
0.003181
0.003182
0.003234
0.003181
0.003181
0.003236
0.003182
0.003178
0.003222
0.003196
0.003181
0.003213
0.003200
0.003183
0.003210
0.003208
0.003181
0.003195
0.003230
0.003182
0.003182
0.003262
0.003204
0.003182
0.003237
0.003182
0.003182
0.003219
0.003182
0.003181
0.003219
0.003182
0.003178
0.003220
0.003195
0.003182
0.003207
0.003195
0.003182
0.003183
0.003217
0.003182
0.003179
0.003236
0.003183
0.003181
0.003232
0.003178
0.003181
0.003227
0.003182
0.003183
0.003225
0.003182
0.003182
0.003245
0.003182
0.003178
0.003262
0.003187
0.003184
0.003216
0.003195
0.003181
0.003211
0.003207
0.003181
0.003195
0.003220
0.003182
0.003181
0.003236
0.003178
0.003180
0.003235
0.003181
0.003182
0.003233
0.003183
0.003182
0.003236
0.003183
0.003179
0.003223
0.003250
0.003181
0.003214
0.003204
0.003235
0.003248
0.003274
0.003181
0.003206
0.003212
0.003182
0.003181
0.003243
0.003178
0.003181
0.003253
0.003182
0.003181
0.003262
0.003179
0.003181
0.003262
0.003182
0.003178
0.003236
0.003260
0.003183
0.003234
0.003211
0.003178
0.003242
0.003255
0.003182
0.003204
0.003213
0.003183
0.003255
0.003276
0.003182
0.003180
0.003244
0.003182
0.003181
0.003237
0.003179
0.003181
0.003237
0.003182
0.003181
0.003231
0.003181
0.003180
0.003235
0.003206
0.003208
0.003217
0.003201
0.003181
0.003204
0.003209
0.003183
0.003224
0.003281
0.003183
0.003214
0.003264
0.003183
0.003260
0.003255
0.003178
0.003182
0.003236
0.003181
0.003181
0.003233
0.003183
0.003182
0.003237
0.003184
0.003180
0.003236
0.003182
0.003183
0.003217
0.003199
0.003183
0.003204
0.003215
0.003183
0.003178
0.003235
0.003182
0.003181
0.003260
0.003201
0.003181
0.003272
0.003235
0.003214
0.003365
0.003213
0.003234
0.003240
0.003220
0.003218
0.003256
0.003235
0.003235
0.003236
0.003183
0.003177
0.003203
0.003197
0.003181
0.003208
0.003205
0.003182
0.003182
0.003221
0.003183
0.003179
0.003218
0.003181
0.003181
0.003259
0.003207
0.003184
0.003251
0.003225
0.003193
0.003230
0.003181
0.003181
0.003236
0.003181
0.003179
0.003221
0.003198
0.003180
0.003205
0.003211
0.003182
0.003182
0.003236
0.003182
0.003178
0.003239
0.003183
0.003182
0.003237
0.003179
0.003181
0.003237
0.003182
0.003181
0.003233
0.003182
0.003183
0.003318
0.003182
0.003178
0.003255
0.003208
0.003182
0.003250
0.003215
0.003182
0.003213
0.003214
0.003181
0.003202
0.003228
0.003181
0.003198
0.003246
0.003179
0.003205
0.003238
0.003182
0.003181
0.003247
0.003181
0.003180
0.003246
0.003198
0.003179
0.003243
0.003234
0.003236
0.003217
0.003203
0.003179
0.003219
0.003200
0.003216
0.003229
0.003206
0.003181
0.003201
0.003224
0.003183
0.003178
0.003250
0.003181
0.003182
0.003262
0.003178
0.003182
0.003262
0.003181
0.003181
0.003245
0.003181
0.003182
0.003252
0.003210
0.003178
0.003263
0.003251
0.003181
0.003225
0.003229
0.003237
0.003274
0.003283
0.003256
0.003222
0.003216
0.003183
0.003181
0.003235
0.003179
0.003181
0.003236
0.003236
0.003183
0.003232
0.003182
0.003182
0.003236
0.003181
0.003178
0.003218
0.003199
0.003181
0.003202
0.003243
0.003183
