0.005364
0.003354
0.003246
0.003149
0.003063
0.002973
0.002935
0.002879
0.002816
0.002824
0.002817
0.002726
0.002720
0.002817
0.002723
0.002723
0.002822
0.002730
0.002724
0.002728
0.002741
0.002728
0.002827
0.002826
0.002726
0.002732
0.002728
0.002786
0.002724
0.002724
0.002721
0.002716
0.002724
0.002727
0.002720
0.002729
0.002725
0.002722
0.002727
0.002724
0.002724
0.002731
0.002728
0.002724
0.002749
0.002787
0.002722
0.002719
0.002719
0.002718
0.002715
0.002723
0.002721
0.002720
0.002724
0.002726
0.002723
0.002728
0.002725
0.002722
0.002728
0.002725
0.002721
0.002728
0.002727
0.002723
0.002724
0.002725
0.002724
0.002728
0.002726
0.002728
0.002727
0.002726
0.002728
0.002727
0.002820
0.002729
0.002727
0.002823
0.002728
0.002723
0.002723
0.002719
0.002716
0.002722
0.002721
0.002718
0.002721
0.002724
0.002721
0.002717
0.002721
0.002723
0.002718
0.002722
0.002721
0.002720
0.002719
0.002721
0.002719
0.002725
0.002721
0.002722
0.002726
0.002725
0.002722
0.002727
0.002718
0.002719
0.002937
0.002848
0.002850
0.002781
0.002843
0.002856
0.002750
0.002725
0.002885
0.002725
0.002722
0.002771
0.002729
0.002725
0.002727
0.002728
0.002726
0.002729
0.002729
0.002725
0.002721
0.002718
0.002719
0.002723
0.002723
0.002717
0.002722
0.002720
0.002718
0.002722
0.002724
0.002719
0.002718
0.002723
0.002726
0.002719
0.002727
0.002757
0.002778
0.002727
0.002775
0.002760
0.002727
0.002726
0.002725
0.002727
0.002802
0.002744
0.002730
0.002728
0.002719
0.002716
0.002722
0.002722
0.002716
0.002720
0.002727
0.002718
0.002721
0.002723
0.002721
0.002724
0.002722
0.002722
0.002725
0.002721
0.002723
0.002725
0.002726
0.002724
0.002865
0.002733
0.002728
0.002724
0.002808
0.002728
0.002722
0.002797
0.002724
0.002719
0.002722
0.002871
0.002720
0.002725
0.002749
0.002791
0.002724
0.002726
0.002728
0.002724
0.002728
0.002831
0.002738
0.002728
0.002726
0.002723
0.002730
0.002728
0.002718
0.002722
0.002722
0.002718
0.002719
0.002721
0.002719
0.002723
0.002726
0.002727
0.002721
0.002731
0.002752
0.002793
0.002730
0.002770
0.002774
0.002730
0.002727
0.002725
0.002730
0.002720
0.002719
0.002721
0.002725
0.002717
0.002722
0.002724
0.002722
0.002721
0.002722
0.002726
0.002723
0.002727
0.002726
0.002725
0.002723
0.002726
0.002722
0.002725
0.002727
0.002721
0.002727
0.002724
0.002724
0.002726
0.002725
0.002725
0.002727
0.002782
0.002729
0.002723
0.002793
0.002722
0.002716
0.002721
0.002725
0.002718
0.002720
0.002725
0.002722
0.002725
0.002724
0.002723
0.002726
0.002726
0.002723
0.002728
0.002729
0.002719
0.002777
0.002770
0.002728
0.002724
0.002727
0.002727
0.002716
0.002720
0.002723
0.002718
0.002722
0.002723
0.002723
0.002834
0.002727
0.002723
0.002819
0.002728
0.002737
0.002819
0.002726
0.002749
0.002785
0.002723
0.002727
0.002723
0.002723
0.002728
0.002724
0.002728
0.002727
0.002723
0.002726
0.002721
0.002718
0.002721
0.002717
0.002718
0.002720
0.002722
0.002723
0.002717
0.002734
0.002724
0.002719
0.002727
0.002723
0.002721
0.002722
0.002725
0.002722
0.002726
0.002787
0.002726
0.002730
0.002769
0.002745
0.002728
0.002721
0.002718
0.002722
0.002721
0.002720
0.002718
0.002721
0.002720
0.002720
0.002723
0.002724
0.002719
0.002725
0.002727
0.002723
0.002729
0.002727
0.002727
0.002729
0.002728
0.002717
0.002722
0.002723
0.002718
0.002723
0.002724
0.002723
0.002718
0.002727
0.002723
0.002718
0.002887
0.002730
0.002723
0.002818
0.002788
0.002754
0.002729
0.002726
0.002718
0.002722
0.002721
0.002808
0.002718
0.002720
0.002869
0.002719
0.002721
0.002723
0.002716
0.002722
0.002720
0.002717
0.002724
0.002724
0.002723
0.002726
0.002725
0.002720
0.002723
0.002729
0.002723
0.002727
0.002729
0.002728
0.002727
0.002723
0.002754
0.002756
0.002726
0.002722
0.002773
0.002723
0.002723
0.002813
0.002725
0.002725
0.002721
0.002725
0.002726
0.002721
0.002725
0.002727
0.002728
0.002723
0.002726
0.002729
0.002724
0.002726
0.002770
0.002740
0.002720
0.002719
0.002720
0.002723
0.002722
0.002720
0.002724
0.002726
0.002722
0.002727
0.002727
0.002720
0.002724
0.002816
0.002728
0.002723
0.002816
0.002767
0.002774
0.002728
0.002728
0.002724
0.002724
0.002731
0.002722
0.002728
0.002727
0.002725
0.002729
0.002728
0.002728
0.002725
0.002729
0.002722
0.002718
0.002723
0.002722
0.002721
0.002720
0.002726
0.002723
0.002724
0.002724
0.002753
0.002808
0.002728
0.002725
0.002730
0.002726
0.002722
0.002810
0.002729
0.002726
0.002758
0.002722
0.002721
0.002717
0.002724
0.002721
0.002718
0.002722
0.002725
0.002718
0.002720
0.002722
0.002717
0.002723
0.002724
0.002723
0.002730
0.002730
0.002723
0.002723
0.002724
0.002727
0.002725
0.002725
0.002728
0.002723
0.002732
0.002723
0.002719
0.002720
0.002721
0.002718
0.002720
0.002785
0.002735
0.002724
0.002751
0.002740
0.002728
0.002727
0.002725
0.002723
0.002725
0.002726
0.002723
0.002728
0.002729
0.002723
0.002728
0.002720
0.002717
0.002720
0.002722
0.002720
0.002725
0.002792
0.002726
0.002727
0.002727
0.002723
0.002728
0.002726
0.002748
0.002749
0.002728
0.002729
0.002725
0.002729
0.002726
0.002724
0.002806
0.002727
0.002724
0.002773
0.002727
0.002716
0.002724
0.002728
0.002721
0.002726
0.002788
0.002778
0.002719
0.002721
0.002815
0.002722
0.002727
0.002724
0.002724
0.002728
0.002726
0.002722
0.002726
0.002734
0.002723
0.002719
0.002721
0.002716
0.002722
0.002723
0.002721
0.002717
0.002721
0.002723
0.002719
0.002719
0.002836
0.002771
0.002724
0.002778
0.002783
0.002812
0.002722
0.002724
0.002725
0.002724
0.002722
0.002727
0.002722
0.002726
0.002722
0.002727
0.002726
0.002723
0.002725
0.002730
0.002725
0.002727
0.002725
0.002716
0.002721
0.002720
0.002717
0.002721
0.002717
0.002715
0.002723
0.002718
0.002718
0.002721
0.002721
0.002722
0.002717
0.002812
0.002722
0.002719
0.002812
0.002765
0.002760
0.002725
0.002727
0.002725
0.002720
0.002728
0.002724
0.002727
0.002728
0.002723
0.002729
0.002725
0.002726
0.002724
0.002728
0.002729
0.002728
0.002721
0.002722
0.002717
0.002721
0.002725
0.002811
0.002744
0.002723
0.002721
0.002723
0.002725
0.002724
0.002727
0.002728
0.002725
0.002818
0.002728
0.002756
0.002781
0.002810
0.002720
0.002716
0.002723
0.002718
0.002718
0.002726
0.002728
0.002724
0.002725
0.002729
0.002721
0.002725
0.002730
0.002727
0.002727
0.002727
0.002721
0.002716
0.002730
0.002722
0.002718
0.002723
0.002724
0.002720
0.002726
0.002725
0.002719
0.002726
0.002728
0.002724
0.002729
0.002804
0.002738
0.002725
0.002815
0.002741
0.002791
0.002722
0.002726
0.002719
0.002722
0.002722
0.002717
0.002722
0.002725
0.002719
0.002724
0.002724
0.002721
0.002727
0.002726
0.002721
0.002724
0.002725
0.002721
0.002720
0.002722
0.002807
0.002724
0.002726
0.002727
0.002728
0.002729
0.002727
0.002717
0.002723
0.002722
0.002720
0.002814
0.002722
0.002719
0.002814
0.002809
0.002725
0.002740
0.002856
0.002729
0.002720
0.002753
0.002786
0.002722
0.002723
0.002728
0.002723
0.002726
0.002727
0.002726
0.002727
0.002727
0.002756
0.002775
0.002725
0.002723
0.002786
0.002726
0.002726
0.002720
0.002724
0.002725
0.002721
0.002813
0.002728
0.002725
0.002728
0.002799
0.002734
0.002721
0.002813
0.002743
0.002787
0.002725
0.002822
0.002721
0.002726
0.002724
0.002724
0.002732
0.002726
0.002726
0.002727
0.002729
0.002723
0.002727
0.002729
0.002722
0.002730
0.002728
0.002720
0.002716
0.002721
0.002722
0.002719
0.002721
0.002723
0.002719
0.002725
0.002726
0.002726
0.002732
0.002731
0.002722
0.002819
0.002729
0.002724
0.002821
0.002817
0.002729
0.002719
0.002724
0.002727
0.002876
0.003043
0.003254
0.003213
0.003195
0.003061
0.003029
0.002967
0.002921
0.003303
0.003141
0.003048
0.002926
0.002914
0.002922
0.002873
0.002828
0.002919
0.002966
0.002807
0.002816
0.002905
0.002837
0.002740
0.002865
0.002855
0.002775
0.002817
0.002904
0.002900
0.002764
0.003005
0.003013
0.003245
0.002779
0.002948
0.002962
0.002889
0.002959
0.002956
0.002959
0.002916
0.002935
0.002969
0.002821
0.002921
0.002905
0.002884
0.002905
0.002917
0.002890
0.002885
0.002935
0.002968
0.002952
0.002886
0.002907
0.002905
0.002874
0.002859
0.002895
0.003003
0.003018
0.002993
0.002913
0.002948
0.002981
0.003428
0.003065
0.002979
0.003000
0.002944
0.002906
0.002985
0.002967
0.002964
0.002969
0.003008
0.002977
0.002975
0.002973
0.002976
0.002977
0.002976
0.002975
0.002981
0.002992
0.002968
0.002939
0.002975
0.002966
0.002987
0.002973
0.002971
0.002974
0.002969
0.002969
0.002916
0.002897
0.002933
0.002988
0.002968
0.002966
0.002965
0.002974
0.002975
0.002985
0.002943
0.002985
0.002971
0.002972
0.002967
0.002973
0.002973
0.002973
0.002961
0.002981
0.002973
0.002973
0.002967
0.002976
0.002974
0.002973
0.002967
0.002973
0.002973
0.002975
0.002981
0.002970
0.002977
0.002973
0.002974
0.002976
0.002978
0.002977
0.002974
0.002980
0.002975
0.002978
0.002971
0.002971
0.002972
0.002964
0.002970
0.002989
0.002977
0.002957
0.002977
0.002951
0.002986
0.002961
0.002979
0.002984
0.002965
0.002971
0.002976
0.002970
0.002929
0.002874
0.002947
0.002944
0.002971
0.002967
0.002975
0.002971
0.002969
0.002968
0.002994
0.002974
0.002974
0.002971
0.002979
0.002976
0.002975
0.002974
0.002976
0.002976
0.002971
0.002974
0.002978
0.002979
0.002974
0.002976
0.002977
0.002967
0.002960
0.002966
0.002970
0.002969
0.002908
0.002975
0.002882
0.002884
0.002921
0.002958
0.002927
0.002892
0.002992
0.002895
0.002883
0.002880
0.002944
0.002885
0.002885
0.002943
0.002886
0.002888
0.002904
0.002924
0.002887
0.002887
0.002944
0.002891
0.002958
0.002938
0.002899
0.002883
0.002883
0.002939
0.002882
0.002882
0.002921
0.002907
0.002884
0.002913
0.002925
0.002878
0.002881
0.002945
0.002880
0.002883
0.002930
0.002941
0.002884
0.002910
0.002936
0.002885
0.002891
0.002906
0.002923
0.002883
0.002904
0.002962
0.002887
0.002884
0.002946
0.002920
0.002889
0.002929
0.002942
0.002888
0.002885
0.002972
0.002897
0.002879
0.002910
0.003032
0.003001
0.002920
0.002950
0.002879
0.002880
0.002950
0.002953
0.002947
0.002926
0.003001
0.002902
0.002885
0.002948
0.002880
0.002883
0.002882
0.002953
0.002882
0.002902
0.002937
0.002846
0.002866
0.002915
0.002906
0.002849
0.002886
0.002890
0.002888
0.002848
0.002856
0.002922
0.002853
0.002860
0.002948
0.002885
0.002884
0.002926
0.002804
0.002723
0.002721
0.002795
0.002719
0.002723
0.002773
0.002747
0.002790
0.002728
0.002821
0.002724
0.002726
0.002726
0.002723
0.002733
0.002728
0.002717
0.002726
0.002724
0.002720
0.002723
0.002722
0.002721
0.002721
0.002723
0.002726
0.002719
0.002725
0.002725
0.002723
0.002722
0.002723
0.002726
0.002722
0.002725
0.002724
0.002726
0.002728
0.002724
0.002819
0.002731
0.002722
0.002814
0.002723
0.002740
0.002793
0.002728
0.002722
0.002723
0.002727
0.002726
0.002722
0.002724
0.002730
0.002726
0.002729
0.002837
0.002719
0.002720
0.002720
0.002719
0.002723
0.002725
0.002721
0.002723
0.002726
0.002725
0.002722
0.002725
0.002726
0.002720
0.002728
0.002731
0.002721
0.002719
0.002779
0.002754
0.002722
0.002793
0.002738
0.002722
0.002724
0.002721
0.002722
0.002725
0.002721
0.002721
0.002728
0.002727
0.002724
0.002729
0.002729
0.002717
0.002721
0.002723
0.002719
0.002722
0.002721
0.002720
0.002721
0.002797
0.002744
0.002728
0.002726
0.002725
0.002727
0.002727
0.002724
0.002722
0.002725
0.002726
0.002723
0.002814
0.002729
0.002722
0.002765
0.002727
0.002719
0.002729
0.002729
0.002726
0.002731
0.002726
0.002725
0.002728
0.002727
0.002730
0.002725
0.002725
0.002720
0.002716
0.002726
0.002725
0.002720
0.002726
0.002754
0.002719
0.002729
0.002726
0.002726
0.002727
0.002842
0.002730
0.002818
0.002723
0.002790
0.002820
0.002724
0.002759
0.002758
0.002722
0.002720
0.002756
0.002723
0.002724
0.002717
0.002723
0.002721
0.002718
0.002722
0.002722
0.002721
0.002720
0.002728
0.002728
0.002720
0.002724
0.002728
0.002724
0.002724
0.002728
0.002726
0.002728
0.002856
0.002728
0.002729
0.002730
0.002726
0.002718
0.002718
0.002715
0.002723
0.002723
0.002718
0.002719
0.002837
0.002723
0.002718
0.002802
0.002773
0.002721
0.002724
0.002727
0.002723
0.002728
0.002726
0.002727
0.002732
0.002726
0.002726
0.002731
0.002721
0.002722
0.002718
0.002722
0.002720
0.002718
0.002727
0.002724
0.002719
0.002722
0.002726
0.002722
0.002725
0.002729
0.002725
0.002723
0.002727
0.002723
0.002728
0.002727
0.002722
0.002814
0.002727
0.002752
0.002794
0.002728
0.002728
0.002725
0.002726
0.002724
0.002718
0.002721
0.002726
0.002720
0.002810
0.002751
0.002721
0.002727
0.002726
0.002717
0.002727
0.002755
0.002725
0.002723
0.002727
0.002726
0.002724
0.002727
0.002729
0.002728
0.002724
0.002722
0.002718
0.002721
0.002723
0.002720
0.002727
0.002812
0.002720
0.002726
0.002767
0.002731
0.002725
0.002727
0.002730
0.002721
0.002730
0.002730
0.002728
0.002720
0.002719
0.002714
0.002722
0.002721
0.002719
0.002722
0.002723
0.002719
0.002720
0.002726
0.002720
0.002722
0.002725
0.002722
0.002724
0.002723
0.002732
0.002720
0.002727
0.002726
0.002723
0.002724
0.002723
0.002724
0.002812
0.002724
0.002719
0.002758
0.002724
0.002718
0.002723
0.002725
0.002719
0.002723
0.002724
0.002729
0.002721
0.002724
0.002729
0.002726
0.002726
0.002722
0.002718
0.002721
0.002722
0.002718
0.002724
0.002724
0.002720
0.002723
0.002725
0.002719
0.002723
0.002727
0.002822
0.002737
0.002809
0.002731
0.002723
0.002729
0.002762
0.002774
0.002728
0.002728
0.002765
0.002729
0.002724
0.002720
0.002726
0.002725
0.002719
0.002723
0.002726
0.002722
0.002726
0.002729
0.002729
0.002725
0.002726
0.002729
0.002718
0.002721
0.002723
0.002766
0.002727
0.002722
0.002764
0.002755
0.002723
0.002719
0.002722
0.002722
0.002718
0.002723
0.002721
0.002717
0.002721
0.002724
0.002719
0.002721
0.002730
0.002730
0.002725
0.002730
0.002822
0.002725
0.002727
0.002727
0.002724
0.002731
0.002730
0.002725
0.002726
0.002723
0.002722
0.002722
0.002724
0.002726
0.002721
0.002726
0.002723
0.002717
0.002720
0.002725
0.002721
0.002726
0.002725
0.002722
0.002723
0.002727
0.002723
0.002726
0.002728
0.002725
0.002729
0.002806
0.002735
0.002727
0.002820
0.002729
0.002726
0.002730
0.002732
0.002724
0.002835
0.002742
0.002716
0.002721
0.002724
0.002716
0.002723
0.002724
0.002720
0.002727
0.002727
0.002725
0.002727
0.002733
0.002722
0.002720
0.002726
0.002723
0.002723
0.002728
0.002728
0.002725
0.002728
0.002728
0.002722
0.002729
0.002771
0.002724
0.002729
0.002795
0.002742
0.002727
0.002724
0.002720
0.002718
0.002722
0.002721
0.002721
0.002724
0.002725
0.002718
0.002725
0.002726
0.002721
0.002727
0.002728
0.002725
0.002727
0.002729
0.002725
0.002726
0.002731
0.002719
0.002724
0.002724
0.002719
0.002726
0.002722
0.002723
0.002726
0.002730
0.002729
0.002726
0.002800
0.002730
0.002722
0.002778
0.002729
0.002725
0.002725
0.002731
0.002717
0.002814
0.002724
0.002725
0.002720
0.002722
0.002725
0.002725
0.002729
0.002727
0.002722
0.002730
0.002732
0.002719
0.002722
0.002721
0.002718
0.002721
0.002724
0.002828
0.002724
0.002724
0.002720
0.002725
0.002724
0.002727
0.002724
0.002725
0.002761
0.002785
0.002727
0.002774
0.002769
0.002726
0.002723
0.002719
0.002773
0.002726
0.002725
0.002725
0.002770
0.002725
0.002724
0.002728
0.002727
0.002722
0.002728
0.002725
0.002716
0.002721
0.002720
0.002716
0.002719
0.002719
0.002721
0.002723
0.002725
0.002721
0.002726
0.002726
0.002722
0.002726
0.002724
0.002722
0.002723
0.002811
0.002727
0.002719
0.002764
0.002727
0.002725
0.002727
0.002728
0.002725
0.002728
0.002727
0.002725
0.002728
0.002728
0.002725
0.002730
0.002730
0.002720
0.002719
0.002719
0.002719
0.002724
0.002724
0.002726
0.002718
0.002722
0.002723
0.002722
0.002723
0.002725
0.002723
0.002726
0.002725
0.002725
0.002726
0.002728
0.002722
0.002814
0.002725
0.002728
0.002763
0.002725
0.002723
0.002742
0.002810
0.002722
0.002719
0.002798
0.002740
0.002722
0.002722
0.002726
0.002720
0.002723
0.002720
0.002718
0.002723
0.002727
0.002782
0.002815
0.002725
0.002725
0.002721
0.002727
0.002726
0.002724
0.002729
0.002728
0.002725
0.002731
0.002727
0.002722
0.002730
0.002797
0.002741
0.002719
0.002811
0.002718
0.002722
0.002815
0.002723
0.002720
0.002724
0.002727
0.002720
0.002726
0.002724
0.002720
0.002727
0.002725
0.002722
0.002726
0.002729
0.002717
0.002721
0.002721
0.002717
0.002722
0.002722
0.002721
0.002730
0.002722
0.002725
0.002719
0.002722
0.002725
0.002717
0.002726
0.002724
0.002721
0.002809
0.002728
0.002723
0.002767
0.002724
0.002717
0.002722
0.002723
0.002720
0.002724
0.002722
0.002725
0.002722
0.002726
0.002727
0.002724
0.002728
0.002726
0.002722
0.002731
0.002727
0.002725
0.002729
0.002784
0.002777
0.002727
0.002729
0.002721
0.002721
0.002724
0.002721
0.002725
0.002721
0.002725
0.002719
0.002797
0.002762
0.002769
0.002726
0.002724
0.002761
0.002729
0.002726
0.002724
0.002731
0.002727
0.002725
0.002772
0.002757
0.002729
0.002722
0.002796
0.002727
0.002719
0.002724
0.002726
0.002719
0.002723
0.002722
0.002718
0.002724
0.002727
0.002723
0.002725
0.002723
0.002720
0.002723
0.002723
0.002721
0.002726
0.002730
0.002723
0.002725
0.002728
0.002726
0.002719
0.002720
0.002723
0.002717
0.002721
0.002817
0.002723
0.002723
0.002722
0.002721
0.002726
0.002724
0.002722
0.002727
0.002728
0.002722
0.002725
0.002726
0.002725
0.002721
0.002728
0.002728
0.002723
0.002727
0.002729
0.002719
0.002721
0.002722
0.002721
0.002723
0.002724
0.002722
0.002726
0.002723
0.002722
0.002727
0.002804
0.002733
0.002809
0.002841
0.002727
0.002726
0.002836
0.002729
0.002719
0.002725
0.002726
0.002724
0.002728
0.002727
0.002722
0.002727
0.002725
0.002724
0.002725
0.002729
0.002729
0.002727
0.002729
0.002729
0.002718
0.002721
0.002720
0.002719
0.002721
0.002722
0.002719
0.002723
0.002726
0.002717
0.002720
0.002722
0.002723
0.002812
0.002724
0.002720
0.002817
0.002728
0.002727
0.002723
0.002727
0.002727
0.002723
0.002727
0.002726
0.002723
0.002725
0.002721
0.002716
0.002723
0.002726
0.002722
0.002726
0.002727
0.002719
0.002727
0.002727
0.002724
0.002728
0.002725
0.002728
0.002726
0.002728
0.002724
0.002717
0.002722
0.002720
0.002719
0.002722
0.002726
0.002721
0.002726
0.002726
0.002723
0.002728
0.002730
0.002725
0.002728
0.002726
0.002724
0.002731
0.002726
0.002729
0.002726
0.002727
0.002740
0.002797
0.002726
0.002836
0.002721
0.002724
0.002727
0.002721
0.002725
0.002727
0.002722
0.002727
0.002729
0.002725
0.002728
0.002729
0.002726
0.002723
0.002726
0.002757
0.002786
0.002728
0.002776
0.002771
0.002742
0.002730
0.002725
0.002727
0.002726
