0.018589
0.012450
0.012389
0.012411
0.012386
0.012436
0.012476
0.012493
0.012472
0.012363
0.012402
0.012508
0.012419
0.012418
0.012443
0.012455
0.012395
0.012348
0.012392
0.012377
0.012415
0.012363
0.012504
0.012436
0.012391
0.012357
0.012483
0.012442
0.012361
0.012396
0.012540
0.012541
0.012405
0.012412
0.012354
0.012419
0.012415
0.012488
0.012370
0.012524
0.012466
0.012379
0.012385
0.012449
0.012368
0.012402
0.012727
0.012579
0.012562
0.012395
0.012392
0.012398
0.012346
0.012390
0.012496
0.012459
0.012385
0.012477
0.012386
0.012384
0.012400
0.012437
0.012526
0.012522
0.012500
0.012710
0.012516
0.012368
0.012403
0.012421
0.012508
0.012547
0.012432
0.012426
0.012340
0.012369
0.012431
0.012380
0.012392
0.012400
0.012392
0.012425
0.012416
0.012445
0.012408
0.012466
0.012450
0.012499
0.012393
0.012357
0.012395
0.012504
0.012423
0.012389
0.012478
0.012438
0.012391
0.012369
0.012380
0.012403
0.012377
0.012420
0.012458
0.012508
0.012390
0.012485
0.012381
0.012339
0.012423
0.012385
0.012406
0.012419
0.012394
0.012457
0.012392
0.012381
0.012429
0.012363
0.012431
0.012566
0.012450
0.012378
0.012450
0.012371
0.012467
0.012424
0.012429
0.012461
0.012404
0.014592
0.013738
0.013882
0.013110
0.013220
0.013679
0.013296
0.013247
0.013010
0.013068
0.012989
0.012999
0.013035
0.013164
0.013216
0.013198
0.013077
0.013167
0.013170
0.013139
0.013046
0.013071
0.013345
0.013063
0.013049
0.013146
0.013013
0.013067
0.013037
0.013185
0.013005
0.013027
0.012963
0.013209
0.013057
0.012965
0.013120
0.012953
0.012991
0.012896
0.013177
0.012984
0.013026
0.013092
0.013089
0.013121
0.013177
0.013097
0.013116
0.013251
0.013114
0.013231
0.013344
0.013146
0.013056
0.013205
0.013148
0.013298
0.013168
0.013266
0.013154
0.013195
0.013100
0.013106
0.013122
0.013131
0.012675
0.012458
0.012498
0.012448
0.012474
0.012434
0.012453
0.012420
0.012466
0.012486
0.012436
0.012397
0.012411
0.012367
0.012442
0.012384
0.012447
0.012484
0.012384
0.012363
0.012420
0.012351
0.012426
0.012493
0.012558
0.012574
0.012535
0.012409
0.012369
0.012389
0.012384
0.012576
0.012451
0.012483
0.012414
0.012852
0.012436
0.012428
0.012426
0.012422
0.012433
0.012512
0.012407
0.012362
0.012546
0.012416
0.012423
0.012405
0.012477
0.012454
0.012401
0.012401
0.012351
0.012510
0.012398
0.012384
0.012436
0.012468
0.012402
0.012384
0.012416
0.012433
0.012399
0.012434
0.012622
0.012507
0.012480
0.012364
0.012401
0.012389
0.012349
0.012395
0.012462
0.012467
0.012448
0.012406
0.012390
0.012418
0.012417
0.012384
0.012475
0.012561
0.012544
0.012463
0.012369
0.012363
0.012418
0.012369
0.012439
0.012477
0.012458
0.012402
0.012418
0.012426
0.012437
0.012425
0.012468
0.012532
0.012499
0.012381
0.012403
0.012389
0.012379
0.012497
0.012411
0.012424
0.012393
0.012372
0.012365
0.012385
0.012395
0.012408
0.012435
0.012367
0.012391
0.012447
0.012700
0.012385
0.012378
0.012374
0.012388
0.012396
0.012360
0.012494
0.012442
0.012399
0.012360
0.012433
0.012422
0.012389
0.012356
0.012378
0.012369
0.012439
0.012461
0.012389
0.012375
0.012404
0.012439
0.012395
0.012407
0.012362
0.012376
0.012497
0.012447
0.012363
0.012375
0.012377
0.012396
0.012421
0.012416
0.012359
0.012388
0.012388
0.012410
0.012365
0.012393
0.012409
0.012411
0.012435
0.012384
0.012407
0.012534
0.012378
0.012404
0.012416
0.012362
0.012393
0.012419
0.012402
0.012389
0.012397
0.012438
0.012441
0.012393
0.012369
0.012427
0.012370
0.012382
0.012353
0.012329
0.012393
0.012488
0.012393
0.012408
0.012349
0.012380
0.012461
0.012457
0.012500
0.012373
0.012393
0.012578
0.012353
0.012446
0.012438
0.012580
0.012704
0.012406
0.012370
0.012396
0.012395
0.012566
0.012434
0.012406
0.012398
0.012416
0.012348
0.012437
0.012399
0.012395
0.012406
0.012407
0.012391
0.012457
0.012397
0.012402
0.012400
0.012404
0.012413
0.012407
0.012388
0.012458
0.012378
0.012369
0.012434
0.012385
0.012382
0.012402
0.012407
0.012380
0.012404
0.012520
0.012403
0.012357
0.012358
0.012391
0.012397
0.012388
0.012371
0.012391
0.012434
0.012455
0.012385
0.012360
0.012413
0.012401
0.012388
0.012418
0.012432
0.012426
0.012355
0.012395
0.012395
0.012375
0.012399
0.012429
0.012406
0.012397
0.012405
0.012395
0.012512
0.012392
0.012395
0.012435
0.012387
0.012483
0.012377
0.012378
0.012414
0.012425
0.012421
0.012356
0.012385
0.012420
0.012366
0.012405
0.012374
0.012414
0.012711
0.012404
0.012449
0.012496
0.012498
0.012354
0.012445
0.012400
0.012414
0.012409
0.012370
0.012367
0.012378
0.012401
0.012372
0.012438
0.012433
0.012382
0.012465
0.012411
0.012405
0.012399
0.012472
0.012406
0.012375
0.012410
0.012476
0.012401
0.012445
0.012416
0.012396
0.012412
0.012466
0.012393
0.012416
0.012395
0.012385
0.012381
0.012381
0.012372
0.012424
0.012452
0.012555
0.012415
0.012358
0.012373
0.012433
0.012398
0.012383
0.012437
0.012391
0.012401
0.012377
0.013342
0.014486
0.013953
0.013105
0.012940
0.012856
0.013378
0.013083
0.013273
0.013251
0.013120
0.013110
0.013269
0.013310
0.013370
0.013335
0.013103
0.013150
0.013169
0.013081
0.013080
0.013283
0.013195
0.013379
0.013341
0.013271
0.013348
0.013095
0.013132
0.013142
0.013157
0.013099
0.013080
0.013166
0.013214
0.013054
0.013218
0.013117
0.013183
0.013090
0.013160
0.013144
0.013054
0.013070
0.013291
0.013150
0.013238
0.013168
0.013107
0.013089
0.013173
0.013228
0.013321
0.013199
0.013170
0.013042
0.013098
0.013070
0.013096
0.013271
0.013091
0.013154
0.013135
0.013100
0.013192
0.013180
0.013129
0.013310
0.013135
0.013121
0.013057
0.013066
0.013095
0.013072
0.012889
0.013252
0.012891
0.012413
0.012384
0.012387
0.012384
0.012369
0.012464
0.012614
0.012444
0.012394
0.012405
0.012390
0.012386
0.012410
0.012430
0.012498
0.012409
0.012400
0.012413
0.012415
0.012535
0.012663
0.012430
0.012446
0.012402
0.012407
0.012489
0.012612
0.013019
0.012561
0.012613
0.012628
0.012376
0.012416
0.012417
0.012388
0.012358
0.012386
0.012409
0.012393
0.012396
0.012374
0.012420
0.012524
0.012398
0.012390
0.012604
0.012628
0.012435
0.012375
0.012396
0.012426
0.012370
0.012382
0.012456
0.012431
0.012390
0.012418
0.012473
0.012446
0.012419
0.012419
0.012516
0.012578
0.012395
0.012409
0.012460
0.012384
0.012382
0.012360
0.012395
0.012408
0.012507
0.012396
0.012367
0.012407
0.012478
0.012372
0.012478
0.012582
0.012406
0.012378
0.012428
0.012376
0.012398
0.012622
0.012482
0.012469
0.012424
0.012484
0.012393
0.012378
0.012424
0.012426
0.012463
0.012557
0.012487
0.012487
0.012470
0.012419
0.012378
0.012373
0.012516
0.012583
0.012372
0.012484
0.012441
0.012394
0.012365
0.012775
0.012401
0.012390
0.012425
0.012455
0.012370
0.012433
0.012394
0.012396
0.012479
0.012590
0.012412
0.012399
0.012399
0.012515
0.012409
0.012563
0.012463
0.012432
0.012401
0.012409
0.012417
0.012389
0.012400
0.012447
0.012489
0.012546
0.012415
0.012421
0.012415
0.012378
0.012389
0.012373
0.012464
0.012405
0.012382
0.012636
0.012364
0.012431
0.012385
0.012417
0.012359
0.012423
0.012429
0.012414
0.012408
0.012659
0.012367
0.012357
0.012452
0.012459
0.012397
0.012402
0.012407
0.012405
0.012456
0.012371
0.012372
0.012508
0.012404
0.012435
0.012413
0.012415
0.012371
0.012389
0.012414
0.012525
0.012425
0.012409
0.012368
0.012346
0.012429
0.012410
0.012434
0.012362
0.012470
0.012330
0.012433
0.012384
0.012386
0.012379
0.012705
0.012660
0.012417
0.012355
0.012363
0.012430
0.012406
0.012395
0.012392
0.012499
0.012412
0.012421
0.012463
0.012497
0.012484
0.012396
0.012439
0.012534
0.012494
0.012364
0.012393
0.012410
0.012403
0.012383
0.012366
0.012437
0.012502
0.012374
0.012434
0.012407
0.012420
0.012400
0.012402
0.012518
0.012587
0.012430
0.012378
0.012535
0.012437
0.012359
0.012370
0.012507
0.012518
0.012378
0.012402
0.012366
0.012378
0.012349
0.012402
0.012551
0.012467
0.012364
0.012404
0.012485
0.012373
0.012375
0.012355
0.012461
0.012387
0.012439
0.012395
0.012398
0.012357
0.012431
0.012412
0.012390
0.012407
0.012387
0.012412
0.012391
0.012408
0.012417
0.012430
0.012591
0.012532
0.012451
0.012390
0.012407
0.012382
0.012431
0.012405
0.012738
0.012484
0.012409
0.012424
0.012402
0.012403
0.012363
0.012411
0.012495
0.012499
0.012333
0.012394
0.012470
0.012570
0.012384
0.012424
0.012416
0.012422
0.012411
0.012406
0.012351
0.012396
0.012416
0.012400
0.012468
0.012572
0.012390
0.012401
0.012428
0.012418
0.012363
0.012492
0.012465
0.012476
0.012429
0.012445
0.012369
0.012442
0.012417
0.012410
0.012444
0.012442
0.012502
0.012399
0.012423
0.012321
0.012426
0.012379
0.012500
0.012452
0.012489
0.014623
0.014246
0.013431
0.012894
0.012866
0.013794
0.013253
0.013239
0.013186
0.013082
0.013043
0.013066
0.013030
0.013196
0.013093
0.013101
0.012970
0.013003
0.013047
0.013114
0.013075
0.013100
0.013044
0.013064
0.013029
0.013026
0.013047
0.013021
0.013465
0.013046
0.013004
0.013042
0.012970
0.012994
0.013049
0.013069
0.012985
0.013072
0.012997
0.012963
0.012977
0.012981
0.012989
0.013000
0.013075
0.013026
0.013015
0.013053
0.012904
0.012948
0.013014
0.013103
0.012999
0.013003
0.013002
0.013020
0.012972
0.013031
0.013037
0.012995
0.012994
0.013107
0.012957
0.012411
0.012443
0.012411
0.012440
0.012484
0.012475
0.012411
0.012376
0.012374
0.012402
0.012403
0.012495
0.012506
0.012479
0.012400
0.012382
0.012394
0.012372
0.012396
0.012471
0.012460
0.012383
0.012385
0.012494
0.012390
0.012404
0.012476
0.012439
0.012556
0.012473
0.012393
0.012584
0.012436
0.012507
0.012363
0.012453
0.012465
0.012364
0.012452
0.012441
0.012378
0.012661
0.012416
0.012354
0.012377
0.012715
0.012415
0.012399
0.012382
0.012401
0.012382
0.012387
0.012479
0.012404
0.012402
0.012410
0.012507
0.012448
0.012359
0.012395
0.012375
0.012423
0.012437
0.012421
0.012400
0.012412
0.012404
0.012392
0.012408
0.012420
0.012372
0.012386
0.012487
0.012378
0.012410
0.012417
0.012412
0.012421
0.012393
0.012428
0.012444
0.012365
0.012417
0.012404
0.012428
0.012432
0.012412
0.012395
0.012450
0.012361
0.012433
0.012426
0.012506
0.012372
0.012397
0.012431
0.012385
0.012406
0.012399
0.012391
0.012371
0.012441
0.012374
0.012392
0.012605
0.012403
0.012366
0.012414
0.012446
0.012417
0.012426
0.012380
0.012479
0.012400
0.012421
0.012364
0.012399
0.012462
0.012530
0.012384
0.012400
0.012370
0.012417
0.012422
0.012432
0.012646
0.012755
0.012372
0.012411
0.012407
0.012380
0.012534
0.012489
0.012344
0.012378
0.012450
0.012404
0.012511
0.012422
0.012377
0.012505
0.012575
0.012370
0.012350
0.012400
0.012412
0.012401
0.012383
0.012430
0.012449
0.012373
0.012467
0.012366
0.012385
0.012415
0.012397
0.012507
0.012568
0.012404
0.012411
0.012434
0.012372
0.012657
0.012599
0.012614
0.012542
0.012376
0.012400
0.012348
0.012377
0.012370
0.012611
0.012441
0.012471
0.012399
0.012377
0.012461
0.012366
0.012380
0.012370
0.012453
0.012446
0.012417
0.012400
0.012360
0.012401
0.012429
0.012408
0.012480
0.012478
0.012392
0.012431
0.012354
0.012426
0.012410
0.012468
0.012639
0.012558
0.012401
0.012530
0.012502
0.012481
0.012374
0.012405
0.012386
0.012409
0.012401
0.012748
0.012384
0.012384
0.012537
0.012380
0.012433
0.012547
0.012394
0.012405
0.012460
0.012521
0.012579
0.012459
0.012436
0.012470
0.012405
0.012413
0.012390
0.012368
0.012374
0.012700
0.012772
0.012724
0.012482
0.012403
0.012398
0.012423
0.012425
0.012351
0.012458
0.012439
0.012392
0.012486
0.012661
0.012595
0.012391
0.012406
0.012419
0.012559
0.012381
0.012399
0.012358
0.012415
0.012407
0.012381
0.012466
0.012468
0.012402
0.012401
0.012428
0.012404
0.012373
0.012427
0.012368
0.012568
0.012400
0.012439
0.012405
0.012441
0.012347
0.012385
0.012400
0.012631
0.012396
0.012459
0.012389
0.012427
0.012386
0.012450
0.012381
0.012385
0.012439
0.012391
0.012401
0.012378
0.012481
0.012402
0.012399
0.012670
0.012372
0.012390
0.012815
0.012493
0.012399
0.012400
0.012396
0.012547
0.012417
0.012419
0.012369
0.012527
0.012423
0.012399
0.012368
0.012581
0.012410
0.012350
0.012424
0.012419
0.012441
0.012365
0.012410
0.012520
0.012484
0.012421
0.012408
0.012422
0.012434
0.012418
0.012389
0.012603
0.012445
0.012383
0.012387
0.012358
0.012458
0.012517
0.012523
0.012514
0.012513
0.012345
0.012512
0.012392
0.012427
0.012394
0.012414
0.012518
0.012530
0.013795
0.013906
0.014005
0.013155
0.013416
0.013193
0.013252
0.013076
0.012918
0.012644
0.012473
0.012562
0.013114
0.012835
0.013001
0.012812
0.012755
0.012768
0.012467
0.012758
0.012528
0.012671
0.012598
0.012642
0.012987
0.013031
0.012667
0.012511
0.012450
0.012545
0.012629
0.012533
0.012830
0.012956
0.012631
0.012563
0.012534
0.012784
0.012636
0.012381
0.012366
0.012478
0.012490
0.012376
0.012402
0.012548
0.012388
0.012366
0.012408
0.012375
0.012358
0.012556
0.012403
0.012441
0.012773
0.012584
0.012473
0.012402
0.012394
0.012412
0.012557
0.012538
0.012384
0.012359
0.012562
0.012558
0.012552
0.012379
0.012372
0.012590
0.012403
0.012496
0.012367
0.012427
0.012383
0.012422
0.012369
0.012425
0.012453
0.012357
0.012425
0.012396
0.012423
0.012391
0.012413
0.012500
0.012460
0.012390
0.012335
0.012394
0.012409
0.012549
0.012411
0.012372
0.012401
0.012390
0.012417
0.012382
0.012417
0.012568
0.012578
0.012570
0.012510
0.012380
0.012429
0.012379
0.012632
0.012426
0.012445
0.012405
0.012677
0.012393
0.012393
0.012721
0.012494
0.012358
0.012415
0.012419
0.012499
0.012432
0.012395
0.012415
0.012525
0.012436
0.012391
0.012431
0.012552
0.012385
0.012374
0.012485
0.012505
0.012380
0.012446
0.012396
0.012488
0.012422
0.012386
0.012424
0.012450
0.012453
0.012447
0.012476
0.012516
0.012385
0.012435
0.012410
0.012394
0.012532
0.012425
0.012456
0.012653
0.012407
0.012390
0.012429
0.012385
0.012429
0.012481
0.012538
0.012549
0.012445
0.012476
0.012416
0.012429
0.012351
0.012398
0.012459
0.012457
0.012411
0.012389
0.012384
0.012467
0.012411
0.012380
0.012442
0.012407
0.012405
0.012375
0.012383
0.012446
0.012413
0.012376
0.012503
0.012523
0.012396
0.012525
0.012442
0.012379
0.012403
0.012439
0.012565
0.012450
0.012426
0.012363
0.012421
0.012733
0.012407
0.012404
0.012408
0.012553
0.012444
0.012380
0.012392
0.012491
0.012390
0.012397
0.012367
0.012413
0.012411
0.012854
0.012499
0.012418
0.012383
0.012420
0.012456
0.012484
0.012396
0.012408
0.012382
0.012495
0.012352
0.012409
0.012441
0.012613
0.012396
0.012427
0.012556
0.012399
0.012416
0.012401
0.012583
0.012449
0.012400
0.012457
0.012412
0.012368
0.012411
0.012398
0.012509
0.012606
0.012577
0.012489
0.012434
0.012401
0.012390
0.012402
0.012386
0.012508
0.012380
0.012472
0.012434
0.012395
0.012394
0.012361
0.012410
0.012486
0.012378
0.012404
0.012377
0.012376
0.012365
0.012459
0.012451
0.012569
0.012388
0.012393
0.012410
0.012367
0.012408
0.012554
0.012458
0.012571
0.012549
0.012379
0.012419
0.012398
0.012708
0.012400
0.012409
0.012430
0.012478
0.012375
0.012403
0.012485
0.012414
0.012400
0.012430
0.012512
0.012378
0.012491
0.012418
0.012417
0.012400
0.012447
0.012379
0.012550
0.012449
0.012393
0.012403
0.012406
0.012373
0.012381
0.012417
0.012478
0.012418
0.012391
0.012401
0.012410
0.012422
0.012526
0.012398
0.012432
0.012454
0.012457
0.012411
0.012383
0.012403
0.012396
0.012414
0.012483
0.012601
0.012368
0.012387
0.012403
0.012377
0.012398
0.012403
0.012465
0.012552
0.012427
0.012481
0.012418
0.012416
0.012389
0.012436
0.012451
0.012468
0.012501
0.012482
0.012507
0.012379
0.012420
0.012373
0.012519
0.012528
0.012403
0.012392
0.012447
0.012493
0.012389
0.012412
0.012447
0.012353
0.012404
0.012416
0.012401
0.012414
0.012733
0.012416
0.012381
0.012457
0.012414
0.012384
0.012393
0.012573
0.012450
0.012413
0.012482
0.012558
0.012359
0.012379
0.012357
0.012386
0.012393
0.012424
0.012465
0.012424
0.012407
0.012377
0.012362
0.012377
0.012364
0.012421
0.012418
0.012374
0.012399
0.012460
0.012499
0.012454
0.012401
0.012407
0.012478
0.012564
0.012378
0.012379
0.012374
0.012400
0.012440
0.012379
0.012470
0.012426
0.012459
0.014619
0.013679
0.013490
0.013342
0.013447
0.013717
0.012791
0.012458
0.012650
0.012655
0.012575
0.012475
0.012617
0.012877
0.012702
0.012668
0.012459
0.012387
0.012399
0.012415
0.012448
0.012625
0.012345
0.012409
0.012579
0.012453
0.012400
0.012402
0.012426
0.012649
0.012541
0.012399
0.012396
0.012362
0.012375
0.012404
0.012735
0.012579
0.012346
0.012402
0.012406
0.012456
0.012422
0.012420
0.012621
0.012557
0.012417
0.012389
0.012387
0.012383
0.012374
0.012396
0.012391
0.012470
0.012546
0.012418
0.012388
0.012352
0.012384
0.012674
0.012585
0.012456
0.012478
0.012425
0.012623
0.012406
0.012684
0.012999
0.012611
0.012446
0.012440
0.012486
0.012577
0.012901
0.012888
0.012413
0.012384
0.012595
0.013009
0.012849
0.012413
0.012384
0.012371
0.012952
0.012800
0.012432
0.012365
0.012382
0.012385
0.012418
0.012393
0.012384
0.012428
0.012485
0.012368
0.012443
0.012375
0.012425
0.012422
0.012392
0.012388
0.012550
0.012339
0.012719
0.012485
0.012400
0.012757
0.012432
0.012352
0.012350
0.012442
0.012389
0.012353
0.012403
0.012386
0.012468
0.012694
0.012415
0.012505
0.012364
0.012422
0.012412
0.012516
0.012438
0.012429
0.012518
0.012384
0.012442
0.012425
0.012337
0.012422
0.012405
0.012406
0.012388
0.012425
0.012402
0.012385
0.012424
0.012423
0.012410
0.012401
0.012385
0.012519
0.012334
0.012401
0.012453
0.012419
0.012419
0.012408
0.012363
0.012476
0.012370
0.012417
0.012400
0.012410
0.012367
0.012397
0.012374
0.012443
0.012409
0.012430
0.012416
0.012579
0.012347
0.012423
0.012428
0.012388
0.012379
0.012435
0.012393
0.012391
0.012391
0.012397
0.012455
0.012385
0.012435
0.012358
0.012384
0.012397
0.012398
0.012412
0.012412
0.012519
0.012356
0.012389
0.012409
0.012361
0.012425
0.012397
0.012346
0.012573
0.012389
0.012413
0.012390
0.012368
0.012375
0.012403
0.012395
0.012864
0.012356
0.012366
0.012430
0.012506
0.012369
0.012421
0.012438
0.012366
0.012441
0.012392
0.012392
0.012389
0.012384
0.012398
0.012427
0.012407
0.012410
0.012426
0.012390
0.012413
0.012431
0.012415
0.012509
0.012456
0.012403
0.012403
0.012411
0.012374
0.012498
0.012414
0.012475
0.012457
0.012423
0.012408
0.012408
0.012382
0.012410
0.012388
0.012391
0.012407
0.012427
0.012382
0.012478
0.012461
0.012358
0.012382
0.012444
0.012390
0.012455
0.012365
0.012452
0.012355
0.012368
0.012385
0.012431
0.012387
0.012502
0.012402
0.012533
0.012431
0.012495
0.012428
0.012565
0.012462
0.012386
0.012534
0.012494
0.012370
0.012401
0.012410
0.012396
0.012372
0.012420
0.012408
0.012356
0.012404
0.012464
