0.076588
0.051438
0.051556
0.051549
0.051557
0.051574
0.051651
0.051509
0.051409
0.051534
0.051548
0.051604
0.051406
0.051536
0.051430
0.051371
0.051469
0.051467
0.051547
0.051425
0.051924
0.051641
0.051502
0.053430
0.054690
0.054008
0.053838
0.053875
0.053886
0.054053
0.054012
0.053941
0.055193
0.053927
0.053864
0.052538
0.051346
0.051510
0.051747
0.051437
0.051437
0.051581
0.051607
0.051567
0.051588
0.051451
0.051528
0.051590
0.051550
0.051471
0.051474
0.052821
0.051575
0.051475
0.051503
0.051563
0.051455
0.051512
0.051511
0.051633
0.051463
0.051469
0.051499
0.051527
0.051489
0.051724
0.051736
0.051499
0.051388
0.051562
0.051652
0.052714
0.051521
0.051552
0.051505
0.051665
0.051456
0.051490
0.051402
0.051930
0.051482
0.051527
0.051487
0.051495
0.051739
0.051385
0.051677
0.051513
0.051455
0.051566
0.052656
0.051430
0.051559
0.051457
0.051673
0.051606
0.051561
0.051515
0.051720
0.051466
0.051563
0.051498
0.051532
0.051539
0.051434
0.051606
0.051487
0.051551
0.051597
0.051502
0.052622
0.051580
0.051470
0.051532
0.051549
0.051444
0.051596
0.051535
0.051444
0.051442
0.056235
0.054498
0.051908
0.051876
0.051478
0.051634
0.051457
0.051831
0.051494
0.052842
0.051462
0.051607
0.051802
0.051721
0.051638
0.051613
0.051853
0.051585
0.051475
0.051462
0.051515
0.051510
0.051502
0.051766
0.051496
0.051706
0.051551
0.051449
0.052709
0.051515
0.051515
0.051584
0.051588
0.051550
0.051503
0.051597
0.051477
0.051482
0.051517
0.051725
0.051617
0.051503
0.051515
0.051469
0.051498
0.051543
0.051439
0.051469
0.052730
0.051534
0.051524
0.051467
0.051538
0.051386
0.051558
0.051539
0.051400
0.051432
0.051496
0.051634
0.051540
0.051464
0.051534
0.051760
0.051516
0.051392
0.051531
0.051474
0.052886
0.051603
0.051553
0.051529
0.051545
0.051602
0.051470
0.051443
0.051461
0.051383
0.051796
0.051460
0.051470
0.051459
0.051578
0.051570
0.051499
0.051509
0.051466
0.052799
0.051600
0.051496
0.051629
0.051596
0.051519
0.051466
0.051585
0.051469
0.052344
0.054190
0.053346
0.052135
0.052440
0.051469
0.051963
0.051565
0.051703
0.051522
0.052857
0.051821
0.051503
0.051431
0.051459
0.051649
0.051499
0.051448
0.051428
0.051458
0.051665
0.051442
0.051445
0.051471
0.051565
0.051707
0.051578
0.051536
0.051455
0.051525
0.052849
0.051556
0.051377
0.051481
0.051568
0.051537
0.051464
0.051535
0.051599
0.051545
0.051555
0.051412
0.051571
0.051515
0.051625
0.051467
0.051468
0.051485
0.051510
0.051721
0.052794
0.051454
0.051462
0.051518
0.051419
0.051531
0.051431
0.051698
0.051487
0.051444
0.051510
0.051443
0.051443
0.051593
0.051474
0.051497
0.051523
0.051539
0.051536
0.052847
0.051386
0.051568
0.051573
0.051493
0.051577
0.051313
0.051477
0.051611
0.051671
0.051549
0.051360
0.051444
0.051722
0.051554
0.051469
0.051456
0.051583
0.051665
0.051652
0.052683
0.051460
0.051635
0.051416
0.051589
0.051412
0.051366
0.051594
0.053528
0.053902
0.052635
0.051642
0.051562
0.051522
0.051501
0.051517
0.051455
0.051594
0.051582
0.052667
0.051580
0.051565
0.051564
0.051490
0.051466
0.051508
0.051455
0.051558
0.051552
0.051575
0.051553
0.051544
0.051570
0.051615
0.051564
0.051554
0.051507
0.051490
0.051551
0.052722
0.051611
0.051391
0.051725
0.051354
0.051429
0.051538
0.051574
0.051501
0.051426
0.051683
0.051527
0.051501
0.051570
0.051438
0.051595
0.051497
0.051479
0.051632
0.052723
0.051638
0.051467
0.051410
0.051540
0.051478
0.051510
0.051479
0.051492
0.051454
0.051532
0.051603
0.051655
0.051543
0.051546
0.051455
0.051590
0.051494
0.051392
0.051629
0.052738
0.051666
0.051401
0.051501
0.051513
0.051563
0.051480
0.051519
0.051398
0.051462
0.051521
0.051476
0.051510
0.051581
0.051484
0.051550
0.051558
0.051459
0.051451
0.052730
0.051558
0.051483
0.051492
0.051539
0.051717
0.051500
0.051386
0.055698
0.054921
0.054009
0.053950
0.053789
0.053962
0.053963
0.053792
0.053866
0.053911
0.052993
0.052742
0.051404
0.051423
0.051606
0.051461
0.051502
0.051382
0.051538
0.051550
0.051415
0.051426
0.051447
0.051433
0.051455
0.051711
0.051403
0.051568
0.051458
0.051570
0.051601
0.052596
0.051532
0.051372
0.051517
0.051547
0.051513
0.051402
0.051614
0.051431
0.051516
0.051332
0.051679
0.051551
0.051718
0.051549
0.051406
0.051470
0.051390
0.051661
0.053156
0.051549
0.051360
0.051496
0.051613
0.051440
0.051441
0.051402
0.051585
0.051581
0.051455
0.051491
0.051486
0.051623
0.051471
0.051452
0.051441
0.051451
0.051552
0.051399
0.052673
0.051468
0.051446
0.051567
0.051464
0.051516
0.051538
0.051491
0.051581
0.051371
0.051445
0.051571
0.051492
0.051587
0.051443
0.051469
0.051607
0.051670
0.051525
0.052607
0.051503
0.051486
0.051574
0.051533
0.051437
0.051451
0.052628
0.055794
0.053907
0.051578
0.052039
0.052262
0.053775
0.052985
0.051660
0.051469
0.051748
0.051499
0.051484
0.052656
0.051548
0.052493
0.051548
0.051683
0.051503
0.051539
0.051731
0.051535
0.051413
0.051571
0.051621
0.051503
0.051558
0.051549
0.051500
0.051660
0.051615
0.051476
0.052578
0.051523
0.051510
0.051581
0.051552
0.051508
0.051472
0.051417
0.051508
0.051693
0.051602
0.051606
0.051455
0.051472
0.051462
0.051491
0.051593
0.051525
0.051538
0.051535
0.052773
0.051622
0.051581
0.051518
0.051433
0.051713
0.051464
0.051506
0.051490
0.051393
0.051597
0.051556
0.051430
0.051473
0.051363
0.051558
0.051424
0.051515
0.051414
0.052818
0.051541
0.051518
0.051569
0.051370
0.051411
0.051623
0.051577
0.051515
0.051537
0.051597
0.051449
0.051468
0.051593
0.051463
0.051524
0.051692
0.051499
0.051534
0.051588
0.052815
0.051479
0.051663
0.051530
0.051404
0.051579
0.054816
0.054712
0.054397
0.054011
0.054008
0.053925
0.054013
0.053986
0.053944
0.053948
0.054091
0.054044
0.052194
0.052538
0.051510
0.051551
0.051552
0.051646
0.051532
0.051535
0.051543
0.051375
0.051691
0.051429
0.051520
0.051591
0.051672
0.051409
0.051443
0.051483
0.051503
0.051584
0.052590
0.051470
0.051401
0.051415
0.051536
0.051541
0.051403
0.051413
0.051411
0.051553
0.051556
0.051565
0.051464
0.051548
0.051471
0.051464
0.051407
0.051673
0.051708
0.051610
0.052778
0.051460
0.051346
0.051459
0.051468
0.051525
0.051443
0.051425
0.051498
0.051540
0.051402
0.051464
0.051587
0.051567
0.051429
0.051604
0.051578
0.051718
0.051502
0.052760
0.051501
0.051528
0.051713
0.051501
0.051405
0.051462
0.051540
0.051568
0.051475
0.051564
0.051484
0.051444
0.051697
0.051570
0.051531
0.051670
0.051531
0.051531
0.051579
0.052736
0.051489
0.051610
0.051452
0.051494
0.053260
0.054894
0.053350
0.053899
0.053828
0.053958
0.053946
0.053947
0.053760
0.053893
0.053929
0.053860
0.053820
0.054033
0.053933
0.051590
0.051471
0.051593
0.051477
0.051499
0.051597
0.051605
0.051430
0.051493
0.051523
0.051562
0.051651
0.051395
0.051435
0.051485
0.051773
0.051411
0.051505
0.052782
0.051562
0.051462
0.051441
0.051398
0.051454
0.051467
0.051548
0.051494
0.051492
0.051462
0.051558
0.051391
0.051530
0.051528
0.051393
0.051636
0.051526
0.051492
0.051569
0.052697
0.051524
0.051447
0.051595
0.051420
0.051552
0.051500
0.051493
0.051400
0.051676
0.051782
0.051454
0.051569
0.051462
0.051523
0.051773
0.051495
0.051525
0.051473
0.052814
0.051627
0.051544
0.051480
0.051503
0.051694
0.051506
0.051529
0.051498
0.051298
0.051619
0.051486
0.051504
0.051356
0.051438
0.051491
0.051421
0.051459
0.051435
0.051535
0.052967
0.051431
0.051647
0.051451
0.051488
0.056203
0.054898
0.053847
0.053848
0.054072
0.053990
0.053606
0.053897
0.053781
0.053951
0.053842
0.053902
0.053893
0.053699
0.055222
0.053814
0.053743
0.053741
0.051785
0.051443
0.051343
0.051532
0.051501
0.051374
0.051417
0.051610
0.051494
0.051504
0.051490
0.051566
0.051536
0.051553
0.051539
0.052635
0.051428
0.051462
0.051465
0.051392
0.051604
0.051525
0.051559
0.051727
0.051471
0.051509
0.051431
0.051502
0.051583
0.051534
0.051612
0.051617
0.051527
0.051517
0.051426
0.052776
0.051574
0.051698
0.051445
0.051621
0.051496
0.051454
0.051641
0.051526
0.051503
0.051458
0.051573
0.051486
0.051550
0.051606
0.051384
0.051482
0.051543
0.051618
0.052706
0.051552
0.051499
0.051506
0.051585
0.051611
0.051615
0.051601
0.051457
0.051459
0.051450
0.051554
0.051405
0.051661
0.051515
0.051621
0.051582
0.051516
0.051411
0.051446
0.052686
0.051457
0.051445
0.051483
0.056756
0.055093
0.054134
0.054957
0.053829
0.053750
0.053493
0.053814
0.053496
0.053676
0.053503
0.053610
0.053480
0.053595
0.052019
0.052797
0.051601
0.051563
0.051480
0.051386
0.051501
0.051644
0.051571
0.051525
0.051509
0.051813
0.051478
0.051504
0.051420
0.051584
0.051482
0.051531
0.051479
0.051447
0.052639
0.051555
0.051506
0.051526
0.051562
0.051478
0.051753
0.051450
0.051484
0.051408
0.051628
0.051443
0.051433
0.051559
0.051458
0.051576
0.051420
0.051567
0.051539
0.051603
0.052718
0.051505
0.051556
0.051396
0.051516
0.051532
0.051625
0.051529
0.051517
0.051499
0.051539
0.051589
0.051548
0.051538
0.051602
0.051564
0.051465
0.051449
0.051510
0.052756
0.051437
0.051467
0.051470
0.051401
0.051647
0.051503
0.051528
0.051482
0.051413
0.051653
0.051589
0.051451
0.051520
0.051629
0.051546
0.051414
0.051510
0.051564
0.051652
0.052604
0.051480
0.051460
0.055959
0.054656
0.053984
0.053911
0.053893
0.053802
0.053819
0.053867
0.053668
0.053779
0.053861
0.053948
0.053772
0.054042
0.054018
0.052377
0.054990
0.053463
0.052529
0.051595
0.051404
0.051524
0.051562
0.051654
0.051539
0.051612
0.051456
0.051358
0.051486
0.051609
0.051416
0.051582
0.051521
0.051724
0.051622
0.052763
0.051526
0.051348
0.051624
0.051476
0.051628
0.051381
0.051565
0.051692
0.051411
0.051420
0.051588
0.051404
0.051558
0.051731
0.051496
0.051485
0.051707
0.051611
0.051442
0.052602
0.051462
0.051610
0.051422
0.051541
0.051510
0.051517
0.051580
0.051520
0.051565
0.051545
0.051570
0.051551
0.051584
0.051353
0.051547
0.051585
0.051386
0.051512
0.052721
0.051460
0.051599
0.051396
0.051462
0.051443
0.051536
0.051754
0.051433
0.051584
0.051542
0.051538
0.051620
0.051558
0.051501
0.051555
0.051457
0.051516
0.051493
0.051582
0.052760
0.051729
0.055575
0.055377
0.052023
0.051743
0.051979
0.051906
0.051743
0.051689
0.051711
0.051642
0.051911
0.051802
0.051644
0.051948
0.051504
0.051560
0.051493
0.052719
0.051723
0.051637
0.051400
0.051511
0.051470
0.051801
0.051553
0.051465
0.051597
0.051636
0.051697
0.051701
0.051580
0.051477
0.051672
0.051443
0.051434
0.051498
0.052632
0.051690
0.051397
0.051573
0.051394
0.051471
0.051407
0.051616
0.051432
0.051495
0.051635
0.051392
0.051558
0.051543
0.051526
0.051673
0.051479
0.051502
0.051448
0.051530
0.052628
0.051494
0.051362
0.051608
0.051387
0.051583
0.051701
0.051586
0.051423
0.051663
0.051432
0.051470
0.051550
0.051502
0.051539
0.051542
0.051432
0.051427
0.051530
0.051546
0.052595
0.051494
0.051411
0.051463
0.051424
0.051569
0.051597
0.051458
0.051519
0.051548
0.051472
0.051436
0.051494
0.051589
0.051493
0.051554
0.051461
0.051292
0.051585
0.052738
0.051424
0.055821
0.053899
0.051896
0.052326
0.051815
0.051765
0.051639
0.051752
0.051361
0.053221
0.054034
0.053825
0.053810
0.053904
0.053941
0.051502
0.051736
0.052590
0.051563
0.051456
0.051542
0.051472
0.051495
0.051419
0.051485
0.051847
0.051497
0.051480
0.051547
0.051564
0.051654
0.051530
0.051644
0.051437
0.051467
0.051673
0.051395
0.052672
0.051314
0.051663
0.051472
0.051505
0.051662
0.051484
0.051581
0.051463
0.051384
0.051450
0.051684
0.051559
0.051526
0.051516
0.051517
0.051562
0.051575
0.051461
0.052630
0.051534
0.051527
0.051467
0.051410
0.051627
0.051549
0.051627
0.051487
0.051540
0.051635
0.051481
0.051691
0.051370
0.051455
0.051502
0.051393
0.051573
0.051552
0.051383
0.052735
0.051523
0.051412
0.051448
0.051550
0.051524
0.051526
0.051382
0.051491
0.051431
0.051562
0.051662
0.051553
0.051591
0.051456
0.051465
0.051522
0.051451
0.051516
0.052761
0.054666
0.055533
0.054255
0.054147
0.054312
0.054191
0.053873
0.054083
0.054059
0.054220
0.054043
0.054119
0.053291
0.051457
0.051606
0.051542
0.051531
0.051411
0.052633
0.051512
0.051517
0.051547
0.051415
0.051945
0.051426
0.051774
0.051456
0.051414
0.051596
0.051573
0.051345
0.051491
0.051376
0.051682
0.051452
0.051544
0.051453
0.051466
0.052832
0.051583
0.051389
0.051433
0.051491
0.051656
0.051432
0.051456
0.051439
0.051604
0.051525
0.051508
0.051474
0.051507
0.051608
0.051361
0.051621
0.051448
0.051446
0.052821
0.051507
0.051474
0.051408
0.051503
0.051551
0.051520
0.051508
0.051502
0.051581
0.051532
0.051674
0.051454
0.051442
0.051509
0.051541
0.051423
0.051448
0.051506
0.051498
0.052734
0.051547
0.051497
0.051515
0.051556
0.051577
0.051520
0.051535
0.051548
0.051589
0.051489
0.051428
0.051436
0.051535
0.051391
0.051584
0.051565
0.051477
0.051519
0.054873
0.054399
0.053816
0.052075
0.052651
0.051587
0.051719
0.051716
0.051853
0.051783
0.051563
0.051682
0.051447
0.051592
0.051463
0.051626
0.051397
0.051363
0.051481
0.051702
0.052680
0.051526
0.051518
0.051529
0.051625
0.051402
0.051602
0.051617
0.051459
0.051480
0.051687
0.051433
0.051518
0.051437
0.051532
0.051555
0.051549
0.051769
0.051462
0.052638
0.051452
0.051394
0.051565
0.051572
0.051429
0.051647
0.051657
0.051401
0.051487
0.051620
0.051499
0.051532
0.051521
0.051450
0.051615
0.051466
0.051796
0.051839
0.051477
0.052638
0.051425
0.051517
0.051546
0.051435
0.051512
0.051548
0.051516
0.051545
0.051361
0.051536
0.051446
0.051346
0.051580
0.051507
0.051529
0.051594
0.051517
0.051424
0.052701
0.051564
0.051558
0.051526
0.051557
0.051570
0.051569
0.051492
0.051491
0.051405
0.051633
0.051583
0.051357
0.051581
0.051592
0.051369
0.051427
0.051440
0.051459
0.054718
0.055778
0.053638
0.052105
0.053796
0.053647
0.054136
0.053651
0.053542
0.053723
0.053824
0.053630
0.053702
0.053732
0.053585
0.053633
0.053667
0.053773
0.053540
0.053844
0.054953
0.052598
0.051536
0.051459
0.051455
0.051756
0.051512
0.051439
0.051379
0.051700
0.051358
0.051396
0.051506
0.051440
0.051549
0.051417
0.051359
0.051540
0.051578
0.052807
0.051816
0.051613
0.051568
0.051432
0.051584
0.051588
0.051421
0.051363
0.051697
0.051478
0.051530
0.051486
0.051511
0.051517
0.051368
0.051471
0.051557
0.051541
0.051560
0.052666
0.051464
0.051528
0.051598
0.052040
0.051399
0.051378
0.051566
0.051575
0.051598
0.051631
0.051639
0.051504
0.051368
0.051476
0.051373
0.051398
0.051592
0.051600
0.052685
0.051646
0.051524
0.051590
0.051579
0.051431
0.051586
0.051497
0.051548
0.051512
0.051640
0.051507
0.051530
0.051525
0.051511
0.051478
0.051587
0.051538
0.054483
0.053802
0.055554
0.053863
0.053768
0.053898
0.053907
0.053726
0.053837
0.053930
0.053972
0.053978
0.053866
0.054250
0.054122
0.051643
0.051484
0.051473
0.051503
0.051520
0.051502
0.052718
0.051466
0.051593
0.051457
0.051648
0.051547
0.051451
0.051622
0.051487
0.051666
0.051479
0.051582
0.051446
0.051473
0.051546
0.051441
0.051420
0.051491
0.051387
0.052607
0.051515
0.051739
0.051421
0.051524
0.051455
0.051427
0.051525
0.051446
0.051589
0.052092
0.051592
0.051626
0.051480
0.051493
0.051499
0.051546
0.051500
0.051405
0.051442
0.052787
0.051552
0.051558
0.051554
0.051548
0.051554
0.051803
0.052117
0.051604
0.051562
0.051590
0.051512
0.051400
0.051676
0.051420
0.051587
0.051490
0.051436
0.051469
0.052679
0.051497
0.051466
0.051431
0.051320
0.051350
0.051506
0.051575
0.051526
0.051588
0.051498
0.051494
0.051399
0.051455
0.051595
0.051583
0.051453
0.053006
0.055554
0.053907
0.055057
0.053599
0.053643
0.053601
0.053541
0.053940
0.053631
0.053500
0.053733
0.053854
0.053667
0.053673
0.053378
0.053593
0.053763
0.053706
0.053685
0.052591
0.052671
0.051684
0.051719
0.051580
0.051581
0.051709
0.051357
0.051433
0.051687
0.051561
0.051618
0.051459
0.051632
0.051549
0.051596
0.051584
0.051436
0.051510
0.051518
0.051465
0.052676
0.051558
0.051446
0.051591
0.051594
0.051432
0.051440
0.051424
0.051466
0.051611
0.051516
0.051562
0.051417
0.051498
0.051508
0.051577
0.051485
0.051390
0.051618
0.052711
0.051500
0.051587
0.051640
0.051522
0.051470
0.051462
0.051512
0.051736
0.051452
0.051472
0.051540
0.051497
0.051405
0.051550
0.051475
0.051450
0.051588
0.051582
0.051547
0.052706
0.051595
0.051475
0.051565
0.051550
0.051485
0.051453
0.051553
0.051453
0.051478
0.051498
0.051450
0.051395
0.051538
0.051361
0.051581
0.053676
0.054356
0.054740
0.055024
0.054045
0.053768
0.053622
0.053470
0.053653
0.053570
0.053695
0.052965
0.051550
0.051486
0.051603
0.051469
0.051410
0.051461
0.051607
0.051424
0.051535
0.051499
0.052663
0.051603
0.051816
0.051579
0.051656
0.051494
0.051451
0.051486
0.051530
0.051469
0.051414
0.051528
0.051543
0.051496
0.051457
0.051511
0.051472
0.051704
0.051593
0.051389
0.052723
0.051556
0.051651
0.051510
0.051520
0.051592
0.051469
0.051745
0.051623
0.051452
0.051539
0.051685
0.051526
0.051538
0.051583
0.051509
0.051541
0.051314
0.051491
0.051547
0.052774
0.051540
0.051535
0.051448
0.051467
0.051557
0.051575
0.051483
0.051479
0.051614
0.051645
0.051531
0.051635
0.051353
0.051436
0.051689
0.051539
0.051501
0.051720
0.052842
0.051644
0.051494
0.051611
0.051626
0.051495
0.051546
0.051661
0.051535
0.051460
0.051482
0.051491
0.051595
0.051581
0.051484
0.051694
0.056227
0.055405
0.053901
0.055139
0.054162
0.054018
0.053824
0.053773
0.053883
0.053878
0.053932
0.053827
0.053852
0.053921
0.053736
0.054006
0.053789
0.052232
0.051440
0.051622
0.051524
0.051490
0.052629
0.051536
0.051508
0.051638
0.051511
0.051594
0.051437
0.051634
0.051500
0.051533
0.051468
0.051537
0.051506
0.051470
0.051605
0.051439
0.051563
0.051403
0.051394
0.051531
0.052651
0.051533
0.051569
0.051476
0.051766
0.051473
0.051610
0.051381
0.051527
0.051575
0.051485
0.051547
0.051509
0.051539
0.051424
0.051326
0.051496
0.051446
0.051635
0.052917
0.051734
0.051567
0.051329
0.051670
0.051406
0.051644
0.051486
0.051596
0.051564
0.051486
0.051592
0.051373
0.051497
0.051375
0.051594
0.051516
0.051506
0.051517
0.051471
0.052612
0.051640
0.051580
0.051499
0.051374
0.051398
0.051511
0.051553
0.051561
0.051406
0.051564
0.051482
0.051548
0.051501
0.051529
0.056124
0.054835
0.054437
0.054188
0.055319
0.054037
0.053904
0.054183
0.053740
0.053921
0.054040
0.053985
0.054127
0.054036
0.054081
0.054003
0.054140
0.052395
0.051370
0.051409
0.051677
0.051492
0.051751
0.052691
0.051458
0.051829
0.051433
0.051488
0.051530
0.051482
0.051576
0.051421
0.051514
0.051434
0.051517
0.051475
0.051417
0.051498
0.051445
0.051572
0.051634
0.051633
0.051415
0.052641
0.051537
0.051460
0.051581
0.051590
0.051682
