0.001560
0.001065
0.001067
0.001027
0.001014
0.001015
0.001020
0.000996
0.000967
0.000978
0.000978
0.000952
0.000940
0.000937
0.000938
0.000939
0.000904
0.000908
0.000904
0.000910
0.000872
0.000873
0.000873
0.000872
0.000870
0.000844
0.000845
0.000844
0.000846
0.000831
0.000814
0.000815
0.000816
0.000824
0.000791
0.000791
0.000790
0.000790
0.000795
0.000789
0.000768
0.000765
0.000764
0.000769
0.000763
0.000761
0.000745
0.000740
0.000743
0.000805
0.000783
0.000759
0.000766
0.000737
0.000772
0.000769
0.000723
0.000719
0.000721
0.000752
0.000762
0.000742
0.000725
0.000747
0.000767
0.000804
0.000752
0.000724
0.000721
0.000724
0.000724
0.000724
0.000722
0.000721
0.000721
0.000723
0.000767
0.000767
0.000764
0.000749
0.000723
0.000725
0.000722
0.000722
0.000718
0.000726
0.000723
0.000724
0.000742
0.000740
0.000740
0.000766
0.000793
0.000766
0.000743
0.000743
0.000744
0.000742
0.000738
0.000752
0.000739
0.000741
0.000741
0.000753
0.000745
0.000773
0.000791
0.000764
0.000743
0.000742
0.000739
0.000736
0.000745
0.000743
0.000743
0.000745
0.000743
0.000763
0.000788
0.000773
0.000742
0.000748
0.000742
0.000744
0.000741
0.000751
0.000814
0.000810
0.000797
0.000741
0.000740
0.000801
0.000787
0.000749
0.000752
0.000737
0.000737
0.000745
0.000748
0.000742
0.000747
0.000746
0.000739
0.000740
0.000743
0.000743
0.000739
0.000747
0.000744
0.000744
0.000803
0.000806
0.000741
0.000747
0.000743
0.000748
0.000738
0.000778
0.000740
0.000741
0.000739
0.000803
0.000783
0.000740
0.000739
0.000741
0.000747
0.000743
0.000742
0.000745
0.000737
0.000793
0.000812
0.000783
0.000740
0.000746
0.000746
0.000750
0.000737
0.000750
0.000744
0.000751
0.000812
0.000829
0.000742
0.000750
0.000750
0.000744
0.000740
0.000743
0.000747
0.000751
0.000745
0.000742
0.000745
0.000743
0.000743
0.000746
0.000803
0.000789
0.000749
0.000746
0.000746
0.000746
0.000744
0.000750
0.000748
0.000746
0.000747
0.000740
0.000745
0.000747
0.000743
0.000745
0.000746
0.000742
0.000741
0.000745
0.000744
0.000744
0.000750
0.000742
0.000743
0.000747
0.000753
0.000743
0.000739
0.000747
0.000741
0.000738
0.000744
0.000741
0.000745
0.000747
0.000746
0.000744
0.000746
0.000748
0.000744
0.000746
0.000752
0.000747
0.000745
0.000749
0.000744
0.000744
0.000759
0.000741
0.000751
0.000802
0.000792
0.000796
0.000757
0.000741
0.000744
0.000744
0.000752
0.000753
0.000743
0.000743
0.000739
0.000749
0.000775
0.000793
0.000789
0.000784
0.000754
0.000753
0.000743
0.000745
0.000735
0.000749
0.000746
0.000743
0.000736
0.000749
0.000789
0.000791
0.000791
0.000767
0.000747
0.000744
0.000744
0.000751
0.000748
0.000752
0.000745
0.000748
0.000748
0.000768
0.000758
0.000741
0.000748
0.000750
0.000738
0.000742
0.000742
0.000744
0.000748
0.000748
0.000744
0.000741
0.000743
0.000749
0.000789
0.000792
0.000758
0.000743
0.000742
0.000746
0.000746
0.000744
0.000741
0.000749
0.000748
0.000798
0.000781
0.000741
0.000745
0.000750
0.000748
0.000752
0.000745
0.000742
0.000744
0.000751
0.000748
0.000750
0.000744
0.000747
0.000749
0.000750
0.000744
0.000748
0.000745
0.000741
0.000747
0.000746
0.000750
0.000747
0.000742
0.000748
0.000750
0.000748
0.000743
0.000742
0.000741
0.000753
0.000744
0.000742
0.000746
0.000745
0.000754
0.000741
0.000742
0.000744
0.000739
0.000750
0.000746
0.000742
0.000746
0.000745
0.000739
0.000747
0.000744
0.000741
0.000745
0.000745
0.000746
0.000743
0.000745
0.000744
0.000751
0.000745
0.000746
0.000749
0.000746
0.000740
0.000755
0.000753
0.000747
0.000739
0.000741
0.000744
0.000778
0.000771
0.000749
0.000741
0.000747
0.000741
0.000756
0.000748
0.000754
0.000746
0.000755
0.000755
0.000751
0.000744
0.000741
0.000752
0.000779
0.000789
0.000763
0.000751
0.000752
0.000752
0.000749
0.000750
0.000749
0.000745
0.000755
0.000750
0.000754
0.000740
0.000746
0.000738
0.000750
0.000738
0.000745
0.000739
0.000744
0.000747
0.000748
0.000748
0.000743
0.000745
0.000741
0.000752
0.000745
0.000742
0.000746
0.000742
0.000753
0.000750
0.000741
0.000747
0.000747
0.000742
0.000803
0.000786
0.000750
0.000740
0.000743
0.000749
0.000745
0.000743
0.000743
0.000745
0.000781
0.000794
0.000773
0.000748
0.000755
0.000750
0.000744
0.000747
0.000743
0.000745
0.000740
0.000749
0.000750
0.000746
0.000747
0.000748
0.000752
0.000745
0.000747
0.000745
0.000747
0.000744
0.000752
0.000746
0.000743
0.000743
0.000748
0.000780
0.000800
0.000834
0.000787
0.000751
0.000748
0.000749
0.000746
0.000743
0.000751
0.000781
0.000793
0.000768
0.000747
0.000776
0.000791
0.000796
0.000761
0.000747
0.000748
0.000748
0.000743
0.000755
0.000750
0.000745
0.000743
0.000741
0.000792
0.000743
0.000749
0.000745
0.000755
0.000750
0.000750
0.000742
0.000751
0.000748
0.000754
0.000752
0.000746
0.000752
0.000751
0.000806
0.000766
0.000750
0.000750
0.000752
0.000753
0.000750
0.000747
0.000750
0.000747
0.000751
0.000750
0.000748
0.000752
0.000749
0.000746
0.000755
0.000755
0.000754
0.000742
0.000750
0.000750
0.000751
0.000751
0.000751
0.000750
0.000751
0.000752
0.000761
0.000754
0.000745
0.000752
0.000750
0.000752
0.000751
0.000752
0.000747
0.000752
0.000747
0.000758
0.000748
0.000753
0.000758
0.000754
0.000749
0.000753
0.000752
0.000748
0.000755
0.000751
0.000748
0.000759
0.000749
0.000794
0.000791
0.000744
0.000743
0.000748
0.000748
0.000747
0.000744
0.000750
0.000749
0.000739
0.000799
0.000778
0.000749
0.000745
0.000740
0.000752
0.000747
0.000746
0.000739
0.000740
0.000741
0.000744
0.000741
0.000738
0.000739
0.000737
0.000743
0.000748
0.000741
0.000738
0.000745
0.000744
0.000754
0.000746
0.000745
0.000749
0.000748
0.000751
0.000745
0.000746
0.000747
0.000751
0.000742
0.000742
0.000743
0.000745
0.000740
0.000752
0.000742
0.000746
0.000746
0.000745
0.000743
0.000740
0.000746
0.000746
0.000746
0.000748
0.000748
0.000749
0.000746
0.000743
0.000761
0.000743
0.000742
0.000737
0.000745
0.000747
0.000754
0.000815
0.000783
0.000736
0.000744
0.000737
0.000746
0.000751
0.000742
0.000745
0.000770
0.000805
0.000775
0.000749
0.000746
0.000742
0.000743
0.000745
0.000745
0.000745
0.000741
0.000740
0.000743
0.000744
0.000748
0.000747
0.000738
0.000748
0.000746
0.000746
0.000748
0.000746
0.000744
0.000743
0.000750
0.000751
0.000742
0.000740
0.000747
0.000748
0.000751
0.000739
0.000739
0.000748
0.000744
0.000751
0.000740
0.000740
0.000749
0.000749
0.000745
0.000742
0.000747
0.000743
0.000747
0.000748
0.000750
0.000754
0.000748
0.000752
0.000745
0.000741
0.000743
0.000749
0.000749
0.000808
0.000763
0.000747
0.000749
0.000746
0.000752
0.000747
0.000751
0.000743
0.000743
0.000752
0.000773
0.000763
0.000740
0.000743
0.000750
0.000745
0.000743
0.000744
0.000747
0.000743
0.000747
0.000754
0.000747
0.000747
0.000746
0.000746
0.000740
0.000740
0.000749
0.000749
0.000747
0.000741
0.000744
0.000743
0.000747
0.000752
0.000762
0.000792
0.000788
0.000749
0.000745
0.000749
0.000742
0.000752
0.000746
0.000756
0.000745
0.000744
0.000749
0.000749
0.000780
0.000770
0.000752
0.000753
0.000751
0.000743
0.000752
0.000746
0.000741
0.000751
0.000750
0.000745
0.000748
0.000741
0.000746
0.000745
0.000745
0.000741
0.000749
0.000755
0.000742
0.000746
0.000754
0.000747
0.000744
0.000740
0.000748
0.000745
0.000754
0.000743
0.000743
0.000758
0.000748
0.000749
0.000755
0.000752
0.000747
0.000748
0.000747
0.000747
0.000748
0.000752
0.000752
0.000746
0.000749
0.000752
0.000748
0.000747
0.000791
0.000797
0.000774
0.000744
0.000747
0.000751
0.000752
0.000747
0.000747
0.000749
0.000743
0.000746
0.000748
0.000783
0.000798
0.000764
0.000746
0.000747
0.000808
0.000791
0.000794
0.000784
0.000752
0.000753
0.000746
0.000744
0.000746
0.000747
0.000754
0.000747
0.000751
0.000747
0.000743
0.000775
0.000792
0.000775
0.000753
0.000745
0.000751
0.000751
0.000749
0.000745
0.000748
0.000751
0.000797
0.000804
0.000748
0.000778
0.000741
0.000785
0.000800
0.000759
0.000756
0.000749
0.000744
0.000750
0.000744
0.000783
0.000808
0.000750
0.000747
0.000750
0.000743
0.000747
0.000745
0.000747
0.000750
0.000748
0.000742
0.000748
0.000755
0.000751
0.000750
0.000742
0.000744
0.000747
0.000745
0.000753
0.000747
0.000744
0.000746
0.000750
0.000752
0.000747
0.000748
0.000752
0.000750
0.000744
0.000741
0.000752
0.000744
0.000750
0.000751
0.000748
0.000745
0.000750
0.000748
0.000798
0.000805
0.000790
0.000783
0.000753
0.000762
0.000744
0.000757
0.000749
0.000744
0.000749
0.000752
0.000754
0.000745
0.000751
0.000747
0.000751
0.000752
0.000761
0.000749
0.000755
0.000749
0.000750
0.000761
0.000746
0.000749
0.000757
0.000742
0.000746
0.000753
0.000753
0.000754
0.000757
0.000758
0.000746
0.000745
0.000748
0.000750
0.000747
0.000750
0.000752
0.000749
0.000756
0.000753
0.000753
0.000749
0.000745
0.000756
0.000760
0.000752
0.000748
0.000753
0.000749
0.000752
0.000747
0.000749
0.000750
0.000747
0.000755
0.000751
0.000754
0.000747
0.000749
0.000753
0.000760
0.000743
0.000750
0.000750
0.000746
0.000784
0.000793
0.000741
0.000741
0.000741
0.000748
0.000746
0.000742
0.000737
0.000742
0.000745
0.000814
0.000777
0.000739
0.000739
0.000744
0.000751
0.000742
0.000753
0.000746
0.000748
0.000741
0.000749
0.000740
0.000745
0.000745
0.000741
0.000740
0.000746
0.000744
0.000743
0.000748
0.000749
0.000741
0.000743
0.000746
0.000743
0.000751
0.000748
0.000750
0.000748
0.000738
0.000741
0.000746
0.000748
0.000741
0.000743
0.000745
0.000746
0.000742
0.000747
0.000746
0.000749
0.000752
0.000744
0.000747
0.000736
0.000742
0.000743
0.000750
0.000731
0.000755
0.000745
0.000751
0.000745
0.000742
0.000747
0.000743
0.000744
0.000759
0.000749
0.000746
0.000746
0.000750
0.000751
0.000743
0.000744
0.000752
0.000738
0.000736
0.000744
0.000744
0.000739
0.000747
0.000744
0.000747
0.000745
0.000746
0.000746
0.000745
0.000743
0.000746
0.000747
0.000762
0.000793
0.000770
0.000754
0.000744
0.000748
0.000746
0.000744
0.000741
0.000744
0.000738
0.000746
0.000742
0.000792
0.000796
0.000754
0.000742
0.000742
0.000748
0.000749
0.000745
0.000739
0.000745
0.000742
0.000747
0.000739
0.000764
0.000797
0.000779
0.000745
0.000748
0.000744
0.000748
0.000742
0.000741
0.000747
0.000748
0.000744
0.000746
0.000749
0.000779
0.000788
0.000776
0.000746
0.000740
0.000750
0.000748
0.000741
0.000742
0.000742
0.000745
0.000758
0.000778
0.000761
0.000749
0.000750
0.000752
0.000747
0.000746
0.000750
0.000747
0.000749
0.000749
0.000748
0.000748
0.000750
0.000780
0.000795
0.000794
0.000757
0.000743
0.000754
0.000749
0.000746
0.000739
0.000745
0.000748
0.000746
0.000743
0.000750
0.000747
0.000744
0.000745
0.000749
0.000743
0.000750
0.000744
0.000747
0.000749
0.000738
0.000741
0.000739
0.000743
0.000742
0.000754
0.000744
0.000743
0.000749
0.000752
0.000754
0.000750
0.000742
0.000751
0.000743
0.000740
0.000747
0.000745
0.000747
0.000746
0.000748
0.000756
0.000746
0.000744
0.000749
0.000743
0.000749
0.000742
0.000745
0.000739
0.000745
0.000750
0.000742
0.000739
0.000753
0.000746
0.000735
0.000749
0.000739
0.000744
0.000747
0.000745
0.000752
0.000748
0.000747
0.000745
0.000746
0.000744
0.000743
0.000749
0.000744
0.000742
0.000745
0.000754
0.000742
0.000743
0.000748
0.000749
0.000748
0.000744
0.000747
0.000746
0.000746
0.000755
0.000744
0.000739
0.000748
0.000743
0.000749
0.000747
0.000746
0.000749
0.000748
0.000754
0.000747
0.000747
0.000752
0.000743
0.000748
0.000752
0.000746
0.000744
0.000750
0.000775
0.000803
0.000773
0.000746
0.000736
0.000745
0.000755
0.000746
0.000748
0.000743
0.000748
0.000750
0.000764
0.000797
0.000778
0.000748
0.000751
0.000739
0.000752
0.000742
0.000750
0.000744
0.000748
0.000750
0.000746
0.000746
0.000749
0.000739
0.000747
0.000752
0.000744
0.000748
0.000744
0.000742
0.000749
0.000746
0.000749
0.000747
0.000741
0.000753
0.000749
0.000751
0.000753
0.000745
0.000745
0.000756
0.000745
0.000746
0.000755
0.000746
0.000764
0.000747
0.000743
0.000741
0.000746
0.000750
0.000750
0.000743
0.000748
0.000753
0.000750
0.000749
0.000750
0.000748
0.000750
0.000750
0.000747
0.000753
0.000749
0.000748
0.000755
0.000749
0.000752
0.000744
0.000749
0.000753
0.000749
0.000743
0.000744
0.000750
0.000746
0.000751
0.000747
0.000742
0.000745
0.000746
0.000749
0.000752
0.000754
0.000742
0.000749
0.000743
0.000754
0.000743
0.000745
0.000748
0.000744
0.000746
0.000750
0.000750
0.000749
0.000746
0.000747
0.000746
0.000745
0.000749
0.000745
0.000742
0.000748
0.000751
0.000748
0.000745
0.000748
0.000747
0.000750
0.000757
0.000752
0.000740
0.000742
0.000753
0.000745
0.000745
0.000740
0.000746
0.000743
0.000758
0.000755
0.000743
0.000746
0.000753
0.000750
0.000746
0.000747
0.000745
0.000745
0.000752
0.000742
0.000750
0.000751
0.000736
0.000749
0.000757
0.000750
0.000754
0.000748
0.000744
0.000742
0.000745
0.000752
0.000754
0.000742
0.000752
0.000744
0.000747
0.000749
0.000745
0.000744
0.000751
0.000743
0.000756
0.000747
0.000748
0.000751
0.000753
0.000741
0.000743
0.000741
0.000747
0.000745
0.000743
0.000751
0.000748
0.000750
0.000752
0.000737
0.000748
0.000755
0.000738
0.000744
0.000750
0.000744
0.000751
0.000750
0.000753
0.000748
0.000752
0.000742
0.000747
0.000755
0.000745
0.000749
0.000744
0.000755
0.000751
0.000750
0.000743
0.000749
0.000748
0.000739
0.000743
0.000744
0.000745
0.000753
0.000755
0.000745
0.000749
0.000748
0.000744
0.000748
0.000749
0.000754
0.000752
0.000748
0.000751
0.000751
0.000752
0.000753
0.000744
0.000755
0.000753
0.000745
0.000754
0.000771
0.000793
0.000795
0.000747
0.000750
0.000743
0.000752
0.000747
0.000749
0.000753
0.000748
0.000743
0.000743
0.000749
0.000741
0.000756
0.000740
0.000751
0.000746
0.000744
0.000753
0.000750
0.000742
0.000744
0.000742
0.000747
0.000750
0.000745
0.000753
0.000745
0.000754
0.000746
0.000754
0.000746
0.000752
0.000747
0.000749
0.000753
0.000752
0.000747
0.000748
0.000749
0.000747
0.000752
0.000745
0.000742
0.000746
0.000808
0.000776
0.000752
0.000753
0.000748
0.000755
0.000752
0.000748
0.000749
0.000747
0.000781
0.000810
0.000765
0.000747
0.000744
0.000748
0.000746
0.000741
0.000749
0.000746
0.000746
0.000757
0.000747
0.000750
0.000745
0.000754
0.000758
0.000752
0.000746
0.000750
0.000751
0.000781
0.000723
0.000723
0.000727
0.000726
0.000723
0.000730
0.000725
0.000720
0.000725
0.000724
0.000728
0.000724
0.000726
0.000722
0.000728
0.000726
0.000727
0.000725
0.000722
0.000723
0.000724
0.000729
0.000724
0.000724
0.000722
0.000724
0.000723
0.000730
0.000724
0.000723
0.000725
0.000726
0.000727
0.000723
0.000724
0.000725
0.000725
0.000724
0.000726
0.000723
0.000725
0.000726
0.000725
0.000726
0.000727
0.000724
0.000727
0.000723
0.000727
0.000730
0.000724
0.000725
0.000725
0.000727
0.000739
0.000751
0.000750
0.000743
0.000748
0.000751
0.000747
0.000740
0.000743
0.000751
0.000747
0.000756
0.000747
0.000745
0.000742
0.000745
0.000751
0.000754
0.000746
0.000753
0.000743
0.000750
0.000755
0.000745
0.000748
0.000745
0.000748
0.000763
0.000748
0.000749
0.000748
0.000750
0.000746
0.000752
0.000750
0.000748
0.000752
0.000747
0.000755
0.000748
0.000751
0.000751
0.000747
0.000751
0.000751
0.000748
0.000749
0.000750
0.000749
0.000788
0.000753
0.000724
0.000731
0.000732
0.000732
0.000730
0.000729
0.000730
0.000731
0.000735
0.000731
0.000765
0.000732
0.000730
0.000730
0.000732
0.000734
0.000730
0.000731
0.000730
0.000734
0.000731
0.000733
0.000730
0.000749
0.000752
0.000756
0.000753
0.000749
0.000749
0.000749
0.000753
0.000754
0.000755
0.000748
0.000749
0.000757
0.000757
0.000750
0.000755
0.000750
0.000745
0.000759
0.000758
0.000754
0.000755
0.000747
0.000757
0.000752
0.000746
0.000752
0.000742
0.000758
0.000744
0.000752
0.000748
0.000750
0.000750
0.000755
0.000753
0.000748
0.000753
0.000752
0.000748
0.000752
0.000752
0.000747
0.000748
0.000757
0.000749
0.000758
0.000751
0.000743
0.000763
0.000756
0.000751
0.000751
0.000759
0.000750
0.000753
0.000752
0.000744
0.000748
0.000754
0.000756
0.000751
0.000751
0.000741
0.000742
0.000749
0.000740
0.000744
0.000736
0.000739
0.000745
0.000745
0.000744
0.000741
0.000741
0.000740
0.000741
0.000741
0.000747
0.000742
0.000745
0.000743
0.000744
0.000746
0.000745
0.000746
0.000746
0.000749
0.000741
0.000739
0.000747
0.000745
0.000751
0.000740
0.000747
0.000740
0.000753
0.000746
0.000747
0.000742
0.000749
0.000748
0.000742
0.000754
0.000744
0.000746
0.000741
0.000743
0.000766
0.000786
0.000767
0.000741
0.000748
0.000748
0.000748
0.000741
0.000743
0.000741
0.000749
0.000755
0.000759
0.000765
0.000791
0.000802
0.000806
0.000743
0.000743
0.000741
0.000742
0.000741
0.000752
0.000748
0.000744
0.000739
0.000743
0.000751
0.000741
0.000744
0.000746
0.000745
0.000749
0.000745
0.000746
0.000744
0.000744
0.000750
0.000746
0.000745
0.000742
0.000746
0.000745
0.000748
0.000747
0.000746
0.000752
0.000736
0.000756
0.000749
0.000756
0.000739
0.000743
0.000752
0.000746
0.000747
0.000752
0.000741
0.000740
0.000753
0.000742
0.000745
0.000739
0.000749
0.000749
0.000745
0.000741
0.000744
0.000745
0.000749
0.000750
0.000744
0.000744
0.000744
0.000747
0.000748
0.000747
0.000743
0.000742
0.000746
0.000746
0.000746
0.000751
0.000751
0.000748
0.000750
0.000744
0.000747
0.000738
0.000742
0.000742
0.000744
0.000744
0.000742
0.000744
0.000746
0.000747
0.000745
0.000746
0.000747
0.000748
0.000746
0.000751
0.000745
0.000747
0.000740
0.000748
0.000753
0.000748
0.000748
0.000743
0.000746
0.000747
0.000749
0.000744
0.000747
0.000750
0.000749
0.000749
0.000744
0.000744
0.000736
0.000741
0.000749
0.000750
0.000751
0.000742
0.000751
0.000742
0.000749
0.000744
0.000742
0.000742
0.000747
0.000789
0.000799
0.000744
0.000747
0.000746
0.000751
0.000744
0.000746
0.000745
0.000755
0.000751
0.000748
0.000787
0.000743
0.000749
0.000739
0.000753
0.000740
0.000750
0.000745
0.000744
0.000759
0.000754
0.000747
0.000748
0.000746
0.000744
0.000752
0.000750
0.000751
0.000749
0.000748
0.000752
0.000747
0.000742
0.000751
0.000745
0.000750
0.000757
0.000746
0.000742
0.000742
0.000743
0.000752
0.000750
0.000746
0.000747
0.000752
0.000749
0.000756
0.000749
0.000758
0.000751
0.000756
0.000745
0.000747
0.000743
0.000758
0.000753
0.000749
0.000746
0.000753
0.000750
0.000755
0.000754
0.000751
0.000743
0.000746
0.000741
0.000741
0.000747
0.000739
0.000745
0.000737
0.000743
0.000742
0.000739
0.000742
0.000738
0.000745
0.000746
0.000741
0.000741
0.000744
0.000746
0.000743
0.000738
0.000741
0.000741
0.000740
0.000742
0.000743
0.000737
0.000741
0.000744
