0.002009
0.001520
0.001442
0.001443
0.001447
0.001398
0.001396
0.001388
0.001353
0.001355
0.001352
0.001313
0.001312
0.001308
0.001276
0.001276
0.001280
0.001242
0.001243
0.001255
0.001211
0.001210
0.001216
0.001190
0.001180
0.001181
0.001175
0.001152
0.001152
0.001155
0.001155
0.001125
0.001150
0.001146
0.001096
0.001098
0.001100
0.001097
0.001096
0.001095
0.001125
0.001155
0.001156
0.001099
0.001096
0.001097
0.001097
0.001103
0.001099
0.001098
0.001097
0.001164
0.001118
0.001096
0.001099
0.001098
0.001098
0.001136
0.001161
0.001143
0.001134
0.001101
0.001099
0.001097
0.001097
0.001099
0.001097
0.001126
0.001126
0.001152
0.001099
0.001094
0.001100
0.001096
0.001097
0.001097
0.001116
0.001151
0.001161
0.001099
0.001096
0.001097
0.001096
0.001100
0.001097
0.001096
0.001152
0.001127
0.001098
0.001096
0.001101
0.001097
0.001096
0.001096
0.001141
0.001172
0.001137
0.001101
0.001096
0.001097
0.001099
0.001101
0.001099
0.001097
0.001122
0.001157
0.001098
0.001096
0.001099
0.001098
0.001096
0.001095
0.001099
0.001096
0.001161
0.001119
0.001099
0.001095
0.001097
0.001099
0.001095
0.001099
0.001139
0.001142
0.001097
0.001096
0.001098
0.001098
0.001096
0.001099
0.001097
0.001121
0.001156
0.001099
0.001096
0.001097
0.001096
0.001098
0.001098
0.001098
0.001094
0.001162
0.001119
0.001095
0.001098
0.001096
0.001097
0.001098
0.001099
0.001135
0.001141
0.001095
0.001101
0.001096
0.001100
0.001099
0.001096
0.001096
0.001120
0.001161
0.001097
0.001097
0.001100
0.001099
0.001098
0.001095
0.001097
0.001162
0.001150
0.001113
0.001098
0.001095
0.001096
0.001100
0.001098
0.001096
0.001147
0.001135
0.001098
0.001097
0.001099
0.001097
0.001098
0.001097
0.001100
0.001129
0.001148
0.001097
0.001100
0.001097
0.001095
0.001100
0.001096
0.001097
0.001097
0.001167
0.001110
0.001099
0.001107
0.001097
0.001098
0.001097
0.001103
0.001098
0.001150
0.001130
0.001102
0.001096
0.001097
0.001099
0.001097
0.001095
0.001129
0.001153
0.001099
0.001098
0.001098
0.001098
0.001099
0.001097
0.001101
0.001097
0.001166
0.001109
0.001101
0.001097
0.001097
0.001099
0.001098
0.001098
0.001097
0.001151
0.001128
0.001097
0.001097
0.001098
0.001098
0.001096
0.001099
0.001133
0.001148
0.001095
0.001099
0.001094
0.001098
0.001101
0.001096
0.001099
0.001114
0.001154
0.001110
0.001096
0.001097
0.001100
0.001095
0.001096
0.001100
0.001156
0.001153
0.001120
0.001101
0.001097
0.001098
0.001098
0.001098
0.001096
0.001097
0.001146
0.001136
0.001097
0.001097
0.001100
0.001096
0.001098
0.001099
0.001119
0.001157
0.001098
0.001123
0.001151
0.001113
0.001099
0.001096
0.001098
0.001097
0.001163
0.001119
0.001100
0.001098
0.001104
0.001099
0.001097
0.001099
0.001099
0.001147
0.001131
0.001102
0.001097
0.001099
0.001100
0.001097
0.001099
0.001128
0.001156
0.001111
0.001098
0.001096
0.001100
0.001099
0.001099
0.001100
0.001097
0.001168
0.001110
0.001103
0.001097
0.001098
0.001102
0.001096
0.001096
0.001098
0.001153
0.001129
0.001097
0.001096
0.001101
0.001098
0.001097
0.001099
0.001098
0.001133
0.001145
0.001099
0.001097
0.001099
0.001100
0.001096
0.001095
0.001095
0.001169
0.001112
0.001096
0.001097
0.001100
0.001098
0.001096
0.001100
0.001153
0.001154
0.001120
0.001099
0.001098
0.001097
0.001097
0.001098
0.001096
0.001097
0.001142
0.001137
0.001098
0.001097
0.001101
0.001096
0.001097
0.001099
0.001121
0.001155
0.001098
0.001100
0.001096
0.001096
0.001097
0.001099
0.001096
0.001096
0.001162
0.001120
0.001098
0.001097
0.001100
0.001096
0.001096
0.001102
0.001096
0.001143
0.001136
0.001098
0.001097
0.001096
0.001097
0.001101
0.001099
0.001096
0.001127
0.001152
0.001097
0.001097
0.001099
0.001097
0.001097
0.001098
0.001096
0.001159
0.001118
0.001099
0.001097
0.001097
0.001096
0.001099
0.001098
0.001099
0.001145
0.001136
0.001096
0.001097
0.001100
0.001097
0.001098
0.001098
0.001098
0.001125
0.001153
0.001101
0.001098
0.001095
0.001096
0.001098
0.001097
0.001098
0.001162
0.001118
0.001095
0.001096
0.001101
0.001097
0.001096
0.001095
0.001147
0.001151
0.001131
0.001100
0.001098
0.001096
0.001096
0.001098
0.001097
0.001096
0.001131
0.001148
0.001098
0.001097
0.001100
0.001096
0.001097
0.001097
0.001100
0.001171
0.001113
0.001101
0.001096
0.001098
0.001098
0.001099
0.001096
0.001097
0.001152
0.001128
0.001096
0.001098
0.001097
0.001099
0.001098
0.001097
0.001100
0.001133
0.001145
0.001101
0.001096
0.001099
0.001096
0.001099
0.001097
0.001097
0.001120
0.001152
0.001107
0.001097
0.001100
0.001098
0.001097
0.001095
0.001101
0.001148
0.001129
0.001099
0.001096
0.001099
0.001099
0.001099
0.001098
0.001159
0.001174
0.001143
0.001098
0.001096
0.001099
0.001097
0.001096
0.001097
0.001124
0.001148
0.001156
0.001099
0.001099
0.001097
0.001097
0.001100
0.001097
0.001097
0.001156
0.001122
0.001096
0.001096
0.001099
0.001099
0.001097
0.001096
0.001144
0.001152
0.001134
0.001101
0.001097
0.001099
0.001098
0.001097
0.001096
0.001096
0.001130
0.001150
0.001100
0.001097
0.001100
0.001096
0.001097
0.001095
0.001099
0.001095
0.001166
0.001113
0.001097
0.001098
0.001096
0.001099
0.001097
0.001097
0.001145
0.001132
0.001098
0.001096
0.001099
0.001097
0.001095
0.001097
0.001100
0.001128
0.001151
0.001101
0.001096
0.001097
0.001094
0.001099
0.001095
0.001096
0.001095
0.001166
0.001115
0.001097
0.001100
0.001096
0.001097
0.001096
0.001098
0.001143
0.001135
0.001100
0.001095
0.001098
0.001099
0.001098
0.001098
0.001097
0.001128
0.001154
0.001097
0.001098
0.001099
0.001097
0.001096
0.001097
0.001102
0.001097
0.001164
0.001116
0.001095
0.001096
0.001096
0.001099
0.001097
0.001094
0.001140
0.001140
0.001098
0.001096
0.001099
0.001099
0.001096
0.001097
0.001132
0.001153
0.001146
0.001100
0.001098
0.001099
0.001099
0.001100
0.001099
0.001097
0.001114
0.001156
0.001109
0.001097
0.001102
0.001097
0.001096
0.001098
0.001099
0.001097
0.001154
0.001130
0.001097
0.001097
0.001095
0.001099
0.001096
0.001096
0.001130
0.001149
0.001098
0.001099
0.001099
0.001096
0.001098
0.001095
0.001098
0.001114
0.001153
0.001110
0.001100
0.001097
0.001096
0.001099
0.001098
0.001098
0.001096
0.001153
0.001127
0.001099
0.001100
0.001099
0.001097
0.001099
0.001101
0.001130
0.001148
0.001097
0.001102
0.001096
0.001097
0.001099
0.001098
0.001098
0.001096
0.001171
0.001110
0.001098
0.001099
0.001097
0.001098
0.001095
0.001101
0.001155
0.001154
0.001125
0.001101
0.001098
0.001096
0.001099
0.001096
0.001096
0.001131
0.001149
0.001097
0.001097
0.001101
0.001098
0.001096
0.001097
0.001120
0.001155
0.001159
0.001097
0.001099
0.001096
0.001098
0.001100
0.001096
0.001099
0.001095
0.001163
0.001118
0.001097
0.001151
0.001143
0.001096
0.001097
0.001099
0.001098
0.001149
0.001130
0.001099
0.001095
0.001099
0.001100
0.001094
0.001096
0.001125
0.001155
0.001096
0.001098
0.001099
0.001096
0.001096
0.001097
0.001098
0.001100
0.001164
0.001115
0.001101
0.001099
0.001098
0.001101
0.001096
0.001096
0.001099
0.001149
0.001130
0.001096
0.001099
0.001096
0.001097
0.001096
0.001099
0.001126
0.001154
0.001095
0.001100
0.001096
0.001095
0.001097
0.001098
0.001097
0.001097
0.001166
0.001114
0.001098
0.001097
0.001100
0.001095
0.001097
0.001099
0.001097
0.001146
0.001132
0.001101
0.001097
0.001096
0.001100
0.001099
0.001099
0.001122
0.001156
0.001099
0.001096
0.001097
0.001099
0.001096
0.001098
0.001100
0.001165
0.001151
0.001109
0.001102
0.001095
0.001096
0.001100
0.001097
0.001097
0.001095
0.001154
0.001125
0.001096
0.001096
0.001099
0.001113
0.001202
0.001217
0.001218
0.001214
0.001171
0.001221
0.001168
0.001131
0.001177
0.001176
0.001142
0.001178
0.001210
0.001153
0.001138
0.001230
0.001181
0.001134
0.001208
0.001113
0.001164
0.001239
0.001216
0.001213
0.001151
0.001203
0.001188
0.001145
0.001213
0.001188
0.001098
0.001096
0.001215
0.001185
0.001099
0.001165
0.001216
0.001176
0.001178
0.001219
0.001160
0.001157
0.001196
0.001165
0.001147
0.001209
0.001218
0.001145
0.001151
0.001227
0.001179
0.001155
0.001180
0.001205
0.001170
0.001176
0.001190
0.001152
0.001152
0.001193
0.001177
0.001105
0.001173
0.001180
0.001097
0.001100
0.001179
0.001130
0.001084
0.001135
0.001179
0.001178
0.001179
0.001196
0.001120
0.001099
0.001131
0.001151
0.001096
0.001097
0.001206
0.001125
0.001096
0.001132
0.001153
0.001096
0.001097
0.001151
0.001189
0.001153
0.001128
0.001119
0.001095
0.001097
0.001093
0.001098
0.001101
0.001151
0.001186
0.001152
0.001155
0.001126
0.001097
0.001098
0.001096
0.001104
0.001139
0.001122
0.001102
0.001099
0.001099
0.001098
0.001104
0.001097
0.001098
0.001162
0.001120
0.001097
0.001097
0.001101
0.001098
0.001096
0.001097
0.001127
0.001151
0.001120
0.001099
0.001097
0.001099
0.001122
0.001158
0.001111
0.001096
0.001211
0.001128
0.001098
0.001098
0.001099
0.001097
0.001100
0.001098
0.001123
0.001178
0.001099
0.001105
0.001098
0.001097
0.001099
0.001103
0.001099
0.001097
0.001144
0.001113
0.001098
0.001135
0.001158
0.001128
0.001098
0.001121
0.001153
0.001154
0.001099
0.001104
0.001098
0.001096
0.001099
0.001103
0.001099
0.001098
0.001132
0.001120
0.001098
0.001134
0.001148
0.001095
0.001098
0.001127
0.001120
0.001096
0.001097
0.001101
0.001098
0.001099
0.001148
0.001159
0.001113
0.001096
0.001156
0.001126
0.001098
0.001098
0.001147
0.001099
0.001098
0.001158
0.001135
0.001097
0.001099
0.001157
0.001126
0.001099
0.001122
0.001159
0.001097
0.001098
0.001102
0.001098
0.001099
0.001099
0.001096
0.001099
0.001097
0.001102
0.001096
0.001099
0.001097
0.001103
0.001099
0.001100
0.001097
0.001104
0.001099
0.001098
0.001098
0.001100
0.001098
0.001097
0.001101
0.001098
0.001097
0.001101
0.001099
0.001097
0.001098
0.001101
0.001098
0.001096
0.001098
0.001101
0.001098
0.001098
0.001101
0.001097
0.001097
0.001095
0.001102
0.001099
0.001096
0.001097
0.001102
0.001098
0.001099
0.001106
0.001098
0.001097
0.001099
0.001101
0.001098
0.001096
0.001098
0.001125
0.001100
0.001099
0.001102
0.001097
0.001097
0.001096
0.001102
0.001099
0.001095
0.001103
0.001097
0.001099
0.001099
0.001111
0.001097
0.001102
0.001098
0.001103
0.001098
0.001097
0.001103
0.001096
0.001097
0.001095
0.001103
0.001095
0.001099
0.001097
0.001101
0.001097
0.001096
0.001103
0.001096
0.001097
0.001097
0.001100
0.001097
0.001096
0.001098
0.001103
0.001096
0.001098
0.001133
0.001181
0.001098
0.001099
0.001104
0.001096
0.001099
0.001104
0.001100
0.001102
0.001098
0.001138
0.001097
0.001096
0.001097
0.001104
0.001098
0.001098
0.001102
0.001098
0.001098
0.001096
0.001100
0.001100
0.001097
0.001105
0.001098
0.001096
0.001098
0.001104
0.001098
0.001098
0.001096
0.001101
0.001097
0.001099
0.001101
0.001099
0.001097
0.001099
0.001105
0.001097
0.001139
0.001152
0.001101
0.001096
0.001097
0.001102
0.001098
0.001097
0.001097
0.001102
0.001099
0.001097
0.001102
0.001098
0.001096
0.001101
0.001103
0.001099
0.001099
0.001101
0.001103
0.001097
0.001097
0.001103
0.001098
0.001095
0.001099
0.001102
0.001098
0.001097
0.001097
0.001102
0.001097
0.001098
0.001101
0.001097
0.001099
0.001097
0.001099
0.001099
0.001096
0.001099
0.001101
0.001099
0.001099
0.001101
0.001097
0.001097
0.001097
0.001101
0.001100
0.001099
0.001103
0.001096
0.001098
0.001097
0.001101
0.001096
0.001098
0.001098
0.001101
0.001097
0.001095
0.001101
0.001098
0.001100
0.001096
0.001100
0.001099
0.001097
0.001097
0.001104
0.001097
0.001098
0.001103
0.001097
0.001099
0.001096
0.001102
0.001096
0.001099
0.001098
0.001103
0.001096
0.001097
0.001100
0.001098
0.001099
0.001097
0.001105
0.001097
0.001098
0.001100
0.001099
0.001098
0.001097
0.001100
0.001096
0.001095
0.001096
0.001102
0.001096
0.001100
0.001104
0.001096
0.001099
0.001098
0.001100
0.001096
0.001099
0.001098
0.001103
0.001098
0.001098
0.001104
0.001097
0.001098
0.001098
0.001102
0.001098
0.001096
0.001098
0.001103
0.001099
0.001098
0.001104
0.001098
0.001097
0.001098
0.001104
0.001097
0.001098
0.001102
0.001097
0.001099
0.001099
0.001102
0.001096
0.001098
0.001097
0.001103
0.001098
0.001099
0.001104
0.001102
0.001098
0.001098
0.001102
0.001098
0.001097
0.001097
0.001102
0.001098
0.001098
0.001101
0.001097
0.001100
0.001098
0.001102
0.001100
0.001097
0.001097
0.001101
0.001096
0.001097
0.001103
0.001097
0.001100
0.001096
0.001102
0.001098
0.001097
0.001102
0.001097
0.001095
0.001097
0.001101
0.001096
0.001098
0.001097
0.001105
0.001097
0.001096
0.001103
0.001097
0.001099
0.001099
0.001104
0.001098
0.001097
0.001097
0.001102
0.001098
0.001097
0.001102
0.001098
0.001096
0.001097
0.001104
0.001098
0.001097
0.001098
0.001103
0.001097
0.001098
0.001102
0.001099
0.001099
0.001098
0.001105
0.001099
0.001098
0.001102
0.001097
0.001100
0.001095
0.001102
0.001096
0.001099
0.001096
0.001104
0.001100
0.001098
0.001163
0.001152
0.001097
0.001098
0.001102
0.001097
0.001100
0.001099
0.001101
0.001133
0.001129
0.001104
0.001100
0.001097
0.001096
0.001104
0.001097
0.001099
0.001100
0.001098
0.001097
0.001097
0.001101
0.001098
0.001099
0.001099
0.001101
0.001099
0.001096
0.001103
0.001099
0.001096
0.001098
0.001102
0.001098
0.001099
0.001098
0.001102
0.001097
0.001097
0.001104
0.001098
0.001098
0.001097
0.001102
0.001096
0.001097
0.001101
0.001097
0.001098
0.001097
0.001103
0.001099
0.001098
0.001096
0.001160
0.001099
0.001096
0.001101
0.001097
0.001098
0.001097
0.001103
0.001098
0.001098
0.001097
0.001103
0.001096
0.001098
0.001101
0.001097
0.001098
0.001096
0.001102
0.001097
0.001098
0.001097
0.001099
0.001096
0.001098
0.001101
0.001096
0.001099
0.001098
0.001101
0.001107
0.001097
0.001102
0.001098
0.001097
0.001098
0.001101
0.001096
0.001096
0.001098
0.001101
0.001096
0.001096
0.001102
0.001098
0.001098
0.001099
0.001101
0.001098
0.001097
0.001097
0.001100
0.001097
0.001098
0.001103
0.001097
0.001099
0.001094
0.001138
0.001174
0.001097
0.001102
0.001097
0.001099
0.001097
0.001105
0.001100
0.001097
0.001097
0.001101
0.001100
0.001096
0.001102
0.001098
0.001098
0.001096
0.001105
0.001097
0.001095
0.001097
0.001102
0.001099
0.001097
0.001103
0.001099
0.001095
0.001097
0.001101
0.001096
0.001098
0.001094
0.001102
0.001096
0.001097
0.001103
0.001097
0.001098
0.001098
0.001101
0.001100
0.001096
0.001103
0.001095
0.001097
0.001098
0.001102
0.001096
0.001098
0.001097
0.001102
0.001099
0.001096
0.001100
0.001098
0.001098
0.001097
0.001118
0.001099
0.001099
0.001097
0.001105
0.001099
0.001099
0.001100
0.001099
0.001096
0.001094
0.001102
0.001095
0.001099
0.001097
0.001101
0.001097
0.001096
0.001101
0.001099
0.001099
0.001097
0.001101
0.001095
0.001096
0.001101
0.001098
0.001096
0.001095
0.001101
0.001095
0.001099
0.001095
0.001103
0.001096
0.001098
0.001100
0.001097
0.001099
0.001096
0.001100
0.001096
0.001098
0.001096
0.001099
0.001100
0.001097
0.001104
0.001098
0.001097
0.001098
0.001099
0.001147
0.001147
0.001096
0.001099
0.001096
0.001096
0.001101
0.001097
0.001097
0.001095
0.001099
0.001096
0.001096
0.001099
0.001095
0.001097
0.001099
0.001098
0.001096
0.001096
0.001096
0.001099
0.001098
0.001096
0.001099
0.001098
0.001096
0.001098
0.001100
0.001097
0.001096
0.001096
0.001100
0.001098
0.001098
0.001100
0.001097
0.001098
0.001097
0.001099
0.001097
0.001097
0.001096
0.001100
0.001097
0.001095
0.001098
0.001098
0.001097
0.001098
0.001099
0.001099
0.001098
0.001096
0.001099
0.001098
0.001096
0.001098
0.001096
0.001097
0.001098
0.001103
0.001099
0.001096
0.001100
0.001099
0.001098
0.001098
0.001099
0.001099
0.001098
0.001097
0.001098
0.001097
0.001095
0.001100
0.001097
0.001096
0.001097
0.001100
0.001099
0.001096
0.001096
0.001100
0.001099
0.001096
0.001098
0.001099
0.001096
0.001096
0.001101
0.001097
0.001097
0.001097
0.001101
0.001099
0.001096
0.001100
0.001097
0.001098
0.001096
0.001100
0.001096
0.001096
0.001100
0.001097
0.001095
0.001098
0.001098
0.001098
0.001099
0.001097
0.001099
0.001099
0.001098
0.001099
0.001096
0.001097
0.001096
0.001099
0.001098
0.001095
0.001095
0.001100
0.001098
0.001099
0.001100
0.001096
0.001097
0.001097
0.001100
0.001096
0.001095
0.001095
0.001101
0.001097
0.001097
0.001098
0.001096
0.001096
0.001098
0.001102
0.001098
0.001098
0.001097
0.001098
0.001097
0.001096
0.001101
0.001097
0.001098
0.001096
0.001100
0.001097
0.001099
0.001098
0.001098
0.001096
0.001098
0.001100
0.001095
0.001097
0.001098
0.001100
0.001096
0.001097
0.001099
0.001164
0.001120
0.001096
0.001100
0.001097
0.001096
0.001096
0.001099
0.001098
0.001097
0.001099
0.001097
0.001098
0.001097
0.001100
0.001098
0.001098
0.001096
0.001099
0.001096
0.001097
0.001129
0.001098
0.001099
0.001098
0.001101
0.001097
0.001096
0.001099
0.001097
0.001097
0.001096
0.001099
0.001097
0.001098
0.001099
0.001100
0.001098
0.001098
0.001100
0.001098
0.001095
0.001097
0.001098
0.001097
0.001098
0.001096
0.001102
0.001098
0.001102
0.001103
0.001098
0.001099
0.001098
0.001101
0.001120
0.001169
0.001157
0.001096
0.001100
0.001098
0.001099
0.001097
0.001095
0.001095
0.001101
0.001098
0.001098
0.001098
0.001097
0.001096
0.001095
0.001100
0.001097
0.001096
0.001096
0.001100
0.001097
0.001096
0.001099
0.001097
0.001098
0.001096
0.001100
0.001097
0.001097
0.001097
0.001099
0.001098
0.001097
0.001098
0.001099
0.001097
0.001098
0.001101
0.001098
0.001098
0.001100
0.001099
0.001097
0.001098
0.001100
0.001097
0.001097
0.001098
0.001100
0.001098
0.001097
0.001100
0.001099
0.001099
0.001098
0.001101
0.001097
0.001099
0.001096
0.001100
0.001098
0.001098
0.001099
0.001099
0.001097
0.001096
0.001101
0.001098
0.001097
0.001095
0.001098
0.001097
0.001096
0.001102
0.001095
0.001099
0.001101
0.001101
0.001097
0.001098
0.001100
0.001096
0.001095
0.001095
0.001098
0.001098
0.001098
0.001096
0.001102
0.001096
0.001096
0.001098
0.001098
0.001095
0.001096
0.001099
0.001099
0.001096
0.001097
0.001098
0.001099
0.001094
0.001100
0.001098
0.001099
0.001095
0.001100
0.001096
0.001097
0.001097
0.001100
0.001095
0.001096
0.001100
0.001099
0.001099
0.001141
0.001142
0.001096
0.001096
0.001101
0.001096
0.001101
0.001098
0.001098
0.001126
0.001097
0.001099
0.001101
0.001099
0.001097
0.001102
0.001096
0.001096
0.001096
0.001098
0.001095
0.001096
0.001095
0.001101
0.001097
0.001098
0.001098
0.001098
0.001098
0.001097
0.001100
0.001096
0.001098
0.001096
0.001101
0.001096
0.001097
0.001098
0.001098
0.001097
0.001098
0.001099
0.001095
0.001096
0.001107
0.001100
0.001099
0.001098
0.001102
0.001099
0.001096
0.001097
0.001099
0.001097
0.001095
