0.010279
0.007111
0.006808
0.006604
0.006438
0.006527
0.006441
0.006434
0.006443
0.006429
0.006439
0.006434
0.006431
0.006439
0.006434
0.006441
0.006441
0.006445
0.006436
0.006467
0.006426
0.006428
0.006447
0.006431
0.006448
0.006438
0.006428
0.006433
0.006439
0.006426
0.006433
0.006429
0.006420
0.006438
0.006440
0.006430
0.006447
0.006443
0.006447
0.006433
0.006447
0.006446
0.006445
0.006555
0.006500
0.006425
0.006436
0.006434
0.006436
0.006438
0.006421
0.006432
0.006431
0.006437
0.006442
0.006443
0.006437
0.006433
0.006431
0.006437
0.006445
0.006443
0.006443
0.006426
0.006437
0.006422
0.006421
0.006429
0.006441
0.006460
0.006428
0.006423
0.006441
0.006420
0.006489
0.006445
0.006440
0.006433
0.006433
0.006429
0.006443
0.006512
0.006425
0.006435
0.006428
0.006433
0.006430
0.006426
0.006430
0.006436
0.006426
0.006421
0.006445
0.006430
0.006421
0.006439
0.006437
0.006436
0.006432
0.006430
0.006438
0.006438
0.006444
0.006443
0.006421
0.006450
0.006430
0.006433
0.006437
0.006448
0.006448
0.006446
0.006518
0.006432
0.006429
0.006443
0.006435
0.006429
0.006436
0.006522
0.006477
0.006446
0.006428
0.006427
0.006432
0.006438
0.006436
0.006439
0.006442
0.006442
0.006437
0.006429
0.006434
0.006419
0.006436
0.006430
0.006436
0.006428
0.006421
0.006425
0.006432
0.006442
0.006441
0.006444
0.006430
0.006427
0.006444
0.006426
0.006446
0.006445
0.006434
0.006439
0.006432
0.006426
0.006441
0.006423
0.006436
0.006520
0.006522
0.006433
0.006430
0.006432
0.006427
0.006604
0.006440
0.006446
0.006424
0.006436
0.006442
0.006422
0.006431
0.006426
0.006435
0.006439
0.006418
0.006431
0.006428
0.006433
0.006448
0.006432
0.006430
0.006428
0.006452
0.006447
0.006441
0.006447
0.006424
0.006422
0.006444
0.006425
0.006429
0.006442
0.006421
0.006438
0.006436
0.006507
0.006438
0.006451
0.006433
0.006424
0.006422
0.006440
0.006418
0.006432
0.006432
0.006434
0.006434
0.006430
0.006429
0.006426
0.006428
0.006422
0.006441
0.006441
0.006429
0.006439
0.006428
0.006430
0.006462
0.006440
0.006424
0.006444
0.006423
0.006509
0.006434
0.006431
0.006437
0.006429
0.006451
0.006449
0.006432
0.006431
0.006447
0.006527
0.006451
0.006484
0.006440
0.006434
0.006446
0.006428
0.006432
0.006440
0.006448
0.006430
0.006433
0.006437
0.006527
0.006540
0.006433
0.006429
0.006437
0.006432
0.006441
0.006436
0.006440
0.006446
0.006435
0.006435
0.006424
0.006450
0.006429
0.006448
0.006429
0.006422
0.006426
0.006432
0.006444
0.006511
0.006457
0.006439
0.006424
0.006511
0.006429
0.006433
0.006431
0.006427
0.006429
0.006445
0.006427
0.006434
0.006437
0.006420
0.006430
0.006437
0.006429
0.006432
0.006441
0.006442
0.006442
0.006436
0.006443
0.006437
0.006437
0.006441
0.006423
0.006415
0.006426
0.006475
0.006428
0.006440
0.006437
0.006441
0.006456
0.006435
0.006438
0.006421
0.006523
0.006434
0.006442
0.006495
0.006464
0.006496
0.006442
0.006438
0.006443
0.006442
0.006427
0.006436
0.006431
0.006438
0.006430
0.006444
0.006448
0.006433
0.006431
0.006427
0.006443
0.006514
0.006447
0.006427
0.006433
0.006422
0.006441
0.006433
0.006437
0.006432
0.006434
0.006433
0.006437
0.006445
0.006436
0.006426
0.006435
0.006418
0.006438
0.006433
0.006434
0.006516
0.006476
0.006443
0.006435
0.006433
0.006426
0.006435
0.006437
0.006445
0.006430
0.006433
0.006426
0.006437
0.006427
0.006426
0.006588
0.006444
0.006436
0.006436
0.006448
0.006450
0.006440
0.006433
0.006443
0.006420
0.006430
0.006421
0.006439
0.006438
0.006431
0.006429
0.006449
0.006442
0.006441
0.006458
0.006430
0.006427
0.006428
0.006483
0.006704
0.006497
0.006436
0.006447
0.006436
0.006446
0.006441
0.006423
0.006440
0.006435
0.006439
0.006427
0.006445
0.006449
0.006438
0.006431
0.006431
0.006442
0.006426
0.006421
0.006438
0.006433
0.006441
0.006445
0.006431
0.006425
0.006441
0.006440
0.006448
0.006433
0.006429
0.006433
0.006432
0.006425
0.006422
0.006423
0.006423
0.006524
0.006532
0.006438
0.006508
0.006447
0.006439
0.006438
0.006496
0.006436
0.006435
0.006468
0.006490
0.006444
0.006425
0.006499
0.006427
0.006433
0.006438
0.006442
0.006434
0.006450
0.006429
0.006498
0.006496
0.006534
0.006439
0.006439
0.006436
0.006428
0.006433
0.006448
0.006446
0.006438
0.006476
0.006431
0.006448
0.006438
0.006442
0.006466
0.006520
0.006516
0.006422
0.006433
0.006426
0.006429
0.006429
0.006434
0.006428
0.006434
0.006420
0.006448
0.006438
0.006424
0.006467
0.006433
0.006438
0.006431
0.006429
0.006437
0.006419
0.006449
0.006722
0.006432
0.006437
0.006435
0.006443
0.006425
0.006427
0.006435
0.006442
0.006432
0.006426
0.006426
0.006436
0.006431
0.006432
0.006442
0.006517
0.006442
0.006431
0.006434
0.006431
0.006439
0.006433
0.006444
0.006426
0.006426
0.006443
0.006442
0.006436
0.006426
0.006441
0.006438
0.006435
0.006443
0.006433
0.006442
0.006430
0.006430
0.006443
0.006427
0.006433
0.006429
0.006443
0.006444
0.006429
0.006437
0.006426
0.006425
0.006426
0.006423
0.006419
0.006443
0.006439
0.006444
0.006529
0.006424
0.006472
0.006432
0.006432
0.006442
0.006430
0.006444
0.006450
0.006429
0.006440
0.006430
0.006449
0.006436
0.006447
0.006441
0.006433
0.006430
0.006423
0.006443
0.006444
0.006427
0.006440
0.006437
0.006435
0.006424
0.006420
0.006455
0.006446
0.006420
0.006503
0.007751
0.007288
0.006846
0.007149
0.006928
0.006798
0.006743
0.006783
0.006802
0.006775
0.006819
0.006798
0.006980
0.006752
0.006758
0.006732
0.006659
0.006667
0.006669
0.006685
0.006680
0.006670
0.006670
0.006686
0.006685
0.006771
0.006838
0.006739
0.006688
0.006770
0.006831
0.006643
0.006722
0.006761
0.006723
0.006832
0.006759
0.006669
0.006670
0.006737
0.006702
0.006744
0.006762
0.006739
0.006823
0.006745
0.006674
0.006740
0.006815
0.006658
0.006761
0.006738
0.006682
0.006747
0.006737
0.006795
0.006785
0.006731
0.006696
0.006713
0.006734
0.006668
0.006729
0.006733
0.006739
0.006706
0.006703
0.006723
0.006686
0.006698
0.006719
0.006692
0.006726
0.006718
0.006701
0.006723
0.006720
0.006691
0.006738
0.006751
0.006676
0.006776
0.006712
0.006680
0.006740
0.006721
0.006674
0.006703
0.006719
0.006676
0.006711
0.006686
0.006695
0.006749
0.006726
0.006658
0.006732
0.006695
0.006661
0.006719
0.006702
0.006690
0.006720
0.006729
0.006671
0.006744
0.006729
0.006666
0.006741
0.006743
0.006657
0.006733
0.006730
0.006662
0.006651
0.006596
0.006635
0.006619
0.006563
0.006435
0.006504
0.006498
0.006446
0.006490
0.006479
0.006428
0.006475
0.006488
0.006458
0.006510
0.006464
0.006490
0.006602
0.006456
0.006477
0.006513
0.006418
0.006497
0.006501
0.006431
0.006497
0.006491
0.006450
0.006517
0.006519
0.006452
0.006489
0.006477
0.006470
0.006491
0.006437
0.006474
0.006499
0.006457
0.006552
0.006520
0.006433
0.006491
0.006579
0.006498
0.006481
0.006488
0.006432
0.006478
0.006476
0.006460
0.006478
0.006448
0.006493
0.006488
0.006429
0.006485
0.006505
0.006427
0.006492
0.006487
0.006446
0.006480
0.006486
0.006430
0.006482
0.006444
0.006442
0.006504
0.006438
0.006483
0.006473
0.006421
0.006519
0.006478
0.006431
0.006526
0.006518
0.006443
0.006504
0.006484
0.006429
0.006494
0.006480
0.006466
0.006487
0.006720
0.006481
0.006511
0.006446
0.006474
0.006526
0.006446
0.006497
0.006514
0.006429
0.006495
0.006485
0.006441
0.006508
0.006488
0.006427
0.006491
0.006462
0.006457
0.006500
0.006435
0.006484
0.006522
0.006438
0.006497
0.006495
0.006452
0.006520
0.006592
0.006432
0.006527
0.006502
0.006435
0.006510
0.006507
0.006438
0.006524
0.006435
0.006488
0.006499
0.006457
0.006482
0.006518
0.006431
0.006498
0.006509
0.006432
0.006502
0.006498
0.006435
0.006509
0.006490
0.006464
0.006503
0.006456
0.006481
0.006480
0.006440
0.006469
0.006502
0.006442
0.006495
0.006518
0.006443
0.006507
0.006488
0.006514
0.006497
0.006495
0.006426
0.006500
0.006509
0.006440
0.006494
0.006464
0.006490
0.006496
0.006438
0.006516
0.006479
0.006435
0.006497
0.006513
0.006442
0.006503
0.006499
0.006423
0.006513
0.006487
0.006442
0.006496
0.006469
0.006477
0.006504
0.006432
0.006508
0.006497
0.006445
0.006512
0.006482
0.006436
0.006520
0.006499
0.006436
0.006911
0.006658
0.006474
0.006512
0.006490
0.006425
0.006510
0.006547
0.006473
0.006499
0.006472
0.006471
0.006501
0.006436
0.006493
0.006505
0.006451
0.006641
0.006520
0.006441
0.006502
0.006585
0.006430
0.006503
0.006495
0.006424
0.006528
0.006473
0.006444
0.006486
0.006450
0.006475
0.006506
0.006443
0.006494
0.006483
0.006431
0.006503
0.006560
0.006442
0.006478
0.006499
0.006447
0.006501
0.006491
0.006456
0.006504
0.006482
0.006474
0.006509
0.006424
0.006591
0.006503
0.006436
0.006505
0.006501
0.006459
0.006512
0.006483
0.006434
0.006476
0.006490
0.006438
0.006497
0.006424
0.006494
0.006541
0.006479
0.006478
0.006474
0.006438
0.006506
0.006502
0.006434
0.006514
0.006525
0.006517
0.006509
0.006513
0.006450
0.006511
0.006477
0.006460
0.006510
0.006466
0.006479
0.006502
0.006435
0.006499
0.006490
0.006440
0.006496
0.006486
0.006448
0.006476
0.006491
0.006427
0.006497
0.006460
0.006446
0.006480
0.006452
0.006481
0.006509
0.006445
0.006498
0.006500
0.006436
0.006498
0.006503
0.006426
0.006509
0.006519
0.006475
0.006552
0.006543
0.006438
0.006511
0.006498
0.006545
0.006502
0.006463
0.006468
0.006486
0.006440
0.006472
0.006499
0.006427
0.006472
0.006469
0.006448
0.006503
0.006487
0.006438
0.006502
0.006472
0.006441
0.006496
0.006478
0.006470
0.006499
0.006444
0.006531
0.006507
0.006418
0.006513
0.006506
0.006440
0.006512
0.006478
0.006427
0.006555
0.006496
0.006438
0.006482
0.006471
0.006475
0.006476
0.006429
0.006492
0.006513
0.006443
0.006663
0.006475
0.006435
0.006506
0.006503
0.006443
0.006502
0.006513
0.006427
0.006502
0.006483
0.006459
0.006479
0.006479
0.006487
0.006502
0.006445
0.006483
0.006538
0.006432
0.006501
0.006516
0.006502
0.006519
0.006572
0.006431
0.006485
0.006589
0.006440
0.006500
0.006466
0.006484
0.006494
0.006438
0.006515
0.006489
0.006427
0.006495
0.006507
0.006443
0.006514
0.006505
0.006445
0.006499
0.006559
0.006438
0.006498
0.006482
0.006478
0.006492
0.006468
0.006477
0.006500
0.006429
0.006504
0.006491
0.006427
0.006521
0.006502
0.006427
0.006502
0.006492
0.006428
0.006495
0.006493
0.006575
0.006515
0.006480
0.006463
0.006509
0.006429
0.006507
0.006498
0.006447
0.006499
0.006499
0.006441
0.006516
0.006496
0.006436
0.006485
0.006498
0.006440
0.006498
0.006468
0.006444
0.006495
0.006460
0.006479
0.006503
0.006448
0.006692
0.006524
0.006435
0.006506
0.006492
0.006508
0.006509
0.006502
0.006435
0.006496
0.006490
0.006440
0.006577
0.006497
0.006457
0.006520
0.006458
0.006458
0.006498
0.006440
0.006504
0.006562
0.006444
0.006503
0.006491
0.006438
0.006579
0.006514
0.006431
0.006508
0.006493
0.006443
0.006510
0.006457
0.006472
0.006536
0.006483
0.006484
0.006513
0.006425
0.006504
0.006489
0.006437
0.006508
0.006498
0.006446
0.006502
0.006504
0.006445
0.006501
0.006630
0.006445
0.006503
0.006464
0.006466
0.006510
0.006430
0.006501
0.006505
0.006426
0.006506
0.006501
0.006446
0.006595
0.006492
0.006443
0.006495
0.006493
0.006448
0.006504
0.006480
0.006460
0.006508
0.006453
0.006492
0.006512
0.006434
0.006510
0.006505
0.006451
0.006517
0.006476
0.006447
0.006502
0.006472
0.006423
0.006459
0.006526
0.006516
0.006504
0.006426
0.006489
0.006491
0.006421
0.006494
0.006486
0.006441
0.006515
0.006502
0.006422
0.006504
0.006486
0.006448
0.006506
0.006492
0.006453
0.006507
0.006461
0.006479
0.006565
0.006431
0.006515
0.006499
0.006437
0.006487
0.006458
0.006422
0.006506
0.006495
0.006430
0.006491
0.006483
0.006460
0.006477
0.006468
0.006551
0.006524
0.006430
0.006511
0.006496
0.006447
0.006490
0.006508
0.006434
0.006512
0.006514
0.006420
0.006512
0.006508
0.006427
0.006504
0.006464
0.006466
0.006509
0.006450
0.006487
0.006489
0.006416
0.006488
0.006479
0.006425
0.006502
0.006483
0.006420
0.006492
0.006489
0.006424
0.006492
0.006474
0.006454
0.006507
0.006444
0.006484
0.006590
0.006436
0.006550
0.006495
0.006430
0.006505
0.006494
0.006440
0.006511
0.006505
0.006431
0.006518
0.006462
0.006441
0.006497
0.006452
0.006477
0.006462
0.006434
0.006500
0.006485
0.006429
0.006499
0.006492
0.006429
0.006491
0.006516
0.006453
0.006510
0.006498
0.006437
0.006509
0.006476
0.006463
0.006498
0.006455
0.006475
0.006502
0.006528
0.006518
0.006523
0.006431
0.006495
0.006510
0.006565
0.007505
0.007312
0.006973
0.007099
0.006707
0.006828
0.006821
0.006756
0.006809
0.006827
0.006789
0.007089
0.006886
0.006808
0.006795
0.006698
0.006735
0.006691
0.006681
0.006639
0.006685
0.006712
0.006692
0.006615
0.006665
0.006698
0.006700
0.006646
0.006681
0.006748
0.006671
0.006709
0.006753
0.006692
0.006678
0.006675
0.006663
0.006682
0.006678
0.006680
0.006688
0.006684
0.006676
0.006714
0.006676
0.006663
0.006669
0.006708
0.006675
0.006680
0.006695
0.006659
0.006674
0.006676
0.006763
0.006694
0.006674
0.006681
0.006667
0.006658
0.006671
0.006669
0.006665
0.006671
0.006698
0.006689
0.006749
0.006681
0.006685
0.006672
0.006676
0.006668
0.006664
0.006670
0.006670
0.006676
0.006686
0.006685
0.006626
0.006676
0.006677
0.006661
0.006678
0.006680
0.006671
0.006664
0.006679
0.006667
0.006672
0.006693
0.006672
0.006644
0.006644
0.006655
0.006646
0.006653
0.006674
0.006667
0.006676
0.006684
0.006666
0.006672
0.006679
0.006736
0.006677
0.006679
0.006669
0.006672
0.006671
0.006677
0.006684
0.006665
0.006678
0.006684
0.006659
0.006802
0.006677
0.006685
0.006661
0.006684
0.006664
0.006681
0.006668
0.006683
0.006678
0.006694
0.006615
0.006445
0.006431
0.006435
0.006424
0.006443
0.006434
0.006428
0.006435
0.006434
0.006446
0.006434
0.006437
0.006475
0.006524
0.006449
0.006427
0.006425
0.006430
0.006426
0.006423
0.006433
0.006425
0.006429
0.006447
0.006426
0.006429
0.006442
0.006429
0.006443
0.006425
0.006422
0.006425
0.006559
0.006437
0.006448
0.006452
0.006452
0.006447
0.006432
0.006425
0.006432
0.006421
0.006519
0.006432
0.006427
0.006436
0.006424
0.006425
0.006433
0.006442
0.006429
0.006530
0.006435
0.006441
0.006437
0.006428
0.006430
0.006501
0.006428
0.006440
0.006447
0.006467
0.006491
0.006485
0.006445
0.006425
0.006439
0.006447
0.006444
0.006440
0.006434
0.006428
0.006433
0.006431
0.006435
0.006688
0.006522
0.006547
0.006487
0.006461
0.006552
0.006691
0.006549
0.006608
0.006548
0.006506
0.006527
0.006470
0.006543
0.006580
0.006436
0.006591
0.006503
0.006440
0.006503
0.006500
0.006515
0.006516
0.006488
0.006431
0.006496
0.006471
0.006488
0.006515
0.006444
0.006489
0.006504
0.006426
0.006510
0.006499
0.006448
0.006518
0.006489
0.006428
0.006504
0.006497
0.006452
0.006507
0.006460
0.006477
0.006502
0.006458
0.006488
0.006495
0.006424
0.006507
0.006501
0.006562
0.006494
0.006512
0.006423
0.006512
0.006498
0.006444
0.006502
0.006493
0.006443
0.006500
0.006444
0.006492
0.006516
0.006438
0.006519
0.006490
0.006449
0.006527
0.006508
0.006456
0.006508
0.006497
0.006444
0.006512
0.006509
0.006443
0.006505
0.006513
0.006469
0.006504
0.006460
0.006484
0.006502
0.006441
0.006512
0.006496
0.006443
0.006585
0.006512
0.006427
0.006500
0.006494
0.006434
0.006505
0.006490
0.006446
0.006469
0.006456
0.006488
0.006481
0.006425
0.006469
0.006517
0.006432
0.006485
0.006480
0.006425
0.006498
0.006541
0.006528
0.006491
0.006504
0.006448
0.006480
0.006441
0.006501
0.006514
0.006451
0.006497
0.006505
0.006439
0.006493
0.006504
0.006444
0.006475
0.006594
0.006518
0.006537
0.006470
0.006457
0.006477
0.006562
0.006458
0.006584
0.006464
0.006476
0.006487
0.006443
0.006481
0.006495
0.006418
0.006492
0.006513
0.006432
0.006493
0.006492
0.006433
0.006503
0.006479
0.006460
0.006506
0.006491
0.006469
0.006506
0.006441
0.006495
0.006502
0.006433
0.006556
0.006533
0.006432
0.006487
0.006607
0.006461
0.006500
0.006481
0.006434
0.006484
0.006474
0.006438
0.006487
0.006441
0.006482
0.006507
0.006472
0.006509
0.006503
0.006424
0.006497
0.006503
0.006435
0.006509
0.006516
0.006441
0.006509
0.006515
0.006437
0.006495
0.006435
0.006473
0.006512
0.006692
0.007598
0.006527
0.006468
0.006529
0.006608
0.006428
0.006470
0.006495
0.006516
0.006482
0.006474
0.006442
0.006502
0.006506
0.006438
0.006474
0.006471
0.006441
0.006500
0.006462
0.006434
0.006486
0.006469
0.006545
0.006501
0.006437
0.006486
0.006498
0.006434
0.006502
0.006517
0.006429
0.006500
0.006526
0.006433
0.006488
0.006509
0.006442
0.006493
0.006421
0.006489
0.006500
0.006577
0.006507
0.006554
0.006467
0.006584
0.006587
0.006440
0.006536
0.006560
0.006447
0.006525
0.006542
0.006449
0.006496
0.006502
0.006495
0.006553
0.006489
0.006458
0.006488
0.006422
0.006481
0.006470
0.006445
0.006498
0.006491
0.006430
0.006485
0.006551
0.006451
0.006508
0.006507
0.006441
0.006495
0.006518
0.006427
0.006506
0.006457
0.006458
0.006498
0.006425
0.006498
0.006588
0.006444
0.006507
0.006512
0.006448
0.006496
0.006495
0.006440
0.006488
0.006464
0.006423
0.006521
0.006463
0.006448
0.006489
0.006435
0.006512
0.006487
0.006453
0.006473
0.006484
0.006446
0.006499
0.006475
0.006442
0.006470
0.006485
0.006453
0.006484
0.006433
0.006474
0.006511
0.006422
0.006486
0.006490
0.006440
0.006490
0.006600
0.006524
0.006519
0.006475
0.006423
0.006499
0.006477
0.006430
0.006490
0.006475
0.006459
0.006566
0.006426
0.006471
0.006492
0.006441
0.006501
0.006514
0.006430
0.006476
0.006490
0.006444
0.006488
0.006469
0.006446
0.006504
0.006476
0.006445
0.006473
0.006463
0.006496
0.006527
0.006461
0.006500
0.006490
0.006438
0.006502
0.006498
0.006474
0.006534
0.006537
0.006425
0.006513
0.006485
0.006450
0.006503
0.006452
0.006466
0.006475
0.006422
0.006496
0.006501
0.006434
0.006491
0.006487
0.006431
0.006483
0.006474
0.006443
0.006504
0.006511
0.006438
0.006506
0.006480
0.006453
0.006530
0.006474
0.006481
0.006511
0.006435
0.006497
0.006505
0.006444
0.006497
0.006501
0.006446
0.006660
0.006474
0.006436
0.006504
0.006491
0.006434
0.006478
0.006457
0.006474
0.006496
0.006431
0.006488
0.006469
0.006436
0.006511
0.006503
0.006447
0.006503
0.006488
0.006431
0.006517
0.006512
0.006439
0.006507
0.006465
0.006473
0.006500
0.006469
0.006640
0.006495
0.006444
0.006506
0.006502
0.006459
0.006519
0.006490
0.006441
0.006488
0.006569
0.006424
0.006503
0.006476
0.006439
0.006473
0.006476
0.006491
0.006518
0.006432
0.006500
0.006490
0.006435
0.006508
0.006515
0.006430
0.006494
0.006506
0.006445
0.006501
0.006504
0.006456
0.006508
0.006454
0.006496
0.006499
0.006424
0.006480
0.006482
0.006444
0.006473
0.006518
0.006426
