0.042640
0.042536
0.041440
0.041099
0.041515
0.040488
0.041085
0.041250
0.041161
0.041437
0.041901
0.041397
0.041512
0.041211
0.049496
0.050772
0.045666
0.043430
0.042534
0.042293
0.039278
0.040632
0.041381
0.040972
0.040857
0.039465
0.040599
0.040494
0.040119
0.040537
0.040529
0.040702
0.040236
0.039945
0.040773
0.040657
0.040216
0.040533
0.040280
0.041145
0.041063
0.040551
0.040671
0.040638
0.040665
0.039299
0.040305
0.040852
0.039034
0.040409
0.040398
0.039562
0.040853
0.040620
0.040107
0.040023
0.040785
0.039290
0.039717
0.040207
0.040907
0.039904
0.040155
0.039902
0.040537
0.039886
0.039790
0.039167
0.039544
0.040131
0.039751
0.040496
0.040256
0.038299
0.039572
0.039696
0.038799
0.039611
0.039755
0.039334
0.039595
0.039608
0.040174
0.040451
0.040215
0.038378
0.039088
0.039146
0.039264
0.039744
0.040407
0.037753
0.039042
0.040077
0.039707
0.038992
0.040207
0.040508
0.039371
0.039731
0.039553
0.039538
0.037778
0.039484
0.038838
0.039122
0.039304
0.039125
0.039480
0.038261
0.038592
0.039401
0.039423
0.038960
0.039612
0.039973
0.039794
0.037694
0.038843
0.039087
0.038051
0.039523
0.039544
0.039583
0.039199
0.039277
0.039263
0.039165
0.039334
0.039372
0.039433
0.037432
0.037497
0.038351
0.039329
0.039135
0.038822
0.038975
0.039782
0.042433
0.050249
0.046110
0.040898
0.046546
0.047872
0.047147
0.042829
0.044168
0.042973
0.043133
0.043010
0.041898
0.042280
0.041874
0.041987
0.042358
0.042504
0.041737
0.041894
0.041313
0.041160
0.041032
0.040828
0.039409
0.041479
0.039358
0.040394
0.040220
0.040911
0.039962
0.040179
0.040622
0.041855
0.040973
0.041799
0.040913
0.041245
0.041049
0.041419
0.040954
0.041418
0.041390
0.041231
0.040365
0.041361
0.041234
0.038189
0.040629
0.041277
0.040973
0.040245
0.041276
0.041334
0.041293
0.041392
0.041147
0.041851
0.041105
0.041807
0.041725
0.041804
0.041886
0.041079
0.040024
0.041271
0.039713
0.038822
0.041305
0.041266
0.041852
0.041670
0.042533
0.041939
0.041159
0.041744
0.040432
0.040916
0.041137
0.041604
0.040565
0.041310
0.042202
0.041327
0.040871
0.040923
0.041650
0.041118
0.041431
0.040914
0.041273
0.041497
0.041307
0.041265
0.041379
0.040829
0.041456
0.040752
0.041673
0.040693
0.042041
0.042049
0.041296
0.041686
0.041717
0.040031
0.041250
0.041538
0.041835
0.041064
0.041187
0.041117
0.041527
0.039602
0.040514
0.040611
0.040918
0.040298
0.040663
0.040817
0.045790
0.053098
0.050147
0.049065
0.048455
0.047399
0.043644
0.041265
0.041817
0.042492
0.042292
0.041790
0.041483
0.040378
0.039105
0.040207
0.040109
0.039951
0.039991
0.040124
0.039304
0.039019
0.038752
0.037792
0.039379
0.039555
0.039535
0.039832
0.039852
0.039543
0.040035
0.037568
0.039238
0.040471
0.040817
0.040373
0.040885
0.040058
0.040355
0.040250
0.040538
0.038822
0.040346
0.040485
0.040771
0.040859
0.038789
0.040144
0.040248
0.040388
0.040623
0.041314
0.040604
0.041015
0.039835
0.040924
0.041120
0.040314
0.039876
0.040550
0.038845
0.040346
0.040713
0.040664
0.038308
0.040645
0.040611
0.039564
0.041702
0.040277
0.041233
0.038846
0.040080
0.040950
0.039289
0.040664
0.040494
0.041318
0.040462
0.040255
0.039984
0.040693
0.040555
0.041521
0.040815
0.038992
0.040980
0.040793
0.040434
0.040877
0.040771
0.040934
0.040043
0.040731
0.041032
0.041685
0.040250
0.040752
0.041468
0.040811
0.040963
0.040633
0.040687
0.041061
0.040311
0.041286
0.041434
0.040895
0.041173
0.040266
0.040328
0.038966
0.041234
0.040686
0.040220
0.041052
0.040087
0.040767
0.040609
0.040808
0.041079
0.040985
0.041018
0.045170
0.046752
0.050907
0.047918
0.046158
0.044443
0.044486
0.044343
0.043890
0.042646
0.043427
0.042699
0.042896
0.042936
0.042723
0.042184
0.041963
0.041670
0.039958
0.038126
0.038777
0.039686
0.036679
0.038814
0.037182
0.040235
0.038565
0.038917
0.039003
0.039200
0.038896
0.040057
0.040357
0.039842
0.039243
0.039459
0.039717
0.039923
0.039784
0.040037
0.037678
0.039271
0.038764
0.039239
0.039549
0.039280
0.039433
0.039274
0.039787
0.039185
0.040221
0.039833
0.039620
0.040134
0.040447
0.039977
0.039462
0.038874
0.039173
0.039130
0.039718
0.039508
0.039728
0.039574
0.039703
0.037783
0.039081
0.039163
0.039593
0.039470
0.039282
0.038675
0.040279
0.037773
0.039311
0.039816
0.039752
0.040402
0.039650
0.039708
0.038833
0.039624
0.039077
0.039000
0.039412
0.039440
0.038013
0.038773
0.039173
0.039053
0.039172
0.039076
0.038803
0.038030
0.039350
0.040712
0.040050
0.039665
0.039155
0.039362
0.039936
0.040857
0.038956
0.040418
0.039600
0.039003
0.040212
0.039500
0.039495
0.039715
0.040345
0.040070
0.040785
0.039634
0.040058
0.039743
0.039613
0.039662
0.039783
0.039701
0.039712
0.039564
0.039683
0.039712
0.044487
0.052679
0.050180
0.046175
0.046415
0.046052
0.046036
0.045456
0.041586
0.043155
0.043158
0.043809
0.041712
0.041508
0.042221
0.041642
0.041042
0.041023
0.041250
0.040795
0.040700
0.040758
0.041048
0.041086
0.041700
0.040313
0.041436
0.040884
0.041432
0.041587
0.041059
0.041572
0.041832
0.041464
0.041106
0.039903
0.040938
0.041166
0.041297
0.040732
0.040759
0.040588
0.040632
0.040278
0.040504
0.040735
0.040653
0.041089
0.038934
0.039203
0.041082
0.041781
0.040650
0.040470
0.040361
0.040417
0.040221
0.040668
0.038004
0.040372
0.040743
0.040143
0.040491
0.040240
0.038450
0.041337
0.039916
0.041864
0.038388
0.037823
0.039470
0.039532
0.039401
0.039840
0.039910
0.039602
0.038502
0.039468
0.040841
0.039559
0.038259
0.039407
0.040109
0.039534
0.040368
0.038489
0.039482
0.040032
0.039792
0.040655
0.041297
0.039893
0.040299
0.040596
0.040224
0.039883
0.040261
0.039701
0.040024
0.040280
0.040419
0.038625
0.040134
0.040146
0.040275
0.038730
0.040206
0.039618
0.040305
0.040082
0.040371
0.041213
0.040366
0.040545
0.040993
0.040314
0.040562
0.040711
0.040545
0.040887
0.041317
0.040428
0.040758
0.051365
0.049398
0.048310
0.047053
0.045820
0.043509
0.043970
0.043597
0.043722
0.043140
0.040660
0.042824
0.041062
0.042109
0.041216
0.041302
0.041672
0.041985
0.040815
0.037687
0.038911
0.039112
0.039765
0.039248
0.039809
0.039703
0.039804
0.039445
0.039491
0.040508
0.040132
0.040593
0.041793
0.040428
0.040774
0.040990
0.040898
0.041172
0.040774
0.041701
0.041454
0.040499
0.040812
0.040700
0.040964
0.040799
0.041080
0.041028
0.040306
0.041396
0.038744
0.038913
0.040396
0.040612
0.040473
0.040288
0.040388
0.040414
0.040404
0.040723
0.040496
0.039527
0.043036
0.051283
0.041279
0.041463
0.039870
0.040463
0.038231
0.040635
0.037998
0.039327
0.039394
0.039152
0.040617
0.039667
0.039147
0.040105
0.039963
0.040421
0.040252
0.041717
0.040345
0.040186
0.040244
0.039655
0.041321
0.040307
0.040170
0.040778
0.040361
0.040735
0.039807
0.040760
0.040981
0.041187
0.039031
0.038907
0.039913
0.041038
0.040585
0.040343
0.040938
0.040341
0.039821
0.040450
0.039875
0.039902
0.039967
0.039975
0.040194
0.040163
0.038069
0.039888
0.039744
0.039528
0.039229
0.039958
0.039414
0.038994
0.039709
0.039489
0.045348
0.049310
0.048007
0.045660
0.045602
0.044780
0.044487
0.044061
0.043403
0.044075
0.042703
0.042362
0.038551
0.040253
0.040070
0.040165
0.038236
0.038879
0.039049
0.039467
0.039470
0.038829
0.040004
0.040024
0.039315
0.040860
0.040027
0.039631
0.039982
0.039782
0.039787
0.038801
0.040691
0.038174
0.039339
0.039483
0.039467
0.039634
0.040459
0.040841
0.039894
0.040229
0.040385
0.037292
0.039045
0.039436
0.039868
0.039983
0.039309
0.039922
0.039374
0.040295
0.039514
0.039951
0.039514
0.039913
0.040018
0.039689
0.039640
0.038230
0.037945
0.039709
0.040041
0.039730
0.038987
0.039580
0.039369
0.038857
0.039328
0.040849
0.039674
0.037850
0.039606
0.039131
0.042908
0.040680
0.041964
0.040775
0.038282
0.040277
0.040143
0.041011
0.039930
0.039418
0.040211
0.040287
0.041213
0.039279
0.038952
0.040488
0.039964
0.039047
0.040258
0.040607
0.040000
0.039933
0.039659
0.040447
0.040269
0.041332
0.040326
0.040296
0.040520
0.038287
0.037485
0.039671
0.039905
0.039740
0.039557
0.039897
0.039601
0.039857
0.038862
0.039523
0.040227
0.040577
0.039439
0.040104
0.040199
0.040667
0.039935
0.040566
0.040292
0.040362
0.046511
0.045598
0.045174
0.045288
0.044815
0.045386
0.044834
0.043750
0.041466
0.042457
0.039239
0.040186
0.040886
0.041123
0.040217
0.040589
0.040586
0.041146
0.041524
0.040529
0.040777
0.041136
0.041099
0.041512
0.040796
0.040453
0.041481
0.039241
0.040721
0.041400
0.040881
0.041032
0.041507
0.039314
0.040412
0.039038
0.039555
0.039934
0.037884
0.038732
0.039379
0.039630
0.039662
0.037750
0.039175
0.039338
0.039703
0.039576
0.039459
0.039136
0.039316
0.040536
0.039721
0.040688
0.038287
0.040230
0.039911
0.040368
0.040459
0.040817
0.040369
0.040524
0.038879
0.039652
0.039781
0.040669
0.040703
0.040343
0.040359
0.040272
0.038585
0.039998
0.040441
0.041011
0.039566
0.039839
0.040150
0.040550
0.040735
0.038115
0.039889
0.039800
0.039872
0.039807
0.040248
0.039752
0.040670
0.038493
0.041040
0.040639
0.040580
0.041047
0.038266
0.039928
0.040722
0.041211
0.038861
0.040181
0.039998
0.040369
0.040748
0.040610
0.037537
0.039332
0.040286
0.040424
0.040790
0.040481
0.040966
0.040943
0.039260
0.040543
0.041070
0.039049
0.040220
0.041839
0.041047
0.039774
0.040390
0.040552
0.040691
0.040972
0.040641
0.040655
0.052524
0.049526
0.048448
0.047305
0.042225
0.041573
0.041630
0.042653
0.041939
0.042060
0.042166
0.040780
0.039935
0.039722
0.040514
0.040072
0.038022
0.039805
0.040978
0.038202
0.040153
0.040597
0.040469
0.040367
0.038217
0.040299
0.040730
0.040197
0.038985
0.040044
0.039864
0.038402
0.041249
0.040451
0.040106
0.038020
0.040277
0.040096
0.040605
0.038038
0.040315
0.039789
0.039566
0.039774
0.040023
0.039885
0.038126
0.039438
0.039642
0.039704
0.040213
0.040486
0.039321
0.039813
0.039953
0.039573
0.039145
0.040020
0.038698
0.037749
0.038995
0.038841
0.039214
0.039631
0.039492
0.038707
0.039432
0.038639
0.039144
0.040116
0.039727
0.039663
0.039205
0.039440
0.039788
0.039569
0.040490
0.039646
0.039957
0.040101
0.040131
0.039996
0.040105
0.037716
0.039432
0.039337
0.039886
0.037955
0.039450
0.038124
0.038483
0.039472
0.039563
0.038839
0.039250
0.039424
0.039265
0.039312
0.039388
0.039111
0.039740
0.039529
0.039526
0.039534
0.038858
0.037097
0.037772
0.038663
0.037740
0.038484
0.037209
0.038496
0.038456
0.038677
0.038111
0.039127
0.038890
0.039392
0.037578
0.038742
0.039057
0.039059
0.038653
0.037414
0.038527
0.045197
0.049926
0.049076
0.045126
0.047567
0.046465
0.045506
0.044652
0.041373
0.042023
0.041337
0.040629
0.042143
0.041515
0.040519
0.041656
0.043042
0.041179
0.039124
0.040067
0.037850
0.038616
0.038170
0.039965
0.039748
0.040148
0.040322
0.038145
0.039792
0.039280
0.041827
0.040789
0.042102
0.040825
0.040738
0.041218
0.040983
0.040811
0.041375
0.041318
0.041380
0.041625
0.039965
0.040839
0.040780
0.041764
0.039703
0.040392
0.041692
0.040550
0.041033
0.040997
0.039645
0.040373
0.040131
0.040246
0.040588
0.041001
0.039215
0.040269
0.040672
0.039746
0.040437
0.040437
0.039704
0.040627
0.038891
0.039656
0.038393
0.040450
0.040145
0.041225
0.040401
0.040234
0.038698
0.038966
0.039141
0.040104
0.039820
0.040244
0.039803
0.040229
0.040116
0.040294
0.040107
0.039889
0.040298
0.040636
0.039359
0.038605
0.038831
0.041043
0.040477
0.040029
0.041709
0.040652
0.039097
0.040403
0.038869
0.038526
0.040104
0.039769
0.039590
0.040105
0.040142
0.039866
0.040107
0.039282
0.040235
0.040059
0.040659
0.040326
0.038482
0.039641
0.040241
0.038241
0.040095
0.037753
0.039873
0.038254
0.039559
0.039458
0.039731
0.039612
0.052583
0.049200
0.047499
0.043587
0.044522
0.045547
0.044336
0.043036
0.043623
0.043490
0.043068
0.042883
0.042104
0.042071
0.041931
0.040612
0.041607
0.041346
0.041012
0.041929
0.039461
0.040583
0.041375
0.040744
0.041795
0.041244
0.041814
0.041479
0.041698
0.041500
0.040825
0.042599
0.039610
0.041124
0.039815
0.039053
0.040018
0.039378
0.040078
0.040077
0.039788
0.041799
0.040439
0.040671
0.040410
0.040636
0.040480
0.038689
0.039093
0.038392
0.042469
0.040435
0.039703
0.040120
0.039458
0.039732
0.039027
0.040892
0.040169
0.040838
0.040213
0.040381
0.039017
0.040263
0.039520
0.038594
0.039245
0.041145
0.039982
0.039393
0.038793
0.040248
0.039648
0.040622
0.040721
0.040463
0.041049
0.041434
0.040878
0.041081
0.041092
0.040176
0.040683
0.040577
0.041381
0.040184
0.040999
0.041674
0.040657
0.040744
0.038454
0.040745
0.039724
0.038466
0.040428
0.040742
0.040523
0.038598
0.040782
0.040724
0.040446
0.039470
0.040321
0.039138
0.040339
0.039663
0.040529
0.040439
0.038555
0.040303
0.040016
0.040375
0.038584
0.038469
0.040187
0.038344
0.039580
0.039987
0.040322
0.040403
0.039172
0.040858
0.049847
0.050428
0.048031
0.043988
0.046409
0.044929
0.045425
0.044350
0.043489
0.042806
0.043384
0.043357
0.043563
0.043826
0.042608
0.042345
0.041897
0.041992
0.041656
0.041670
0.041496
0.041338
0.041737
0.041608
0.041806
0.041343
0.041121
0.041219
0.041365
0.042758
0.041701
0.043039
0.041790
0.041110
0.040122
0.038150
0.040282
0.039386
0.039532
0.039355
0.039499
0.039736
0.040341
0.040136
0.039719
0.040309
0.039779
0.039700
0.039879
0.040472
0.040127
0.040303
0.040441
0.040687
0.040136
0.040088
0.039716
0.039788
0.039176
0.039490
0.040431
0.040315
0.042853
0.043507
0.040779
0.038665
0.039839
0.040986
0.040345
0.041439
0.040867
0.040451
0.038318
0.039835
0.039938
0.039960
0.040068
0.040050
0.039935
0.040469
0.041305
0.040412
0.040212
0.040307
0.040227
0.040727
0.038581
0.039849
0.039798
0.040058
0.040327
0.040585
0.041154
0.040529
0.039774
0.040585
0.041137
0.040197
0.040573
0.039155
0.040554
0.039926
0.039800
0.040351
0.039589
0.039929
0.040307
0.039907
0.040006
0.040161
0.040495
0.040254
0.040256
0.040249
0.039289
0.039997
0.040414
0.040090
0.040051
0.038811
0.039886
0.039819
0.049931
0.050945
0.048680
0.046967
0.048309
0.045852
0.041104
0.042195
0.042254
0.042322
0.042171
0.042076
0.042143
0.041926
0.041738
0.041795
0.041801
0.038702
0.040517
0.040901
0.041879
0.041149
0.041069
0.041038
0.041168
0.041453
0.041146
0.040469
0.041029
0.040325
0.041050
0.041763
0.040543
0.040593
0.040026
0.040288
0.040187
0.040070
0.040659
0.038348
0.039251
0.040579
0.039501
0.040292
0.040014
0.040642
0.040072
0.040190
0.040176
0.040325
0.038387
0.039195
0.038714
0.040150
0.039550
0.040000
0.040070
0.040488
0.040254
0.040439
0.038600
0.039208
0.040055
0.039702
0.040047
0.040860
0.038461
0.040205
0.040660
0.040814
0.040503
0.040193
0.040440
0.040673
0.040857
0.039959
0.038010
0.040153
0.039908
0.040259
0.040650
0.039413
0.039403
0.040232
0.039831
0.040098
0.040180
0.040417
0.040390
0.040329
0.040688
0.040747
0.040698
0.040280
0.039744
0.040360
0.040008
0.039484
0.037744
0.039294
0.039752
0.039922
0.039604
0.039749
0.039536
0.039928
0.039590
0.039545
0.039965
0.039687
0.039709
0.037585
0.039322
0.039284
0.039849
0.039844
0.040384
0.039972
0.039461
0.040108
0.039397
0.040233
0.040320
0.048381
0.048858
0.048648
0.046270
0.047550
0.046678
0.044035
0.043871
0.042550
0.042721
0.042550
0.042943
0.042853
0.042091
0.042978
0.043336
0.042492
0.043421
0.041945
0.041968
0.042834
0.041780
0.042182
0.041802
0.041973
0.041973
0.042142
0.041974
0.042335
0.043216
0.042519
0.043691
0.043469
0.042618
0.042954
0.042851
0.042666
0.041609
0.041742
0.042089
0.042080
0.042891
0.039251
0.041332
0.041971
0.040487
0.041343
0.040771
0.042192
0.040020
0.040243
0.041141
0.041271
0.039535
0.041027
0.041260
0.042054
0.040584
0.041293
0.041255
0.039298
0.040533
0.040172
0.040346
0.038884
0.040082
0.040358
0.040073
0.040966
0.039996
0.040027
0.040226
0.040271
0.041355
0.040631
0.040805
0.040151
0.040435
0.038731
0.039735
0.040270
0.040184
0.040237
0.041023
0.040678
0.038806
0.040598
0.040048
0.040699
0.040489
0.040603
0.040479
0.040569
0.041270
0.040109
0.040663
0.039924
0.040536
0.040813
0.040019
0.040979
0.040662
0.040408
0.040057
0.040548
0.039361
0.040351
0.039793
0.038085
0.037548
0.038962
0.039300
0.039799
0.039242
0.039536
0.039470
0.039735
0.040273
0.039861
0.039591
0.039720
0.048314
0.049366
0.049742
0.047668
0.050671
0.048082
0.046611
0.046694
0.046144
0.046149
0.045411
0.044717
0.043096
0.042494
0.041251
0.039356
0.040688
0.039827
0.040060
0.041107
0.041723
0.040749
0.040980
0.041556
0.041763
0.040889
0.041077
0.041154
0.041538
0.041240
0.038642
0.041920
0.041343
0.040863
0.038457
0.040033
0.040060
0.040816
0.039826
0.040176
0.038779
0.039178
0.040127
0.040667
0.039805
0.040942
0.040197
0.040495
0.039118
0.039138
0.038827
0.039864
0.039860
0.040705
0.040362
0.040562
0.040100
0.040045
0.038853
0.040120
0.039728
0.040080
0.040101
0.040984
0.040187
0.040636
0.040393
0.041484
0.039160
0.038634
0.039192
0.040088
0.040040
0.038895
0.040923
0.040416
0.040888
0.040160
0.040987
0.038294
0.039375
0.040159
0.039790
0.039492
0.039692
0.038657
0.039787
0.039593
0.039321
0.038404
0.039606
0.040333
0.040225
0.039615
0.040113
0.040646
0.041360
0.037772
0.039467
0.039740
0.040015
0.039972
0.040162
0.040168
0.040084
0.039986
0.041058
0.040336
0.040351
0.040789
0.040453
0.040687
0.040856
0.038852
0.039837
0.039697
0.040194
0.040363
0.039374
0.039906
0.041043
0.041035
0.046988
0.050442
0.049152
0.041516
0.044037
0.044008
0.043195
0.042229
0.039762
0.041316
0.039818
0.041684
0.040967
0.041095
0.041495
0.041158
0.038686
0.040154
0.040407
0.040566
0.040292
0.040399
0.040715
0.040842
0.040805
0.040425
0.040542
0.040919
0.038245
0.039830
0.041219
0.040403
0.040713
0.040402
0.040079
0.038118
0.039401
0.038269
0.038570
0.039844
0.039386
0.039392
0.039571
0.037423
0.039004
0.039122
0.038618
0.038592
0.039824
0.039572
0.040205
0.040239
0.039761
0.039865
0.040138
0.039960
0.039918
0.039866
0.040051
0.039506
0.040374
0.040080
0.039852
0.040080
0.038555
0.039256
0.039701
0.039559
0.039677
0.039599
0.039973
0.040219
0.040951
0.041675
0.040696
0.039555
0.041038
0.039665
0.040446
0.040384
0.040659
0.040220
0.040642
0.039205
0.040149
0.038963
0.040204
0.039677
0.040368
0.040600
0.039094
0.040383
0.040620
0.040651
0.038707
0.041904
0.039977
0.040434
0.041143
0.040570
0.040492
0.041261
0.040685
0.040682
0.040644
0.038589
0.038709
0.039762
0.038877
0.040066
0.040345
0.040361
0.040251
0.041095
0.040703
0.040904
0.040664
0.040658
0.040376
0.040242
0.040420
0.040938
0.040622
0.040606
0.049486
0.049645
0.048704
0.045649
0.045172
0.041884
0.041387
0.041697
0.042201
0.040433
0.041153
0.041492
0.040490
0.038619
0.040085
0.040434
0.039210
0.040046
