0.224618
0.261872
0.263107
0.262691
0.264649
0.264155
0.266474
0.264650
0.264058
0.264284
0.266324
0.265021
0.264834
0.265334
0.262987
0.281090
0.279707
0.277208
0.272913
0.272161
0.271320
0.269902
0.269964
0.263815
0.269881
0.271997
0.269465
0.268452
0.267672
0.269885
0.265242
0.265335
0.267957
0.279900
0.279645
0.278612
0.278038
0.276093
0.275452
0.274607
0.274719
0.273990
0.274278
0.274726
0.274127
0.273637
0.272480
0.272528
0.271711
0.272005
0.271689
0.277561
0.283949
0.280568
0.279300
0.276658
0.276506
0.275682
0.272906
0.273519
0.272526
0.272141
0.273215
0.271305
0.271221
0.272214
0.272111
0.271145
0.270473
0.268627
0.286583
0.281290
0.276362
0.276556
0.270072
0.262442
0.271798
0.271650
0.267178
0.268760
0.271511
0.269179
0.266705
0.268353
0.269536
0.268217
0.268339
0.266780
0.283051
0.285742
0.283670
0.277462
0.273910
0.276490
0.274618
0.274406
0.272088
0.267628
0.268268
0.270433
0.269467
0.268947
0.270318
0.270763
0.270217
0.270879
0.275843
0.282732
0.280107
0.277032
0.277250
0.274775
0.275439
0.273660
0.275594
0.273402
0.272588
0.273213
0.271842
0.272931
0.273375
0.273786
0.272389
0.270613
0.275324
0.287367
0.283669
0.280225
0.276319
0.274124
0.272977
0.272331
0.274255
0.271798
0.276118
0.277579
0.274682
0.274264
0.272348
0.273607
0.272127
0.270996
0.272069
0.288280
0.281016
0.271020
0.275974
0.272567
0.273133
0.272943
0.273243
0.270609
0.270941
0.271220
0.272673
0.269997
0.269658
0.269142
0.268778
0.268385
0.268468
0.281715
0.284665
0.279570
0.278166
0.278525
0.277977
0.276429
0.276480
0.274307
0.273736
0.273427
0.268727
0.270802
0.266786
0.269286
0.272587
0.270061
0.269788
0.277476
0.287187
0.281268
0.277997
0.276334
0.275454
0.274059
0.272604
0.274969
0.272922
0.272790
0.271639
0.270168
0.270602
0.269628
0.269527
0.269465
0.268956
0.273691
0.285896
0.281513
0.280728
0.275684
0.272088
0.272343
0.271577
0.271072
0.269414
0.268936
0.268221
0.269524
0.268040
0.268126
0.267920
0.268786
0.267301
0.267507
0.284019
0.283458
0.281021
0.275741
0.277876
0.277944
0.276923
0.275906
0.277184
0.275208
0.269152
0.271725
0.270906
0.271681
0.271050
0.272135
0.271348
0.271400
0.280261
0.281843
0.277495
0.276629
0.276152
0.275553
0.275218
0.274535
0.276164
0.275953
0.277875
0.277104
0.276618
0.274737
0.274639
0.275725
0.273071
0.272836
0.284694
0.286715
0.279002
0.276640
0.270879
0.274961
0.272726
0.272596
0.273850
0.272910
0.272723
0.273838
0.274281
0.272466
0.272043
0.271931
0.273087
0.272576
0.280040
0.286823
0.282333
0.279269
0.277591
0.278193
0.276039
0.274263
0.274925
0.275061
0.272914
0.272900
0.273472
0.271721
0.271820
0.271840
0.272097
0.270678
0.275553
0.284409
0.281112
0.272706
0.272805
0.273488
0.271577
0.269090
0.267612
0.271666
0.271032
0.271221
0.271157
0.272204
0.269915
0.270807
0.272352
0.271504
0.271413
0.282832
0.279861
0.276464
0.276003
0.274448
0.275289
0.273088
0.273050
0.274150
0.272386
0.267943
0.270486
0.271508
0.270028
0.270587
0.266822
0.271491
0.270050
0.280549
0.284143
0.279913
0.270941
0.272064
0.274703
0.273044
0.271428
0.269615
0.270532
0.269130
0.269153
0.269442
0.268929
0.269600
0.268973
0.270452
0.269878
0.273279
0.278932
0.277982
0.276312
0.275091
0.275864
0.276192
0.275040
0.275163
0.273999
0.275637
0.276108
0.274516
0.275634
0.274142
0.274528
0.273400
0.273753
0.273266
0.286100
0.280042
0.276673
0.277823
0.276662
0.274222
0.273287
0.272709
0.272632
0.274163
0.272290
0.272072
0.271835
0.270486
0.270557
0.270209
0.270108
0.270738
0.284002
0.283178
0.277354
0.276678
0.272795
0.274062
0.272344
0.271814
0.271233
0.273191
0.271657
0.271616
0.271695
0.273107
0.272031
0.271707
0.271431
0.271155
0.281203
0.280903
0.278655
0.276377
0.272958
0.274188
0.274298
0.273406
0.273112
0.272668
0.272140
0.272151
0.271561
0.272865
0.272137
0.271340
0.270320
0.272748
0.277793
0.285853
0.283208
0.280600
0.277231
0.270039
0.271385
0.270418
0.271132
0.270728
0.270459
0.271595
0.264655
0.266858
0.270478
0.269041
0.268661
0.269572
0.269941
0.288366
0.282973
0.281371
0.276664
0.276154
0.269668
0.273290
0.272137
0.270713
0.270587
0.269927
0.269203
0.268833
0.270706
0.268978
0.269328
0.268662
0.269664
0.282338
0.283504
0.283222
0.276724
0.275798
0.275563
0.275917
0.274623
0.273926
0.276629
0.279112
0.276689
0.275115
0.274561
0.272670
0.272459
0.267913
0.271451
0.281383
0.281386
0.278917
0.273056
0.269891
0.271246
0.269612
0.270378
0.269379
0.268780
0.271346
0.270013
0.269934
0.269070
0.270492
0.269242
0.268689
0.269086
0.275947
0.281415
0.279763
0.278235
0.275771
0.269481
0.268542
0.270803
0.268259
0.267553
0.267030
0.267459
0.267685
0.266871
0.266851
0.267171
0.267108
0.266724
0.265112
0.283239
0.280259
0.278639
0.277210
0.275830
0.274024
0.272856
0.273302
0.267411
0.269176
0.271162
0.271062
0.270021
0.268061
0.270210
0.268860
0.268908
0.268408
0.272503
0.273910
0.273163
0.273467
0.269387
0.273021
0.271944
0.272731
0.271187
0.270878
0.267107
0.272959
0.266440
0.268813
0.269711
0.270752
0.269839
0.270615
0.270442
0.284609
0.280610
0.276908
0.274348
0.271985
0.271558
0.264245
0.270157
0.269954
0.269264
0.268484
0.269321
0.268074
0.266597
0.268598
0.266406
0.266784
0.267694
0.280062
0.283449
0.275054
0.274306
0.273677
0.271190
0.270337
0.271228
0.268499
0.268378
0.274531
0.273851
0.270226
0.269051
0.269073
0.270397
0.268107
0.267531
0.268893
0.279748
0.275879
0.275020
0.274515
0.273556
0.271853
0.271782
0.273170
0.271049
0.270443
0.270743
0.271186
0.270546
0.269451
0.273934
0.279357
0.284594
0.283960
0.288705
0.282683
0.284977
0.278302
0.276608
0.276587
0.276812
0.285930
0.281404
0.277060
0.275927
0.276850
0.274576
0.274373
0.274466
0.272688
0.265852
0.266114
0.284034
0.277204
0.276462
0.274334
0.275177
0.273591
0.272337
0.272424
0.270910
0.270283
0.271090
0.272288
0.271343
0.267875
0.267411
0.270901
0.269324
0.269362
0.280141
0.280601
0.279017
0.276750
0.273823
0.273777
0.271510
0.270518
0.271851
0.264947
0.267016
0.266795
0.268854
0.266526
0.266844
0.268715
0.267129
0.267044
0.264299
0.287965
0.281549
0.277431
0.276647
0.278655
0.275576
0.275964
0.276635
0.274930
0.273697
0.270004
0.273875
0.271819
0.273070
0.272412
0.273386
0.272612
0.272185
0.287621
0.283485
0.281202
0.271793
0.274008
0.270734
0.270758
0.270655
0.268748
0.272333
0.270604
0.269979
0.270088
0.269604
0.267070
0.262631
0.268957
0.268457
0.273576
0.283220
0.278772
0.278112
0.277727
0.276227
0.274640
0.268669
0.270990
0.270133
0.269572
0.271758
0.272107
0.271077
0.270590
0.271112
0.272414
0.269774
0.275506
0.286426
0.282708
0.277198
0.276310
0.277113
0.275155
0.270036
0.273496
0.274608
0.273265
0.271963
0.274019
0.273279
0.273098
0.272332
0.273001
0.272025
0.269561
0.283319
0.282840
0.276911
0.275426
0.279121
0.276263
0.275356
0.274752
0.275047
0.273441
0.273422
0.273028
0.270823
0.269012
0.270677
0.272096
0.271571
0.271090
0.285291
0.280580
0.278477
0.276700
0.275825
0.277166
0.274373
0.274343
0.274426
0.273426
0.273539
0.273855
0.273689
0.273807
0.273507
0.273080
0.274413
0.273109
0.282248
0.286420
0.282858
0.282118
0.277284
0.278305
0.275616
0.262054
0.270117
0.271831
0.268428
0.270127
0.271387
0.270028
0.270087
0.270588
0.270663
0.270037
0.279656
0.279964
0.274968
0.273636
0.271206
0.276016
0.273740
0.269026
0.271729
0.273972
0.276383
0.275478
0.269906
0.271544
0.271552
0.271401
0.272757
0.271735
0.273845
0.282539
0.280642
0.277481
0.277408
0.276939
0.277200
0.275069
0.269438
0.270302
0.270387
0.268017
0.269889
0.271160
0.269702
0.269414
0.267300
0.270743
0.269326
0.284921
0.283582
0.283242
0.276293
0.275052
0.274473
0.273145
0.272669
0.272218
0.272622
0.271769
0.267959
0.269095
0.269032
0.265427
0.267917
0.268083
0.268030
0.280636
0.280855
0.278616
0.275547
0.275255
0.269130
0.270730
0.269850
0.269302
0.268781
0.268859
0.268426
0.262352
0.267804
0.266986
0.267845
0.267469
0.269438
0.267958
0.284769
0.280692
0.280820
0.275027
0.274647
0.275657
0.273937
0.273038
0.271468
0.266011
0.266505
0.266891
0.266523
0.267968
0.267026
0.267269
0.266954
0.267932
0.280461
0.281187
0.280659
0.275356
0.273593
0.271430
0.272788
0.267016
0.267095
0.266130
0.268786
0.267006
0.264310
0.267960
0.266713
0.266852
0.265486
0.267565
0.271656
0.280712
0.276476
0.275432
0.269918
0.269726
0.268562
0.269617
0.268026
0.266964
0.270747
0.272890
0.268231
0.267865
0.268382
0.267108
0.267164
0.267116
0.268729
0.280813
0.281058
0.275213
0.272919
0.272436
0.272488
0.267537
0.266923
0.266575
0.264770
0.267165
0.266698
0.265480
0.265429
0.266203
0.264914
0.265521
0.264925
0.269237
0.280687
0.275975
0.274414
0.272482
0.272342
0.272170
0.272133
0.270863
0.270255
0.269560
0.270631
0.266360
0.266667
0.267601
0.267463
0.266642
0.267034
0.267045
0.278446
0.275633
0.274471
0.273068
0.271430
0.271921
0.272237
0.272728
0.271342
0.269097
0.270663
0.268764
0.269206
0.269325
0.268836
0.268182
0.268115
0.263856
0.272910
0.279818
0.276170
0.275082
0.271668
0.271355
0.265687
0.268691
0.267264
0.266217
0.266359
0.268547
0.267532
0.266902
0.266442
0.267395
0.267723
0.267182
0.267835
0.279290
0.280799
0.276969
0.275547
0.273911
0.272455
0.271441
0.272773
0.273014
0.271685
0.271151
0.272089
0.270749
0.270028
0.271143
0.269806
0.269173
0.268477
0.274652
0.280839
0.276428
0.275762
0.275293
0.273673
0.272940
0.272492
0.271461
0.270231
0.273344
0.275480
0.273050
0.271865
0.271047
0.272617
0.270830
0.270828
0.271326
0.285586
0.280019
0.280688
0.278754
0.276922
0.275522
0.274474
0.274778
0.271559
0.271206
0.270178
0.265264
0.266382
0.266708
0.268088
0.266390
0.265921
0.265962
0.281215
0.280691
0.276267
0.274648
0.268055
0.270268
0.269589
0.269758
0.269567
0.269244
0.269434
0.270166
0.268360
0.268129
0.267917
0.270255
0.268088
0.267767
0.269114
0.282769
0.281402
0.281183
0.277580
0.270035
0.272256
0.271953
0.273804
0.271268
0.270899
0.271623
0.270891
0.270916
0.270511
0.271738
0.270050
0.269125
0.270061
0.285729
0.283285
0.281842
0.276536
0.276937
0.276402
0.275402
0.276380
0.274943
0.274252
0.268639
0.273691
0.272027
0.271225
0.271215
0.273063
0.271013
0.270791
0.283032
0.280556
0.278308
0.277378
0.278197
0.276780
0.275837
0.276540
0.275425
0.274999
0.274490
0.275283
0.274199
0.273814
0.273332
0.274386
0.273204
0.272866
0.281849
0.280386
0.278177
0.271478
0.271467
0.271436
0.271510
0.269566
0.271936
0.271633
0.274964
0.273168
0.273395
0.272202
0.270911
0.273631
0.271738
0.268031
0.278553
0.281542
0.278497
0.277250
0.276319
0.276825
0.274387
0.274610
0.274356
0.271762
0.267209
0.267730
0.268569
0.267656
0.267954
0.267567
0.268065
0.268903
0.268350
0.287644
0.284635
0.280301
0.271200
0.272084
0.272077
0.271818
0.268813
0.271370
0.270012
0.269802
0.270410
0.269925
0.269901
0.269416
0.270505
0.268922
0.268988
0.277898
0.281576
0.276455
0.275321
0.275456
0.275322
0.273336
0.272229
0.268713
0.267175
0.267587
0.267619
0.268190
0.267949
0.267009
0.266946
0.266639
0.266136
0.267651
0.281112
0.276720
0.268821
0.268869
0.270613
0.269313
0.268485
0.268149
0.269623
0.267611
0.267307
0.267951
0.264259
0.262674
0.263662
0.263647
0.265320
0.263265
0.274407
0.284624
0.281459
0.279212
0.275500
0.276181
0.274509
0.274385
0.274613
0.275268
0.273180
0.266443
0.270261
0.269503
0.268111
0.268850
0.270221
0.268888
0.277854
0.281568
0.279426
0.276749
0.275492
0.274398
0.273026
0.272424
0.272276
0.273130
0.277071
0.277085
0.276046
0.275711
0.269170
0.270118
0.271664
0.269701
0.269855
0.283979
0.279107
0.276563
0.275612
0.275168
0.275297
0.273552
0.267286
0.268712
0.269051
0.269594
0.269061
0.270968
0.269542
0.269046
0.269483
0.269835
0.268951
0.281518
0.280035
0.277704
0.275613
0.274331
0.274436
0.272567
0.271878
0.271630
0.271842
0.269503
0.269871
0.269165
0.270755
0.269784
0.263897
0.266647
0.266842
0.277859
0.278467
0.276512
0.274394
0.273031
0.272866
0.273839
0.271966
0.271374
0.271168
0.274259
0.273994
0.273666
0.269195
0.269229
0.267507
0.268719
0.269787
0.269222
0.278730
0.280277
0.276703
0.274775
0.275002
0.268344
0.269015
0.269923
0.270118
0.271247
0.269585
0.270405
0.269557
0.270431
0.269700
0.269070
0.270255
0.269214
0.280438
0.281679
0.271803
0.270230
0.270041
0.270534
0.272128
0.269278
0.270528
0.270188
0.270933
0.270492
0.269898
0.271415
0.270782
0.266617
0.269113
0.271525
0.273309
0.282301
0.276412
0.276762
0.268421
0.270816
0.270974
0.270339
0.270051
0.270050
0.270408
0.272143
0.269525
0.269985
0.272562
0.270427
0.268085
0.268424
0.264648
0.281716
0.282119
0.282483
0.276418
0.275704
0.275005
0.276434
0.274862
0.274672
0.272104
0.272936
0.272095
0.266172
0.269818
0.268721
0.268656
0.268306
0.269887
0.280090
0.282769
0.280607
0.274657
0.272725
0.272817
0.272490
0.270105
0.270758
0.269741
0.271585
0.271465
0.267016
0.267278
0.268903
0.268339
0.267716
0.268172
0.269231
0.286368
0.282156
0.272804
0.271236
0.271928
0.271822
0.272994
0.272153
0.268814
0.269411
0.271570
0.270599
0.269330
0.269925
0.269665
0.269354
0.268772
0.271059
0.282810
0.284807
0.281622
0.278819
0.276355
0.276083
0.269438
0.270252
0.270017
0.269390
0.267631
0.268855
0.267831
0.267195
0.269847
0.268837
0.268334
0.268314
0.280149
0.281169
0.278564
0.277162
0.275638
0.275360
0.274018
0.274183
0.273911
0.273868
0.273390
0.274921
0.273225
0.267085
0.270623
0.269925
0.268926
0.268501
0.271644
0.284527
0.277866
0.274987
0.275960
0.274271
0.272631
0.273648
0.272404
0.272388
0.274835
0.276084
0.273656
0.272698
0.270951
0.272049
0.270626
0.270744
0.269475
0.280391
0.283425
0.279421
0.277338
0.276789
0.275428
0.274870
0.275111
0.273263
0.272177
0.271257
0.271309
0.270296
0.271154
0.271634
0.270687
0.270789
0.270617
0.281415
0.279886
0.277953
0.277805
0.275830
0.275243
0.274486
0.274932
0.272928
0.273609
0.273233
0.274590
0.272663
0.271939
0.273327
0.272421
0.272214
0.272215
0.280086
0.276938
0.275978
0.274859
0.275721
0.272790
0.272265
0.272090
0.270302
0.269596
0.269748
0.270666
0.269066
0.268960
0.268922
0.269642
0.268384
0.268082
0.269312
0.283651
0.279368
0.276812
0.277040
0.275892
0.274839
0.274452
0.275341
0.273930
0.272664
0.273138
0.274186
0.272807
0.272759
0.274269
0.272680
0.273396
0.272170
0.278904
0.276813
0.269728
0.270766
0.272544
0.271323
0.270522
0.270950
0.270017
0.269945
0.269146
0.267159
0.267259
0.268028
0.267720
0.269281
0.268211
0.268018
0.275361
0.277283
0.273945
0.272776
0.273668
0.272537
0.271858
0.271078
0.262780
0.267153
0.275371
0.274159
0.273862
0.272023
0.271411
0.271878
0.269570
0.266157
0.264344
0.275012
0.275727
0.273221
0.273156
0.273827
0.265641
0.268820
0.268091
0.270002
0.268460
0.268075
0.270665
0.269139
0.268896
0.268576
0.270618
0.269184
0.268322
0.275798
0.282591
0.281436
0.279551
0.277012
0.275951
0.275010
0.274196
0.274405
0.273564
0.271527
0.271265
0.273554
0.271558
0.271856
0.272451
0.271057
0.270743
0.275709
0.286922
0.279698
0.276531
0.275624
0.275766
0.269093
0.270381
0.271540
0.270799
0.271209
0.268069
0.269386
0.267440
0.267075
0.266835
0.266510
0.266118
0.265854
0.278296
0.277983
0.271832
0.271140
0.272044
0.271568
0.271390
0.271596
0.273030
0.271474
0.267526
0.267667
0.268172
0.262647
0.266666
0.267413
0.268751
0.267511
0.275764
0.283541
0.280870
0.279257
0.275069
0.274485
0.272139
0.270676
0.270352
0.265774
0.267782
0.267512
0.267612
0.267084
0.268584
0.267937
0.268533
0.267512
0.267360
0.280391
0.277346
0.275052
0.274670
0.274103
0.275039
0.272989
0.272425
0.273691
0.273258
0.275441
0.274576
0.273552
0.271126
0.271316
0.271348
0.272687
0.271381
0.278512
0.279924
0.275813
0.271106
0.271939
0.272689
0.271354
0.270867
0.271107
0.271872
0.270275
0.270341
0.270140
0.269126
0.268757
0.268680
0.268137
0.267913
0.274254
0.279079
0.278815
0.273762
0.271616
0.271638
0.273425
0.271000
0.270699
0.269527
0.269139
0.269291
0.269698
0.270649
0.268674
0.269198
0.269522
0.270365
0.269199
0.283935
0.284163
0.278414
0.275557
0.274369
0.273696
0.271222
0.270778
0.270962
0.272106
0.270179
0.270300
0.270988
0.269268
0.268371
0.263918
0.269611
0.267770
0.277635
0.274474
0.274646
0.272322
0.271709
0.272047
0.272132
0.270738
0.271551
0.271215
0.269579
0.269850
0.269372
0.271217
0.269363
0.269091
0.268776
0.266582
0.267859
0.287269
0.283524
0.281025
0.276889
0.275393
0.275216
0.273352
0.274027
0.273668
0.274413
0.272724
0.272771
0.273113
0.272673
0.272147
0.271296
0.266115
0.266022
0.283942
0.285043
0.279663
0.277901
0.276642
0.278101
0.277017
0.276658
0.275927
0.277185
0.277032
0.273967
0.272982
0.274035
0.272883
0.272716
0.272893
0.272324
0.283968
0.281232
0.279270
0.276841
0.276542
0.276181
0.274615
0.272258
0.273109
0.272603
0.271654
0.266313
0.269965
0.271673
0.269709
0.269154
0.269855
0.270864
0.278099
0.286271
0.283792
0.277342
0.275855
0.275097
0.275896
0.273935
0.274661
0.272829
0.273038
0.274310
0.273013
0.273360
0.272073
0.271494
0.271128
0.265858
0.277227
0.283919
0.278724
0.278949
0.277188
0.277056
0.272487
0.271297
0.272428
0.272191
0.273964
0.272613
0.269449
0.271378
0.272915
0.271403
0.271570
0.271036
0.273598
0.288912
0.282770
0.279688
0.277283
0.277972
0.278188
0.273858
0.273861
0.273242
0.270787
0.273749
0.272295
0.270991
0.272555
0.270815
0.270927
0.270924
0.271645
0.285649
0.280592
0.278290
0.279834
0.276163
0.274284
0.275111
0.271165
0.266852
0.270048
0.272768
0.271822
0.268490
0.271141
0.269855
0.269325
0.268912
0.269797
0.276605
0.284461
0.275671
0.274701
0.272531
0.271630
0.271225
0.272592
0.272028
0.271834
0.278217
0.275676
0.273966
0.274054
0.274890
0.273466
0.273240
0.273153
0.278659
0.282562
0.276926
0.277533
0.277093
0.276252
0.275506
0.275674
0.273989
0.272538
0.272576
0.274061
0.273072
0.272580
0.269030
0.270031
0.269659
0.269653
0.273325
0.286961
0.281650
0.279018
0.278976
0.277466
0.276887
0.277103
0.274741
0.272371
0.271219
0.273867
0.272433
0.271246
0.271884
0.272822
0.271825
0.266525
0.268715
0.285996
0.280918
0.277561
0.277990
0.275928
0.274498
0.273877
0.275284
0.273785
0.273242
0.274247
0.273755
0.272234
0.272030
0.267202
0.268612
0.268655
0.268620
0.282056
0.285756
0.281018
0.279484
0.270669
0.272017
0.265587
0.272933
0.270803
0.272401
0.272051
0.272030
0.269618
0.269730
0.269529
0.273108
0.271337
0.271155
0.277596
0.285739
0.282567
0.279865
0.272255
0.270373
0.271211
0.270416
0.273247
0.271230
0.270073
0.272369
0.271247
0.270816
0.271150
0.271222
0.270240
0.269574
0.271356
0.289288
0.284278
0.275786
0.273023
0.269121
0.269576
0.270187
