0.039402
0.032210
0.034362
0.034391
0.034463
0.034149
0.035109
0.035199
0.034599
0.035189
0.033948
0.033121
0.034142
0.034823
0.033633
0.034171
0.033678
0.033774
0.034818
0.033895
0.032182
0.035188
0.034832
0.039772
0.034670
0.034182
0.034221
0.034186
0.034078
0.034082
0.033959
0.033924
0.033820
0.033543
0.033606
0.033274
0.033458
0.033470
0.033923
0.033771
0.033685
0.033842
0.039571
0.033874
0.034393
0.034328
0.034613
0.034701
0.034254
0.035226
0.033024
0.033163
0.033646
0.034724
0.033194
0.035567
0.035987
0.035398
0.077811
0.024790
0.025793
0.022142
0.028393
0.026457
0.027548
0.020276
0.033692
0.027067
0.020018
0.021390
0.021194
0.020109
0.019999
0.020057
0.019773
0.019801
0.020611
0.019858
0.019802
0.019872
0.019677
0.020284
0.019926
0.022587
0.019748
0.019500
0.020487
0.019841
0.020736
0.020070
0.019674
0.019810
0.019572
0.019717
0.020352
0.019875
0.019783
0.019421
0.019343
0.019325
0.019525
0.019218
0.019552
0.019406
0.020461
0.019795
0.019925
0.019566
0.020297
0.019700
0.019700
0.019882
0.019830
0.019398
0.018810
0.020055
0.019341
0.019584
0.020277
0.019579
0.020270
0.019630
0.019795
0.019935
0.019826
0.020737
0.019453
0.018861
0.019264
0.019692
0.019643
0.019513
0.019510
0.020009
0.019450
0.020023
0.019742
0.020051
0.019894
0.019984
0.020712
0.020044
0.020214
0.020027
0.019643
0.019861
0.020226
0.020022
0.020410
0.020631
0.019863
0.019636
0.020043
0.019274
0.021808
0.025030
0.021311
0.021721
0.021030
0.020766
0.020419
0.021834
0.024818
0.020687
0.020739
0.021516
0.021420
0.020946
0.021294
0.021488
0.020525
0.021269
0.026626
0.022962
0.026094
0.027705
0.026898
0.030417
0.022661
0.026737
0.025335
0.025688
0.022310
0.026780
0.025777
0.028972
0.025009
0.021670
0.027119
0.027408
0.021684
0.027192
0.027676
0.019735
0.025220
0.026631
0.025421
0.019588
0.031976
0.020100
0.026358
0.025045
0.021300
0.021864
0.025399
0.026481
0.020638
0.031238
0.020929
0.031813
0.021704
0.026548
0.024191
0.019528
0.019595
0.019900
0.019497
0.020149
0.019633
0.022687
0.020674
0.020367
0.020051
0.020541
0.020247
0.019417
0.019427
0.019483
0.023839
0.019926
0.018885
0.019688
0.020142
0.020113
0.020398
0.021071
0.020754
0.019750
0.024611
0.019397
0.019131
0.047636
0.021803
0.020088
0.020529
0.019882
0.019993
0.020771
0.025031
0.020731
0.020328
0.020972
0.020047
0.020822
0.019500
0.020800
0.020113
0.020545
0.021455
0.023550
0.021708
0.020758
0.021501
0.021462
0.020922
0.020575
0.021124
0.021612
0.026703
0.026603
0.022455
0.027081
0.029558
0.022752
0.023786
0.020284
0.020921
0.020865
0.021140
0.023979
0.020947
0.025235
0.021409
0.021648
0.025767
0.022257
0.020603
0.021076
0.021791
0.021279
0.021306
0.021181
0.027058
0.021741
0.026181
0.022255
0.025845
0.021310
0.020940
0.021161
0.021811
0.020804
0.020232
0.020396
0.020851
0.020025
0.020730
0.020892
0.020866
0.020454
0.020180
0.019531
0.020379
0.020883
0.021169
0.019565
0.020145
0.019783
0.021423
0.021329
0.021024
0.021323
0.020781
0.020622
0.021572
0.021287
0.020691
0.020977
0.021290
0.021485
0.020732
0.020458
0.020919
0.021024
0.020367
0.021499
0.021575
0.020695
0.020873
0.020022
0.020311
0.021006
0.021174
0.020169
0.020797
0.020674
0.020321
0.020289
0.021153
0.021286
0.021153
0.020084
0.021329
0.020933
0.020925
0.020062
0.020929
0.021419
0.026773
0.029755
0.028522
0.028488
0.022231
0.027322
0.021418
0.021184
0.021593
0.021826
0.021931
0.021134
0.021418
0.022004
0.021990
0.022075
0.021642
0.021529
0.021665
0.021861
0.021801
0.023149
0.026113
0.021866
0.026067
0.025444
0.021872
0.024716
0.023346
0.022380
0.028510
0.022717
0.022817
0.022715
0.025721
0.023249
0.022408
0.022680
0.022660
0.023464
0.022916
0.022816
0.023352
0.022315
0.025851
0.023472
0.022778
0.025699
0.021964
0.022523
0.021741
0.026243
0.022581
0.022819
0.022396
0.022573
0.021676
0.021953
0.022087
0.022125
0.024527
0.022919
0.021499
0.021936
0.026230
0.022178
0.022408
0.022048
0.022502
0.022290
0.022352
0.022146
0.022826
0.022229
0.022108
0.021961
0.022587
0.023006
0.023008
0.021921
0.025593
0.025317
0.022922
0.027595
0.024242
0.024427
0.023919
0.024104
0.027108
0.024508
0.023875
0.023867
0.023709
0.024062
0.024094
0.024177
0.024133
0.023936
0.023974
0.024258
0.023762
0.023874
0.023572
0.024200
0.024127
0.023711
0.023918
0.022201
0.023928
0.024066
0.023874
0.023442
0.023913
0.026624
0.023984
0.023686
0.023897
0.023483
0.024009
0.023707
0.023927
0.023716
0.025954
0.023938
0.024475
0.023308
0.023849
0.023632
0.024145
0.023678
0.024117
0.023905
0.024810
0.023769
0.024109
0.023727
0.024246
0.023649
0.024096
0.023701
0.024001
0.023597
0.025343
0.027836
0.027016
0.027027
0.027462
0.024174
0.024925
0.028992
0.023000
0.024704
0.023145
0.022712
0.022678
0.022531
0.023827
0.022481
0.022524
0.022914
0.024269
0.024974
0.024345
0.023761
0.023990
0.023517
0.024166
0.024633
0.023788
0.024127
0.025078
0.024743
0.025145
0.025409
0.025189
0.025190
0.024930
0.024440
0.025233
0.024076
0.024319
0.024142
0.024283
0.024153
0.023587
0.024102
0.024172
0.023635
0.023447
0.024160
0.024445
0.026798
0.027687
0.022448
0.022449
0.023851
0.023281
0.023579
0.023078
0.024431
0.022710
0.022924
0.022507
0.022773
0.023976
0.023825
0.024182
0.023491
0.022972
0.023408
0.023535
0.023496
0.022567
0.027573
0.022537
0.022322
0.022249
0.022397
0.023820
0.023679
0.024222
0.024106
0.024558
0.024539
0.024748
0.025263
0.024637
0.025125
0.024913
0.025121
0.025257
0.025097
0.024422
0.024327
0.022828
0.022756
0.023410
0.023529
0.023646
0.022767
0.022827
0.022787
0.023813
0.023234
0.022239
0.022889
0.023552
0.023190
0.027007
0.022163
0.021989
0.022436
0.023269
0.026101
0.029119
0.025813
0.024100
0.024794
0.024284
0.024943
0.024460
0.024777
0.024533
0.024587
0.024024
0.023974
0.024665
0.023603
0.024132
0.023706
0.023439
0.023307
0.023695
0.023881
0.023584
0.023970
0.024103
0.023455
0.024295
0.023453
0.023465
0.023846
0.024253
0.023805
0.024203
0.023835
0.024188
0.023769
0.023923
0.023564
0.023983
0.024405
0.023747
0.023841
0.024122
0.024260
0.024210
0.023667
0.023767
0.027503
0.031102
0.025101
0.026147
0.024059
0.024147
0.024053
0.024106
0.024194
0.024689
0.025760
0.028582
0.026754
0.026211
0.025464
0.027803
0.026926
0.026796
0.026720
0.026040
0.026407
0.025551
0.026175
0.026595
0.026765
0.027513
0.025586
0.025688
0.026542
0.025688
0.027082
0.026355
0.028450
0.023206
0.022917
0.022532
0.022988
0.022636
0.023004
0.022868
0.022964
0.022468
0.022652
0.022552
0.022215
0.022771
0.023065
0.022904
0.022804
0.022898
0.024502
0.023591
0.031591
0.027251
0.023829
0.023423
0.024306
0.024241
0.027786
0.023423
0.023863
0.023436
0.023616
0.023403
0.024071
0.023351
0.023780
0.024957
0.024167
0.023724
0.025174
0.023769
0.024428
0.022995
0.022671
0.024041
0.025853
0.025125
0.025677
0.025495
0.026131
0.025681
0.025651
0.026008
0.024270
0.024311
0.026217
0.025190
0.023393
0.021400
0.021956
0.021728
0.022897
0.023016
0.024315
0.021974
0.022913
0.023256
0.024096
0.022429
0.021779
0.023490
0.022640
0.023651
0.024271
0.023485
0.022970
0.022969
0.023264
0.023510
0.023659
0.023358
0.022367
0.023835
0.022826
0.024136
0.023145
0.022797
0.023452
0.027571
0.022786
0.022887
0.023603
0.022513
0.024149
0.029640
0.025689
0.025902
0.025907
0.026137
0.025628
0.025207
0.028421
0.024713
0.025919
0.021839
0.026563
0.025887
0.025706
0.026333
0.025712
0.025543
0.026769
0.025189
0.021984
0.022146
0.021462
0.021331
0.022470
0.022104
0.022258
0.023057
0.022414
0.022034
0.023749
0.022185
0.021828
0.021253
0.022646
0.021411
0.022447
0.021251
0.022378
0.022468
0.022672
0.021597
0.022018
0.021422
0.026106
0.022889
0.023457
0.021015
0.020849
0.021082
0.020752
0.020955
0.020967
0.020997
0.021047
0.021186
0.021264
0.021184
0.020936
0.021712
0.020837
0.020972
0.021240
0.020921
0.020953
0.025026
0.021282
0.021278
0.021281
0.021454
0.021452
0.021235
0.024247
0.021455
0.021190
0.021076
0.021147
0.021066
0.021022
0.021222
0.021040
0.021299
0.021142
0.021649
0.021643
0.021754
0.021442
0.021442
0.021426
0.021092
0.021380
0.021498
0.020969
0.021251
0.020916
0.021184
0.021198
0.020887
0.020880
0.020893
0.021403
0.021246
0.021376
0.021182
0.021074
0.020826
0.021299
0.021015
0.021005
0.020902
0.021454
0.021188
0.021000
0.021056
0.021436
0.021430
0.023819
0.021441
0.021227
0.020862
0.020974
0.021014
0.021131
0.025660
0.023310
0.024483
0.021362
0.023486
0.022958
0.022470
0.023627
0.023451
0.023643
0.023574
0.023838
0.026321
0.023514
0.023607
0.024319
0.024061
0.023941
0.023913
0.022363
0.026821
0.027944
0.026540
0.022760
0.024606
0.023477
0.022442
0.021928
0.026883
0.021956
0.021736
0.022136
0.022006
0.022454
0.022644
0.022879
0.021301
0.021498
0.021957
0.021553
0.022630
0.022533
0.022007
0.022925
0.025803
0.023571
0.024407
0.024436
0.023505
0.023666
0.023748
0.023940
0.025566
0.028956
0.030474
0.033889
0.030711
0.030638
0.030370
0.027611
0.026756
0.028224
0.027216
0.026748
0.027125
0.027468
0.029549
0.026803
0.027030
0.026138
0.026916
0.026787
0.026342
0.027877
0.026759
0.027338
0.031557
0.028044
0.028318
0.028458
0.027994
0.028407
0.027329
0.031502
0.027771
0.028185
0.027716
0.027826
0.027990
0.027886
0.028207
0.028665
0.059762
0.024479
0.022889
0.023849
0.023359
0.023386
0.024323
0.023157
0.023260
0.023610
0.023423
0.023864
0.023480
0.023661
0.023113
0.023938
0.024606
0.023906
0.023759
0.023516
0.023718
0.024453
0.024574
0.024225
0.023971
0.024017
0.023481
0.025210
0.023666
0.023870
0.023110
0.024288
0.023520
0.023311
0.024205
0.024624
0.023877
0.023883
0.023471
0.024979
0.024109
0.023827
0.024643
0.024327
0.024168
0.024386
0.023723
0.023954
0.023702
0.024455
0.023686
0.023826
0.023587
0.022987
0.024390
0.023633
0.024033
0.024220
0.024472
0.024813
0.024329
0.024608
0.023938
0.024294
0.024204
0.024239
0.023907
0.024046
0.026188
0.023723
0.023401
0.023452
0.023477
0.024144
0.023839
0.023497
0.023530
0.023206
0.023270
0.023566
0.023467
0.024232
0.023580
0.023463
0.023303
0.023683
0.023917
0.023189
0.023367
0.023098
0.024298
0.023281
0.023884
0.024288
0.024212
0.023406
0.023415
0.023207
0.023487
0.023335
0.023440
0.022998
0.022743
0.023029
0.022869
0.022369
0.022638
0.022665
0.023025
0.022869
0.022658
0.023119
0.022904
0.023178
0.023115
0.022812
0.024310
0.023832
0.024667
0.023439
0.023792
0.024254
0.023194
0.023784
0.022843
0.023656
0.023482
0.023765
0.023315
0.030404
0.028613
0.030031
0.029651
0.029688
0.024492
0.029537
0.032273
0.024721
0.023418
0.026496
0.024677
0.026097
0.026874
0.024548
0.026221
0.024174
0.023469
0.023421
0.024990
0.024757
0.024220
0.024134
0.024413
0.025108
0.024968
0.024657
0.024482
0.025247
0.025672
0.024238
0.025477
0.025833
0.024288
0.024156
0.025024
0.025682
0.026149
0.025541
0.026617
0.026524
0.026090
0.025344
0.026184
0.025818
0.025636
0.024168
0.025343
0.027866
0.027036
0.024259
0.024779
0.023807
0.025947
0.025505
0.028993
0.025964
0.027570
0.025599
0.026354
0.027566
0.026365
0.027343
0.029680
0.028621
0.026883
0.027400
0.027266
0.028683
0.027268
0.027971
0.027777
0.028289
0.027603
0.028081
0.027372
0.028131
0.027268
0.027626
0.027446
0.027577
0.026998
0.028514
0.026967
0.028175
0.027554
0.027711
0.027472
0.027783
0.028202
0.027308
0.027990
0.027689
0.027570
0.027249
0.027649
0.027530
0.027313
0.026022
0.027249
0.025781
0.027551
0.026182
0.026886
0.025303
0.025322
0.025297
0.026784
0.026230
0.028263
0.026544
0.026833
0.030115
0.025961
0.028369
0.026057
0.026062
0.026844
0.027547
0.026142
0.027071
0.026681
0.026118
0.027743
0.027386
0.027239
0.027978
0.026588
0.026852
0.029755
0.025537
0.024759
0.025956
0.025162
0.024774
0.025530
0.025760
0.026666
0.027425
0.026345
0.027966
0.028122
0.027937
0.026960
0.026702
0.027612
0.027013
0.026894
0.026178
0.026570
0.025723
0.025358
0.025662
0.025011
0.025392
0.025125
0.025649
0.024180
0.025362
0.023798
0.025681
0.025678
0.025122
0.026569
0.026641
0.025134
0.026609
0.026820
0.027777
0.026307
0.027366
0.026764
0.026624
0.026713
0.026231
0.024879
0.025651
0.027258
0.027401
0.026922
0.027346
0.026897
0.026491
0.026382
0.026718
0.027237
0.027435
0.026784
0.029512
0.032251
0.032878
0.031346
0.026070
0.028846
0.024148
0.030126
0.030668
0.024165
0.024641
0.024626
0.023793
0.024395
0.023917
0.024595
0.023971
0.023765
0.024320
0.025261
0.024076
0.024104
0.023732
0.025527
0.023697
0.023761
0.024121
0.024060
0.023943
0.023811
0.024144
0.023817
0.023886
0.023932
0.023794
0.024183
0.023731
0.023955
0.023770
0.024018
0.023951
0.023874
0.024000
0.024403
0.025212
0.024254
0.024044
0.024244
0.024044
0.023874
0.023805
0.024165
0.023860
0.023731
0.022908
0.023313
0.023954
0.023581
0.023567
0.023903
0.023764
0.023867
0.024324
0.023788
0.023934
0.023327
0.023831
0.023832
0.023956
0.023943
0.023877
0.024048
0.023174
0.022963
0.022995
0.023866
0.023607
0.024313
0.023919
0.023624
0.023998
0.024036
0.023872
0.023674
0.023934
0.023920
0.023791
0.023328
0.023738
0.023946
0.023174
0.027730
0.023360
0.023340
0.023286
0.023110
0.023616
0.023319
0.023420
0.023608
0.023407
0.023044
0.023020
0.023109
0.023421
0.023115
0.023325
0.022982
0.023651
0.023341
0.023499
0.023172
0.023238
0.023489
0.023983
0.023296
0.025932
0.023816
0.023581
0.024308
0.023399
0.023321
0.023389
0.023106
0.023884
0.023964
0.023460
0.023427
0.023214
0.023005
0.023190
0.023123
0.023046
0.023354
0.023150
0.023291
0.022952
0.023323
0.023386
0.023198
0.023320
0.023186
0.022826
0.022882
0.023579
0.023089
0.022975
0.023197
0.023520
0.023360
0.022811
0.022917
0.023546
0.023521
0.023698
0.023287
0.023436
0.022668
0.022593
0.022743
0.022996
0.023258
0.023404
0.023085
0.023172
0.023171
0.023397
0.023402
0.023045
0.023270
0.023077
0.023387
0.023137
0.023081
0.023283
0.023219
0.023420
0.024118
0.024821
0.024616
0.024397
0.023549
0.024289
0.024466
0.024355
0.023515
0.024287
0.023798
0.023324
0.023583
0.023522
0.023249
0.023266
0.023174
0.023445
0.023194
0.023548
0.023786
0.023517
0.023823
0.024049
0.023095
0.023720
0.023807
0.023366
0.023793
0.023351
0.023188
0.023545
0.026187
0.028617
0.022751
0.025363
0.029654
0.028002
0.023285
0.022887
0.022262
0.023272
0.023461
0.020020
0.019559
0.019938
0.019625
0.018858
0.019215
0.019090
0.019053
0.019755
0.019327
0.019710
0.020228
0.020342
0.020012
0.019716
0.019844
0.019919
0.019694
0.019671
0.019218
0.020199
0.020266
0.020202
0.019926
0.019539
0.020065
0.023120
0.019093
0.019020
0.019294
0.019269
0.019852
0.020634
0.020290
0.020529
0.020819
0.020746
0.021057
0.020672
0.020543
0.020594
0.020621
0.020291
0.020594
0.020387
0.020786
0.020765
0.020313
0.020395
0.020365
0.020529
0.020088
0.020223
0.020414
0.020153
0.020074
0.020431
0.020242
0.020429
0.020287
0.020006
0.019998
0.020270
0.020008
0.019980
0.020086
0.020038
0.019302
0.019746
0.019683
0.020025
0.020340
0.020421
0.020862
0.021027
0.023323
0.021943
0.020778
0.020203
0.020420
0.020603
0.020162
0.020029
0.019288
0.019183
0.019057
0.019339
0.019612
0.019833
0.019872
0.019855
0.019285
0.019151
0.018981
0.019671
0.019678
0.019704
0.019660
0.019578
0.019956
0.019792
0.019824
0.019944
0.019954
0.019593
0.019894
0.019525
0.019374
0.020370
0.020400
0.020218
0.019988
0.019522
0.019579
0.019903
0.019815
0.020162
0.019201
0.019463
0.020027
0.018815
0.019452
0.019719
0.019651
0.020047
0.019700
0.019478
0.019601
0.019615
0.019355
0.018882
0.018144
0.018285
0.018421
0.018563
0.019009
0.020591
0.018779
0.019333
0.020123
0.019756
0.019866
0.020352
0.019994
0.019525
0.019672
0.019441
0.020024
0.020058
0.019797
0.019987
0.019929
0.019872
0.020555
0.020251
0.020142
0.020660
0.020452
0.020175
0.020421
0.020270
0.019422
0.019483
0.019324
0.019071
0.019510
0.019543
0.019481
0.019739
0.019885
0.019328
0.019931
0.020733
0.020637
0.020338
0.019991
0.019642
0.020228
0.020507
0.020412
0.020705
0.020574
0.020814
0.020499
0.020567
0.020161
0.019953
0.019291
0.019521
0.020349
0.020535
0.020333
0.020566
0.020320
0.020633
0.020036
0.020034
0.020903
0.020762
0.020756
0.020691
0.020354
0.019588
0.019308
0.020193
0.019479
0.019378
0.019554
0.019477
0.019178
0.019348
0.018754
0.019197
0.018877
0.019184
0.019624
0.019028
0.019110
0.019081
0.019603
0.019559
0.019967
0.019979
0.020023
0.018671
0.018616
0.018880
0.018462
0.018537
0.018579
0.018505
0.018668
0.019134
0.019297
0.019856
0.019746
0.019445
0.019710
0.023098
0.025665
0.018400
0.022158
0.025032
0.019702
0.019250
0.019994
0.019903
0.020847
0.019573
0.019758
0.019501
0.019510
0.019490
0.019227
0.019685
0.019337
0.019753
0.019707
0.019636
0.019830
0.019008
0.019150
0.019253
0.019256
0.019854
0.020094
0.020041
0.020476
0.019760
0.019643
0.019494
0.019727
0.019037
0.019263
0.019110
0.019292
0.019443
0.019484
0.018668
0.019085
0.019469
0.019248
0.019203
0.019352
0.018857
0.019433
0.019042
0.019307
0.019227
0.019348
0.019362
0.019731
0.019367
0.019081
0.019170
0.018815
0.019310
0.019022
0.019552
0.019178
0.019095
0.019127
0.019062
0.019346
0.019002
0.019720
0.019188
0.019948
0.019748
0.019610
0.018985
0.018416
0.018882
0.018620
0.018589
0.018589
0.018575
0.019026
0.018679
0.018936
0.019298
0.019237
0.019472
0.019759
0.019697
0.019691
0.019951
0.019519
0.019495
0.018978
0.019421
0.018915
0.019875
0.019693
0.019358
0.019870
0.019739
0.019659
0.019030
0.019018
0.018662
0.018932
0.018650
0.019377
0.019254
0.019598
0.019205
0.019157
0.019133
0.019349
0.019858
0.019320
0.019781
0.019356
0.019511
0.019255
0.019350
0.019691
0.020488
0.019648
0.020480
0.019700
0.019812
0.019337
0.020082
0.019266
0.019403
0.019372
0.019197
0.019412
0.020062
0.019626
0.020051
0.019686
0.019871
0.019613
0.019506
0.019467
0.019558
0.018998
0.019592
0.019002
0.019540
0.019383
0.019262
0.019084
0.019719
0.019101
0.019706
0.019348
0.019402
0.019348
0.019441
0.019482
0.019154
0.019631
0.019541
0.019740
0.019641
0.019642
0.019554
0.019895
0.019465
0.020406
0.020080
0.020372
0.020110
0.020122
0.019243
0.019389
0.019432
0.018842
0.018963
0.018801
0.019046
0.019527
0.019120
0.019461
0.019073
0.019407
0.019181
0.019259
0.019488
0.018918
0.019720
0.019491
0.019243
0.019392
0.019764
0.019727
0.019724
0.019939
0.019993
0.019635
0.019211
0.019224
0.019792
0.019842
0.020182
0.019548
0.019697
0.019492
0.019071
0.018732
0.018845
0.018718
0.018857
0.018678
0.018825
0.018947
0.018414
0.018830
0.018950
0.019345
0.019224
0.019446
0.019464
0.019183
0.019714
0.019642
0.019915
0.019519
0.019839
0.019685
0.019848
0.019586
0.020090
