0.037682
0.025313
0.026165
0.025898
0.025343
0.026734
0.026782
0.025575
0.025605
0.025160
0.024890
0.024486
0.024403
0.024116
0.024516
0.023489
0.023897
0.024436
0.025421
0.023623
0.024040
0.026313
0.026292
0.025514
0.025077
0.024819
0.025780
0.025551
0.025522
0.024129
0.023767
0.025840
0.026617
0.026141
0.026107
0.025593
0.026143
0.025638
0.026125
0.039508
0.025304
0.024675
0.024922
0.023854
0.024018
0.024002
0.023399
0.023811
0.024126
0.024634
0.024293
0.023966
0.024021
0.023568
0.023901
0.024564
0.024128
0.024606
0.023998
0.023858
0.023904
0.023599
0.024416
0.023418
0.023817
0.023852
0.024244
0.023859
0.024577
0.023558
0.024373
0.024365
0.024037
0.024671
0.025783
0.025238
0.025426
0.023082
0.023244
0.022850
0.050028
0.026378
0.024033
0.024441
0.024092
0.024245
0.024496
0.024171
0.024374
0.024594
0.024538
0.024662
0.024619
0.024297
0.024672
0.024729
0.024755
0.024497
0.024646
0.023970
0.023639
0.024118
0.024144
0.024772
0.025012
0.024886
0.024293
0.024566
0.024839
0.024811
0.025350
0.025185
0.025141
0.025438
0.025484
0.024982
0.025092
0.025688
0.025065
0.025005
0.025002
0.025099
0.025505
0.024527
0.023971
0.024700
0.024608
0.023832
0.024543
0.024451
0.024741
0.024296
0.024240
0.024456
0.024557
0.023523
0.023599
0.023323
0.023665
0.023892
0.024246
0.024354
0.024268
0.024345
0.024321
0.024976
0.024821
0.024264
0.025235
0.024494
0.024765
0.024950
0.024422
0.024652
0.024960
0.024534
0.024515
0.024616
0.024355
0.025107
0.025399
0.024611
0.025483
0.025081
0.025298
0.025403
0.025524
0.024617
0.025253
0.025365
0.024751
0.025067
0.036930
0.025476
0.025998
0.026463
0.025781
0.026040
0.025426
0.025320
0.025594
0.025068
0.025116
0.025295
0.025035
0.025362
0.026502
0.025264
0.025433
0.026792
0.026278
0.028006
0.027666
0.026762
0.026352
0.025135
0.024792
0.024158
0.023662
0.024138
0.024254
0.024139
0.024209
0.024310
0.024765
0.023584
0.024034
0.024290
0.024279
0.024918
0.024466
0.024600
0.024796
0.024463
0.024310
0.024183
0.024786
0.023786
0.023795
0.048225
0.029195
0.027868
0.028184
0.027345
0.027313
0.026708
0.027308
0.027163
0.027418
0.026054
0.026939
0.026861
0.026214
0.026052
0.026479
0.026258
0.025460
0.025145
0.025588
0.025494
0.025444
0.025401
0.025067
0.025107
0.025276
0.024849
0.025094
0.025070
0.025581
0.025086
0.026208
0.027106
0.025614
0.025952
0.026136
0.026241
0.025416
0.025584
0.025753
0.024985
0.025554
0.025335
0.025421
0.025662
0.025234
0.025304
0.024955
0.025226
0.024926
0.025604
0.025022
0.025260
0.025586
0.026024
0.025271
0.025451
0.025630
0.025956
0.025798
0.025495
0.026337
0.024764
0.026037
0.025896
0.025972
0.025821
0.026354
0.025858
0.025605
0.026498
0.026016
0.025638
0.025455
0.026109
0.025819
0.026433
0.026508
0.026394
0.026743
0.025849
0.026816
0.026331
0.026121
0.025697
0.025470
0.025551
0.025666
0.025605
0.025571
0.025720
0.025843
0.025428
0.025167
0.025784
0.025601
0.025544
0.025759
0.025569
0.025764
0.025705
0.025782
0.025493
0.025737
0.025555
0.025479
0.025042
0.025600
0.025437
0.025589
0.025636
0.025259
0.025959
0.025608
0.025345
0.025332
0.025592
0.025719
0.025612
0.025620
0.024966
0.025321
0.025433
0.025575
0.025135
0.025097
0.025187
0.025154
0.024978
0.025103
0.025215
0.025741
0.026051
0.026883
0.026394
0.026606
0.026305
0.026144
0.025954
0.026291
0.026514
0.025975
0.026338
0.025307
0.025997
0.025417
0.025958
0.026009
0.025633
0.025096
0.025437
0.025496
0.026401
0.025647
0.025322
0.025493
0.025626
0.025411
0.026315
0.025679
0.025911
0.030687
0.026295
0.026364
0.026078
0.025911
0.025329
0.025440
0.025423
0.025926
0.025684
0.025891
0.025591
0.025549
0.025776
0.025824
0.025654
0.025991
0.025899
0.025722
0.026254
0.025966
0.025967
0.025966
0.024842
0.024367
0.025643
0.025533
0.025782
0.025496
0.025999
0.025837
0.025803
0.025442
0.025935
0.025461
0.025226
0.025686
0.025355
0.025528
0.026100
0.026619
0.026841
0.026571
0.026625
0.026654
0.026714
0.025818
0.026605
0.026440
0.025732
0.025993
0.026128
0.026487
0.026086
0.026282
0.026315
0.026263
0.026432
0.026290
0.026368
0.026203
0.026042
0.026585
0.026374
0.026166
0.026308
0.025782
0.026076
0.026634
0.026694
0.026349
0.025812
0.026513
0.026598
0.026473
0.026198
0.026540
0.026514
0.026041
0.026379
0.026387
0.026600
0.026357
0.026832
0.026831
0.027495
0.026983
0.027338
0.027107
0.027190
0.026786
0.026299
0.026436
0.026904
0.026312
0.026708
0.026629
0.026527
0.026231
0.026579
0.026637
0.026670
0.026254
0.026503
0.026514
0.026267
0.026508
0.025794
0.026007
0.025583
0.025733
0.025796
0.025853
0.025796
0.025449
0.025601
0.025444
0.025555
0.025582
0.025473
0.025468
0.025417
0.024863
0.027188
0.027101
0.026445
0.027283
0.026887
0.027325
0.027282
0.027142
0.027217
0.027446
0.026764
0.027201
0.026775
0.027069
0.025327
0.025345
0.025492
0.025506
0.025624
0.025491
0.025266
0.025438
0.025744
0.024789
0.025510
0.025394
0.025331
0.024450
0.025634
0.025749
0.025599
0.025746
0.025750
0.025507
0.025411
0.025867
0.025722
0.026042
0.025820
0.040168
0.027139
0.029901
0.030304
0.028554
0.030221
0.030256
0.029783
0.029334
0.029774
0.029630
0.030664
0.029776
0.029633
0.029368
0.030749
0.032377
0.031892
0.031067
0.032008
0.031206
0.028335
0.028184
0.027803
0.028721
0.027981
0.027090
0.025052
0.025234
0.025815
0.026139
0.026367
0.025676
0.026128
0.025432
0.025904
0.026002
0.026302
0.025742
0.027690
0.027201
0.026942
0.027171
0.027979
0.028245
0.027951
0.028166
0.029130
0.027566
0.027800
0.027996
0.027815
0.028073
0.028443
0.026378
0.026218
0.026884
0.026662
0.025822
0.026543
0.025983
0.026331
0.027175
0.026732
0.026787
0.027107
0.026164
0.026861
0.027970
0.027158
0.027379
0.027859
0.028176
0.027697
0.027436
0.026798
0.026090
0.026289
0.025862
0.025590
0.025885
0.025582
0.025317
0.026151
0.026071
0.025764
0.025574
0.024947
0.025350
0.025165
0.025608
0.025612
0.025752
0.048983
0.028446
0.027662
0.026791
0.028405
0.028901
0.027351
0.028424
0.026280
0.025077
0.024940
0.024468
0.024737
0.028822
0.028268
0.029248
0.028881
0.027968
0.026343
0.026992
0.027307
0.026176
0.025729
0.025920
0.025971
0.025689
0.025261
0.025208
0.025789
0.026924
0.027921
0.027737
0.027435
0.028833
0.028930
0.027760
0.028479
0.026595
0.025973
0.025930
0.025634
0.025989
0.025549
0.025833
0.024822
0.025715
0.027147
0.026174
0.026612
0.026945
0.026607
0.027380
0.028688
0.027462
0.028096
0.028376
0.027111
0.027540
0.027601
0.026893
0.026805
0.027948
0.027245
0.027388
0.028045
0.028166
0.024634
0.024670
0.024477
0.023999
0.024184
0.024178
0.024610
0.024298
0.024883
0.025891
0.025899
0.027589
0.027334
0.027264
0.027343
0.026405
0.027023
0.026624
0.027799
0.027996
0.027925
0.028504
0.028373
0.027495
0.027789
0.025740
0.026591
0.026010
0.026689
0.026962
0.026926
0.027244
0.026468
0.027265
0.026512
0.027293
0.026756
0.026639
0.025967
0.026127
0.027228
0.027407
0.028034
0.028470
0.028327
0.028262
0.028201
0.028535
0.028271
0.028115
0.028885
0.028949
0.028773
0.027847
0.030414
0.027826
0.028269
0.027052
0.029125
0.030031
0.030512
0.028356
0.027163
0.028599
0.026909
0.027248
0.026288
0.026204
0.026913
0.026952
0.026242
0.026555
0.027338
0.026332
0.026731
0.027414
0.028295
0.027493
0.027613
0.028689
0.028279
0.028428
0.027313
0.027097
0.026824
0.027766
0.027354
0.026374
0.026205
0.026441
0.027550
0.027450
0.027572
0.028306
0.028109
0.028161
0.027998
0.027551
0.030649
0.028767
0.028571
0.028694
0.028701
0.028553
0.028799
0.028597
0.028476
0.027088
0.026895
0.027032
0.026747
0.026181
0.026385
0.026765
0.026825
0.027136
0.028154
0.028283
0.029262
0.029023
0.028596
0.028076
0.028139
0.029019
0.028323
0.028892
0.030948
0.030245
0.030179
0.029800
0.029931
0.035395
0.027418
0.027419
0.028146
0.027791
0.027962
0.027398
0.028183
0.027759
0.029256
0.027285
0.027854
0.027424
0.028769
0.028514
0.026524
0.026925
0.026458
0.025629
0.028084
0.026137
0.026259
0.025588
0.025543
0.025684
0.025867
0.025516
0.026173
0.025799
0.025875
0.025540
0.026378
0.026795
0.026378
0.025829
0.025670
0.025665
0.026139
0.025885
0.025742
0.025484
0.026069
0.026207
0.026220
0.025947
0.025899
0.025710
0.026284
0.026001
0.025964
0.025788
0.025988
0.025558
0.025453
0.026157
0.026028
0.026049
0.026172
0.025885
0.025590
0.025949
0.025775
0.025818
0.025759
0.025807
0.025284
0.025917
0.025760
0.025908
0.031738
0.026604
0.025984
0.025567
0.025777
0.027274
0.026501
0.026264
0.027191
0.026701
0.025908
0.026128
0.026548
0.026038
0.026404
0.025698
0.027025
0.026149
0.025776
0.026749
0.026681
0.026781
0.025905
0.027394
0.027141
0.026354
0.026009
0.027717
0.025831
0.026092
0.025842
0.026067
0.026089
0.025740
0.025363
0.026556
0.030371
0.026512
0.026378
0.026192
0.026020
0.025607
0.025772
0.025561
0.025439
0.025285
0.025752
0.025821
0.025163
0.025154
0.024773
0.025310
0.024566
0.025557
0.025494
0.025079
0.025411
0.025535
0.024888
0.024719
0.024909
0.024881
0.025448
0.024914
0.025093
0.025191
0.024851
0.024903
0.024686
0.024815
0.025201
0.025147
0.024804
0.025436
0.025422
0.025177
0.025266
0.025298
0.025442
0.025479
0.024999
0.025457
0.025485
0.025684
0.025509
0.025772
0.026403
0.026757
0.026681
0.027473
0.026633
0.026509
0.025624
0.026483
0.026611
0.025046
0.025530
0.025244
0.026583
0.025757
0.025605
0.026120
0.025730
0.025982
0.025295
0.026282
0.026163
0.025269
0.025411
0.026364
0.028699
0.029055
0.027919
0.027548
0.027827
0.027105
0.028200
0.028105
0.026713
0.027494
0.027319
0.027865
0.029271
0.025956
0.025648
0.026099
0.025802
0.025571
0.025714
0.025519
0.026084
0.025867
0.026413
0.025274
0.025311
0.026038
0.027409
0.027078
0.028372
0.027642
0.027337
0.026826
0.027382
0.026360
0.026835
0.025852
0.026254
0.025857
0.025415
0.026291
0.026153
0.026665
0.026285
0.025851
0.026412
0.025572
0.026379
0.025952
0.026374
0.025631
0.025705
0.026054
0.025679
0.026149
0.025975
0.026187
0.026554
0.026691
0.026201
0.026264
0.026850
0.026272
0.039416
0.026932
0.026917
0.027039
0.027025
0.027229
0.026230
0.025946
0.026474
0.025992
0.026881
0.026001
0.026938
0.026688
0.027168
0.027401
0.027401
0.027167
0.026923
0.027091
0.027277
0.027114
0.027840
0.027198
0.027531
0.027265
0.026727
0.027025
0.027030
0.026179
0.025814
0.027057
0.027153
0.026911
0.027517
0.027370
0.026943
0.027050
0.027755
0.026939
0.027085
0.025746
0.026633
0.027126
0.027038
0.026903
0.026919
0.026127
0.027058
0.027200
0.026786
0.026549
0.026073
0.027244
0.027848
0.029186
0.028914
0.029854
0.028472
0.028726
0.030284
0.029117
0.028770
0.027978
0.026550
0.026292
0.027081
0.027365
0.027081
0.026384
0.026489
0.026474
0.026351
0.029365
0.029670
0.028199
0.029771
0.028040
0.029182
0.028672
0.028635
0.027572
0.028276
0.028607
0.028857
0.028594
0.028810
0.028815
0.027879
0.028775
0.028908
0.028332
0.030161
0.028563
0.029207
0.029120
0.029528
0.029441
0.029907
0.028219
0.029106
0.028626
0.029341
0.029229
0.029229
0.028390
0.030835
0.028732
0.031207
0.031272
0.031213
0.030517
0.030865
0.033168
0.032859
0.033459
0.032365
0.032860
0.032065
0.033486
0.033359
0.033829
0.038549
0.033261
0.032194
0.032703
0.031343
0.034728
0.033383
0.033934
0.034930
0.034704
0.034631
0.034470
0.033480
0.032608
0.032471
0.032294
0.032181
0.030695
0.033135
0.030590
0.031688
0.032954
0.033122
0.033856
0.033396
0.033570
0.032435
0.032875
0.030674
0.030745
0.031231
0.030966
0.031549
0.034723
0.029473
0.029959
0.029913
0.029677
0.027818
0.028583
0.029181
0.030102
0.028097
0.028861
0.027714
0.028185
0.029369
0.030224
0.029868
0.032045
0.031827
0.046483
0.030725
0.030742
0.036592
0.032707
0.031998
0.031507
0.032623
0.033509
0.033510
0.033508
0.029636
0.029532
0.029331
0.029533
0.028993
0.029370
0.029503
0.028399
0.029624
0.029409
0.029935
0.029574
0.029192
0.028915
0.029679
0.028914
0.029478
0.029511
0.029161
0.028819
0.030161
0.029282
0.029998
0.029040
0.028774
0.029378
0.029502
0.029096
0.029292
0.029035
0.029433
0.030409
0.030201
0.030123
0.031511
0.029497
0.031004
0.030683
0.028558
0.028894
0.029375
0.028435
0.029551
0.028607
0.028862
0.029786
0.031580
0.031880
0.031792
0.031484
0.028878
0.029737
0.029017
0.029535
0.027779
0.027885
0.029348
0.027954
0.030785
0.030560
0.032942
0.031845
0.033458
0.032912
0.032518
0.029712
0.032689
0.033249
0.030140
0.032132
0.031106
0.032915
0.032721
0.032653
0.031188
0.031551
0.031565
0.032061
0.033189
0.031634
0.032515
0.032908
0.032700
0.032883
0.032672
0.031494
0.031209
0.032437
0.032412
0.032047
0.031670
0.032776
0.030752
0.031812
0.031688
0.031157
0.032484
0.030964
0.031633
0.031665
0.032215
0.032636
0.031751
0.030618
0.029437
0.029539
0.029052
0.028924
0.028782
0.028152
0.026746
0.027421
0.028009
0.028300
0.027460
0.027135
0.027523
0.026202
0.026740
0.026014
0.029230
0.029523
0.030898
0.031988
0.031150
0.029038
0.031230
0.032427
0.031717
0.032523
0.034339
0.030409
0.032563
0.032818
0.032634
0.030538
0.033272
0.031432
0.031541
0.033035
0.033249
0.033289
0.032655
0.033057
0.029778
0.028896
0.029021
0.031216
0.029811
0.029460
0.028415
0.030318
0.029310
0.030693
0.029380
0.029299
0.030198
0.031317
0.031343
0.033274
0.031057
0.031257
0.031265
0.030856
0.031910
0.030013
0.028875
0.031555
0.031110
0.029417
0.029473
0.042004
0.030035
0.029324
0.028279
0.028413
0.027049
0.027467
0.026587
0.027624
0.028528
0.029464
0.028960
0.028804
0.027006
0.025575
0.026720
0.026894
0.026092
0.026105
0.026335
0.027847
0.027265
0.026793
0.027135
0.027339
0.025868
0.026778
0.025065
0.033694
0.028343
0.026992
0.026084
0.026152
0.026572
0.027503
0.027710
0.027233
0.026822
0.027086
0.027714
0.027722
0.026847
0.027508
0.027770
0.027568
0.027628
0.027205
0.026924
0.027628
0.025917
0.027004
0.026933
0.026699
0.026557
0.027190
0.027067
0.027542
0.026698
0.027475
0.027384
0.027496
0.027681
0.027744
0.028430
0.028492
0.028382
0.027849
0.028033
0.028195
0.027824
0.027137
0.027691
0.027739
0.027275
0.027418
0.026310
0.027081
0.027271
0.027601
0.026515
0.026680
0.027220
0.026928
0.027056
0.027150
0.027200
0.027323
0.026880
0.027369
0.027073
0.027594
0.027441
0.027105
0.026747
0.027582
0.026578
0.026522
0.027564
0.027601
0.027578
0.027319
0.027935
0.027639
0.028029
0.027534
0.027226
0.027632
0.027826
0.027677
0.028388
0.027792
0.027923
0.027838
0.027748
0.027335
0.027387
0.027073
0.026657
0.027588
0.027460
0.027425
0.027763
0.026627
0.026682
0.026896
0.027222
0.027557
0.027854
0.027324
0.027563
0.028005
0.027376
0.027694
0.027990
0.027635
0.027369
0.027323
0.027881
0.027896
0.027347
0.027651
0.027795
0.027990
0.027822
0.027984
0.028329
0.027975
0.028021
0.028045
0.027806
0.027623
0.027744
0.027545
0.027137
0.027543
0.027989
0.027493
0.027840
0.027299
0.027452
0.027848
0.026805
0.026981
0.027464
0.027089
0.027721
0.027708
0.028216
0.027336
0.027579
0.027905
0.027734
0.028716
0.028036
0.027065
0.028571
0.027596
0.027777
0.027761
0.027921
0.027980
0.028480
0.027688
0.028272
0.027856
0.027628
0.027750
0.028578
0.029211
0.028938
0.028508
0.028653
0.029295
0.028457
0.028637
0.028274
0.028874
0.028518
0.028339
0.029261
0.029001
0.029507
0.029355
0.029053
0.029503
0.028431
0.028542
0.029475
0.028380
0.030175
0.029818
0.028950
0.028896
0.027897
0.028407
0.027914
0.026995
0.027143
0.026961
0.026874
0.025396
0.025698
0.026058
0.026498
0.026468
0.026428
0.026213
0.025712
0.025503
0.025401
0.026253
0.026244
0.025865
0.024435
0.024412
0.025258
0.024754
0.024498
0.024466
0.024278
0.024839
0.025746
0.026190
0.026051
0.025618
0.026447
0.026040
0.025410
0.024986
0.025312
0.029434
0.029450
0.029024
0.029228
0.029525
0.030309
0.029765
0.028715
0.029220
0.028933
0.025547
0.025368
0.024361
0.024486
0.024875
0.024629
0.025252
0.025343
0.024449
0.025354
0.025537
0.026210
0.025777
0.024588
0.024975
0.025129
0.025375
0.024523
0.025125
0.025256
0.024713
0.025016
0.024940
0.027540
0.027181
0.027725
0.026420
0.027738
0.027918
0.027654
0.027052
0.026845
0.026604
0.027580
0.027418
0.027035
0.028368
0.027103
0.027324
0.027377
0.025866
0.027389
0.026992
0.026999
0.027601
0.028476
0.028047
0.027761
0.026259
0.026440
0.026821
0.027909
0.027470
0.026597
0.027198
0.027259
0.027915
0.026760
0.025827
0.026326
0.026520
0.026111
0.027264
0.025438
0.033595
0.028807
0.029872
0.029260
0.030060
0.029544
0.029447
0.030021
0.028914
0.028342
0.028868
0.031420
0.029403
0.030032
0.028316
0.027675
0.028738
0.029743
0.028036
0.028456
0.028810
0.028395
0.028014
0.029132
0.029084
0.029143
0.029487
0.029834
0.029347
0.030236
0.030309
0.028876
0.029881
0.029621
0.030986
0.030490
0.030163
0.030019
0.030543
0.029157
0.028720
0.030811
0.030222
0.030616
0.030546
0.030131
0.029066
0.029778
0.029649
0.029597
0.030037
0.028925
0.029993
0.029407
0.030472
0.029903
0.030574
0.030199
0.030110
0.029783
0.030442
0.030219
0.030250
0.029100
0.028382
0.030697
0.029075
0.030039
0.031319
0.030580
0.030794
0.030043
0.031044
0.028529
0.029207
0.029944
0.030442
0.029267
0.029556
0.029913
0.030914
0.031374
0.030615
0.029489
0.028393
0.030539
0.029059
0.028406
0.033371
0.029972
0.029648
0.030477
0.028326
0.028653
0.030593
0.029238
0.030713
0.028753
0.026551
0.025809
0.026699
0.025496
0.026306
0.025328
0.025573
0.025421
0.025602
0.025392
0.026556
0.026790
0.026625
0.026845
0.026706
0.027044
0.027005
0.026448
0.025806
0.026781
0.026645
0.026944
0.025841
0.026516
0.026660
0.026132
0.027161
0.026349
0.026291
0.027186
0.026793
0.026246
0.026854
0.026611
0.026144
0.026414
0.026568
0.026945
0.026328
0.026864
0.026907
0.026294
0.026121
0.027187
0.026649
0.026902
0.026110
0.025283
0.026392
0.027709
0.026973
0.027000
0.026677
0.027166
0.027602
0.027375
0.027121
0.026689
0.026613
0.026733
0.027154
0.027092
0.026884
0.026815
0.027498
0.027678
0.026613
0.026397
0.026139
0.026262
0.026756
0.026465
0.026736
0.027024
0.027374
0.027585
0.028188
0.029168
0.028150
0.027980
0.028370
0.026319
0.026584
0.026309
0.026407
0.026777
0.026271
0.026502
0.026527
0.025790
0.026773
0.026964
0.025897
0.026972
0.026801
0.026093
0.026265
0.025729
0.025885
0.026018
0.026216
0.026545
0.027190
0.026884
0.026547
0.026858
0.027040
0.026836
0.026956
0.026778
0.026759
0.027168
0.027240
0.027064
0.027074
0.027828
0.027318
0.026944
0.027561
0.027480
0.027671
0.027984
0.026441
0.027285
0.026016
0.026030
0.026319
0.026192
0.026805
0.026042
0.026982
0.026707
0.026802
0.026063
0.027472
0.026013
0.026423
0.026391
0.026755
0.025659
0.026590
0.026250
0.026101
0.026579
0.026068
0.026079
0.025919
0.025919
0.026068
0.026075
