0.004410
0.001286
0.001211
0.001160
0.001160
0.001163
0.001161
0.001121
0.001120
0.001133
0.001087
0.001086
0.001085
0.001085
0.001056
0.001063
0.001057
0.001049
0.001003
0.001002
0.001001
0.000994
0.000970
0.000977
0.000980
0.000986
0.000977
0.000961
0.000961
0.000962
0.000959
0.000959
0.000959
0.000987
0.000978
0.000987
0.000961
0.000963
0.000959
0.000960
0.000960
0.000962
0.000960
0.000959
0.000991
0.000981
0.000990
0.000993
0.000979
0.001006
0.000981
0.000972
0.000961
0.000982
0.000980
0.000992
0.000986
0.000979
0.000977
0.000974
0.000959
0.000959
0.000994
0.000975
0.000960
0.000991
0.000983
0.000962
0.000959
0.000960
0.000962
0.000960
0.000960
0.000961
0.000962
0.000981
0.000980
0.000974
0.000965
0.000963
0.000961
0.000961
0.000964
0.000961
0.000960
0.000968
0.000988
0.000983
0.000960
0.000960
0.000962
0.000960
0.000961
0.000962
0.000962
0.000964
0.000961
0.000992
0.000977
0.000964
0.000961
0.000961
0.000961
0.000964
0.000962
0.000961
0.000982
0.000993
0.000961
0.000962
0.000961
0.000963
0.000959
0.000999
0.000982
0.000982
0.000981
0.000980
0.000973
0.000962
0.000960
0.000960
0.000960
0.000961
0.000964
0.000963
0.000992
0.000981
0.000988
0.000963
0.000963
0.000964
0.000963
0.000960
0.000961
0.000961
0.000964
0.000979
0.000981
0.000977
0.000964
0.000963
0.000962
0.000959
0.000963
0.000960
0.000962
0.000962
0.000992
0.000987
0.000962
0.000960
0.000963
0.000960
0.000961
0.000960
0.000961
0.000980
0.000978
0.000977
0.000975
0.000966
0.000961
0.000959
0.000960
0.000961
0.000959
0.000985
0.000978
0.000989
0.000960
0.000959
0.000961
0.000965
0.000961
0.000962
0.000962
0.000964
0.000960
0.000993
0.000978
0.000963
0.000960
0.000962
0.000961
0.000966
0.000962
0.000962
0.000961
0.000984
0.000993
0.000963
0.000963
0.000963
0.000963
0.000960
0.000960
0.000959
0.000996
0.000978
0.000977
0.000978
0.000980
0.000979
0.000978
0.000978
0.000981
0.000981
0.000980
0.000980
0.000984
0.000982
0.000980
0.000981
0.000984
0.000980
0.000981
0.000980
0.000983
0.000978
0.000981
0.000981
0.000983
0.000978
0.000978
0.000977
0.000980
0.000978
0.000980
0.000981
0.000996
0.000982
0.000976
0.000961
0.000962
0.000962
0.000960
0.000960
0.000960
0.000964
0.000980
0.000982
0.000976
0.000964
0.000959
0.000960
0.000961
0.000963
0.000959
0.000960
0.000959
0.000989
0.000986
0.000961
0.000962
0.000965
0.000962
0.000990
0.000980
0.000985
0.000979
0.000978
0.000973
0.000978
0.000978
0.000974
0.000961
0.000961
0.000998
0.000978
0.000963
0.000989
0.000986
0.000978
0.000962
0.000961
0.000992
0.000978
0.000960
0.000960
0.000992
0.000982
0.000979
0.000973
0.000965
0.000963
0.000964
0.000964
0.000965
0.000962
0.000959
0.000959
0.000991
0.000981
0.000960
0.000960
0.000962
0.000962
0.000963
0.000962
0.000960
0.000965
0.000981
0.000981
0.000975
0.000965
0.000962
0.000964
0.000962
0.000965
0.000962
0.000961
0.000990
0.000984
0.000961
0.000961
0.000960
0.000962
0.000960
0.000959
0.000960
0.000964
0.000984
0.000981
0.000975
0.000984
0.000978
0.000973
0.000961
0.000962
0.000962
0.000963
0.000962
0.000987
0.000988
0.000963
0.000961
0.000961
0.000964
0.000960
0.000962
0.000962
0.000963
0.000960
0.000996
0.000977
0.000964
0.000959
0.000960
0.000960
0.000988
0.000978
0.000979
0.000978
0.000982
0.000979
0.000978
0.000977
0.000981
0.000982
0.000981
0.000979
0.000979
0.000978
0.000978
0.000972
0.000964
0.000959
0.000960
0.000959
0.000960
0.000963
0.000960
0.000959
0.000988
0.000983
0.000986
0.000963
0.000963
0.000993
0.000982
0.000963
0.000962
0.000965
0.000980
0.000979
0.000981
0.000984
0.000982
0.000980
0.000977
0.000981
0.000987
0.000962
0.000963
0.000995
0.000984
0.000960
0.000960
0.000964
0.000962
0.000961
0.000959
0.000961
0.000962
0.000981
0.000981
0.000975
0.000962
0.000960
0.000961
0.000960
0.000965
0.000960
0.000961
0.000990
0.000987
0.000961
0.000962
0.000978
0.000985
0.000982
0.000980
0.000962
0.000966
0.000981
0.000977
0.000971
0.000963
0.000959
0.000959
0.000960
0.000965
0.000962
0.000962
0.000962
0.000991
0.000985
0.000962
0.000962
0.000961
0.000966
0.000963
0.000962
0.000962
0.000966
0.000977
0.000978
0.000974
0.000963
0.000961
0.000961
0.000960
0.000963
0.000962
0.000961
0.000963
0.000992
0.000984
0.000960
0.000960
0.000964
0.000963
0.000960
0.000961
0.000965
0.000961
0.000994
0.000974
0.000963
0.000962
0.000963
0.000961
0.000962
0.000964
0.000962
0.000960
0.000983
0.000989
0.000963
0.000962
0.000963
0.000966
0.000963
0.000963
0.000962
0.000964
0.000960
0.000991
0.000978
0.000965
0.000961
0.000959
0.000961
0.000964
0.000961
0.000961
0.000962
0.000986
0.000990
0.000963
0.000962
0.000961
0.000964
0.000962
0.000985
0.000982
0.000982
0.001000
0.000981
0.000981
0.000983
0.000981
0.000963
0.000963
0.000964
0.000959
0.000961
0.000983
0.000992
0.000962
0.000961
0.000960
0.000964
0.000959
0.000960
0.000961
0.000962
0.000962
0.000993
0.000981
0.000984
0.000981
0.000973
0.000963
0.000965
0.000961
0.000962
0.000962
0.000985
0.000990
0.000960
0.000960
0.000959
0.000986
0.000984
0.000960
0.000960
0.000962
0.000960
0.000990
0.000979
0.000962
0.000960
0.000960
0.000959
0.000963
0.000959
0.000960
0.000960
0.000982
0.000980
0.000973
0.000962
0.000964
0.000959
0.000959
0.000960
0.000963
0.000965
0.000991
0.000983
0.000962
0.000965
0.000962
0.000962
0.000962
0.000964
0.000962
0.000961
0.000980
0.000984
0.000975
0.000962
0.000962
0.000965
0.000961
0.000961
0.000960
0.000961
0.000962
0.000988
0.000982
0.000963
0.000959
0.000961
0.000962
0.000963
0.000960
0.000958
0.000960
0.000959
0.000999
0.000977
0.000961
0.000962
0.000965
0.000960
0.000959
0.000961
0.000965
0.000987
0.000986
0.000961
0.000964
0.000961
0.000962
0.000960
0.000962
0.000960
0.000959
0.000960
0.000995
0.000977
0.000962
0.000961
0.000964
0.000962
0.000961
0.000961
0.000960
0.000962
0.000982
0.000989
0.000963
0.000964
0.000962
0.000962
0.000962
0.000965
0.000963
0.000987
0.000981
0.000985
0.000980
0.000981
0.000981
0.000984
0.000981
0.000980
0.000981
0.000984
0.000980
0.000978
0.000978
0.000981
0.000985
0.000961
0.000960
0.000963
0.000959
0.000961
0.000962
0.000995
0.000976
0.000959
0.000960
0.000959
0.000964
0.000981
0.000980
0.000989
0.000963
0.000991
0.000979
0.000981
0.000963
0.000960
0.000960
0.000960
0.000962
0.000962
0.000962
0.000962
0.000996
0.000977
0.000960
0.000960
0.000963
0.000960
0.000960
0.000959
0.000962
0.000960
0.000981
0.000986
0.000962
0.000959
0.000959
0.000961
0.000962
0.000964
0.000962
0.000962
0.000961
0.000995
0.000997
0.000978
0.000986
0.000963
0.000961
0.000962
0.000962
0.000965
0.000983
0.000991
0.000962
0.000965
0.000961
0.000961
0.000961
0.000964
0.000960
0.000960
0.000960
0.000990
0.000980
0.000960
0.000960
0.000962
0.000960
0.000959
0.000960
0.000959
0.000963
0.000980
0.000981
0.000973
0.000965
0.000962
0.000961
0.000962
0.000991
0.000983
0.000962
0.000962
0.000991
0.000983
0.000961
0.000960
0.000961
0.000959
0.000959
0.000959
0.000961
0.000978
0.000979
0.000972
0.000963
0.000961
0.000962
0.000961
0.000959
0.000961
0.000959
0.000961
0.000988
0.000986
0.000959
0.000960
0.000960
0.000963
0.000960
0.000960
0.000959
0.000963
0.000976
0.000978
0.000976
0.000963
0.000959
0.000959
0.000960
0.000963
0.000961
0.000961
0.000962
0.000988
0.000985
0.000959
0.000960
0.000959
0.000961
0.000960
0.000959
0.000960
0.000963
0.000959
0.000991
0.000977
0.000962
0.000962
0.000959
0.000960
0.000964
0.000962
0.000961
0.000986
0.000984
0.000985
0.000959
0.000960
0.000964
0.000963
0.000962
0.000962
0.000965
0.000962
0.000994
0.000979
0.000962
0.000962
0.000960
0.000960
0.000960
0.000986
0.000977
0.000973
0.000983
0.000992
0.000961
0.000962
0.000961
0.000963
0.000960
0.000961
0.000961
0.000963
0.000959
0.000990
0.000979
0.000964
0.000962
0.000963
0.000962
0.000963
0.000960
0.000960
0.000962
0.000983
0.000982
0.000972
0.000962
0.000964
0.000962
0.000962
0.000962
0.000962
0.000962
0.000989
0.000980
0.000963
0.000965
0.000961
0.000962
0.000962
0.000964
0.000960
0.000959
0.000980
0.000983
0.000974
0.000963
0.000962
0.000963
0.000963
0.000962
0.000962
0.000965
0.000960
0.000986
0.000985
0.000965
0.000962
0.000962
0.000962
0.000962
0.000966
0.000960
0.000960
0.000977
0.000981
0.000974
0.000959
0.000959
0.000962
0.000960
0.000959
0.000960
0.000964
0.000960
0.000986
0.000987
0.000964
0.000962
0.000962
0.000962
0.000965
0.000962
0.000960
0.000960
0.000998
0.000976
0.000960
0.000960
0.000959
0.000964
0.000962
0.000961
0.000960
0.000964
0.000982
0.000986
0.000959
0.000963
0.000961
0.000983
0.000979
0.000983
0.000975
0.000962
0.000962
0.000997
0.000978
0.000959
0.000959
0.000962
0.000958
0.000960
0.000959
0.000963
0.000961
0.000984
0.000990
0.000963
0.000962
0.000962
0.000963
0.000962
0.000964
0.000959
0.000959
0.000992
0.000980
0.000959
0.000960
0.000959
0.000964
0.000962
0.000962
0.000962
0.000965
0.000984
0.000989
0.000962
0.000990
0.000987
0.000963
0.000962
0.000987
0.000988
0.000959
0.000961
0.000996
0.000991
0.000961
0.000962
0.000965
0.000963
0.000960
0.000960
0.000959
0.000964
0.000962
0.000962
0.000961
0.000974
0.000963
0.000962
0.000962
0.000965
0.000962
0.000963
0.000962
0.000992
0.000983
0.000962
0.000960
0.000963
0.000960
0.000961
0.000961
0.000964
0.000961
0.000960
0.000959
0.000962
0.000959
0.000959
0.000960
0.000961
0.000961
0.000960
0.000961
0.000959
0.000964
0.000959
0.000959
0.000958
0.000961
0.000960
0.000961
0.000962
0.000962
0.000960
0.000961
0.000960
0.000961
0.000960
0.000959
0.000961
0.000963
0.000961
0.000960
0.000959
0.000960
0.002762
0.001029
0.001010
0.001004
0.001006
0.001006
0.001007
0.001000
0.001000
0.000997
0.001002
0.000996
0.000996
0.000995
0.000999
0.000993
0.000993
0.000993
0.000995
0.000990
0.000988
0.000991
0.000995
0.000992
0.000991
0.000990
0.000993
0.000990
0.000991
0.000990
0.000994
0.000989
0.000991
0.000987
0.000988
0.000985
0.000988
0.000985
0.000991
0.000989
0.000990
0.000991
0.000989
0.000986
0.000986
0.000985
0.000996
0.000991
0.000987
0.000986
0.000989
0.000986
0.000987
0.000988
0.000990
0.000989
0.000991
0.000991
0.000993
0.000990
0.000987
0.000989
0.000990
0.000990
0.000988
0.000988
0.000992
0.000985
0.000984
0.000984
0.000989
0.000985
0.000984
0.000986
0.000986
0.000985
0.000985
0.000986
0.000989
0.000986
0.000989
0.000985
0.000988
0.000985
0.000985
0.000983
0.000986
0.000983
0.000982
0.000983
0.000981
0.000985
0.000983
0.000983
0.000983
0.000984
0.000983
0.000984
0.000984
0.000986
0.000982
0.000981
0.000985
0.000990
0.000983
0.000987
0.000985
0.000988
0.000984
0.000984
0.000987
0.000990
0.000986
0.000987
0.000987
0.000988
0.000983
0.000982
0.000982
0.000986
0.000985
0.000985
0.000985
0.000985
0.000981
0.000981
0.000981
0.000986
0.000981
0.000979
0.000982
0.000983
0.000980
0.000978
0.000982
0.000986
0.000980
0.000981
0.000984
0.001010
0.000998
0.001002
0.000975
0.000980
0.000976
0.000977
0.000977
0.000978
0.000976
0.000972
0.000974
0.000976
0.000974
0.000974
0.000976
0.000974
0.000977
0.000979
0.000979
0.000979
0.000980
0.000977
0.000979
0.000978
0.000983
0.000975
0.000977
0.000978
0.000982
0.000978
0.000975
0.000977
0.000979
0.000975
0.000972
0.000972
0.000976
0.000973
0.000974
0.000976
0.000980
0.000977
0.000977
0.000978
0.000979
0.000977
0.000976
0.000976
0.000979
0.000975
0.000973
0.000974
0.000980
0.000977
0.000975
0.000976
0.000977
0.000973
0.000971
0.000972
0.000976
0.000974
0.000971
0.000972
0.000973
0.000976
0.000972
0.000971
0.000972
0.000974
0.000976
0.000975
0.000974
0.000977
0.000976
0.000975
0.000975
0.000976
0.000978
0.000976
0.000975
0.000975
0.000974
0.000974
0.000976
0.000978
0.000977
0.000976
0.000978
0.000979
0.000977
0.000977
0.000977
0.000977
0.000973
0.000973
0.000972
0.000977
0.000972
0.000973
0.000972
0.000972
0.000979
0.000973
0.000974
0.000972
0.000975
0.000973
0.000973
0.000975
0.000980
0.000977
0.000977
0.000973
0.000976
0.000973
0.000976
0.000973
0.000973
0.000970
0.000971
0.000970
0.000976
0.000968
0.000969
0.000968
0.000972
0.000971
0.000970
0.000974
0.000974
0.000973
0.000969
0.000968
0.000972
0.000969
0.000968
0.000969
0.000969
0.000976
0.000975
0.000973
0.000973
0.000975
0.000972
0.000971
0.000972
0.000977
0.000973
0.000968
0.000967
0.000973
0.000969
0.000972
0.000973
0.000974
0.000971
0.000975
0.000973
0.000973
0.000970
0.000969
0.000969
0.000972
0.000968
0.000969
0.000973
0.000974
0.000967
0.000969
0.000969
0.000968
0.000973
0.000969
0.000969
0.000969
0.000973
0.000968
0.000969
0.000972
0.000972
0.000969
0.000969
0.000968
0.000969
0.000968
0.000966
0.000968
0.000969
0.000969
0.000970
0.000970
0.000974
0.000972
0.000971
0.000970
0.000970
0.000967
0.000966
0.000968
0.000970
0.000972
0.000970
0.000967
0.000970
0.000967
0.000967
0.000972
0.000972
0.000971
0.000966
0.000967
0.000971
0.000976
0.000970
0.000970
0.000971
0.000975
0.000972
0.000970
0.000969
0.000970
0.000966
0.000968
0.000967
0.000968
0.000968
0.000967
0.000966
0.000969
0.000969
0.000972
0.000971
0.000973
0.000969
0.000969
0.000968
0.000972
0.000970
0.000968
0.000971
0.000970
0.000973
0.000967
0.000967
0.000966
0.000969
0.000970
0.000970
0.000968
0.000968
0.000990
0.000985
0.000995
0.000973
0.000970
0.000969
0.000967
0.000971
0.000969
0.000970
0.000969
0.000971
0.000966
0.000966
0.000970
0.000971
0.000965
0.000964
0.000967
0.000973
0.000967
0.000967
0.000966
0.000965
0.000969
0.000967
0.000965
0.000966
0.000969
0.000966
0.000966
0.000967
0.000970
0.000970
0.000970
0.000970
0.000972
0.000969
0.000967
0.000967
0.000968
0.000967
0.000966
0.000966
0.000969
0.000967
0.000967
0.000966
0.000970
0.000966
0.000965
0.000965
0.000970
0.000970
0.000968
0.000969
0.000970
0.001006
0.000986
0.000969
0.000968
0.000972
0.000970
0.000969
0.000971
0.000973
0.000969
0.000969
0.000970
0.000971
0.000971
0.000968
0.000966
0.000969
0.000966
0.000967
0.000966
0.000970
0.000965
0.000965
0.000966
0.000973
0.000971
0.000969
0.000970
0.000971
0.000971
0.000968
0.000966
0.000965
0.000970
0.000965
0.000965
0.000970
0.000973
0.000968
0.000967
0.000970
0.000972
0.000970
0.000969
0.000966
0.000969
0.000967
0.000967
0.000967
0.000970
0.000970
0.000969
0.000970
0.000971
0.000966
0.000967
0.000967
0.000973
0.000969
0.000970
0.000971
0.000971
0.000969
0.000969
0.000969
0.000968
0.000970
0.000966
0.000967
0.000966
0.000969
0.000970
0.000965
0.000966
0.001001
0.000985
0.000966
0.000968
0.000999
0.000990
0.000969
0.000971
0.000970
0.000965
0.000965
0.000966
0.000972
0.000968
0.000964
0.000966
0.000969
0.000966
0.000966
0.000969
0.000972
0.000969
0.000967
0.000966
0.000969
0.000965
0.000966
0.000966
0.000968
0.000970
0.000970
0.000970
0.000967
0.000970
0.000967
0.000968
0.000969
0.000975
0.000966
0.000969
0.000965
0.000969
0.000966
0.000965
0.000970
0.000973
0.000970
0.000970
0.000967
0.000968
0.000966
0.000967
0.000968
0.000973
0.000969
0.000969
0.000970
0.000971
0.000965
0.000964
0.000969
0.000967
0.000969
0.000970
0.000968
0.000971
0.000971
0.000968
0.000969
0.000970
0.000986
0.000972
0.000971
0.000969
0.000972
0.000971
0.000970
0.000970
0.000970
0.000965
0.000966
0.000967
0.000973
0.000969
0.000969
0.000971
0.000972
0.000968
0.000970
0.000969
0.000972
0.000967
0.000967
0.000966
0.000967
0.000971
0.000967
0.000969
0.000971
0.000971
0.000969
0.000969
0.000969
0.000971
0.000968
0.000966
0.000967
0.000973
0.000969
0.000969
0.000970
0.000974
0.000964
0.000965
0.000964
0.000969
0.000969
0.000969
0.000965
0.000968
0.000964
0.000968
0.000994
0.000990
0.000996
0.000967
0.000967
0.000967
0.000970
0.000967
0.000967
0.000967
0.000969
0.000964
0.000964
0.000966
0.000970
0.000970
0.000970
0.000969
0.000972
0.000971
0.000968
0.000969
0.000971
0.000969
0.000969
0.000967
0.000970
0.000966
0.000966
0.000967
0.000969
0.000968
0.000968
0.000967
0.000970
0.000966
0.000966
0.000967
0.000968
0.000970
0.001002
0.000985
0.000991
0.000970
0.000967
0.000966
0.000966
0.000969
0.000967
0.000968
0.000967
0.001004
0.000988
0.000967
0.000967
0.000970
0.000967
0.000966
0.000967
0.000969
0.000970
0.000968
0.000971
0.000973
0.000968
0.000968
0.000969
0.000973
0.000969
0.000967
0.000969
0.000972
0.000969
0.000967
0.000971
0.000970
0.000971
0.000969
0.000969
0.000970
0.000978
0.000975
0.000971
0.000970
0.000973
0.000970
0.000970
0.000969
0.000972
0.000971
0.000969
0.000968
0.000971
0.000969
0.000967
0.000966
0.000968
0.000966
0.000965
0.000966
0.000968
0.000966
0.000965
0.000965
0.000968
0.000967
0.000965
0.000966
0.000965
0.000968
0.000968
0.000971
0.000970
0.001002
0.000985
0.000966
0.000967
0.000972
0.000969
0.000971
0.000969
0.000973
0.000968
0.000965
0.000965
0.000969
0.000965
0.000967
0.000964
0.000969
0.000967
0.000970
0.000971
0.000970
0.000967
0.000969
0.000970
0.000972
0.000969
0.000971
0.000969
0.000966
0.000972
0.000970
0.000970
0.000968
0.000973
0.000969
0.000967
0.000970
0.000973
0.000969
0.000970
0.000967
0.000968
0.000965
0.000965
0.000965
0.000969
0.000968
0.000970
0.000967
0.000973
0.000970
0.000970
0.000970
0.000972
0.000971
0.000969
0.000970
0.000971
0.000970
0.000969
0.000970
0.000970
0.000972
0.000969
0.000970
0.000969
0.000973
0.000969
0.000969
0.000969
0.000974
0.000970
0.000970
0.000966
0.000969
0.000967
0.000969
0.000967
0.000971
0.000970
0.000965
0.000966
0.000969
0.000967
0.000966
0.000965
0.000967
0.000966
0.000966
0.000964
0.000968
0.000966
0.000970
0.000969
0.000971
0.000972
0.000969
0.000970
0.000969
0.000972
0.000969
0.000969
0.000969
0.000970
0.000970
0.000965
0.000964
0.000968
0.000966
0.000966
0.000964
0.000969
0.000967
0.000965
0.000965
0.000969
0.000969
0.000968
0.000970
0.000972
0.000970
0.000968
0.000968
0.000967
0.000965
0.000966
0.000965
0.000969
0.000973
0.000970
0.000970
0.000968
0.000969
0.000966
0.000967
0.000967
0.000969
0.000966
0.000965
0.000967
0.000992
0.000989
0.000988
0.000983
0.000970
0.000965
0.000966
0.000966
0.000967
0.000966
0.000965
0.000965
0.000973
0.000971
0.000971
0.000969
0.000973
0.000969
0.000968
0.000965
0.000967
0.000971
0.000970
0.000966
0.000970
0.000972
0.000971
0.000972
0.000968
0.000969
0.000964
0.000962
0.000963
0.000965
0.000963
0.000962
0.000963
0.000965
0.000962
0.000961
0.000961
0.000964
0.000960
0.000961
0.000963
0.000964
0.000962
0.000962
0.000963
0.000964
0.000965
0.000963
0.000963
0.000964
0.000965
0.000961
0.000963
0.000964
0.000993
0.000985
0.000962
0.000962
0.000963
0.000961
0.000963
0.000964
0.000968
