0.014546
0.010446
0.010209
0.009955
0.009905
0.009832
0.009859
0.009855
0.009863
0.009840
0.009879
0.009816
0.009876
0.009893
0.009834
0.009853
0.009824
0.009832
0.009816
0.009837
0.009842
0.009834
0.009886
0.009922
0.009860
0.009833
0.009831
0.009877
0.009956
0.009837
0.009822
0.009841
0.009927
0.009905
0.009940
0.009846
0.009843
0.009798
0.009825
0.009866
0.009806
0.009813
0.009653
0.009811
0.009721
0.009745
0.009824
0.009797
0.009807
0.009796
0.009773
0.009793
0.009823
0.009861
0.009867
0.009778
0.009776
0.009757
0.009756
0.007713
0.009767
0.005867
0.009324
0.009496
0.008390
0.009343
0.009402
0.009435
0.009440
0.009492
0.009651
0.009471
0.009290
0.009476
0.009576
0.009614
0.009610
0.009573
0.009586
0.009559
0.009568
0.009606
0.009595
0.009585
0.009630
0.009631
0.009678
0.009628
0.009605
0.009625
0.009621
0.008156
0.009447
0.009548
0.009665
0.009745
0.009690
0.009647
0.009598
0.009615
0.009606
0.009614
0.009607
0.009620
0.014829
0.008878
0.006097
0.006104
0.006430
0.006052
0.006120
0.008267
0.006102
0.006079
0.006068
0.006054
0.006701
0.006457
0.006502
0.006033
0.008563
0.006191
0.006097
0.009232
0.008395
0.006233
0.006058
0.007836
0.007794
0.006054
0.008471
0.009162
0.008364
0.006101
0.008497
0.006055
0.009521
0.008440
0.007380
0.008260
0.006001
0.006033
0.008225
0.009399
0.008620
0.006001
0.006212
0.006498
0.006543
0.006081
0.006387
0.006330
0.006061
0.005986
0.008306
0.006044
0.006006
0.008659
0.005956
0.005937
0.008499
0.008378
0.008420
0.005912
0.008466
0.006027
0.008002
0.005979
0.006233
0.008577
0.006156
0.008329
0.008324
0.006033
0.006037
0.006066
0.007871
0.006150
0.006395
0.006027
0.008657
0.006883
0.007568
0.006093
0.006539
0.006348
0.006905
0.006049
0.008247
0.005986
0.008063
0.006114
0.006223
0.008492
0.006045
0.006046
0.008224
0.006079
0.006019
0.008869
0.008939
0.006129
0.008277
0.008531
0.008446
0.006150
0.006150
0.008109
0.011472
0.007016
0.007200
0.006569
0.006375
0.006170
0.006152
0.006122
0.008520
0.010253
0.006146
0.006187
0.006316
0.006139
0.006455
0.007178
0.008231
0.006127
0.006115
0.008355
0.006076
0.006154
0.006229
0.008737
0.009546
0.008783
0.006166
0.009485
0.009737
0.006077
0.009256
0.008423
0.006053
0.007368
0.008264
0.006060
0.009373
0.006039
0.006094
0.008326
0.008370
0.008387
0.008433
0.009610
0.005993
0.006095
0.008455
0.006001
0.006091
0.008421
0.006028
0.006154
0.008011
0.005989
0.006327
0.006062
0.008696
0.006052
0.008277
0.006024
0.006066
0.006065
0.006005
0.006315
0.007781
0.006010
0.008274
0.009449
0.008425
0.008338
0.008286
0.006119
0.008488
0.006168
0.006035
0.008294
0.006072
0.006037
0.006017
0.008599
0.005992
0.006237
0.006034
0.006011
0.006042
0.008349
0.006004
0.006050
0.006006
0.008068
0.006036
0.006004
0.006064
0.007318
0.008179
0.005961
0.008233
0.006034
0.005975
0.008253
0.006024
0.005982
0.008276
0.006058
0.006005
0.006064
0.008186
0.005984
0.006324
0.006076
0.008340
0.007650
0.006029
0.006037
0.006069
0.008374
0.005992
0.007340
0.006137
0.008179
0.005998
0.007817
0.009311
0.006117
0.007332
0.006061
0.005981
0.006059
0.006051
0.005983
0.009451
0.006036
0.008292
0.006128
0.006104
0.007804
0.005982
0.006069
0.008118
0.006064
0.006122
0.006006
0.006025
0.008468
0.005979
0.008964
0.009499
0.006102
0.006032
0.006068
0.006223
0.006005
0.006968
0.006064
0.009408
0.008743
0.006019
0.006075
0.006000
0.006155
0.008197
0.006012
0.008224
0.006124
0.005941
0.008295
0.005997
0.006074
0.006276
0.006059
0.007287
0.008353
0.006156
0.006034
0.008297
0.006038
0.006031
0.006012
0.006414
0.006043
0.006100
0.013269
0.009598
0.005992
0.006049
0.006069
0.005960
0.008632
0.006069
0.005992
0.006010
0.006126
0.006052
0.006051
0.006051
0.005972
0.006913
0.005989
0.006063
0.005979
0.005976
0.005918
0.006075
0.005921
0.005911
0.005857
0.007307
0.005898
0.005985
0.006042
0.005994
0.006443
0.005981
0.006445
0.006069
0.006074
0.005869
0.005939
0.005909
0.006117
0.005917
0.006011
0.006044
0.005939
0.006090
0.006042
0.008458
0.007045
0.006012
0.006039
0.006921
0.006522
0.006269
0.006748
0.005918
0.006009
0.005932
0.006016
0.006023
0.006926
0.005976
0.006725
0.006034
0.006190
0.006033
0.006035
0.006029
0.006005
0.005901
0.006021
0.005982
0.006081
0.006039
0.006865
0.006272
0.005986
0.006561
0.006905
0.006045
0.006026
0.006097
0.005998
0.006457
0.006050
0.008658
0.005974
0.005942
0.005996
0.006074
0.005942
0.005981
0.005946
0.005857
0.006031
0.005970
0.006422
0.006066
0.006000
0.006105
0.005933
0.005981
0.005979
0.005994
0.006010
0.005975
0.005973
0.006910
0.005939
0.006012
0.006465
0.006477
0.006033
0.005997
0.007829
0.006038
0.006408
0.006034
0.006071
0.005959
0.006026
0.006126
0.005994
0.006178
0.006013
0.006118
0.005889
0.006000
0.006008
0.006015
0.006091
0.006004
0.006046
0.006096
0.005962
0.006097
0.006062
0.006071
0.005950
0.006020
0.005914
0.005958
0.006761
0.006525
0.006064
0.006245
0.006083
0.005847
0.006018
0.005956
0.005905
0.005921
0.005975
0.006018
0.005976
0.006037
0.006142
0.005875
0.005915
0.005980
0.005964
0.006053
0.006012
0.006196
0.006964
0.006049
0.006074
0.006004
0.006482
0.006517
0.005991
0.006035
0.005990
0.006056
0.006055
0.005863
0.006062
0.005912
0.005859
0.005988
0.005978
0.006074
0.006977
0.007627
0.007092
0.005970
0.006032
0.006018
0.006027
0.006068
0.005996
0.005916
0.006103
0.006027
0.005972
0.006011
0.005990
0.006106
0.005938
0.006017
0.005904
0.005960
0.006063
0.006076
0.006054
0.006173
0.006018
0.006049
0.006047
0.005908
0.006536
0.006374
0.007765
0.006046
0.006020
0.006078
0.006003
0.006155
0.006029
0.005971
0.005871
0.006082
0.006019
0.006025
0.006033
0.006001
0.006113
0.005952
0.006072
0.006048
0.005993
0.006040
0.008400
0.006060
0.006026
0.006837
0.005986
0.005990
0.005888
0.005946
0.006077
0.006808
0.006027
0.006066
0.006109
0.006136
0.005955
0.006046
0.005901
0.006000
0.006204
0.008338
0.006057
0.005985
0.006124
0.006087
0.005943
0.006461
0.006034
0.006057
0.005989
0.006042
0.006037
0.006134
0.005999
0.006599
0.006432
0.006055
0.006450
0.006605
0.008032
0.005999
0.005959
0.005985
0.006015
0.005967
0.006007
0.006378
0.006382
0.005926
0.006383
0.005994
0.006478
0.006430
0.006200
0.005950
0.006060
0.005899
0.005977
0.006049
0.005986
0.006048
0.006018
0.006028
0.006173
0.006081
0.006086
0.006070
0.005981
0.006657
0.006858
0.005964
0.006047
0.006877
0.005966
0.006072
0.006474
0.006475
0.007826
0.006140
0.006085
0.006066
0.005943
0.006436
0.006385
0.006021
0.006436
0.006009
0.007389
0.005923
0.005958
0.006009
0.006062
0.005908
0.005930
0.006522
0.006465
0.006052
0.008468
0.006812
0.005989
0.005978
0.005966
0.006042
0.005844
0.006427
0.006069
0.006932
0.005957
0.005994
0.005925
0.006035
0.006073
0.005989
0.005848
0.006030
0.005947
0.007867
0.007076
0.006005
0.005934
0.005926
0.005903
0.006422
0.006006
0.006315
0.006019
0.006102
0.006081
0.006132
0.006104
0.005908
0.006199
0.006089
0.006090
0.005989
0.006032
0.006058
0.005999
0.006084
0.005998
0.005975
0.005944
0.006064
0.005922
0.006010
0.006362
0.006036
0.005896
0.005981
0.005949
0.006090
0.006862
0.006028
0.006016
0.006023
0.007829
0.005903
0.005982
0.008847
0.010077
0.009296
0.006016
0.006060
0.007659
0.008493
0.006068
0.006037
0.006015
0.005933
0.006039
0.005978
0.005850
0.006328
0.005999
0.006007
0.006083
0.005977
0.006076
0.005920
0.005980
0.006001
0.005978
0.006263
0.008437
0.006015
0.006069
0.005979
0.006347
0.005985
0.006032
0.006036
0.006021
0.006064
0.006019
0.006096
0.005995
0.006012
0.005957
0.006004
0.006003
0.006007
0.006040
0.006086
0.006040
0.005980
0.006057
0.006003
0.006094
0.006054
0.006027
0.005974
0.006050
0.006033
0.006020
0.005953
0.006005
0.006038
0.005980
0.006011
0.006259
0.006318
0.006058
0.006115
0.006045
0.007662
0.005977
0.006035
0.006008
0.006078
0.006043
0.005969
0.006381
0.006020
0.006070
0.006041
0.005896
0.006073
0.006093
0.006066
0.006660
0.006168
0.006857
0.006075
0.005972
0.006036
0.006777
0.006495
0.006400
0.006041
0.006026
0.006091
0.006405
0.006443
0.006047
0.006068
0.006094
0.006013
0.006038
0.006024
0.005996
0.006229
0.006298
0.006001
0.008488
0.006395
0.005966
0.006024
0.005973
0.007045
0.006086
0.006048
0.006086
0.006370
0.005928
0.006435
0.005985
0.006017
0.006151
0.005829
0.006120
0.006071
0.006016
0.006009
0.005964
0.006049
0.006008
0.006075
0.008522
0.006059
0.008434
0.008959
0.006064
0.006008
0.006010
0.006077
0.006038
0.005890
0.005972
0.007950
0.005963
0.005969
0.006000
0.006969
0.005988
0.006010
0.005964
0.006387
0.005960
0.005961
0.005980
0.006008
0.006372
0.006399
0.005935
0.005953
0.005991
0.005921
0.006127
0.006172
0.006102
0.008569
0.005963
0.006466
0.008106
0.006034
0.006008
0.006099
0.006982
0.005989
0.005962
0.006802
0.005854
0.005991
0.006027
0.006432
0.008460
0.006873
0.006127
0.005847
0.006023
0.006047
0.005971
0.006382
0.006014
0.006455
0.006144
0.006623
0.005983
0.005988
0.006387
0.006042
0.006407
0.005978
0.006013
0.006009
0.007080
0.005857
0.005889
0.006007
0.006011
0.005986
0.006963
0.005955
0.006006
0.006025
0.008624
0.006087
0.006090
0.006100
0.007694
0.006677
0.006305
0.006317
0.006956
0.006941
0.006267
0.006873
0.006724
0.007037
0.006144
0.006070
0.006121
0.006185
0.006066
0.006145
0.006017
0.006372
0.006304
0.006010
0.005940
0.006441
0.006380
0.006319
0.006008
0.006211
0.006264
0.006021
0.006945
0.006036
0.006028
0.006016
0.006083
0.006096
0.006324
0.006195
0.006019
0.006029
0.006030
0.006003
0.005983
0.006015
0.005968
0.006676
0.006230
0.006021
0.005975
0.006021
0.005975
0.006060
0.005892
0.005938
0.005890
0.007718
0.005918
0.005877
0.005881
0.005885
0.005872
0.005953
0.005981
0.005995
0.006002
0.008414
0.006011
0.006011
0.005992
0.006309
0.005938
0.006005
0.005955
0.005998
0.006136
0.005970
0.006065
0.005931
0.006069
0.006029
0.006035
0.007489
0.006017
0.006347
0.007688
0.006820
0.005985
0.005993
0.006862
0.006018
0.006699
0.006060
0.006846
0.006962
0.006239
0.006897
0.006013
0.006000
0.006130
0.006002
0.006297
0.005980
0.006272
0.006018
0.006185
0.005956
0.006168
0.006003
0.005972
0.006066
0.006134
0.006029
0.006321
0.006313
0.006082
0.006030
0.006033
0.006393
0.005999
0.006407
0.005979
0.006537
0.006564
0.005919
0.006367
0.006967
0.006632
0.006439
0.005980
0.006302
0.005969
0.006007
0.005958
0.006030
0.005948
0.006023
0.005998
0.005958
0.006008
0.008197
0.005936
0.006007
0.005987
0.005987
0.005998
0.005969
0.006045
0.006035
0.006017
0.005992
0.006026
0.007123
0.006009
0.005939
0.005987
0.005814
0.006009
0.006931
0.006054
0.006093
0.006015
0.006027
0.006352
0.006267
0.005974
0.007134
0.005888
0.006044
0.006352
0.006412
0.006135
0.005932
0.006004
0.005962
0.008223
0.006036
0.005985
0.005849
0.006121
0.005991
0.008176
0.006041
0.005993
0.006360
0.006136
0.006355
0.005901
0.005972
0.006062
0.008967
0.006064
0.006060
0.006069
0.006073
0.006236
0.006082
0.006017
0.006371
0.005938
0.006020
0.005999
0.005981
0.006005
0.005972
0.006072
0.006335
0.006311
0.013543
0.009115
0.006624
0.006777
0.006389
0.006730
0.006154
0.006252
0.006241
0.006142
0.006109
0.006140
0.006150
0.006153
0.006189
0.006912
0.006083
0.006148
0.006139
0.006115
0.006163
0.006154
0.006144
0.006128
0.006146
0.006213
0.006162
0.006137
0.006132
0.006112
0.006115
0.006129
0.006100
0.006134
0.006136
0.006129
0.006158
0.006137
0.006133
0.006114
0.006148
0.005981
0.006056
0.006077
0.006080
0.006044
0.006381
0.006196
0.006051
0.006021
0.006080
0.006025
0.006102
0.006112
0.006048
0.006722
0.006081
0.006098
0.006102
0.006235
0.006094
0.006224
0.006071
0.006135
0.006084
0.006120
0.006193
0.008805
0.006108
0.006114
0.005939
0.006045
0.006181
0.006082
0.006036
0.006213
0.006054
0.006111
0.008969
0.006866
0.006051
0.006174
0.006091
0.006087
0.006108
0.006145
0.006143
0.006194
0.006271
0.006075
0.006139
0.006099
0.006121
0.006088
0.006196
0.006323
0.006153
0.006125
0.006132
0.006129
0.006048
0.006065
0.006603
0.005977
0.006005
0.006111
0.005927
0.006010
0.006208
0.006247
0.006266
0.006697
0.006148
0.006098
0.006101
0.006081
0.006948
0.006057
0.006131
0.006132
0.006097
0.006142
0.006107
0.006104
0.006106
0.006113
0.006315
0.006104
0.006110
0.006127
0.006130
0.006783
0.006177
0.006103
0.008655
0.006785
0.006119
0.006214
0.006381
0.006112
0.007553
0.006233
0.006178
0.006416
0.006347
0.006185
0.006126
0.006175
0.006144
0.006187
0.006192
0.006098
0.006167
0.006097
0.006298
0.006128
0.006129
0.006159
0.006154
0.006144
0.006206
0.006161
0.006137
0.006863
0.006074
0.006788
0.006143
0.006090
0.006200
0.006185
0.006160
0.006140
0.006123
0.006248
0.007289
0.006146
0.006163
0.006146
0.006151
0.006174
0.006110
0.006157
0.006159
0.006172
0.006252
0.006132
0.006156
0.006168
0.006154
0.006158
0.006207
0.006168
0.006180
0.006384
0.006148
0.006203
0.006107
0.006195
0.006107
0.006163
0.006210
0.005955
0.006102
0.006083
0.006116
0.006245
0.006152
0.006134
0.006107
0.006085
0.006176
0.006067
0.006117
0.006094
0.006079
0.006134
0.006118
0.006139
0.006109
0.006098
0.006135
0.006114
0.006103
0.006153
0.006131
0.006606
0.006457
0.006103
0.006160
0.006134
0.006084
0.006200
0.006145
0.006236
0.006160
0.006106
0.006157
0.006648
0.006187
0.006186
0.006170
0.006230
0.006317
0.006168
0.006153
0.006155
0.006167
0.006186
0.006138
0.006151
0.006602
0.006102
0.013332
0.008784
0.009313
0.009540
0.009548
0.009500
0.009562
0.009528
0.009490
0.009470
0.009460
0.009484
0.009477
0.009472
0.009503
0.009513
0.009488
0.009525
0.009504
0.009485
0.009467
0.009453
0.009473
0.009506
0.009524
0.009501
0.009513
0.009539
0.009490
0.009504
0.009497
0.009598
0.009542
0.009651
0.009578
0.008521
0.009257
0.009298
0.009283
0.009310
0.009268
0.009303
0.009308
0.009331
0.009328
0.009390
0.009392
0.009383
0.009372
0.009396
0.009430
0.009401
0.009402
0.009436
0.009516
0.009485
0.009403
0.009445
0.009452
0.009452
0.008771
0.009260
0.009304
0.009275
0.009326
0.009336
0.009330
0.009417
0.009384
0.009376
0.009348
0.009336
0.009366
0.009369
0.009385
0.009350
0.009398
0.009437
0.009358
0.009413
0.009427
0.009426
0.009432
0.009474
0.009446
0.009496
0.009562
0.009496
0.009470
0.009439
0.009452
0.009416
0.009448
0.009403
0.009406
0.009451
0.009465
0.009453
0.009485
0.009483
0.009498
0.008427
0.009166
0.009199
0.009257
0.009246
0.009303
0.009284
0.009093
0.009280
0.009285
0.009363
0.009333
0.009344
0.009364
0.009418
0.009395
0.009409
0.009479
0.009498
0.009425
0.009401
0.009399
0.009408
0.009398
0.009395
0.009433
0.008790
0.009200
0.009283
0.009302
0.009297
0.009343
0.009359
0.009371
0.009396
0.009372
0.009460
0.009519
0.009499
0.009506
0.009484
0.009389
0.009421
0.009383
0.009417
0.009427
0.009427
0.009387
0.009413
0.009421
0.009449
0.009460
0.009439
0.009456
0.009464
0.009421
0.009420
0.009473
0.009471
0.009468
0.009556
0.009484
0.009552
0.009456
0.009448
0.009406
0.009468
0.009437
0.009451
0.009453
0.009471
0.009476
0.009440
0.009457
0.009451
0.009457
0.009434
0.009453
0.009419
0.009445
0.009434
0.009466
0.009456
0.009474
0.009486
0.009488
0.009506
0.009501
0.009514
0.009520
0.009488
0.009564
0.009529
0.009476
0.009428
0.009472
0.009416
0.009453
0.009454
0.009444
0.009453
0.009481
0.009500
0.009474
0.009467
0.009528
0.009511
0.009497
0.009517
0.009509
0.009491
0.009486
0.009598
0.009550
0.009615
0.009500
0.009516
0.009466
0.009470
0.009492
0.009486
0.009465
0.009500
0.008274
0.009175
0.009354
0.010979
0.010915
0.010980
0.010524
0.010249
0.010166
0.010169
0.010439
0.010050
0.010006
0.010096
0.009960
0.009841
0.009833
0.009842
0.009755
0.009985
0.009886
0.009999
0.009926
0.009973
0.009858
0.009868
0.009854
0.009828
0.009796
0.009829
0.009851
0.009769
0.009752
0.009809
0.009771
0.009737
0.009756
0.009744
0.009709
0.009711
0.009772
0.009783
0.009719
0.009696
0.009679
0.009726
0.009665
0.009680
0.009645
0.009648
0.009641
0.009657
0.009620
0.009657
0.009666
0.009690
0.009699
0.009664
0.009693
0.009688
0.009700
0.009739
0.009745
0.009674
0.009689
0.009652
0.009697
0.009661
0.009661
0.009670
0.009583
0.009668
0.009684
0.009638
0.009672
0.009685
0.009674
0.009672
0.009679
0.009031
0.009381
0.009480
0.009715
0.009536
0.009482
0.009490
0.009468
0.009472
0.009484
0.009453
0.009488
0.009487
0.008440
0.009240
0.009293
0.009350
0.009353
0.009381
0.009393
0.009407
0.009403
0.009427
0.009440
0.009382
0.009448
0.009433
0.009224
0.009430
0.009384
0.009405
0.009384
0.009428
0.009431
0.009468
0.009519
0.009456
0.009464
0.009401
0.009458
0.009416
0.009449
0.009420
0.009399
0.009540
0.009404
0.009454
0.009462
0.009433
0.009472
0.008342
0.009180
0.009256
0.009317
0.009467
0.009440
0.009254
0.009422
0.009296
0.009334
0.009324
0.009343
0.009425
0.009604
0.009418
0.009470
0.011655
0.009567
0.008793
0.009179
0.009036
0.009157
0.009147
0.009122
0.009202
0.009178
0.009153
0.009258
0.009258
0.009145
0.009122
0.008994
0.009001
0.009046
0.009196
0.009168
0.009127
0.009114
0.009115
0.009117
0.009039
0.009190
0.009235
0.009175
0.009196
0.009006
0.009186
0.009146
0.008990
0.009084
0.009124
0.009122
0.009133
0.009127
0.007939
0.007779
0.008716
0.008645
0.008865
0.008962
0.008992
0.009002
0.009036
0.009010
0.008942
0.008976
0.008800
0.008945
0.008841
0.009016
0.009050
0.009010
0.009014
0.005935
0.008767
0.008868
0.008937
0.008897
0.008958
0.007740
0.008817
0.008740
0.008833
0.008917
0.008940
0.008983
0.008959
0.008975
0.009000
0.008966
0.008969
0.008981
0.009007
0.009016
0.009018
0.009045
0.009036
0.009079
0.009116
0.009118
0.009148
0.009084
0.009088
0.009065
0.009335
0.009194
0.009207
0.009212
0.009194
0.009169
0.008985
0.009074
0.009096
0.009202
0.009167
0.009109
0.009115
0.009147
0.008046
0.008837
0.008962
0.008903
0.008984
0.008972
0.009071
0.009018
0.009025
0.009099
0.009167
0.009087
0.009084
0.009079
0.009017
0.009047
0.009071
0.009046
0.009099
0.009067
0.009113
0.009132
0.009059
0.009149
0.009140
0.009089
0.009105
0.009129
0.009131
0.009141
0.009126
0.009147
0.008135
0.008941
0.008935
0.008900
0.008938
0.009097
0.008957
0.008986
0.008984
0.009008
0.008989
0.008991
0.009008
0.009059
0.009065
0.009028
0.009102
0.009081
0.009071
0.009078
0.008630
0.008949
0.009105
0.009004
0.009037
0.008997
0.009032
0.009037
0.009085
0.009090
0.009008
0.009037
0.009108
0.009169
0.009129
0.009078
0.009059
0.008025
0.008901
0.009173
0.009062
0.009028
0.009025
0.009007
0.009041
0.009085
0.009029
0.009078
0.009063
0.009081
0.009095
0.008888
0.009077
