0.001014
0.000402
0.000258
0.000258
0.000256
0.000256
0.000256
0.000255
0.000255
0.000255
0.000256
0.000255
0.000257
0.000255
0.000258
0.000257
0.000271
0.000258
0.000246
0.000247
0.000247
0.000248
0.000247
0.000246
0.000247
0.000246
0.000248
0.000248
0.000248
0.000247
0.000247
0.000247
0.000262
0.000251
0.000238
0.000238
0.000240
0.000239
0.000238
0.000240
0.000239
0.000240
0.000240
0.000238
0.000240
0.000240
0.000239
0.000239
0.000242
0.000248
0.000231
0.000231
0.000231
0.000232
0.000232
0.000232
0.000232
0.000232
0.000230
0.000231
0.000231
0.000232
0.000231
0.000231
0.000230
0.000243
0.000235
0.000231
0.000235
0.000225
0.000226
0.000224
0.000224
0.000225
0.000225
0.000225
0.000224
0.000222
0.000225
0.000224
0.000225
0.000222
0.000223
0.000233
0.000224
0.000232
0.000219
0.000219
0.000218
0.000218
0.000218
0.000219
0.000218
0.000218
0.000217
0.000219
0.000219
0.000217
0.000219
0.000218
0.000218
0.000222
0.000218
0.000220
0.000222
0.000211
0.000212
0.000212
0.000213
0.000212
0.000212
0.000211
0.000212
0.000211
0.000212
0.000212
0.000212
0.000211
0.000213
0.000212
0.000226
0.000212
0.000208
0.000208
0.000208
0.000207
0.000207
0.000207
0.000206
0.000207
0.000206
0.000208
0.000206
0.000207
0.000206
0.000206
0.000207
0.000206
0.000206
0.000210
0.000207
0.000207
0.000214
0.000202
0.000202
0.000203
0.000202
0.000201
0.000201
0.000202
0.000201
0.000202
0.000201
0.000203
0.000203
0.000202
0.000202
0.000203
0.000202
0.000210
0.000208
0.000198
0.000198
0.000198
0.000198
0.000198
0.000198
0.000198
0.000197
0.000198
0.000197
0.000196
0.000197
0.000196
0.000202
0.000197
0.000197
0.000197
0.000197
0.000210
0.000202
0.000196
0.000197
0.000197
0.000197
0.000196
0.000197
0.000198
0.000197
0.000197
0.000197
0.000197
0.000197
0.000198
0.000197
0.000198
0.000197
0.000198
0.000197
0.000199
0.000197
0.000197
0.000197
0.000196
0.000197
0.000199
0.000198
0.000198
0.000197
0.000197
0.000197
0.000198
0.000197
0.000198
0.000198
0.000201
0.000198
0.000198
0.000196
0.000200
0.000197
0.000196
0.000197
0.000198
0.000198
0.000207
0.000193
0.000194
0.000194
0.000193
0.000192
0.000193
0.000194
0.000192
0.000193
0.000193
0.000193
0.000193
0.000194
0.000193
0.000215
0.000199
0.000198
0.000197
0.000198
0.000199
0.000203
0.000193
0.000193
0.000192
0.000193
0.000194
0.000193
0.000193
0.000192
0.000193
0.000193
0.000192
0.000192
0.000192
0.000215
0.000198
0.000197
0.000198
0.000198
0.000197
0.000206
0.000204
0.000208
0.000198
0.000197
0.000197
0.000196
0.000196
0.000207
0.000193
0.000192
0.000193
0.000192
0.000193
0.000212
0.000197
0.000198
0.000197
0.000197
0.000199
0.000207
0.000194
0.000192
0.000193
0.000193
0.000192
0.000192
0.000192
0.000194
0.000194
0.000194
0.000193
0.000193
0.000194
0.000193
0.000216
0.000197
0.000198
0.000198
0.000198
0.000197
0.000202
0.000194
0.000193
0.000193
0.000194
0.000195
0.000193
0.000194
0.000192
0.000193
0.000194
0.000197
0.000192
0.000192
0.000216
0.000199
0.000198
0.000204
0.000197
0.000196
0.000204
0.000193
0.000192
0.000193
0.000194
0.000193
0.000192
0.000193
0.000193
0.000193
0.000193
0.000193
0.000194
0.000193
0.000220
0.000206
0.000196
0.000197
0.000198
0.000197
0.000207
0.000194
0.000194
0.000194
0.000193
0.000194
0.000193
0.000193
0.000193
0.000191
0.000193
0.000194
0.000192
0.000194
0.000194
0.000217
0.000197
0.000196
0.000196
0.000197
0.000196
0.000218
0.000197
0.000203
0.000197
0.000196
0.000198
0.000206
0.000194
0.000192
0.000194
0.000191
0.000192
0.000192
0.000192
0.000215
0.000199
0.000197
0.000197
0.000197
0.000198
0.000204
0.000194
0.000193
0.000192
0.000193
0.000193
0.000193
0.000193
0.000193
0.000194
0.000192
0.000193
0.000193
0.000192
0.000213
0.000197
0.000198
0.000198
0.000198
0.000197
0.000205
0.000193
0.000193
0.000194
0.000193
0.000193
0.000208
0.000198
0.000198
0.000197
0.000198
0.000197
0.000201
0.000198
0.000206
0.000198
0.000197
0.000197
0.000197
0.000197
0.000198
0.000197
0.000198
0.000198
0.000197
0.000197
0.000198
0.000197
0.000197
0.000205
0.000194
0.000193
0.000193
0.000192
0.000197
0.000213
0.000196
0.000198
0.000196
0.000197
0.000208
0.000193
0.000193
0.000192
0.000193
0.000193
0.000193
0.000191
0.000193
0.000193
0.000193
0.000211
0.000197
0.000197
0.000197
0.000201
0.000197
0.000197
0.000197
0.000197
0.000199
0.000198
0.000197
0.000197
0.000202
0.000197
0.000197
0.000199
0.000197
0.000197
0.000207
0.000193
0.000192
0.000193
0.000193
0.000214
0.000199
0.000198
0.000198
0.000196
0.000198
0.000205
0.000194
0.000193
0.000193
0.000194
0.000192
0.000192
0.000193
0.000192
0.000192
0.000192
0.000192
0.000193
0.000193
0.000212
0.000197
0.000197
0.000196
0.000197
0.000197
0.000206
0.000194
0.000193
0.000191
0.000191
0.000193
0.000193
0.000193
0.000193
0.000192
0.000212
0.000202
0.000196
0.000197
0.000198
0.000200
0.000198
0.000197
0.000197
0.000198
0.000197
0.000197
0.000196
0.000198
0.000196
0.000197
0.000198
0.000197
0.000198
0.000196
0.000197
0.000197
0.000198
0.000199
0.000199
0.000202
0.000197
0.000197
0.000197
0.000197
0.000198
0.000198
0.000197
0.000197
0.000197
0.000197
0.000196
0.000197
0.000199
0.000196
0.000198
0.000198
0.000197
0.000197
0.000197
0.000200
0.000197
0.000198
0.000197
0.000197
0.000200
0.000198
0.000200
0.000197
0.000197
0.000197
0.000197
0.000198
0.000196
0.000198
0.000197
0.000197
0.000198
0.000196
0.000197
0.000200
0.000196
0.000196
0.000197
0.000197
0.000197
0.000197
0.000198
0.000196
0.000196
0.000197
0.000197
0.000197
0.000198
0.000196
0.000196
0.000196
0.000197
0.000197
0.000198
0.000201
0.000197
0.000197
0.000197
0.000196
0.000197
0.000198
0.000197
0.000197
0.000197
0.000198
0.000197
0.000197
0.000199
0.000197
0.000197
0.000197
0.000197
0.000197
0.000199
0.000198
0.000200
0.000199
0.000197
0.000198
0.000198
0.000197
0.000197
0.000197
0.000198
0.000198
0.000198
0.000197
0.000197
0.000196
0.000197
0.000197
0.000198
0.000198
0.000197
0.000198
0.000199
0.000197
0.000196
0.000197
0.000199
0.000196
0.000203
0.000193
0.000192
0.000191
0.000193
0.000194
0.000193
0.000192
0.000193
0.000193
0.000193
0.000194
0.000194
0.000192
0.000195
0.000193
0.000193
0.000191
0.000193
0.000212
0.000197
0.000197
0.000197
0.000197
0.000197
0.000203
0.000197
0.000196
0.000197
0.000196
0.000197
0.000205
0.000194
0.000194
0.000193
0.000194
0.000192
0.000193
0.000194
0.000191
0.000192
0.000192
0.000193
0.000192
0.000193
0.000193
0.000194
0.000193
0.000193
0.000193
0.000193
0.000193
0.000193
0.000193
0.000192
0.000196
0.000194
0.000194
0.000193
0.000193
0.000193
0.000193
0.000193
0.000192
0.000192
0.000192
0.000193
0.000211
0.000198
0.000196
0.000197
0.000199
0.000197
0.000204
0.000196
0.000197
0.000201
0.000196
0.000197
0.000204
0.000193
0.000193
0.000192
0.000192
0.000193
0.000192
0.000192
0.000194
0.000194
0.000194
0.000192
0.000192
0.000193
0.000193
0.000193
0.000193
0.000214
0.000195
0.000194
0.000192
0.000192
0.000193
0.000199
0.000192
0.000192
0.000192
0.000193
0.000194
0.000193
0.000193
0.000193
0.000194
0.000192
0.000192
0.000193
0.000192
0.000192
0.000197
0.000194
0.000208
0.000196
0.000196
0.000197
0.000198
0.000198
0.000198
0.000197
0.000197
0.000197
0.000197
0.000198
0.000198
0.000203
0.000194
0.000192
0.000192
0.000194
0.000196
0.000193
0.000193
0.000194
0.000192
0.000192
0.000192
0.000193
0.000192
0.000192
0.000192
0.000193
0.000192
0.000192
0.000192
0.000192
0.000193
0.000193
0.000193
0.000193
0.000192
0.000195
0.000192
0.000193
0.000194
0.000193
0.000193
0.000194
0.000193
0.000193
0.000192
0.000192
0.000191
0.000194
0.000193
0.000208
0.000197
0.000196
0.000197
0.000196
0.000197
0.000201
0.000197
0.000198
0.000197
0.000197
0.000196
0.000197
0.000205
0.000193
0.000194
0.000193
0.000192
0.000193
0.000194
0.000192
0.000193
0.000192
0.000193
0.000213
0.000197
0.000198
0.000205
0.000196
0.000197
0.000198
0.000198
0.000198
0.000197
0.000197
0.000199
0.000198
0.000198
0.000197
0.000198
0.000197
0.000197
0.000197
0.000197
0.000197
0.000197
0.000197
0.000202
0.000196
0.000197
0.000197
0.000198
0.000197
0.000198
0.000198
0.000196
0.000204
0.000197
0.000197
0.000198
0.000197
0.000197
0.000197
0.000196
0.000197
0.000198
0.000198
0.000203
0.000197
0.000197
0.000199
0.000197
0.000198
0.000197
0.000197
0.000197
0.000197
0.000197
0.000197
0.000197
0.000197
0.000198
0.000198
0.000198
0.000198
0.000197
0.000197
0.000211
0.000198
0.000196
0.000197
0.000197
0.000198
0.000197
0.000198
0.000197
0.000197
0.000197
0.000197
0.000198
0.000197
0.000197
0.000210
0.000198
0.000196
0.000196
0.000196
0.000199
0.000200
0.000198
0.000199
0.000198
0.000197
0.000197
0.000198
0.000198
0.000197
0.000197
0.000198
0.000197
0.000197
0.000196
0.000197
0.000197
0.000197
0.000196
0.000196
0.000196
0.000207
0.000198
0.000197
0.000197
0.000197
0.000197
0.000205
0.000198
0.000198
0.000196
0.000198
0.000197
0.000197
0.000196
0.000198
0.000197
0.000197
0.000197
0.000198
0.000197
0.000205
0.000198
0.000198
0.000196
0.000198
0.000197
0.000198
0.000197
0.000198
0.000197
0.000198
0.000197
0.000197
0.000197
0.000198
0.000197
0.000196
0.000197
0.000197
0.000197
0.000201
0.000197
0.000197
0.000196
0.000198
0.000197
0.000205
0.000194
0.000193
0.000193
0.000194
0.000193
0.000194
0.000193
0.000194
0.000193
0.000193
0.000192
0.000194
0.000193
0.000196
0.000192
0.000193
0.000193
0.000193
0.000192
0.000193
0.000193
0.000192
0.000194
0.000193
0.000194
0.000193
0.000193
0.000193
0.000192
0.000209
0.000200
0.000197
0.000197
0.000197
0.000200
0.000206
0.000197
0.000193
0.000193
0.000192
0.000193
0.000194
0.000193
0.000192
0.000192
0.000195
0.000193
0.000192
0.000193
0.000192
0.000193
0.000193
0.000192
0.000193
0.000195
0.000194
0.000193
0.000193
0.000191
0.000193
0.000195
0.000193
0.000192
0.000191
0.000193
0.000193
0.000193
0.000193
0.000192
0.000193
0.000192
0.000193
0.000193
0.000193
0.000193
0.000195
0.000193
0.000193
0.000193
0.000192
0.000198
0.000193
0.000212
0.000197
0.000198
0.000197
0.000200
0.000197
0.000205
0.000193
0.000194
0.000193
0.000192
0.000192
0.000192
0.000194
0.000205
0.000192
0.000194
0.000193
0.000192
0.000208
0.000201
0.000192
0.000193
0.000192
0.000192
0.000196
0.000192
0.000194
0.000193
0.000193
0.000193
0.000193
0.000193
0.000194
0.000196
0.000193
0.000192
0.000193
0.000192
0.000193
0.000193
0.000192
0.000193
0.000193
0.000193
0.000192
0.000192
0.000193
0.000192
0.000193
0.000199
0.000193
0.000193
0.000211
0.000200
0.000197
0.000198
0.000196
0.000197
0.000204
0.000194
0.000193
0.000193
0.000192
0.000192
0.000193
0.000193
0.000192
0.000192
0.000194
0.000192
0.000193
0.000192
0.000193
0.000192
0.000195
0.000192
0.000193
0.000193
0.000193
0.000194
0.000194
0.000193
0.000193
0.000193
0.000193
0.000193
0.000193
0.000194
0.000192
0.000192
0.000193
0.000193
0.000194
0.000193
0.000192
0.000195
0.000193
0.000194
0.000193
0.000192
0.000193
0.000202
0.000194
0.000193
0.000208
0.000198
0.000198
0.000204
0.000197
0.000197
0.000198
0.000202
0.000193
0.000193
0.000193
0.000210
0.000198
0.000197
0.000198
0.000198
0.000198
0.000197
0.000198
0.000197
0.000197
0.000197
0.000196
0.000197
0.000197
0.000196
0.000197
0.000198
0.000197
0.000197
0.000197
0.000199
0.000198
0.000197
0.000197
0.000197
0.000196
0.000196
0.000197
0.000198
0.000198
0.000197
0.000196
0.000197
0.000197
0.000197
0.000196
0.000197
0.000199
0.000197
0.000196
0.000200
0.000197
0.000196
0.000197
0.000198
0.000198
0.000196
0.000197
0.000197
0.000199
0.000197
0.000198
0.000196
0.000197
0.000197
0.000197
0.000197
0.000197
0.000197
0.000198
0.000198
0.000199
0.000197
0.000198
0.000197
0.000195
0.000198
0.000204
0.000192
0.000193
0.000194
0.000194
0.000193
0.000194
0.000193
0.000193
0.000193
0.000193
0.000193
0.000192
0.000193
0.000196
0.000193
0.000192
0.000193
0.000193
0.000205
0.000194
0.000209
0.000196
0.000197
0.000197
0.000199
0.000197
0.000198
0.000198
0.000197
0.000198
0.000197
0.000199
0.000198
0.000200
0.000198
0.000197
0.000197
0.000195
0.000196
0.000196
0.000197
0.000198
0.000197
0.000196
0.000197
0.000197
0.000197
0.000196
0.000197
0.000198
0.000198
0.000195
0.000197
0.000199
0.000200
0.000198
0.000197
0.000198
0.000197
0.000198
0.000198
0.000197
0.000197
0.000196
0.000197
0.000197
0.000196
0.000197
0.000197
0.000197
0.000205
0.000196
0.000197
0.000197
0.000200
0.000198
0.000198
0.000198
0.000198
0.000198
0.000198
0.000197
0.000197
0.000197
0.000197
0.000198
0.000197
0.000197
0.000197
0.000196
0.000196
0.000198
0.000199
0.000198
0.000199
0.000198
0.000197
0.000197
0.000197
0.000197
0.000198
0.000197
0.000196
0.000198
0.000198
0.000198
0.000197
0.000198
0.000198
0.000196
0.000197
0.000197
0.000197
0.000197
0.000211
0.000197
0.000198
0.000198
0.000197
0.000197
0.000204
0.000204
0.000197
0.000197
0.000196
0.000197
0.000198
0.000197
0.000198
0.000195
0.000196
0.000197
0.000199
0.000198
0.000199
0.000198
0.000196
0.000197
0.000198
0.000197
0.000197
0.000199
0.000198
0.000198
0.000197
0.000198
0.000196
0.000196
0.000196
0.000197
0.000197
0.000197
0.000197
0.000197
0.000197
0.000199
0.000198
0.000197
0.000198
0.000198
0.000197
0.000197
0.000198
0.000198
0.000197
0.000197
0.000197
0.000197
0.000197
0.000196
0.000201
0.000197
0.000197
0.000197
0.000199
0.000201
0.000198
0.000197
0.000196
0.000196
0.000198
0.000204
0.000193
0.000192
0.000193
0.000193
0.000193
0.000192
0.000192
0.000192
0.000193
0.000192
0.000193
0.000193
0.000193
0.000194
0.000192
0.000192
0.000193
0.000193
0.000192
0.000192
0.000192
0.000192
0.000194
0.000193
0.000193
0.000193
0.000192
0.000192
0.000193
0.000195
0.000194
0.000194
0.000193
0.000192
0.000197
0.000193
0.000193
0.000191
0.000193
0.000192
0.000201
0.000193
0.000210
0.000198
0.000197
0.000198
0.000198
0.000198
0.000204
0.000193
0.000194
0.000194
0.000193
0.000192
0.000196
0.000193
0.000193
0.000192
0.000192
0.000193
0.000193
0.000193
0.000192
0.000193
0.000193
0.000193
0.000193
0.000195
0.000193
0.000193
0.000193
0.000193
0.000192
0.000194
0.000192
0.000202
0.000193
0.000197
0.000192
0.000193
0.000192
0.000192
0.000193
0.000192
0.000193
0.000194
0.000193
0.000192
0.000192
0.000193
0.000193
0.000193
0.000213
0.000197
0.000206
0.000196
0.000200
0.000197
0.000199
0.000197
0.000198
0.000204
0.000194
0.000193
0.000194
0.000193
0.000192
0.000192
0.000193
0.000194
0.000193
0.000193
0.000192
0.000193
0.000193
0.000194
0.000201
0.000193
0.000196
0.000193
0.000193
0.000193
0.000193
0.000192
0.000194
0.000194
0.000192
0.000192
0.000193
0.000193
0.000192
0.000193
0.000193
0.000193
0.000191
0.000192
0.000193
0.000195
0.000194
0.000193
0.000192
0.000193
0.000211
0.000197
0.000203
0.000197
0.000198
0.000196
0.000205
0.000194
0.000194
0.000192
0.000192
0.000210
0.000197
0.000197
0.000198
0.000199
0.000196
0.000203
0.000194
0.000192
0.000193
0.000195
0.000193
0.000193
0.000193
0.000193
0.000192
0.000193
0.000194
0.000193
0.000193
0.000193
0.000193
0.000192
0.000193
0.000194
0.000205
0.000199
0.000193
0.000193
0.000193
0.000193
0.000193
0.000195
0.000192
0.000192
0.000193
0.000192
0.000193
0.000193
0.000193
0.000200
0.000211
0.000198
0.000198
0.000196
0.000200
0.000197
0.000207
0.000193
0.000193
0.000194
0.000193
0.000194
0.000193
0.000193
0.000192
0.000193
0.000193
0.000192
0.000192
0.000194
0.000192
0.000192
0.000192
0.000193
0.000202
0.000193
0.000201
0.000192
0.000193
0.000192
0.000192
0.000193
0.000192
0.000193
0.000194
0.000193
0.000193
0.000194
0.000193
0.000193
0.000192
0.000193
0.000192
0.000194
0.000193
0.000195
0.000193
0.000193
0.000193
0.000192
0.000192
0.000201
0.000194
0.000211
0.000198
0.000197
0.000198
0.000198
0.000198
0.000206
0.000194
0.000192
0.000192
0.000192
0.000193
0.000195
0.000193
0.000193
0.000193
0.000210
0.000197
0.000197
0.000196
0.000198
0.000197
0.000198
0.000198
0.000196
0.000198
0.000197
0.000197
0.000205
0.000194
0.000194
0.000193
0.000193
0.000205
0.000192
0.000192
0.000192
0.000192
0.000192
0.000191
0.000192
0.000195
0.000193
0.000193
0.000193
0.000191
0.000193
0.000192
0.000194
0.000196
0.000205
0.000193
0.000193
0.000216
0.000198
0.000198
0.000198
0.000197
0.000197
0.000203
0.000193
0.000193
0.000194
0.000194
0.000193
0.000192
0.000193
0.000193
0.000194
0.000193
0.000194
0.000193
0.000192
0.000193
0.000196
0.000195
0.000192
0.000192
0.000194
0.000194
0.000192
0.000194
0.000192
0.000192
0.000193
0.000194
0.000192
0.000193
0.000194
0.000193
0.000192
0.000193
0.000193
0.000194
0.000208
0.000194
0.000198
0.000194
0.000193
0.000192
0.000209
0.000205
0.000198
0.000196
0.000197
0.000198
0.000208
0.000193
0.000194
0.000193
0.000210
0.000197
0.000197
0.000196
0.000264
0.000199
0.000206
0.000194
0.000193
0.000193
0.000197
0.000192
0.000193
0.000193
0.000191
0.000193
0.000193
0.000192
0.000193
0.000194
0.000194
0.000193
0.000193
0.000191
0.000193
0.000195
0.000193
0.000193
0.000193
0.000193
0.000194
0.000193
0.000192
0.000192
0.000192
0.000193
0.000192
0.000192
0.000192
0.000192
0.000199
0.000193
0.000193
0.000212
0.000198
0.000199
0.000197
0.000197
0.000197
0.000204
0.000194
0.000193
0.000201
0.000194
0.000192
0.000193
0.000193
0.000210
0.000196
0.000196
0.000199
0.000197
0.000197
0.000197
0.000198
0.000201
0.000198
0.000198
0.000197
0.000197
0.000196
0.000207
0.000193
0.000193
0.000192
0.000193
0.000193
0.000193
0.000193
0.000193
0.000194
0.000192
0.000192
0.000193
0.000192
0.000192
0.000206
0.000194
0.000192
0.000211
0.000198
0.000197
0.000197
0.000198
0.000196
0.000202
0.000197
0.000197
0.000197
0.000196
0.000197
0.000205
0.000194
0.000192
0.000192
0.000194
0.000197
0.000194
0.000191
0.000244
0.000192
0.000193
0.000195
0.000194
0.000193
0.000193
0.000192
0.000193
0.000193
0.000192
0.000194
0.000193
0.000193
0.000192
0.000192
0.000192
0.000195
0.000206
0.000193
0.000192
0.000193
0.000193
0.000192
0.000193
0.000193
0.000194
0.000192
0.000193
0.000193
0.000192
0.000193
0.000193
0.000213
0.000201
0.000198
0.000198
0.000198
0.000200
0.000207
0.000197
0.000195
0.000194
0.000192
0.000191
0.000192
0.000192
0.000192
0.000192
0.000193
0.000193
0.000193
0.000193
0.000194
0.000217
0.000196
0.000197
0.000197
0.000199
0.000198
0.000207
0.000195
0.000194
0.000194
0.000193
0.000193
0.000193
0.000193
0.000193
0.000193
0.000194
0.000192
0.000193
0.000192
0.000193
0.000212
0.000198
0.000197
0.000197
0.000207
0.000197
0.000197
0.000197
0.000197
0.000203
0.000209
0.000197
0.000198
