0.002364
0.000729
0.000680
0.000657
0.000649
0.000650
0.000666
0.000647
0.000652
0.000635
0.000634
0.000631
0.000633
0.000649
0.000647
0.000624
0.000627
0.000608
0.000577
0.000586
0.000562
0.000570
0.000554
0.000573
0.000558
0.000565
0.000569
0.000559
0.000568
0.000552
0.000554
0.000554
0.000554
0.000568
0.000550
0.000561
0.000540
0.000545
0.000541
0.000557
0.000541
0.000547
0.000535
0.000533
0.000518
0.000518
0.000515
0.000514
0.000531
0.000518
0.000529
0.000511
0.000511
0.000510
0.000513
0.000510
0.000533
0.000518
0.000521
0.000528
0.000508
0.000516
0.000503
0.000505
0.000527
0.000509
0.000518
0.000503
0.000503
0.000503
0.000503
0.000504
0.000520
0.000502
0.000505
0.000503
0.000502
0.000504
0.000505
0.000525
0.000508
0.000518
0.000503
0.000503
0.000502
0.000499
0.000503
0.000518
0.000502
0.000503
0.000509
0.000500
0.000497
0.000499
0.000498
0.000500
0.000497
0.000517
0.000506
0.000511
0.000502
0.000503
0.000506
0.000497
0.000488
0.000482
0.000477
0.000477
0.000479
0.000480
0.000474
0.000474
0.000466
0.000496
0.000459
0.000459
0.000457
0.000455
0.000453
0.000466
0.000453
0.000449
0.000448
0.000455
0.000443
0.000442
0.000442
0.000442
0.000441
0.000464
0.000449
0.000447
0.000456
0.000444
0.000443
0.000441
0.000439
0.000441
0.000462
0.000445
0.000444
0.000445
0.000444
0.000445
0.000451
0.000436
0.000438
0.000460
0.000443
0.000443
0.000449
0.000438
0.000437
0.000437
0.000437
0.000437
0.000462
0.000444
0.000446
0.000450
0.000439
0.000437
0.000439
0.000437
0.000438
0.000459
0.000438
0.000436
0.000441
0.000429
0.000426
0.000426
0.000426
0.000428
0.000447
0.000432
0.000432
0.000441
0.000426
0.000427
0.000427
0.000427
0.000427
0.000430
0.000447
0.000432
0.000430
0.000430
0.000442
0.000426
0.000424
0.000424
0.000426
0.000428
0.000423
0.000423
0.000422
0.000423
0.000421
0.000424
0.000424
0.000424
0.000425
0.000420
0.000421
0.000422
0.000420
0.000422
0.000420
0.000439
0.000426
0.000428
0.000427
0.000431
0.000421
0.000419
0.000420
0.000419
0.000417
0.000420
0.000417
0.000422
0.000420
0.000420
0.000418
0.000416
0.000414
0.000415
0.000413
0.000413
0.000410
0.000429
0.000416
0.000429
0.000427
0.000417
0.000415
0.000424
0.000411
0.000408
0.000410
0.000408
0.000409
0.000410
0.000409
0.000409
0.000409
0.000409
0.000408
0.000411
0.000411
0.000408
0.000408
0.000408
0.000408
0.000409
0.000407
0.000406
0.000408
0.000426
0.000417
0.000416
0.000424
0.000410
0.000408
0.000409
0.000409
0.000408
0.000409
0.000412
0.000410
0.000409
0.000407
0.000410
0.000409
0.000408
0.000408
0.000410
0.000408
0.000412
0.000409
0.000406
0.000431
0.000415
0.000414
0.000422
0.000407
0.000410
0.000410
0.000413
0.000410
0.000408
0.000409
0.000408
0.000409
0.000408
0.000409
0.000408
0.000408
0.000411
0.000408
0.000409
0.000409
0.000408
0.000409
0.000408
0.000429
0.000415
0.000417
0.000423
0.000409
0.000405
0.000406
0.000406
0.000404
0.000405
0.000407
0.000405
0.000408
0.000406
0.000407
0.000406
0.000406
0.000406
0.000406
0.000406
0.000406
0.000406
0.000411
0.000425
0.000413
0.000418
0.000429
0.000412
0.000414
0.000418
0.000409
0.000408
0.000439
0.000409
0.000411
0.000415
0.000404
0.000404
0.000403
0.000404
0.000403
0.000406
0.000403
0.000403
0.000402
0.000403
0.000402
0.000403
0.000403
0.000403
0.000404
0.000427
0.000403
0.000402
0.000411
0.000398
0.000398
0.000396
0.000397
0.000397
0.000399
0.000417
0.000403
0.000402
0.000410
0.000398
0.000398
0.000395
0.000397
0.000398
0.000398
0.000419
0.000404
0.000403
0.000403
0.000406
0.000402
0.000408
0.000398
0.000396
0.000398
0.000420
0.000402
0.000401
0.000408
0.000397
0.000394
0.000396
0.000397
0.000394
0.000395
0.000415
0.000401
0.000401
0.000409
0.000396
0.000397
0.000395
0.000396
0.000413
0.000401
0.000405
0.000401
0.000401
0.000408
0.000396
0.000395
0.000397
0.000396
0.000394
0.000395
0.000399
0.000395
0.000396
0.000397
0.000394
0.000395
0.000396
0.000395
0.000394
0.000394
0.000399
0.000414
0.000401
0.000409
0.000415
0.000402
0.000401
0.000407
0.000395
0.000394
0.000398
0.000395
0.000395
0.000393
0.000394
0.000392
0.000392
0.000392
0.000392
0.000392
0.000394
0.000392
0.000395
0.000392
0.000393
0.000393
0.000392
0.000393
0.000393
0.000392
0.000411
0.000399
0.000399
0.000410
0.000392
0.000392
0.000393
0.000395
0.000394
0.000393
0.000395
0.000395
0.000392
0.000394
0.000394
0.000393
0.000392
0.000391
0.000393
0.000393
0.000396
0.000415
0.000400
0.000424
0.000398
0.000400
0.000400
0.000403
0.000393
0.000392
0.000393
0.000391
0.000393
0.000393
0.000392
0.000393
0.000393
0.000393
0.000392
0.000393
0.000393
0.000394
0.000392
0.000392
0.000393
0.000391
0.000394
0.000392
0.000392
0.000391
0.000414
0.000401
0.000398
0.000403
0.000392
0.000392
0.000392
0.000393
0.000393
0.000393
0.000394
0.000395
0.000394
0.000392
0.000392
0.000391
0.000391
0.000388
0.000390
0.000388
0.000387
0.000392
0.000388
0.000407
0.000400
0.000386
0.000408
0.000392
0.000393
0.000400
0.000385
0.000389
0.000386
0.000387
0.000385
0.000386
0.000384
0.000385
0.000384
0.000385
0.000384
0.000387
0.000385
0.000385
0.000384
0.000384
0.000387
0.000385
0.000385
0.000386
0.000407
0.000392
0.000394
0.000401
0.000384
0.000383
0.000384
0.000384
0.000384
0.000385
0.000384
0.000383
0.000386
0.000385
0.000384
0.000385
0.000385
0.000384
0.000383
0.000383
0.000384
0.000385
0.000386
0.000407
0.000391
0.000390
0.000412
0.000391
0.000391
0.000401
0.000383
0.000385
0.000385
0.000386
0.000384
0.000386
0.000384
0.000382
0.000383
0.000383
0.000386
0.000384
0.000382
0.000384
0.000381
0.000382
0.000379
0.000383
0.000381
0.000380
0.000380
0.000380
0.000380
0.000402
0.000388
0.000389
0.000398
0.000380
0.000381
0.000381
0.000381
0.000380
0.000381
0.000383
0.000404
0.000388
0.000388
0.000395
0.000382
0.000381
0.000380
0.000380
0.000380
0.000380
0.000414
0.000386
0.000388
0.000387
0.000389
0.000386
0.000393
0.000381
0.000381
0.000383
0.000382
0.000408
0.000388
0.000387
0.000392
0.000381
0.000379
0.000380
0.000380
0.000380
0.000382
0.000402
0.000388
0.000388
0.000394
0.000380
0.000380
0.000380
0.000381
0.000399
0.000386
0.000391
0.000386
0.000387
0.000397
0.000379
0.000379
0.000380
0.000380
0.000381
0.000381
0.000380
0.000405
0.000386
0.000386
0.000393
0.000379
0.000379
0.000381
0.000379
0.000378
0.000379
0.000404
0.000385
0.000385
0.000395
0.000399
0.000386
0.000386
0.000394
0.000380
0.000381
0.000382
0.000380
0.000380
0.000380
0.000380
0.000380
0.000380
0.000380
0.000383
0.000380
0.000381
0.000381
0.000379
0.000378
0.000378
0.000379
0.000381
0.000379
0.000380
0.000380
0.000380
0.000403
0.000388
0.000386
0.000395
0.000381
0.000381
0.000380
0.000380
0.000379
0.000378
0.000380
0.000382
0.000380
0.000379
0.000380
0.000379
0.000379
0.000380
0.000381
0.000380
0.000380
0.000383
0.000380
0.000379
0.000401
0.000388
0.000385
0.000392
0.000380
0.000380
0.000380
0.000380
0.000382
0.000379
0.000377
0.000377
0.000378
0.000378
0.000379
0.000377
0.000378
0.000378
0.000381
0.000379
0.000377
0.000379
0.000378
0.000376
0.000376
0.000376
0.000395
0.000383
0.000384
0.000386
0.000389
0.000376
0.000376
0.000376
0.000375
0.000375
0.000375
0.000377
0.000376
0.000379
0.000376
0.000375
0.000376
0.000374
0.000375
0.000374
0.000375
0.000376
0.000375
0.000374
0.000378
0.000396
0.000384
0.000389
0.000395
0.000383
0.000383
0.000390
0.000377
0.000376
0.000379
0.000376
0.000376
0.000375
0.000375
0.000375
0.000375
0.000375
0.000375
0.000375
0.000375
0.000379
0.000377
0.000376
0.000375
0.000375
0.000377
0.000376
0.000375
0.000377
0.000377
0.000395
0.000384
0.000383
0.000394
0.000375
0.000377
0.000377
0.000377
0.000375
0.000376
0.000376
0.000397
0.000399
0.000382
0.000390
0.000377
0.000378
0.000375
0.000376
0.000376
0.000375
0.000397
0.000385
0.000384
0.000384
0.000409
0.000384
0.000384
0.000390
0.000377
0.000377
0.000375
0.000380
0.000376
0.000375
0.000376
0.000376
0.000377
0.000376
0.000376
0.000376
0.000377
0.000380
0.000377
0.000376
0.000378
0.000376
0.000376
0.000378
0.000376
0.000376
0.000376
0.000396
0.000388
0.000382
0.000381
0.000388
0.000375
0.000374
0.000374
0.000372
0.000375
0.000375
0.000375
0.000399
0.000382
0.000382
0.000386
0.000375
0.000374
0.000375
0.000374
0.000375
0.000375
0.000395
0.000380
0.000380
0.000380
0.000380
0.000380
0.000381
0.000379
0.000386
0.000375
0.000374
0.000400
0.000378
0.000379
0.000383
0.000372
0.000374
0.000372
0.000372
0.000372
0.000371
0.000394
0.000380
0.000379
0.000389
0.000373
0.000373
0.000373
0.000373
0.000372
0.000371
0.000372
0.000396
0.000379
0.000378
0.000386
0.000373
0.000375
0.000373
0.000372
0.000371
0.000372
0.000393
0.000378
0.000380
0.000391
0.000412
0.000425
0.000420
0.000413
0.000408
0.000433
0.000451
0.000456
0.000496
0.000501
0.000477
0.000468
0.000495
0.000470
0.000500
0.000497
0.000503
0.000493
0.000472
0.000451
0.000472
0.000443
0.000438
0.000447
0.000433
0.000434
0.000435
0.000446
0.000448
0.000451
0.000456
0.000441
0.000446
0.000426
0.000421
0.000421
0.000422
0.000418
0.000419
0.000426
0.000420
0.000435
0.000413
0.000413
0.000443
0.000440
0.000419
0.000417
0.000440
0.000414
0.000414
0.000441
0.000415
0.000408
0.000408
0.000408
0.000408
0.000411
0.000399
0.000419
0.000417
0.000432
0.000428
0.000425
0.000420
0.000446
0.000435
0.000446
0.000451
0.000411
0.000428
0.000405
0.000413
0.000401
0.000399
0.000397
0.000395
0.000393
0.000393
0.000425
0.000398
0.000396
0.000399
0.000399
0.000387
0.000388
0.000384
0.000383
0.000382
0.000381
0.000405
0.000388
0.000387
0.000394
0.000381
0.000380
0.000385
0.000383
0.000381
0.000381
0.000405
0.000385
0.000387
0.000394
0.000381
0.000379
0.000388
0.000378
0.000378
0.000377
0.000413
0.000382
0.000383
0.000421
0.000406
0.000410
0.000416
0.000411
0.000414
0.000422
0.000447
0.000427
0.000421
0.000428
0.000414
0.000411
0.000418
0.000433
0.000425
0.000428
0.000430
0.000413
0.000414
0.000399
0.000395
0.000394
0.000392
0.000389
0.000426
0.000434
0.000409
0.000405
0.000410
0.000394
0.000388
0.000389
0.000385
0.000383
0.000383
0.000406
0.000390
0.000388
0.000388
0.000407
0.000393
0.000390
0.000401
0.000386
0.000389
0.000396
0.000441
0.000413
0.000412
0.000425
0.000426
0.000429
0.000438
0.000424
0.000416
0.000438
0.000420
0.000417
0.000426
0.000411
0.000412
0.000426
0.000414
0.000413
0.000413
0.000422
0.000420
0.000425
0.000425
0.000444
0.000436
0.000429
0.000446
0.000424
0.000445
0.000425
0.000421
0.000428
0.000414
0.000414
0.000409
0.000411
0.000407
0.000424
0.000412
0.000409
0.000418
0.000400
0.000423
0.000414
0.000409
0.000416
0.000402
0.000423
0.000405
0.000400
0.000406
0.000392
0.000388
0.000390
0.000388
0.000389
0.000387
0.000410
0.000392
0.000390
0.000400
0.000384
0.000384
0.000384
0.000384
0.000404
0.000393
0.000396
0.000390
0.000392
0.000401
0.000385
0.000384
0.000385
0.000387
0.000385
0.000386
0.000385
0.000411
0.000391
0.000391
0.000397
0.000385
0.000383
0.000384
0.000384
0.000383
0.000384
0.000405
0.000388
0.000389
0.000412
0.000388
0.000389
0.000400
0.000384
0.000384
0.000383
0.000404
0.000387
0.000388
0.000407
0.000409
0.000424
0.000433
0.000413
0.000405
0.000407
0.000421
0.000401
0.000401
0.000406
0.000396
0.000410
0.000397
0.000395
0.000395
0.000395
0.000396
0.000395
0.000395
0.000400
0.000385
0.000384
0.000383
0.000384
0.000384
0.000383
0.000421
0.000392
0.000390
0.000398
0.000381
0.000379
0.000378
0.000378
0.000379
0.000379
0.000399
0.000385
0.000385
0.000397
0.000398
0.000387
0.000386
0.000395
0.000381
0.000396
0.000380
0.000402
0.000385
0.000385
0.000390
0.000378
0.000398
0.000383
0.000381
0.000386
0.000380
0.000400
0.000383
0.000384
0.000392
0.000378
0.000377
0.000379
0.000376
0.000378
0.000394
0.000386
0.000383
0.000383
0.000394
0.000378
0.000377
0.000378
0.000378
0.000377
0.000378
0.000378
0.000402
0.000421
0.000428
0.000405
0.000410
0.000412
0.000403
0.000394
0.000393
0.000391
0.000415
0.000396
0.000395
0.000399
0.000386
0.000385
0.000385
0.000383
0.000387
0.000381
0.000395
0.000379
0.000379
0.000385
0.000376
0.000378
0.000376
0.000376
0.000376
0.000375
0.000413
0.000382
0.000383
0.000383
0.000395
0.000381
0.000380
0.000377
0.000378
0.000380
0.000395
0.000389
0.000381
0.000381
0.000387
0.000376
0.000375
0.000374
0.000374
0.000376
0.000375
0.000396
0.000379
0.000380
0.000398
0.000375
0.000375
0.000373
0.000374
0.000376
0.000376
0.000377
0.000401
0.000380
0.000381
0.000387
0.000375
0.000394
0.000379
0.000379
0.000386
0.000372
0.000391
0.000379
0.000383
0.000392
0.000378
0.000375
0.000374
0.000375
0.000375
0.000375
0.000375
0.000400
0.000380
0.000380
0.000386
0.000374
0.000396
0.000386
0.000385
0.000382
0.000382
0.000389
0.000383
0.000381
0.000393
0.000375
0.000376
0.000374
0.000375
0.000393
0.000401
0.000410
0.000401
0.000398
0.000401
0.000401
0.000396
0.000401
0.000412
0.000418
0.000402
0.000403
0.000397
0.000398
0.000405
0.000391
0.000390
0.000386
0.000386
0.000388
0.000401
0.000433
0.000409
0.000414
0.000413
0.000406
0.000403
0.000400
0.000397
0.000398
0.000395
0.000400
0.000396
0.000394
0.000425
0.000408
0.000398
0.000411
0.000396
0.000397
0.000395
0.000402
0.000397
0.000405
0.000404
0.000397
0.000405
0.000395
0.000391
0.000402
0.000391
0.000393
0.000391
0.000388
0.000396
0.000384
0.000382
0.000382
0.000381
0.000383
0.000381
0.000380
0.000405
0.000388
0.000387
0.000389
0.000386
0.000391
0.000391
0.000388
0.000388
0.000386
0.000400
0.000387
0.000385
0.000391
0.000380
0.000376
0.000379
0.000378
0.000377
0.000378
0.000410
0.000384
0.000384
0.000395
0.000379
0.000392
0.000395
0.000382
0.000387
0.000382
0.000386
0.000407
0.000444
0.000442
0.000429
0.000429
0.000424
0.000476
0.000414
0.000413
0.000418
0.000410
0.000405
0.000415
0.000399
0.000398
0.000397
0.000397
0.000418
0.000400
0.000403
0.000399
0.000399
0.000399
0.000398
0.000399
0.000408
0.000393
0.000392
0.000406
0.000396
0.000396
0.000392
0.000397
0.000407
0.000391
0.000387
0.000386
0.000384
0.000384
0.000407
0.000390
0.000388
0.000395
0.000381
0.000396
0.000384
0.000385
0.000381
0.000378
0.000399
0.000384
0.000386
0.000392
0.000378
0.000377
0.000378
0.000377
0.000377
0.000377
0.000377
0.000400
0.000384
0.000382
0.000388
0.000375
0.000377
0.000377
0.000376
0.000377
0.000377
0.000399
0.000389
0.000383
0.000390
0.000377
0.000377
0.000379
0.000377
0.000383
0.000377
0.000381
0.000402
0.000384
0.000382
0.000386
0.000375
0.000375
0.000375
0.000375
0.000376
0.000377
0.000399
0.000384
0.000381
0.000390
0.000377
0.000375
0.000376
0.000386
0.000378
0.000376
0.000393
0.000383
0.000383
0.000385
0.000386
0.000377
0.000375
0.000375
0.000374
0.000375
0.000375
0.000396
0.000381
0.000380
0.000389
0.000375
0.000375
0.000375
0.000374
0.000375
0.000373
0.000375
0.000396
0.000380
0.000379
0.000384
0.000377
0.000375
0.000385
0.000374
0.000373
0.000373
0.000394
0.000380
0.000381
0.000389
0.000374
0.000373
0.000374
0.000372
0.000373
0.000375
0.000375
0.000406
0.000383
0.000384
0.000391
0.000378
0.000379
0.000388
0.000376
0.000376
0.000376
0.000397
0.000382
0.000382
0.000391
0.000377
0.000376
0.000376
0.000375
0.000374
0.000376
0.000379
0.000399
0.000382
0.000382
0.000386
0.000376
0.000375
0.000373
0.000374
0.000375
0.000374
0.000398
0.000382
0.000382
0.000389
0.000377
0.000377
0.000377
0.000376
0.000386
0.000375
0.000378
0.000396
0.000382
0.000382
0.000387
0.000375
0.000375
0.000375
0.000374
0.000374
0.000375
0.000396
0.000381
0.000381
0.000395
0.000385
0.000388
0.000382
0.000382
0.000379
0.000380
0.000399
0.000386
0.000385
0.000396
0.000383
0.000378
0.000379
0.000379
0.000378
0.000378
0.000377
0.000402
0.000384
0.000382
0.000390
0.000378
0.000378
0.000376
0.000376
0.000377
0.000377
0.000396
0.000387
0.000384
0.000393
0.000377
0.000378
0.000376
0.000387
0.000375
0.000376
0.000376
0.000401
0.000382
0.000382
0.000388
0.000377
0.000376
0.000375
0.000374
0.000375
0.000375
0.000397
0.000383
0.000380
0.000391
0.000375
0.000376
0.000375
0.000384
0.000375
0.000375
0.000375
0.000399
0.000381
0.000386
0.000385
0.000377
0.000374
0.000375
0.000373
0.000375
0.000376
0.000395
0.000381
0.000380
0.000392
0.000375
0.000374
0.000374
0.000374
0.000374
0.000375
0.000374
0.000398
0.000382
0.000385
0.000387
0.000374
0.000374
0.000378
0.000376
0.000375
0.000375
0.000395
0.000380
0.000380
0.000389
0.000375
0.000375
0.000374
0.000375
0.000375
0.000375
0.000374
0.000398
0.000381
0.000379
0.000384
0.000373
0.000374
0.000387
0.000373
0.000373
0.000373
0.000392
0.000379
0.000381
0.000388
0.000371
0.000371
0.000372
0.000370
0.000371
0.000371
0.000371
0.000393
0.000378
0.000378
0.000386
0.000372
0.000372
0.000372
0.000371
0.000372
0.000372
0.000372
0.000401
0.000386
0.000381
0.000389
0.000374
0.000374
0.000374
0.000382
0.000375
0.000375
0.000397
0.000383
0.000383
0.000391
0.000375
0.000375
0.000374
0.000374
0.000374
0.000373
0.000374
0.000397
0.000380
0.000380
0.000385
0.000372
0.000373
0.000373
0.000385
0.000374
0.000373
0.000392
0.000379
0.000379
0.000388
0.000372
0.000373
0.000373
0.000371
0.000371
0.000372
0.000370
0.000395
0.000379
0.000379
0.000385
0.000372
0.000372
0.000371
0.000372
0.000373
0.000373
0.000392
0.000388
0.000380
0.000391
0.000376
0.000376
0.000378
0.000388
0.000373
0.000374
0.000372
0.000395
0.000378
0.000377
0.000385
0.000373
0.000373
0.000372
0.000371
0.000370
0.000370
0.000391
0.000378
0.000378
0.000378
0.000381
0.000373
0.000372
0.000386
0.000374
0.000372
0.000373
0.000398
0.000384
0.000381
0.000392
0.000378
0.000376
0.000375
0.000377
0.000375
0.000376
0.000403
0.000380
0.000381
0.000382
0.000386
0.000375
0.000374
0.000374
0.000376
0.000374
0.000374
0.000398
0.000381
0.000379
0.000389
0.000371
0.000385
0.000376
0.000376
0.000384
0.000375
0.000394
0.000380
0.000382
0.000380
0.000385
0.000373
0.000373
0.000372
0.000373
0.000373
0.000374
0.000396
0.000378
0.000379
0.000389
0.000374
0.000373
0.000373
0.000372
0.000373
0.000388
0.000374
0.000400
0.000379
0.000380
0.000385
0.000374
0.000373
0.000372
0.000371
0.000371
0.000371
0.000391
0.000379
0.000378
0.000387
0.000372
0.000371
0.000371
0.000371
0.000371
0.000372
0.000371
0.000394
0.000376
0.000376
0.000384
0.000388
0.000371
0.000371
0.000380
0.000371
0.000369
0.000396
0.000377
0.000376
0.000376
0.000380
0.000369
0.000371
0.000370
0.000369
0.000369
0.000370
0.000402
0.000377
0.000377
0.000386
0.000371
0.000371
0.000370
0.000371
0.000372
0.000371
0.000387
0.000397
0.000378
0.000379
