0.058586
0.048989
0.052280
0.053310
0.054104
0.054040
0.061403
0.054057
0.060335
0.051783
0.051516
0.052793
0.053100
0.054606
0.056442
0.052868
0.053834
0.061668
0.060864
0.053986
0.049694
0.049821
0.053927
0.051083
0.059754
0.050569
0.053693
0.054412
0.052597
0.057683
0.051916
0.052180
0.051474
0.052669
0.052707
0.052610
0.052933
0.052597
0.053068
0.052578
0.053498
0.054197
0.053888
0.060515
0.053822
0.056052
0.049733
0.052738
0.053438
0.053696
0.054120
0.054008
0.054173
0.052982
0.060546
0.062733
0.067243
0.062759
0.062473
0.062056
0.062552
0.059620
0.060420
0.059213
0.059651
0.058606
0.058806
0.059049
0.059408
0.059713
0.060741
0.059076
0.059558
0.059418
0.058155
0.057835
0.055339
0.055901
0.056517
0.055818
0.057349
0.062608
0.057867
0.058218
0.059458
0.058014
0.057808
0.057203
0.056065
0.056500
0.056926
0.056187
0.057193
0.056298
0.056668
0.069200
0.064760
0.058285
0.059063
0.057694
0.058893
0.053916
0.053815
0.061882
0.053146
0.053977
0.053013
0.055730
0.063371
0.055651
0.054829
0.056484
0.054405
0.054047
0.058928
0.057128
0.052682
0.058605
0.074442
0.065121
0.069031
0.070066
0.062087
0.063809
0.063607
0.059553
0.060963
0.060739
0.058664
0.058933
0.058326
0.057983
0.065299
0.050647
0.054190
0.047642
0.049423
0.048280
0.049915
0.050608
0.050156
0.052108
0.051758
0.051872
0.051805
0.055454
0.054350
0.054401
0.053647
0.051470
0.048753
0.047741
0.047997
0.051849
0.049680
0.048790
0.047744
0.047253
0.047262
0.048378
0.047897
0.047991
0.047961
0.047799
0.047679
0.049533
0.074576
0.076430
0.076375
0.074987
0.074763
0.073291
0.073496
0.072928
0.072643
0.075211
0.076930
0.087442
0.071117
0.071511
0.071354
0.070954
0.070709
0.070647
0.070456
0.069649
0.066575
0.070317
0.067619
0.070956
0.066643
0.070521
0.066787
0.072363
0.066415
0.066775
0.065981
0.066325
0.067831
0.071222
0.074445
0.072099
0.068140
0.073188
0.072155
0.071458
0.068974
0.069763
0.068720
0.067878
0.064149
0.064484
0.066471
0.064140
0.063765
0.063030
0.063128
0.062810
0.063187
0.063847
0.062737
0.062499
0.062341
0.062803
0.062391
0.061445
0.073749
0.054440
0.053741
0.054285
0.053721
0.054961
0.054739
0.054713
0.057426
0.057151
0.055700
0.055445
0.055561
0.056131
0.055278
0.055205
0.055893
0.054336
0.052375
0.054394
0.054762
0.054692
0.054457
0.054753
0.055187
0.054752
0.054985
0.054815
0.054087
0.052648
0.048825
0.050677
0.050840
0.050882
0.051168
0.054644
0.054109
0.053791
0.052529
0.053003
0.053073
0.053526
0.051189
0.052008
0.052063
0.055524
0.055577
0.056785
0.055144
0.055243
0.055240
0.055381
0.067439
0.054657
0.056646
0.058442
0.056660
0.056332
0.055768
0.059578
0.056145
0.056953
0.059040
0.059680
0.056729
0.055409
0.057820
0.054906
0.058432
0.058000
0.056971
0.056157
0.058052
0.057678
0.056312
0.055133
0.054514
0.057064
0.056195
0.056312
0.055332
0.056143
0.056320
0.056203
0.056272
0.054659
0.055189
0.054133
0.055244
0.055973
0.055666
0.057221
0.055845
0.053871
0.055674
0.054774
0.050825
0.053378
0.051734
0.053895
0.055272
0.054529
0.053755
0.052864
0.053187
0.054119
0.056352
0.056415
0.053871
0.052215
0.055179
0.054061
0.054929
0.056276
0.054210
0.053045
0.053920
0.055292
0.054818
0.055015
0.053416
0.055590
0.055593
0.055343
0.053908
0.055600
0.052885
0.055011
0.054345
0.055108
0.056239
0.055211
0.057377
0.057566
0.052835
0.055377
0.055132
0.056814
0.056549
0.056266
0.056377
0.056631
0.057727
0.054791
0.055114
0.055135
0.055030
0.057143
0.057848
0.057978
0.058220
0.055216
0.056032
0.055910
0.055983
0.061372
0.058474
0.057971
0.059896
0.057980
0.055376
0.055794
0.055835
0.058861
0.058702
0.058638
0.056277
0.055548
0.055657
0.056803
0.055802
0.055259
0.057101
0.062182
0.061617
0.062553
0.062223
0.062996
0.074562
0.068099
0.067139
0.067657
0.067418
0.066739
0.067032
0.066973
0.065425
0.065835
0.068356
0.069039
0.069332
0.068260
0.067239
0.068451
0.067085
0.067341
0.068048
0.068019
0.070192
0.067187
0.066308
0.066066
0.066486
0.067978
0.066234
0.067377
0.067134
0.066789
0.068276
0.067549
0.068278
0.069149
0.069275
0.069941
0.069303
0.068496
0.068310
0.068850
0.068257
0.064654
0.067843
0.066573
0.067029
0.067630
0.067352
0.066300
0.068585
0.071814
0.084070
0.069895
0.061931
0.060091
0.059414
0.057655
0.057751
0.058758
0.058640
0.055935
0.055416
0.064981
0.061035
0.057799
0.058627
0.061063
0.059528
0.057648
0.059595
0.058453
0.056524
0.057031
0.055212
0.054563
0.057883
0.052802
0.057604
0.057836
0.058115
0.057896
0.053927
0.058042
0.056863
0.055819
0.055776
0.053069
0.055261
0.056255
0.056428
0.058198
0.058368
0.057808
0.056444
0.057944
0.058253
0.053554
0.055797
0.056259
0.053610
0.052659
0.054521
0.054176
0.053439
0.051988
0.054572
0.055191
0.057328
0.057387
0.057651
0.057895
0.057879
0.057984
0.056075
0.054982
0.055453
0.054471
0.054654
0.057932
0.063597
0.057569
0.057768
0.057112
0.058080
0.057662
0.057884
0.056566
0.057925
0.054955
0.053284
0.053947
0.054054
0.058232
0.055718
0.053434
0.053350
0.054099
0.058256
0.058305
0.058209
0.055137
0.054697
0.055449
0.056689
0.055693
0.054347
0.054203
0.058232
0.054098
0.056146
0.058105
0.058742
0.057441
0.058565
0.057689
0.057751
0.061999
0.057046
0.057436
0.053944
0.053557
0.053592
0.056848
0.052792
0.052555
0.052485
0.057162
0.055326
0.056899
0.053102
0.052914
0.054394
0.053473
0.054287
0.054086
0.054155
0.057189
0.057226
0.055366
0.057486
0.056075
0.059766
0.055722
0.057664
0.061301
0.061985
0.053723
0.055185
0.052832
0.053395
0.052345
0.053471
0.052937
0.052598
0.054769
0.055113
0.056404
0.054077
0.054189
0.055027
0.054581
0.054492
0.055824
0.053028
0.051965
0.051546
0.051510
0.050598
0.050890
0.051101
0.051230
0.050827
0.050750
0.051924
0.054469
0.055507
0.055569
0.055114
0.054999
0.061992
0.054398
0.053978
0.052439
0.052833
0.052513
0.053274
0.053585
0.055405
0.058452
0.058339
0.056326
0.059012
0.058636
0.056104
0.056832
0.056468
0.056865
0.057532
0.055601
0.055034
0.055441
0.056763
0.055072
0.056299
0.056114
0.056205
0.055465
0.055991
0.056435
0.060125
0.057222
0.054757
0.055585
0.055785
0.054598
0.056047
0.054881
0.054649
0.054642
0.053584
0.055216
0.056539
0.055307
0.059830
0.054088
0.053030
0.053518
0.054843
0.055188
0.055015
0.053098
0.052857
0.052024
0.050837
0.052545
0.056822
0.056614
0.054675
0.052998
0.055088
0.055471
0.051748
0.052114
0.053913
0.054179
0.052640
0.052610
0.053590
0.053018
0.052755
0.053712
0.056119
0.055360
0.054182
0.054301
0.053851
0.054231
0.055793
0.054902
0.055196
0.054920
0.055171
0.054612
0.055818
0.056025
0.057373
0.057289
0.056124
0.053736
0.053941
0.053288
0.050614
0.049058
0.049749
0.049813
0.051418
0.051676
0.051658
0.052917
0.058018
0.055484
0.054098
0.055303
0.053649
0.053787
0.055070
0.056025
0.055156
0.057494
0.053031
0.053486
0.054031
0.053929
0.054353
0.054768
0.054421
0.053787
0.054090
0.054734
0.052796
0.053213
0.053157
0.056316
0.056112
0.056042
0.056487
0.055425
0.056328
0.056694
0.056374
0.053108
0.053639
0.053580
0.054048
0.053826
0.053359
0.053371
0.053063
0.052332
0.052814
0.053418
0.053230
0.053380
0.053671
0.056083
0.056995
0.055827
0.055846
0.055720
0.056575
0.055390
0.056639
0.056994
0.056108
0.053308
0.054045
0.052531
0.054965
0.056241
0.055169
0.056469
0.055276
0.054484
0.056156
0.055769
0.055159
0.056309
0.055031
0.055721
0.055323
0.054997
0.057740
0.055508
0.057522
0.061751
0.060218
0.059997
0.059161
0.053889
0.052809
0.053856
0.061486
0.054412
0.053654
0.053862
0.053805
0.053595
0.053216
0.054140
0.055607
0.058243
0.056991
0.056992
0.056754
0.056273
0.057467
0.055418
0.060390
0.055400
0.055384
0.051847
0.052033
0.052019
0.052420
0.052132
0.051346
0.051863
0.051645
0.052844
0.053169
0.053356
0.054245
0.054602
0.056178
0.055318
0.057143
0.056372
0.058347
0.058890
0.054693
0.054367
0.055072
0.054025
0.059640
0.060458
0.054673
0.055187
0.053682
0.057273
0.054612
0.054607
0.055099
0.056440
0.056224
0.054481
0.054871
0.052701
0.054261
0.054641
0.058098
0.062041
0.055322
0.053582
0.055370
0.054575
0.054110
0.053206
0.054356
0.054473
0.055998
0.055782
0.058214
0.058018
0.057866
0.056780
0.059389
0.052724
0.053437
0.055315
0.054933
0.055566
0.056057
0.057170
0.055590
0.056552
0.056800
0.055978
0.055825
0.055296
0.054073
0.057593
0.054612
0.054483
0.061967
0.057301
0.054609
0.053488
0.058326
0.053655
0.054811
0.057794
0.058472
0.055265
0.053942
0.054698
0.054112
0.055098
0.057609
0.052888
0.054942
0.054090
0.053361
0.052071
0.057460
0.058701
0.056430
0.053594
0.054415
0.055121
0.055184
0.054206
0.052408
0.053650
0.054300
0.054725
0.056927
0.056956
0.058000
0.058839
0.056878
0.059987
0.056691
0.053206
0.052724
0.056596
0.055734
0.055770
0.055519
0.055134
0.054375
0.053791
0.053163
0.057494
0.056973
0.054879
0.056397
0.055609
0.056738
0.056900
0.059526
0.057957
0.058115
0.056811
0.055553
0.056766
0.055847
0.053784
0.053962
0.053285
0.053739
0.056411
0.055874
0.056263
0.056324
0.053284
0.056562
0.056469
0.057611
0.053516
0.052462
0.053447
0.054508
0.054192
0.058194
0.053107
0.054469
0.052282
0.054311
0.052828
0.056848
0.054050
0.055442
0.057254
0.059235
0.057289
0.055126
0.054576
0.056524
0.056974
0.057294
0.055599
0.055507
0.057404
0.057280
0.059771
0.055275
0.060533
0.054180
0.053434
0.055127
0.055629
0.056496
0.057891
0.056915
0.057931
0.061191
0.056096
0.053079
0.053265
0.053253
0.050738
0.051286
0.051432
0.051695
0.051385
0.051524
0.051534
0.052481
0.052719
0.053590
0.055552
0.054948
0.055256
0.054030
0.053236
0.054118
0.056793
0.055343
0.054887
0.059503
0.060203
0.059095
0.058083
0.055435
0.054986
0.056187
0.052856
0.055212
0.055822
0.052661
0.061106
0.060019
0.058166
0.054812
0.052745
0.053449
0.052917
0.054115
0.053847
0.055480
0.056587
0.055502
0.055358
0.055516
0.059124
0.052957
0.053735
0.054302
0.055188
0.054354
0.055328
0.055741
0.056582
0.055184
0.056125
0.055760
0.059347
0.059504
0.059771
0.054301
0.053368
0.054039
0.053496
0.051479
0.054146
0.055789
0.056957
0.055915
0.057497
0.058569
0.064074
0.055664
0.054198
0.054063
0.054544
0.054272
0.054074
0.052707
0.054119
0.053510
0.053430
0.053662
0.053519
0.053257
0.053089
0.052865
0.053066
0.055291
0.055559
0.056821
0.054655
0.052768
0.052403
0.052497
0.054384
0.053002
0.052751
0.053073
0.053124
0.053856
0.052376
0.053459
0.051921
0.050302
0.054310
0.059629
0.052962
0.053792
0.052570
0.052698
0.053720
0.053433
0.053687
0.053338
0.053701
0.053155
0.054893
0.055981
0.055175
0.054590
0.053838
0.053928
0.053547
0.055626
0.054864
0.054619
0.054886
0.054773
0.054531
0.054263
0.051856
0.051528
0.056140
0.054933
0.055553
0.054792
0.057072
0.056284
0.054793
0.061937
0.052904
0.051549
0.051297
0.051147
0.050793
0.051223
0.051485
0.051682
0.052716
0.051887
0.052714
0.056417
0.054907
0.054867
0.053692
0.055670
0.051873
0.050585
0.051141
0.051228
0.050882
0.050630
0.052061
0.057709
0.057510
0.056753
0.056381
0.056674
0.054809
0.057252
0.055293
0.055853
0.056479
0.054625
0.054376
0.054164
0.054326
0.055532
0.057041
0.057109
0.055640
0.054938
0.056134
0.054654
0.054093
0.054497
0.055234
0.055988
0.058837
0.058294
0.055448
0.054035
0.056209
0.051056
0.050549
0.052770
0.055178
0.054323
0.053656
0.050571
0.050913
0.051992
0.055892
0.056041
0.054680
0.054385
0.053428
0.053182
0.052813
0.052838
0.063717
0.067639
0.067067
0.068672
0.068931
0.068242
0.067667
0.067982
0.067005
0.066465
0.068337
0.068617
0.068034
0.069422
0.067330
0.067013
0.067230
0.067339
0.070543
0.070843
0.067078
0.067506
0.068438
0.066630
0.067727
0.066504
0.064731
0.064240
0.062616
0.063615
0.063068
0.063638
0.063089
0.064299
0.064301
0.064521
0.065263
0.065244
0.064403
0.064003
0.063321
0.062564
0.063443
0.063474
0.063195
0.062093
0.061185
0.060673
0.060653
0.060576
0.061361
0.061300
0.061057
0.061313
0.061175
0.061210
0.061219
0.061774
0.062107
0.062023
0.061477
0.062890
0.062841
0.062992
0.061814
0.061650
0.061779
0.061981
0.061228
0.062769
0.062572
0.062359
0.063248
0.062487
0.062217
0.062618
0.062873
0.062791
0.058264
0.056910
0.057347
0.057349
0.057766
0.057935
0.057761
0.061508
0.062285
0.061403
0.061642
0.061684
0.062358
0.061369
0.061866
0.062764
0.065475
0.065310
0.065232
0.065312
0.066202
0.066531
0.064914
0.064974
0.064944
0.064920
0.064329
0.063975
0.059322
0.058011
0.062655
0.061971
0.062164
0.062145
0.062594
0.063602
0.059041
0.057493
0.064589
0.065239
0.064332
0.064249
0.063567
0.061655
0.061410
0.062158
0.062435
0.062241
0.061689
0.061493
0.061567
0.061848
0.061644
0.062674
0.062730
0.062605
0.062861
0.063164
0.062823
0.062534
0.061973
0.061473
0.062418
0.062378
0.062659
0.060978
0.061036
0.061550
0.061864
0.061913
0.062024
0.061927
0.062054
0.062885
0.063102
0.063477
0.064807
0.064395
0.063580
0.066283
0.058231
0.064846
0.064652
0.064220
0.062480
0.064404
0.063557
0.061834
0.061530
0.058913
0.058858
0.059378
0.056179
0.056824
0.055141
0.059135
0.058596
0.058181
0.057317
0.054855
0.058039
0.057363
0.058456
0.058012
0.057057
0.059841
0.062066
0.060241
0.063745
0.062979
0.057912
0.055923
0.053847
0.054501
0.073413
0.055578
0.054473
0.056271
0.054018
0.054374
0.053461
0.056162
0.054646
0.053419
0.054347
0.052778
0.052579
0.054371
0.054457
0.054083
0.054094
0.053418
0.052196
0.053200
0.053020
0.052870
0.052493
0.052096
0.052096
0.052280
0.051993
0.051752
0.052218
0.052389
0.052137
0.052741
0.053007
0.052529
0.052444
0.052073
0.051459
0.051077
0.051786
0.051686
0.051519
0.051582
0.051430
0.051162
0.051445
0.051201
0.050665
0.050768
0.050921
0.051256
0.055068
0.051562
0.055073
0.055091
0.055462
0.054892
0.053407
0.054455
0.054538
0.052985
0.053787
0.055251
0.054426
0.055260
0.054505
0.055113
0.055784
0.053574
0.054670
0.055297
0.055535
0.053211
0.055175
0.054522
0.055967
0.056772
0.054611
0.061294
0.060184
0.051949
0.051824
0.057083
0.058099
0.058068
0.055862
0.056666
0.054325
0.050201
0.049551
0.047680
0.048512
0.049268
0.049322
0.049063
0.050030
0.050080
0.050464
0.049928
0.049930
0.049356
0.050024
0.055994
0.054958
0.055201
0.054272
0.055066
0.057595
0.052123
0.051243
0.053475
0.054780
0.055329
0.054230
0.056968
0.055399
0.054885
0.054908
0.052224
0.053478
0.054862
0.055039
0.054633
0.056038
0.054248
0.054000
0.054642
0.054860
0.053837
0.054313
0.053133
0.054192
0.052381
0.053741
0.054962
0.054600
0.052812
0.054616
0.053878
0.054981
0.054975
0.055685
0.055621
0.055983
0.055113
0.055010
0.051807
0.052115
0.053796
0.054977
0.054899
0.057491
0.059428
0.059100
0.055804
0.056248
0.058102
0.055977
0.058486
0.056848
0.058247
0.053232
0.053617
0.054403
0.052583
0.052273
0.057440
0.052616
0.052481
0.053833
0.054044
0.052414
0.051993
0.052334
0.052801
0.053131
0.053752
0.053154
0.053625
0.052770
0.052254
0.053367
0.053994
0.053158
0.054698
0.054202
0.055055
0.054737
0.053299
0.054476
0.054128
0.055218
0.055296
0.057719
0.056684
0.055110
0.055009
0.055243
0.055404
0.054497
0.054216
0.058451
0.056496
0.054178
0.055894
0.055973
0.056652
0.055735
0.054982
0.054684
0.052916
0.055110
0.055770
0.056374
0.054982
0.052748
0.051964
0.051053
0.054563
0.053554
0.050844
0.050570
0.049675
0.049059
0.049886
0.053407
0.055355
0.055935
0.056078
0.055201
0.057529
0.058308
0.057202
0.051989
0.051377
0.053903
0.054002
0.054136
0.054421
0.054979
0.053844
0.052312
0.053857
0.054753
0.054878
0.053797
0.055492
0.055669
0.055535
0.054107
0.054783
0.055649
0.055116
0.054107
0.056023
0.055354
0.058036
0.057735
0.056703
0.056748
0.057051
0.057071
0.056028
0.057048
0.056874
0.056860
0.056857
0.057101
0.055863
0.054998
0.052805
0.054209
0.052542
0.053700
0.053955
0.053664
0.055259
0.055324
0.056459
0.057357
0.057547
0.057232
0.056026
0.056210
0.056899
0.058709
0.058397
0.056764
0.055302
0.053828
0.053527
0.055152
0.057259
0.056258
0.055058
0.055756
0.057642
0.057982
0.057817
0.057244
0.055425
0.050826
0.050859
0.052537
0.052901
0.054222
0.052625
0.052171
0.055112
0.054553
0.055717
0.056581
0.056035
0.055681
0.056076
0.055957
0.056025
0.056765
0.057618
0.056338
0.053625
0.055735
0.056602
0.056896
0.058398
0.053520
0.052130
0.054805
0.054046
0.053569
0.055978
0.055255
0.055215
0.053365
0.054331
0.055264
0.057033
0.055688
0.054815
0.055501
0.056904
0.056210
0.056526
0.055841
0.054649
0.055084
0.055720
0.054976
0.054737
0.055033
0.056339
0.056860
0.055889
0.056046
0.054472
0.053945
0.052141
0.053191
0.053922
0.055407
0.056367
0.056038
0.056675
0.056603
0.054712
0.055451
0.055002
0.055104
0.054152
0.055463
0.056864
0.056602
0.056453
0.055697
0.056261
0.056535
0.053551
0.052840
0.053212
0.053757
0.053893
0.058213
0.057985
0.057437
0.057621
0.058018
0.057547
0.056960
0.056325
0.056161
0.056454
0.055156
0.056070
0.056197
0.056515
0.057372
0.056247
0.057425
0.057779
0.057335
0.053377
0.053848
0.056768
0.057498
0.057078
0.055736
0.055849
0.055666
0.055769
0.055540
0.054897
0.059891
0.059319
0.058812
0.059060
0.058614
0.058291
0.057832
0.057473
0.056669
0.057623
0.057527
0.057839
0.057028
0.057421
0.057707
0.057155
0.056606
0.056512
0.056520
0.056627
0.056292
0.055400
0.056134
0.056034
0.056028
0.056078
0.056601
0.056633
0.057531
0.057379
0.057748
0.057642
0.058252
0.057848
0.057597
0.056383
0.056060
0.056373
0.056184
0.055561
0.055427
0.056395
0.056529
0.057031
0.055995
0.055972
0.055934
0.056180
0.056008
0.056708
0.058019
0.058950
0.059719
0.053376
0.052002
0.052628
0.052902
0.052483
0.052387
0.052785
0.052364
0.054423
0.056961
0.054451
0.056473
0.059223
0.058789
0.058967
0.058855
0.059002
0.057841
0.059092
0.057864
0.054255
0.056167
0.057570
0.054127
0.056478
0.053931
0.053277
0.055020
0.053466
0.053392
0.053331
0.053857
0.054550
0.054771
0.054604
0.054168
0.052787
0.052862
0.052963
0.052802
0.051302
0.053904
0.053620
0.055837
0.054682
0.055510
0.050933
0.051329
0.051346
0.058199
0.056919
0.053884
0.054764
0.055768
0.053852
0.055152
0.056750
0.057168
0.057796
0.055604
0.053796
0.057058
0.055074
0.053077
0.053577
0.054582
0.052751
0.050607
0.051759
0.052957
0.051597
0.052223
0.052809
0.055363
0.054467
0.052543
0.056010
0.054909
0.052895
0.054831
0.055851
0.054169
0.054748
0.053949
0.052348
0.051903
0.051433
0.051975
0.052826
0.053519
0.054790
0.054708
0.053853
0.053105
0.052409
0.052468
0.054172
0.053635
0.054415
0.057609
0.055327
0.056100
0.056376
0.056280
0.056813
0.056594
0.056294
0.056058
0.054718
0.055585
0.055860
0.055762
0.056740
0.055611
0.056449
0.055722
0.055799
0.055171
0.055217
0.055976
0.055983
0.055977
