0.046836
0.031719
0.031505
0.032830
0.030584
0.031304
0.031738
0.032230
0.031299
0.031937
0.032341
0.032030
0.031112
0.031529
0.032514
0.031381
0.030393
0.031659
0.031138
0.031036
0.031109
0.031123
0.031332
0.031253
0.031316
0.031424
0.030565
0.030258
0.030490
0.030105
0.030360
0.040977
0.051387
0.027545
0.029032
0.025750
0.025860
0.025843
0.025599
0.025131
0.025411
0.025465
0.025624
0.026445
0.026366
0.026098
0.026081
0.026051
0.025842
0.026016
0.025973
0.025663
0.026147
0.026168
0.025820
0.025902
0.025879
0.026951
0.027011
0.027724
0.027910
0.027619
0.027485
0.026526
0.027633
0.026564
0.026624
0.027194
0.026831
0.027759
0.027643
0.027578
0.027534
0.027310
0.027326
0.026605
0.026465
0.027138
0.028128
0.027795
0.028792
0.029173
0.028009
0.029018
0.028016
0.038941
0.037175
0.029365
0.026046
0.027033
0.027215
0.027417
0.027085
0.027868
0.029108
0.026555
0.025705
0.027018
0.027392
0.026059
0.025958
0.025865
0.026025
0.027054
0.045481
0.027347
0.027046
0.026554
0.026623
0.025171
0.025998
0.025840
0.025834
0.025699
0.026212
0.025199
0.025057
0.026073
0.025784
0.025782
0.026056
0.025516
0.025128
0.025475
0.025636
0.025363
0.025577
0.025284
0.025785
0.024717
0.024568
0.024971
0.026210
0.025865
0.025129
0.026090
0.025294
0.024659
0.026040
0.026974
0.026519
0.026522
0.026796
0.027039
0.025489
0.024825
0.025595
0.026444
0.026305
0.025946
0.026436
0.026221
0.026408
0.026211
0.025982
0.025407
0.025071
0.024993
0.026420
0.026246
0.026314
0.025567
0.024872
0.026526
0.025660
0.025569
0.026041
0.026192
0.026468
0.025935
0.025180
0.026058
0.026082
0.024872
0.025736
0.024865
0.024903
0.025388
0.026280
0.025951
0.026367
0.026612
0.026685
0.025813
0.025474
0.028467
0.030459
0.029421
0.028713
0.028266
0.028138
0.025854
0.025824
0.025718
0.025836
0.025835
0.025569
0.025556
0.025515
0.025506
0.025685
0.025416
0.025439
0.025113
0.026014
0.025575
0.025911
0.024789
0.025628
0.024997
0.026040
0.025454
0.026401
0.026186
0.025349
0.026289
0.025153
0.025430
0.028941
0.027170
0.026580
0.027573
0.027494
0.027063
0.027425
0.026475
0.026179
0.024945
0.027337
0.026233
0.026783
0.026140
0.026334
0.025729
0.025517
0.025756
0.025978
0.025862
0.026463
0.025179
0.025349
0.025852
0.025479
0.025701
0.025895
0.025119
0.025188
0.025659
0.025217
0.025206
0.025695
0.026530
0.025632
0.026172
0.026523
0.024688
0.025273
0.025073
0.025771
0.025802
0.046222
0.030890
0.031197
0.031013
0.030305
0.030488
0.029409
0.030087
0.029266
0.030031
0.030698
0.030712
0.033084
0.029009
0.029213
0.028526
0.029178
0.026637
0.028751
0.028518
0.030144
0.029877
0.027702
0.028518
0.028871
0.028063
0.029314
0.028791
0.028059
0.028191
0.028208
0.028045
0.027876
0.027856
0.027445
0.027780
0.028352
0.028135
0.029667
0.028675
0.029672
0.030511
0.029688
0.028817
0.029669
0.029887
0.029683
0.029449
0.029469
0.030211
0.029382
0.029476
0.029693
0.030386
0.029326
0.029804
0.029796
0.029485
0.030017
0.029761
0.030124
0.030324
0.029116
0.028104
0.027313
0.026836
0.027690
0.027138
0.039409
0.031448
0.028290
0.027701
0.027467
0.027515
0.027799
0.027916
0.026941
0.026741
0.026373
0.027605
0.027414
0.026902
0.026212
0.027218
0.025967
0.027604
0.027823
0.028081
0.028287
0.028674
0.027461
0.026874
0.026513
0.026194
0.025959
0.025830
0.026467
0.025444
0.025644
0.026769
0.026420
0.025855
0.026364
0.026552
0.026943
0.026791
0.026685
0.026482
0.026674
0.026547
0.026888
0.026778
0.026422
0.026876
0.025826
0.025996
0.027320
0.026442
0.026668
0.026407
0.025892
0.027576
0.026316
0.025641
0.025545
0.026065
0.025619
0.026019
0.026734
0.026989
0.027018
0.025661
0.025961
0.026058
0.026067
0.026170
0.026712
0.027420
0.027853
0.026650
0.026321
0.025497
0.025089
0.026345
0.026063
0.026389
0.025844
0.026396
0.026479
0.026864
0.026282
0.026023
0.026320
0.024928
0.026538
0.025706
0.025928
0.025844
0.028657
0.025525
0.026564
0.027468
0.025699
0.026415
0.027638
0.025483
0.026196
0.025479
0.025880
0.026237
0.025157
0.026112
0.025599
0.026100
0.027309
0.025637
0.027744
0.026504
0.027271
0.026882
0.027333
0.026619
0.026795
0.026293
0.026553
0.026785
0.026645
0.026583
0.026828
0.026605
0.027086
0.027932
0.027272
0.025485
0.028439
0.029101
0.027389
0.026504
0.026490
0.026561
0.026655
0.026293
0.025603
0.027241
0.027142
0.027283
0.026255
0.025992
0.027722
0.026024
0.026103
0.026610
0.025168
0.026581
0.026877
0.025681
0.026365
0.027064
0.035773
0.037800
0.028797
0.028265
0.027667
0.027409
0.027795
0.027329
0.027163
0.026482
0.028126
0.028045
0.026561
0.027213
0.027041
0.026802
0.026904
0.027276
0.027955
0.028016
0.027547
0.027095
0.027585
0.028391
0.028527
0.027980
0.026901
0.026275
0.023948
0.025700
0.026067
0.025522
0.024652
0.024908
0.026955
0.026949
0.027272
0.027815
0.025664
0.026088
0.025249
0.025507
0.025362
0.024453
0.024320
0.024129
0.024832
0.025853
0.025069
0.024695
0.023674
0.024166
0.026049
0.026456
0.026643
0.024315
0.025428
0.026037
0.025217
0.026584
0.027058
0.027439
0.025660
0.024873
0.026547
0.026615
0.026916
0.026010
0.025477
0.026593
0.025230
0.024922
0.025694
0.026075
0.026036
0.027881
0.026866
0.026930
0.027177
0.027144
0.025092
0.027319
0.027335
0.026806
0.026437
0.028050
0.027606
0.027263
0.026961
0.025230
0.026008
0.027236
0.027715
0.027466
0.026798
0.026970
0.026982
0.027878
0.027927
0.026761
0.027649
0.027791
0.026424
0.027198
0.026773
0.028077
0.026253
0.025549
0.025528
0.026601
0.026517
0.026533
0.026241
0.026158
0.026024
0.026664
0.026658
0.025957
0.026126
0.025236
0.026536
0.026032
0.026052
0.027227
0.026204
0.026658
0.025804
0.025365
0.025220
0.024305
0.025536
0.025768
0.027223
0.026135
0.025513
0.025364
0.026207
0.025584
0.025983
0.025759
0.025694
0.027353
0.027425
0.026611
0.026926
0.026959
0.027393
0.027346
0.026982
0.027207
0.026904
0.027325
0.025039
0.025974
0.025995
0.026295
0.026824
0.026624
0.027010
0.027093
0.027960
0.027293
0.027123
0.026798
0.030824
0.028900
0.028453
0.029803
0.025902
0.026248
0.026164
0.026463
0.026158
0.026353
0.026130
0.026502
0.026786
0.026082
0.025200
0.026261
0.027372
0.027093
0.026437
0.026353
0.025756
0.025870
0.026258
0.026273
0.025545
0.026466
0.026668
0.026438
0.026495
0.025267
0.026043
0.025498
0.026771
0.025714
0.027567
0.024157
0.025188
0.025548
0.025828
0.026301
0.026081
0.026258
0.026660
0.027131
0.028268
0.027738
0.027003
0.027070
0.024805
0.024665
0.026068
0.025916
0.025883
0.028757
0.027480
0.026517
0.026723
0.027770
0.027123
0.026592
0.027786
0.028812
0.027638
0.026363
0.026108
0.025155
0.024852
0.026902
0.025016
0.025152
0.025513
0.024077
0.026215
0.025964
0.025691
0.026291
0.026166
0.026837
0.026611
0.026359
0.027201
0.026884
0.026089
0.025158
0.025441
0.025453
0.026967
0.026119
0.026197
0.025675
0.025043
0.024931
0.025230
0.024796
0.024525
0.025517
0.027275
0.025614
0.025524
0.026019
0.025718
0.025889
0.026161
0.026958
0.027114
0.026829
0.026789
0.027417
0.027082
0.025351
0.025355
0.025735
0.025915
0.025730
0.027366
0.025614
0.025681
0.025898
0.025870
0.025926
0.027720
0.026546
0.027094
0.026878
0.025850
0.026188
0.026899
0.026104
0.025590
0.025578
0.025488
0.025851
0.026673
0.025968
0.025748
0.027419
0.026859
0.025558
0.025664
0.025815
0.025440
0.025519
0.025527
0.025722
0.025976
0.025487
0.025491
0.025428
0.025995
0.025279
0.025598
0.025803
0.025002
0.025479
0.025516
0.025652
0.025126
0.025945
0.025890
0.026041
0.025315
0.025972
0.025978
0.026350
0.026213
0.026355
0.025736
0.025768
0.026532
0.026075
0.024930
0.025441
0.025235
0.025550
0.024844
0.024877
0.024315
0.024209
0.024732
0.024680
0.025649
0.025579
0.024803
0.025680
0.026259
0.025537
0.026410
0.026364
0.024959
0.027031
0.026814
0.026002
0.028923
0.025818
0.026855
0.026630
0.025386
0.025484
0.026273
0.026442
0.025430
0.025653
0.025912
0.027123
0.026006
0.025864
0.025495
0.026903
0.025817
0.025558
0.025799
0.025036
0.026960
0.025902
0.025486
0.025752
0.025099
0.024714
0.024752
0.025066
0.024906
0.025092
0.024949
0.026284
0.026172
0.025937
0.026653
0.026153
0.024754
0.025300
0.024418
0.025030
0.025416
0.025790
0.025366
0.024892
0.026352
0.025418
0.026085
0.025272
0.026837
0.025841
0.024742
0.025045
0.025330
0.025430
0.025882
0.025199
0.025321
0.024944
0.025183
0.024392
0.024618
0.024858
0.025819
0.025443
0.025903
0.025644
0.026159
0.025510
0.025956
0.025888
0.024729
0.026251
0.024589
0.025232
0.026805
0.026291
0.026719
0.027085
0.026065
0.026238
0.025663
0.027178
0.026776
0.026805
0.026615
0.026790
0.026881
0.026395
0.025860
0.026121
0.026090
0.025956
0.026591
0.025562
0.025911
0.025618
0.025460
0.026488
0.026018
0.026129
0.025942
0.025866
0.026132
0.025997
0.026782
0.026119
0.026184
0.025570
0.025514
0.024808
0.025298
0.026775
0.025762
0.026118
0.026347
0.025684
0.025104
0.027063
0.026145
0.026630
0.025622
0.026644
0.025179
0.025626
0.025488
0.025325
0.026780
0.026703
0.026708
0.026075
0.026524
0.026611
0.026865
0.027602
0.027358
0.026117
0.025798
0.026087
0.024990
0.025722
0.026888
0.027535
0.027944
0.027500
0.026937
0.026932
0.026834
0.027379
0.027888
0.027777
0.028276
0.027985
0.027389
0.026630
0.027324
0.026915
0.026847
0.026552
0.026248
0.025741
0.025378
0.026118
0.025843
0.026125
0.026063
0.025960
0.025457
0.025893
0.026199
0.025297
0.026392
0.025904
0.025895
0.025469
0.024998
0.025473
0.025190
0.025768
0.025653
0.025158
0.025601
0.025216
0.025100
0.025777
0.026669
0.026416
0.025208
0.024901
0.025479
0.024369
0.026081
0.024496
0.029286
0.040441
0.041878
0.031155
0.029339
0.026983
0.027063
0.026122
0.026304
0.026397
0.026072
0.026096
0.024488
0.025165
0.025695
0.025720
0.025373
0.028144
0.025467
0.025100
0.028026
0.025841
0.025195
0.025229
0.026777
0.025770
0.025995
0.026564
0.027138
0.025830
0.025108
0.027020
0.026158
0.025463
0.024769
0.025381
0.025902
0.026184
0.026093
0.027368
0.027030
0.027640
0.025957
0.026104
0.026291
0.026626
0.026527
0.026912
0.025994
0.026031
0.024152
0.026729
0.026380
0.026008
0.026507
0.026625
0.025605
0.026738
0.027088
0.027160
0.027223
0.027396
0.043182
0.027770
0.027189
0.027064
0.027574
0.026030
0.025821
0.024393
0.024812
0.024592
0.025562
0.025632
0.024835
0.025542
0.025565
0.025233
0.025354
0.025710
0.025708
0.027428
0.025055
0.025447
0.025718
0.025277
0.025765
0.026234
0.025782
0.025956
0.025718
0.025889
0.026374
0.026080
0.025977
0.025957
0.025870
0.025634
0.025808
0.025553
0.025141
0.025898
0.025931
0.025692
0.024971
0.025458
0.025246
0.025082
0.026339
0.026946
0.026874
0.026641
0.026392
0.025571
0.026128
0.025676
0.025658
0.025967
0.025142
0.024782
0.024908
0.024816
0.025854
0.025328
0.024840
0.024969
0.026184
0.025748
0.024940
0.024875
0.025685
0.024826
0.024873
0.025235
0.025742
0.025790
0.025471
0.025780
0.025241
0.025156
0.025251
0.025325
0.025264
0.025747
0.025462
0.025652
0.025293
0.025812
0.025368
0.025200
0.026483
0.025606
0.025801
0.025554
0.025295
0.025305
0.025034
0.025173
0.025819
0.025410
0.025612
0.026802
0.025674
0.026310
0.025751
0.025765
0.025786
0.026830
0.026641
0.026878
0.026864
0.026497
0.026954
0.026846
0.026822
0.026106
0.025448
0.027293
0.025750
0.025900
0.025637
0.025881
0.025466
0.025100
0.023750
0.024713
0.023582
0.024694
0.024201
0.024512
0.025467
0.031142
0.026403
0.025614
0.026836
0.026308
0.025804
0.025372
0.026112
0.024830
0.026431
0.026843
0.026652
0.026208
0.026555
0.026352
0.026312
0.026340
0.025342
0.026124
0.024628
0.024997
0.024893
0.024928
0.024703
0.024875
0.025420
0.025893
0.024987
0.025467
0.026692
0.026522
0.024575
0.025258
0.025272
0.024397
0.024284
0.024260
0.024227
0.025479
0.025297
0.025050
0.024650
0.025263
0.025785
0.023878
0.023901
0.026474
0.025953
0.022841
0.025573
0.025515
0.027005
0.027253
0.026207
0.025346
0.023882
0.024019
0.023954
0.024157
0.024251
0.024129
0.024889
0.025070
0.025238
0.025137
0.025144
0.025280
0.026760
0.024504
0.025250
0.025934
0.027062
0.025340
0.026296
0.027538
0.023690
0.027109
0.025803
0.024047
0.023881
0.026843
0.026229
0.026257
0.023821
0.023728
0.023777
0.023963
0.024645
0.027604
0.025789
0.025104
0.025690
0.024999
0.025015
0.025087
0.025462
0.024487
0.024454
0.023849
0.024653
0.024784
0.025271
0.026123
0.025913
0.025635
0.025837
0.025818
0.025287
0.025954
0.025592
0.025876
0.026245
0.025809
0.027619
0.025201
0.026246
0.025264
0.024735
0.025539
0.024864
0.025747
0.025053
0.024916
0.025817
0.025060
0.025808
0.025153
0.024982
0.024999
0.025717
0.025560
0.025713
0.025506
0.025593
0.025247
0.024833
0.025104
0.025009
0.025824
0.026079
0.025439
0.024981
0.025720
0.025523
0.025667
0.025529
0.025392
0.025924
0.025715
0.025537
0.026035
0.025707
0.025833
0.025022
0.025341
0.025637
0.025261
0.025993
0.026246
0.025438
0.024965
0.027385
0.027740
0.027551
0.027509
0.027103
0.028066
0.028524
0.028404
0.026743
0.027416
0.026766
0.026772
0.026018
0.026442
0.024612
0.024156
0.025975
0.026019
0.025526
0.024480
0.024218
0.024531
0.025042
0.025183
0.024814
0.024802
0.026638
0.024848
0.025972
0.025428
0.026813
0.024299
0.024841
0.025316
0.025921
0.027751
0.026780
0.025670
0.027251
0.026030
0.026757
0.026647
0.025524
0.026356
0.026802
0.027700
0.027138
0.027279
0.026898
0.027240
0.026410
0.026740
0.026811
0.026414
0.025522
0.026148
0.025302
0.026023
0.024349
0.026422
0.025329
0.025259
0.025218
0.024031
0.025491
0.025094
0.025881
0.026271
0.026203
0.025836
0.026024
0.025708
0.026017
0.026202
0.025677
0.025651
0.025820
0.024983
0.025481
0.025139
0.027265
0.029423
0.026786
0.024391
0.025079
0.024923
0.024856
0.025300
0.025113
0.025788
0.024725
0.024867
0.025462
0.024332
0.024182
0.024151
0.025967
0.026786
0.025736
0.026153
0.025957
0.025960
0.025682
0.026305
0.025050
0.025238
0.026033
0.024987
0.025397
0.025308
0.025268
0.026033
0.025677
0.024755
0.025762
0.026813
0.026451
0.026879
0.027125
0.028294
0.028025
0.029050
0.027658
0.027281
0.027251
0.027053
0.026258
0.025789
0.025989
0.026531
0.025393
0.024789
0.024269
0.024588
0.024988
0.024976
0.025667
0.026168
0.025806
0.026449
0.025636
0.026581
0.025533
0.025821
0.025364
0.024993
0.024404
0.025398
0.024366
0.024054
0.024049
0.023849
0.024157
0.024028
0.023926
0.024237
0.023920
0.023423
0.023377
0.024176
0.024128
0.024561
0.024289
0.025185
0.025575
0.026339
0.027352
0.023614
0.026655
0.025699
0.026160
0.025476
0.025404
0.025828
0.026158
0.025815
0.025853
0.025754
0.026187
0.026109
0.025758
0.025372
0.025927
0.026063
0.026417
0.025674
0.026288
0.026611
0.025414
0.024233
0.024514
0.024366
0.024398
0.024532
0.024917
0.025734
0.026065
0.025338
0.025705
0.025867
0.025212
0.025717
0.027067
0.026457
0.024101
0.024590
0.025572
0.024872
0.025216
0.024978
0.026762
0.025234
0.026648
0.026908
0.026452
0.025918
0.025822
0.026250
0.026565
0.026930
0.026492
0.026808
0.027030
0.026276
0.026404
0.027751
0.026504
0.027697
0.027197
0.027813
0.027530
0.026767
0.027358
0.026964
0.026943
0.026888
0.026727
0.026833
0.026553
0.026227
0.026569
0.026774
0.025039
0.024776
0.025180
0.025970
0.025240
0.024703
0.025220
0.024897
0.024941
0.024135
0.024778
0.024433
0.025699
0.025417
0.025145
0.025623
0.026460
0.025498
0.025353
0.025972
0.028183
0.025963
0.025518
0.025100
0.024549
0.025542
0.025361
0.028774
0.027856
0.026912
0.027112
0.025522
0.025077
0.024144
0.024159
0.024610
0.025500
0.024707
0.024392
0.024779
0.024755
0.025093
0.024761
0.025000
0.025353
0.025813
0.025483
0.026548
0.026248
0.026201
0.025571
0.025546
0.025700
0.025517
0.026732
0.028269
0.027332
0.028301
0.029051
0.028911
0.028690
0.027491
0.026799
0.027434
0.026754
0.026933
0.027514
0.027087
0.027407
0.028502
0.027372
0.026630
0.026835
0.026835
0.026708
0.027617
0.026688
0.027167
0.026493
0.026251
0.027700
0.026341
0.026248
0.026801
0.026145
0.026756
0.026830
0.027336
0.034389
0.044095
0.034224
0.033929
0.033731
0.025435
0.029119
0.028744
0.028598
0.028595
0.028271
0.027465
0.027548
0.027626
0.024425
0.028505
0.026859
0.029193
0.029174
0.029667
0.026495
0.028124
0.027749
0.027150
0.026605
0.026391
0.027433
0.029059
0.028539
0.027545
0.025183
0.028086
0.027412
0.028835
0.028062
0.029422
0.027781
0.028824
0.028663
0.026190
0.028074
0.026789
0.027000
0.027698
0.028328
0.027528
0.027928
0.028505
0.028307
0.028527
0.028648
0.027092
0.027691
0.028309
0.027773
0.028128
0.027855
0.028049
0.028103
0.027563
0.028085
0.028347
0.028703
0.028062
0.028187
0.027895
0.027504
0.027374
0.024395
0.029679
0.029362
0.027813
0.028388
0.025358
0.027581
0.027789
0.026635
0.027304
0.027978
0.027439
0.028800
0.028957
0.028391
0.028625
0.028829
0.028634
0.027534
0.029078
0.029460
0.027365
0.028108
0.025974
0.025817
0.025821
0.025691
0.027948
0.027950
0.026653
0.027853
0.027838
0.026555
0.026610
0.026635
0.028339
0.025738
0.027626
0.026217
0.025320
0.025746
0.028740
0.026562
0.028336
0.029227
0.028469
0.027244
0.027297
0.027910
0.025974
0.026469
0.028049
0.026790
0.027126
0.027600
0.028278
0.027215
0.027333
0.028993
0.027606
0.028728
0.028277
0.027295
0.027207
0.027357
0.027593
0.027668
0.028543
0.027328
0.026834
0.028136
0.028895
0.028845
0.027895
0.027809
0.028935
0.028288
0.027061
0.028188
0.027910
0.028826
0.026790
0.028909
0.027513
0.027140
0.027746
0.024792
0.026524
0.026955
0.027165
0.027535
0.027170
0.027578
0.028002
0.027262
0.029244
0.028200
0.026953
0.028740
0.028074
0.027260
0.025116
0.026484
0.025365
0.026217
0.026187
0.026164
0.026766
0.028267
0.027898
0.029121
0.027352
0.026201
0.026975
0.027499
0.028496
0.029272
0.028318
0.028575
0.027645
0.027285
0.029297
0.027098
0.026872
0.027861
0.027713
0.027798
0.025907
0.028286
0.028145
0.027849
0.028582
0.028345
0.028410
0.028090
0.027762
0.028432
0.027184
0.027756
0.027845
0.028170
0.027755
0.027702
0.028356
0.028080
0.028105
0.028383
0.028153
0.029591
0.028477
0.028023
0.028171
0.028315
0.027337
0.027570
0.027556
0.027891
0.027034
0.028101
0.027902
0.028498
0.027810
0.028429
0.026882
0.028777
0.027247
0.027829
0.027999
0.028231
0.028183
0.028111
0.027654
0.028474
0.027319
0.028808
0.027745
0.028084
0.028197
0.028629
0.027732
0.028209
0.027937
0.027929
0.026866
0.025454
0.027767
0.027489
0.028285
0.028190
0.028205
0.026610
0.026543
0.026532
0.026420
0.026410
0.027896
0.027506
0.028261
0.027507
0.027911
0.027625
0.027518
0.027309
0.027930
0.028182
0.027206
0.027070
0.028118
0.028378
0.027867
0.028197
0.028321
0.027576
0.028782
0.028328
0.027872
0.028343
0.028493
0.027474
0.028958
0.027353
0.028474
0.028242
0.028254
