0.005965
0.000408
0.000397
0.000391
0.000388
0.000385
0.000383
0.000386
0.000393
0.000381
0.000384
0.000384
0.000385
0.000382
0.000382
0.000379
0.000377
0.000377
0.000377
0.000380
0.000375
0.000374
0.000372
0.000375
0.000375
0.000372
0.000373
0.000374
0.000373
0.000372
0.000380
0.000373
0.000369
0.000374
0.000375
0.000372
0.000372
0.000371
0.000370
0.000372
0.000372
0.000368
0.000370
0.000370
0.000371
0.000370
0.000371
0.000371
0.000367
0.000368
0.000366
0.000372
0.000371
0.000371
0.000371
0.000370
0.000368
0.000371
0.000370
0.000370
0.000372
0.000371
0.000372
0.000373
0.000371
0.000371
0.000369
0.000369
0.000367
0.000368
0.000369
0.000371
0.000370
0.000373
0.000369
0.000367
0.000369
0.000370
0.000371
0.000372
0.000369
0.000368
0.000369
0.000372
0.000367
0.000369
0.000367
0.000375
0.000369
0.000367
0.000366
0.000366
0.000368
0.000369
0.000371
0.000368
0.000366
0.000370
0.000366
0.000373
0.000370
0.000368
0.000366
0.000365
0.000370
0.000371
0.000367
0.000367
0.000367
0.000369
0.000367
0.000372
0.000370
0.000368
0.000371
0.000366
0.000374
0.000367
0.000368
0.000365
0.000367
0.000366
0.000367
0.000370
0.000368
0.000365
0.000368
0.000373
0.000368
0.000368
0.000368
0.000369
0.000365
0.000366
0.000364
0.000367
0.000372
0.000370
0.000374
0.000367
0.000367
0.000368
0.000371
0.000365
0.000368
0.000368
0.000366
0.000369
0.000373
0.000366
0.000367
0.000366
0.000369
0.000369
0.000366
0.000363
0.000366
0.000368
0.000362
0.000371
0.000367
0.000368
0.000368
0.000368
0.000368
0.000367
0.000365
0.000369
0.000369
0.000367
0.000371
0.000368
0.000364
0.000370
0.000367
0.000368
0.000366
0.000364
0.000367
0.000370
0.000369
0.000372
0.000369
0.000366
0.000365
0.000370
0.000366
0.000368
0.000366
0.000368
0.000365
0.000366
0.000369
0.000367
0.000367
0.000364
0.000366
0.000368
0.000367
0.000365
0.000365
0.000367
0.000369
0.000372
0.000363
0.000365
0.000367
0.000368
0.000365
0.000367
0.000367
0.000368
0.000368
0.000367
0.000370
0.000365
0.000363
0.000365
0.000366
0.000365
0.000363
0.000367
0.000366
0.000362
0.000369
0.000373
0.000366
0.000367
0.000364
0.000364
0.000365
0.000368
0.000362
0.000365
0.000366
0.000368
0.000369
0.000365
0.000363
0.000362
0.000366
0.000368
0.000363
0.000367
0.000367
0.000369
0.000370
0.000366
0.000367
0.000366
0.000364
0.000362
0.000365
0.000367
0.000365
0.000368
0.000362
0.000369
0.000370
0.000363
0.000362
0.000367
0.000365
0.000363
0.000365
0.000360
0.000362
0.000363
0.000368
0.000365
0.000363
0.000362
0.000364
0.000366
0.000367
0.000366
0.000364
0.000363
0.000366
0.000370
0.000362
0.000363
0.000363
0.000361
0.000365
0.000363
0.000362
0.000365
0.000361
0.000361
0.000365
0.000361
0.000358
0.000359
0.000358
0.000357
0.000361
0.000365
0.000360
0.000357
0.000359
0.000364
0.000359
0.000358
0.000359
0.000357
0.000357
0.000359
0.000358
0.000362
0.000359
0.000357
0.000362
0.000362
0.000357
0.000358
0.000359
0.000359
0.000361
0.000357
0.000359
0.000357
0.000355
0.000358
0.000359
0.000357
0.000354
0.000358
0.000357
0.000356
0.000355
0.000356
0.000357
0.000356
0.000357
0.000359
0.000356
0.000357
0.000357
0.000360
0.000352
0.000359
0.000358
0.000358
0.000354
0.000361
0.000359
0.000357
0.000358
0.000356
0.000359
0.000357
0.000357
0.000358
0.000357
0.000358
0.000356
0.000360
0.000356
0.000358
0.000357
0.000359
0.000356
0.000358
0.000358
0.000354
0.000354
0.000354
0.000363
0.000356
0.000357
0.000357
0.000356
0.000357
0.000356
0.000356
0.000356
0.000359
0.000357
0.000356
0.000355
0.000355
0.000357
0.000356
0.000357
0.000356
0.000355
0.000357
0.000356
0.000357
0.000355
0.000362
0.000359
0.000354
0.000355
0.000356
0.000358
0.000360
0.000359
0.000359
0.000356
0.000359
0.000360
0.000354
0.000354
0.000355
0.000354
0.000357
0.000357
0.000355
0.000360
0.000356
0.000356
0.000359
0.000358
0.000354
0.000354
0.000356
0.000359
0.000361
0.000354
0.000355
0.000354
0.000356
0.000359
0.000353
0.000358
0.000355
0.000358
0.000357
0.000358
0.000357
0.000358
0.000352
0.000357
0.000575
0.000360
0.000357
0.000355
0.000359
0.000360
0.000356
0.000357
0.000357
0.000356
0.000359
0.000359
0.000359
0.000356
0.000358
0.000356
0.000358
0.000359
0.000355
0.000358
0.000356
0.000354
0.000360
0.000359
0.000355
0.000355
0.000355
0.000355
0.000355
0.000356
0.000356
0.000355
0.000360
0.000362
0.000355
0.000353
0.000355
0.000356
0.000357
0.000355
0.000361
0.000355
0.000356
0.000356
0.000360
0.000357
0.000356
0.000357
0.000354
0.000357
0.000356
0.000357
0.000357
0.000357
0.000353
0.000358
0.000359
0.000355
0.000356
0.000358
0.000354
0.000353
0.000355
0.000356
0.000356
0.000358
0.000354
0.000357
0.000355
0.000355
0.000354
0.000357
0.000353
0.000357
0.000354
0.000359
0.000353
0.000356
0.000357
0.000355
0.000351
0.000355
0.000354
0.000354
0.000356
0.000355
0.000352
0.000355
0.000356
0.000361
0.000354
0.000353
0.000353
0.000355
0.000355
0.000353
0.000353
0.000355
0.000359
0.000354
0.000358
0.000360
0.000355
0.000355
0.000354
0.000353
0.000354
0.000353
0.000352
0.000357
0.000353
0.000350
0.000360
0.000358
0.000355
0.000353
0.000355
0.000352
0.000351
0.000353
0.000354
0.000354
0.000357
0.000358
0.000356
0.000356
0.000354
0.000357
0.000354
0.000355
0.000355
0.000354
0.000353
0.000355
0.000356
0.000356
0.000352
0.000356
0.000353
0.000357
0.000354
0.000354
0.000357
0.000354
0.000353
0.000357
0.000357
0.000354
0.000353
0.000357
0.000354
0.000354
0.000352
0.000353
0.000357
0.000352
0.000355
0.000359
0.000357
0.000355
0.000357
0.000354
0.000355
0.000353
0.000351
0.000352
0.000352
0.000355
0.000355
0.000357
0.000353
0.000354
0.000354
0.000356
0.000353
0.000354
0.000353
0.000356
0.000353
0.000729
0.000407
0.000367
0.000364
0.000366
0.000367
0.000366
0.000365
0.000365
0.000362
0.000364
0.000364
0.000366
0.000364
0.000367
0.000361
0.000364
0.000364
0.000364
0.000364
0.000361
0.000371
0.000365
0.000364
0.000363
0.000363
0.000367
0.000364
0.000365
0.000365
0.000364
0.000363
0.000370
0.000369
0.000364
0.000364
0.000364
0.000367
0.000363
0.000363
0.000367
0.000362
0.000363
0.000366
0.000365
0.000363
0.000369
0.000364
0.000363
0.000364
0.000363
0.000363
0.000364
0.000362
0.000365
0.000362
0.000364
0.000361
0.000364
0.000365
0.000363
0.000366
0.000366
0.000363
0.000366
0.000367
0.000362
0.000367
0.000364
0.000361
0.000363
0.000365
0.000363
0.000363
0.000362
0.000367
0.000365
0.000361
0.000362
0.000365
0.000364
0.000365
0.000363
0.000363
0.000361
0.000366
0.000364
0.000369
0.000363
0.000364
0.000365
0.000364
0.000363
0.000362
0.000361
0.000365
0.000363
0.000363
0.000365
0.000364
0.000362
0.000363
0.000367
0.000363
0.000367
0.000363
0.000363
0.000365
0.000367
0.000367
0.000362
0.000363
0.000367
0.000361
0.000364
0.000363
0.000367
0.000365
0.000360
0.000363
0.000371
0.000365
0.000362
0.000363
0.000364
0.000361
0.000365
0.000367
0.000364
0.000363
0.000361
0.000367
0.000365
0.000362
0.000365
0.000364
0.000365
0.000364
0.000361
0.000362
0.000366
0.000360
0.000367
0.000364
0.000360
0.000366
0.000363
0.000364
0.000362
0.000367
0.000363
0.000362
0.000366
0.000390
0.000365
0.000366
0.000363
0.000365
0.000365
0.000360
0.000365
0.000361
0.000367
0.000364
0.000369
0.000365
0.000363
0.000363
0.000363
0.000361
0.000365
0.000367
0.000359
0.000362
0.000365
0.000370
0.000363
0.000364
0.000365
0.000366
0.000364
0.000361
0.000364
0.000364
0.000363
0.000364
0.000361
0.000362
0.000363
0.000365
0.000368
0.000363
0.000368
0.000364
0.000369
0.000362
0.000367
0.000363
0.000365
0.000363
0.000362
0.000361
0.000363
0.000363
0.000359
0.000365
0.000364
0.000368
0.000365
0.000363
0.000361
0.000364
0.000366
0.000368
0.000366
0.000362
0.000365
0.000363
0.000368
0.000366
0.000363
0.000361
0.000363
0.000361
0.000364
0.000362
0.000365
0.000367
0.000362
0.000366
0.000359
0.000369
0.000366
0.000359
0.000365
0.000362
0.000361
0.000366
0.000365
0.000362
0.000367
0.000362
0.000366
0.000365
0.000362
0.000363
0.000367
0.000364
0.000363
0.000363
0.000366
0.000364
0.000362
0.000363
0.000361
0.000362
0.000365
0.000366
0.000363
0.000365
0.000364
0.000361
0.000368
0.000362
0.000368
0.000363
0.000363
0.000361
0.000367
0.000362
0.000360
0.000361
0.000363
0.000364
0.000366
0.000367
0.000366
0.000364
0.000362
0.000364
0.000365
0.000366
0.000361
0.000367
0.000364
0.000362
0.000365
0.000364
0.000366
0.000365
0.000365
0.000366
0.000361
0.000363
0.000364
0.000366
0.000361
0.000364
0.000365
0.000366
0.000365
0.000361
0.000366
0.000365
0.000365
0.000365
0.000365
0.000365
0.000365
0.000362
0.000363
0.000366
0.000361
0.000365
0.000363
0.000363
0.000362
0.000363
0.000367
0.000363
0.000362
0.000361
0.000363
0.000360
0.000365
0.000363
0.000364
0.000365
0.000370
0.000365
0.000367
0.000365
0.000363
0.000364
0.000362
0.000363
0.000365
0.000366
0.000362
0.000366
0.000364
0.000369
0.000360
0.000364
0.000361
0.000364
0.000366
0.000364
0.000364
0.000362
0.000365
0.000363
0.000361
0.000359
0.000364
0.000364
0.000365
0.000365
0.000366
0.000364
0.000363
0.000368
0.000363
0.000366
0.000365
0.000363
0.000365
0.000362
0.000362
0.000363
0.000411
0.000366
0.000366
0.000359
0.000366
0.000366
0.000363
0.000362
0.000365
0.000363
0.000362
0.000366
0.000366
0.000370
0.000366
0.000363
0.000362
0.000366
0.000364
0.000363
0.000364
0.000367
0.000363
0.000363
0.000369
0.000365
0.000362
0.000362
0.000365
0.000367
0.000363
0.000364
0.000363
0.000365
0.000363
0.000364
0.000365
0.000363
0.000364
0.000365
0.000364
0.000362
0.000365
0.000362
0.000366
0.000362
0.000370
0.000364
0.000365
0.000364
0.000364
0.000365
0.000364
0.000364
0.000363
0.000361
0.000361
0.000365
0.000364
0.000365
0.000366
0.000362
0.000364
0.000367
0.000359
0.000365
0.000364
0.000364
0.000369
0.000363
0.000364
0.000362
0.000363
0.000365
0.000364
0.000363
0.000364
0.000364
0.000371
0.000366
0.000362
0.000367
0.000362
0.000363
0.000362
0.000365
0.000363
0.000363
0.000363
0.000367
0.000367
0.000367
0.000365
0.000365
0.000364
0.000364
0.000363
0.000362
0.000362
0.000363
0.000366
0.000363
0.000359
0.000361
0.000363
0.000363
0.000363
0.000364
0.000363
0.000364
0.000367
0.000365
0.000364
0.000361
0.000364
0.000363
0.000361
0.000363
0.000365
0.000364
0.000364
0.000363
0.000372
0.000365
0.000367
0.000363
0.000366
0.000365
0.000362
0.000363
0.000361
0.000363
0.000363
0.000370
0.000365
0.000363
0.000359
0.000361
0.000365
0.000360
0.000363
0.000364
0.000362
0.000364
0.000367
0.000361
0.000362
0.000364
0.000365
0.000365
0.000361
0.000365
0.000362
0.000363
0.000362
0.000369
0.000363
0.000364
0.000362
0.000363
0.000363
0.000363
0.000366
0.000361
0.000360
0.000366
0.000366
0.000360
0.000361
0.000362
0.000363
0.000363
0.000366
0.000365
0.000363
0.000361
0.000362
0.000363
0.000362
0.000363
0.000366
0.000364
0.000362
0.000361
0.000361
0.000363
0.000360
0.000359
0.000363
0.000362
0.000363
0.000361
0.000358
0.000359
0.000364
0.000362
0.000363
0.000358
0.000366
0.000364
0.000360
0.000363
0.000367
0.000363
0.000359
0.000366
0.000359
0.000363
0.000363
0.000364
0.000367
0.000362
0.000363
0.000362
0.000364
0.000364
0.000366
0.000362
0.000365
0.000366
0.000360
0.000367
0.000358
0.000366
0.000361
0.000364
0.000363
0.000362
0.000365
0.000365
0.000366
0.000361
0.000364
0.000364
0.000366
0.000360
0.000361
0.000363
0.000361
0.000362
0.000365
0.000365
0.000360
0.000363
0.000362
0.000359
0.000362
0.000362
0.000362
0.000367
0.000363
0.000359
0.000364
0.000362
0.000364
0.000359
0.000365
0.000359
0.000363
0.000360
0.000361
0.000363
0.000364
0.000361
0.000366
0.000363
0.000363
0.000361
0.000362
0.000362
0.000362
0.000363
0.000366
0.000363
0.000362
0.000362
0.000364
0.000362
0.000363
0.000363
0.000362
0.000363
0.000363
0.000361
0.000364
0.000362
0.000363
0.000364
0.000364
0.000363
0.000364
0.000364
0.000364
0.000362
0.000361
0.000361
0.000364
0.000364
0.000362
0.000365
0.000366
0.000364
0.000360
0.000362
0.000360
0.000364
0.000364
0.000363
0.000359
0.000366
0.000363
0.000365
0.000361
0.000362
0.000363
0.000362
0.000360
0.000362
0.000362
0.000359
0.000368
0.000364
0.000360
0.000364
0.000365
0.000363
0.000359
0.000362
0.000361
0.000361
0.000358
0.000367
0.000537
0.000349
0.000344
0.000351
0.000346
0.000349
0.000350
0.000346
0.000348
0.000344
0.000352
0.000349
0.000347
0.000347
0.000346
0.000348
0.000346
0.000346
0.000345
0.000346
0.000348
0.000350
0.000346
0.000343
0.000346
0.000346
0.000347
0.000348
0.000347
0.000344
0.000346
0.000347
0.000343
0.000347
0.000347
0.000345
0.000346
0.000349
0.000345
0.000344
0.000349
0.000345
0.000347
0.000348
0.000346
0.000351
0.000347
0.000347
0.000349
0.000349
0.000346
0.000348
0.000345
0.000348
0.000346
0.000346
0.000351
0.000346
0.000348
0.000344
0.000347
0.000345
0.000346
0.000349
0.000349
0.000345
0.000348
0.000347
0.000350
0.000346
0.000348
0.000346
0.000345
0.000349
0.000344
0.000344
0.000344
0.000347
0.000347
0.000349
0.000346
0.000346
0.000347
0.000344
0.000345
0.000345
0.000346
0.000344
0.000344
0.000345
0.000348
0.000351
0.000345
0.000346
0.000348
0.000345
0.000344
0.000344
0.000346
0.000345
0.000347
0.000345
0.000352
0.000435
0.000348
0.000350
0.000346
0.000345
0.000347
0.000346
0.000345
0.000348
0.000349
0.000346
0.000350
0.000347
0.000351
0.000347
0.000347
0.000346
0.000346
0.000345
0.000348
0.000346
0.000347
0.000353
0.000350
0.000349
0.000346
0.000350
0.000349
0.000348
0.000345
0.000346
0.000347
0.000349
0.000348
0.000353
0.000348
0.000344
0.000349
0.000349
0.000345
0.000347
0.000349
0.000350
0.000350
0.000348
0.000355
0.000347
0.000347
0.000351
0.000347
0.000347
0.000348
0.000346
0.000347
0.000349
0.000349
0.000348
0.000351
0.000348
0.000350
0.000351
0.000348
0.000350
0.000349
0.000347
0.000346
0.000347
0.000348
0.000351
0.000348
0.000352
0.000349
0.000346
0.000352
0.000349
0.000350
0.000352
0.000351
0.000346
0.000351
0.000351
0.000348
0.000349
0.000350
0.000349
0.000349
0.000346
0.000350
0.000352
0.000348
0.000349
0.000353
0.000346
0.000346
0.000346
0.000348
0.000348
0.000350
0.000349
0.000346
0.000347
0.000347
0.000350
0.000345
0.000347
0.000347
0.000349
0.000346
0.000349
0.000348
0.000346
0.000348
0.000349
0.000349
0.000350
0.000348
0.000348
0.000348
0.000346
0.000349
0.000348
0.000349
0.000346
0.000371
0.000350
0.000354
0.000350
0.000348
0.000346
0.000350
0.000346
0.000345
0.000348
0.000346
0.000348
0.000348
0.000345
0.000353
0.000350
0.000349
0.000350
0.000345
0.000348
0.000346
0.000345
0.000343
0.000349
0.000347
0.000351
0.000349
0.000348
0.000347
0.000345
0.000391
0.000348
0.000347
0.000346
0.000346
0.000349
0.000348
0.000349
0.000348
0.000346
0.000347
0.000349
0.000346
0.000349
0.000348
0.000349
0.000349
0.000348
0.000351
0.000345
0.000346
0.000344
0.000346
0.000344
0.000346
0.000346
0.000349
0.000348
0.000346
0.000348
0.000349
0.000346
0.000344
0.000347
0.000346
0.000345
0.000348
0.000346
0.000347
0.000346
0.000344
0.000346
0.000352
0.000347
0.000347
0.000350
0.000347
0.000346
0.000350
0.000349
0.000345
0.000350
0.000349
0.000347
0.000348
0.000347
0.000346
0.000347
0.000348
0.000346
0.000343
0.000347
0.000344
0.000346
0.000350
0.000346
0.000345
0.000347
0.000346
0.000349
0.000344
0.000347
0.000345
0.000348
0.000347
0.000353
0.000346
0.000344
0.000349
0.000345
0.000348
0.000347
0.000349
0.000348
0.000343
0.000347
0.000346
0.000348
0.000343
0.000349
0.000345
0.000349
0.000345
0.000346
0.000348
0.000343
0.000346
0.000347
0.000347
0.000346
0.000347
0.000347
0.000348
0.000344
0.000343
0.000345
0.000345
0.000348
0.000344
0.000345
0.000346
0.000347
0.000346
0.000345
0.000351
0.000344
0.000345
0.000346
0.000343
0.000348
0.000346
0.000344
0.000351
0.000348
0.000344
0.000343
0.000348
0.000346
0.000349
0.000345
0.000346
0.000343
0.000343
0.000350
0.000343
0.000343
0.000348
0.000347
0.000347
0.000346
0.000344
0.000349
0.000345
0.000345
0.000344
0.000349
0.000345
0.000347
0.000351
0.000345
0.000346
0.000344
0.000348
0.000348
0.000346
0.000343
0.000350
0.000350
0.000349
0.000348
0.000345
0.000346
0.000348
0.000346
0.000345
0.000347
0.000348
0.000345
0.000353
0.000348
0.000345
0.000347
0.000347
0.000344
0.000348
0.000346
0.000345
0.000346
0.000348
0.000351
0.000348
0.000348
0.000343
0.000349
0.000352
0.000351
0.000346
0.000344
0.000349
0.000346
0.000348
0.000348
0.000346
0.000343
0.000346
0.000350
0.000346
0.000346
0.000348
0.000346
0.000347
0.000348
0.000349
0.000346
0.000350
0.000346
0.000347
0.000349
0.000343
0.000344
0.000347
0.000347
0.000344
0.000347
0.000352
0.000347
0.000346
0.000347
0.000347
0.000345
0.000345
0.000344
0.000348
0.000352
0.000346
0.000350
0.000346
0.000346
0.000350
0.000347
0.000347
0.000348
0.000349
0.000348
0.000346
0.000347
0.000348
0.000351
0.000348
0.000344
0.000346
0.000348
0.000347
0.000351
0.000346
0.000349
0.000347
0.000348
0.000352
0.000346
0.000348
0.000351
0.000350
0.000348
0.000346
0.000345
0.000347
0.000347
0.000349
0.000387
0.000347
0.000349
0.000346
0.000350
0.000345
0.000348
0.000347
0.000345
0.000346
0.000348
0.000346
0.000351
0.000349
0.000345
0.000344
0.000344
0.000345
0.000343
0.000349
0.000345
0.000343
0.000345
0.000351
0.000345
0.000345
0.000348
0.000347
0.000346
0.000346
0.000344
0.000346
0.000348
0.000346
0.000349
0.000351
0.000347
0.000346
0.000346
0.000345
0.000346
0.000347
0.000348
0.000344
0.000347
0.000349
0.000353
0.000345
0.000346
0.000347
0.000347
0.000346
0.000348
0.000347
0.000348
0.000346
0.000348
0.000349
0.000351
0.000348
0.000348
0.000348
0.000347
0.000348
0.000346
0.000348
0.000348
0.000348
0.000350
0.000349
0.000344
0.000350
0.000348
0.000349
0.000348
0.000347
0.000347
0.000347
0.000347
0.000349
0.000348
0.000348
0.000348
0.000348
0.000346
0.000350
0.000347
0.000348
0.000349
0.000346
0.000347
0.000348
0.000351
0.000348
0.000348
0.000345
0.000349
0.000347
0.000349
0.000346
0.000346
0.000350
0.000347
0.000348
0.000349
0.000343
0.000349
0.000349
0.000349
0.000344
0.000347
0.000349
0.000348
0.000346
0.000350
0.000350
0.000348
0.000351
0.000350
0.000350
0.000349
0.000348
0.000346
0.000346
0.000348
0.000344
0.000347
0.000352
0.000346
0.000346
0.000344
0.000349
0.000347
0.000346
0.000345
0.000348
0.000342
0.000346
0.000346
0.000347
0.000345
0.000346
0.000347
0.000344
0.000347
0.000346
0.000348
0.000346
0.000348
0.000346
0.000350
0.000348
0.000347
0.000346
0.000350
0.000348
0.000345
0.000345
0.000348
0.000345
0.000344
0.000352
0.000347
0.000341
0.000344
0.000343
0.000347
0.000345
0.000351
