0.001637
0.001174
0.001161
0.001131
0.001132
0.001140
0.001095
0.001095
0.001096
0.001104
0.001062
0.001061
0.001062
0.001060
0.001032
0.001032
0.001039
0.001025
0.000999
0.001001
0.001006
0.000993
0.000973
0.000976
0.000978
0.000969
0.000951
0.000951
0.000950
0.000952
0.000926
0.000924
0.000927
0.000930
0.000905
0.000905
0.000905
0.000917
0.000910
0.000911
0.000886
0.000883
0.000887
0.000865
0.000865
0.000865
0.000867
0.000866
0.000865
0.000865
0.000912
0.000899
0.000865
0.000864
0.000864
0.000864
0.000869
0.000864
0.000865
0.000866
0.000868
0.000879
0.000905
0.000885
0.000865
0.000869
0.000865
0.000866
0.000865
0.000868
0.000866
0.000864
0.000903
0.000911
0.000908
0.000874
0.000866
0.000864
0.000868
0.000865
0.000866
0.000867
0.000866
0.000868
0.000915
0.000894
0.000866
0.000863
0.000867
0.000866
0.000866
0.000864
0.000868
0.000865
0.000863
0.000881
0.000905
0.000888
0.000865
0.000864
0.000864
0.000867
0.000865
0.000866
0.000866
0.000866
0.000868
0.000889
0.000904
0.000878
0.000867
0.000864
0.000865
0.000864
0.000866
0.000867
0.000864
0.000864
0.000863
0.000900
0.000911
0.000866
0.000866
0.000864
0.000868
0.000865
0.000866
0.000864
0.000864
0.000868
0.000919
0.000890
0.000865
0.000866
0.000864
0.000864
0.000864
0.000864
0.000868
0.000865
0.000865
0.000889
0.000903
0.000884
0.000865
0.000867
0.000865
0.000867
0.000865
0.000865
0.000944
0.000927
0.000894
0.000902
0.000905
0.000865
0.000868
0.000865
0.000865
0.000864
0.000863
0.000867
0.000864
0.000865
0.000863
0.000868
0.000866
0.000867
0.000865
0.000865
0.000869
0.000867
0.000865
0.000865
0.000864
0.000867
0.000864
0.000866
0.000863
0.000868
0.000867
0.000864
0.000864
0.000866
0.000866
0.000865
0.000865
0.000865
0.000870
0.000865
0.000865
0.000865
0.000866
0.000868
0.000864
0.000866
0.000865
0.000866
0.000916
0.000895
0.000865
0.000864
0.000898
0.000916
0.000865
0.000866
0.000865
0.000867
0.000864
0.000888
0.000906
0.000869
0.000865
0.000867
0.000865
0.000866
0.000867
0.000865
0.000864
0.000866
0.000866
0.000897
0.000892
0.000865
0.000865
0.000867
0.000864
0.000864
0.000865
0.000864
0.000866
0.000865
0.000864
0.000864
0.000867
0.000866
0.000866
0.000864
0.000865
0.000869
0.000864
0.000865
0.000864
0.000864
0.000921
0.000903
0.000900
0.000863
0.000870
0.000865
0.000865
0.000865
0.000865
0.000869
0.000864
0.000867
0.000865
0.000920
0.000905
0.000877
0.000863
0.000866
0.000871
0.000864
0.000863
0.000865
0.000869
0.000891
0.000903
0.000877
0.000864
0.000868
0.000866
0.000864
0.000896
0.000908
0.000903
0.000879
0.000864
0.000866
0.000904
0.000866
0.000864
0.000865
0.000865
0.000867
0.000865
0.000865
0.000864
0.000867
0.000864
0.000866
0.000864
0.000864
0.000870
0.000865
0.000865
0.000865
0.000869
0.000866
0.000866
0.000864
0.000865
0.000903
0.000886
0.000865
0.000866
0.000865
0.000869
0.000866
0.000863
0.000865
0.000869
0.000866
0.000866
0.000864
0.000865
0.000868
0.000864
0.000865
0.000864
0.000869
0.000865
0.000865
0.000865
0.000866
0.000868
0.000864
0.000865
0.000863
0.000864
0.000869
0.000864
0.000865
0.000865
0.000872
0.000866
0.000867
0.000866
0.000865
0.000868
0.000865
0.000865
0.000866
0.000865
0.000864
0.000865
0.000865
0.000865
0.000870
0.000863
0.000863
0.000863
0.000865
0.000868
0.000865
0.000864
0.000864
0.000869
0.000866
0.000865
0.000864
0.000864
0.000868
0.000865
0.000866
0.000867
0.000867
0.000868
0.000864
0.000863
0.000865
0.000868
0.000864
0.000863
0.000866
0.000864
0.000867
0.000865
0.000866
0.000865
0.000868
0.000865
0.000866
0.000865
0.000865
0.000899
0.000909
0.000865
0.000866
0.000865
0.000867
0.000866
0.000866
0.000866
0.000868
0.000865
0.000866
0.000863
0.000866
0.000869
0.000866
0.000866
0.000866
0.000869
0.000866
0.000865
0.000865
0.000866
0.000880
0.000864
0.000866
0.000864
0.000866
0.000868
0.000865
0.000866
0.000866
0.000867
0.000865
0.000864
0.000864
0.000865
0.000869
0.000865
0.000865
0.000864
0.000863
0.000868
0.000865
0.000865
0.000865
0.000869
0.000865
0.000865
0.000864
0.000866
0.000869
0.000864
0.000915
0.000904
0.000907
0.000865
0.000866
0.000864
0.000866
0.000867
0.000865
0.000866
0.000868
0.000900
0.000865
0.000866
0.000865
0.000865
0.000868
0.000867
0.000866
0.000865
0.000865
0.000869
0.000865
0.000867
0.000865
0.000867
0.000865
0.000865
0.000863
0.000864
0.000869
0.000866
0.000864
0.000863
0.000864
0.000867
0.000863
0.000865
0.000866
0.000867
0.000864
0.000864
0.000864
0.000864
0.000868
0.000865
0.000865
0.000866
0.000867
0.000863
0.000864
0.000864
0.000864
0.000867
0.000866
0.000864
0.000866
0.000865
0.000919
0.000892
0.000866
0.000865
0.000869
0.000866
0.000865
0.000866
0.000866
0.000867
0.000863
0.000865
0.000865
0.000868
0.000864
0.000865
0.000862
0.000863
0.000868
0.000866
0.000865
0.000865
0.000863
0.000868
0.000866
0.000864
0.000864
0.000866
0.000865
0.000867
0.000864
0.000864
0.000866
0.000866
0.000865
0.000865
0.000869
0.000864
0.000865
0.000864
0.000864
0.000868
0.000866
0.000865
0.000865
0.000865
0.000868
0.000864
0.000865
0.000865
0.000867
0.000867
0.000866
0.000867
0.000866
0.000868
0.000866
0.000865
0.000865
0.000864
0.000911
0.000912
0.000908
0.000864
0.000869
0.000865
0.000866
0.000864
0.000864
0.000868
0.000863
0.000863
0.000866
0.000867
0.000866
0.000866
0.000865
0.000865
0.000881
0.000865
0.000865
0.000866
0.000870
0.000866
0.000863
0.000866
0.000864
0.000868
0.000864
0.000866
0.000865
0.000864
0.000868
0.000864
0.000865
0.000866
0.000869
0.000866
0.000867
0.000865
0.000865
0.000870
0.000864
0.000864
0.000864
0.000864
0.000921
0.000887
0.000866
0.000865
0.000868
0.000864
0.000866
0.000864
0.000865
0.000868
0.000865
0.000865
0.000865
0.000890
0.000904
0.000881
0.000865
0.000865
0.000867
0.000865
0.000865
0.000865
0.000867
0.000865
0.000865
0.000865
0.000864
0.000889
0.000904
0.000885
0.000865
0.000866
0.000868
0.000865
0.000865
0.000864
0.000867
0.000864
0.000864
0.000866
0.000865
0.000869
0.000865
0.000865
0.000865
0.000868
0.000866
0.000865
0.000864
0.000864
0.000868
0.000866
0.000864
0.000865
0.000865
0.000869
0.000864
0.000864
0.000866
0.000869
0.000865
0.000862
0.000867
0.000864
0.000866
0.000865
0.000866
0.000866
0.000865
0.000869
0.000865
0.000865
0.000863
0.000867
0.000864
0.000865
0.000866
0.000865
0.000867
0.000866
0.000864
0.000865
0.000868
0.000864
0.000866
0.000866
0.000866
0.000867
0.000864
0.000864
0.000865
0.000865
0.000869
0.000866
0.000865
0.000865
0.000868
0.000864
0.000865
0.000865
0.000866
0.000869
0.000907
0.000866
0.000865
0.000868
0.000865
0.000865
0.000865
0.000864
0.000868
0.000865
0.000865
0.000865
0.000864
0.000869
0.000864
0.000865
0.000866
0.000866
0.000865
0.000865
0.000865
0.000865
0.000868
0.000864
0.000865
0.000865
0.000865
0.000867
0.000864
0.000864
0.000863
0.000895
0.000904
0.000874
0.000895
0.000912
0.000869
0.000867
0.000865
0.000866
0.000866
0.000865
0.000865
0.000865
0.000865
0.000867
0.000864
0.000865
0.000866
0.000869
0.000866
0.000865
0.000864
0.000864
0.000867
0.000867
0.000864
0.000866
0.000865
0.000869
0.000865
0.000866
0.000863
0.000868
0.000864
0.000865
0.000864
0.000867
0.000870
0.000864
0.000865
0.000864
0.000865
0.000866
0.000864
0.000865
0.000865
0.000867
0.000866
0.000867
0.000865
0.000864
0.000868
0.000863
0.000865
0.000865
0.000869
0.000866
0.000865
0.000865
0.000865
0.000867
0.000865
0.000865
0.000864
0.000866
0.000868
0.000865
0.000864
0.000865
0.000867
0.000867
0.000865
0.000918
0.000865
0.000868
0.000863
0.000864
0.000866
0.000868
0.000865
0.000866
0.000865
0.000866
0.000868
0.000864
0.000862
0.000866
0.000866
0.000868
0.000866
0.000865
0.000866
0.000869
0.000864
0.000865
0.000864
0.000866
0.000866
0.000867
0.000865
0.000865
0.000866
0.000868
0.000864
0.000887
0.000904
0.000925
0.000863
0.000864
0.000865
0.000865
0.000869
0.000864
0.000864
0.000864
0.000867
0.000865
0.000866
0.000864
0.000864
0.000906
0.000878
0.000866
0.000864
0.000867
0.000865
0.000866
0.000866
0.000866
0.000867
0.000865
0.000864
0.000865
0.000864
0.000867
0.000865
0.000865
0.000864
0.000866
0.000864
0.000866
0.000864
0.000865
0.000869
0.000866
0.000865
0.000864
0.000864
0.000866
0.000866
0.000865
0.000864
0.000867
0.000865
0.000865
0.000865
0.000864
0.000870
0.000864
0.000865
0.000866
0.000867
0.000864
0.000865
0.000863
0.000866
0.000870
0.000863
0.000865
0.000866
0.000865
0.000865
0.000864
0.000865
0.000864
0.000871
0.000865
0.000863
0.000865
0.000867
0.000868
0.000864
0.000866
0.000867
0.000868
0.000867
0.000865
0.000864
0.000864
0.000906
0.000866
0.000865
0.000865
0.000866
0.000869
0.000866
0.000864
0.000865
0.000866
0.000864
0.000864
0.000865
0.000866
0.000868
0.000863
0.000864
0.000866
0.000865
0.000867
0.000865
0.000865
0.000863
0.000866
0.000866
0.000866
0.000866
0.000864
0.000869
0.000865
0.000864
0.000864
0.000867
0.000865
0.000865
0.000866
0.000866
0.000869
0.000866
0.000866
0.000866
0.000864
0.000866
0.000864
0.000865
0.000864
0.000867
0.000865
0.000865
0.000866
0.000864
0.000868
0.000865
0.000866
0.000865
0.000868
0.000865
0.000866
0.000866
0.000865
0.000868
0.000864
0.000865
0.000864
0.000866
0.000867
0.000864
0.000866
0.000863
0.000868
0.000866
0.000865
0.000865
0.000866
0.000869
0.000865
0.000866
0.000864
0.000865
0.000868
0.000865
0.000864
0.000867
0.000869
0.000865
0.000865
0.000864
0.000866
0.000869
0.000865
0.000866
0.000865
0.000869
0.000865
0.000864
0.000866
0.000866
0.000868
0.000865
0.000865
0.000867
0.000864
0.000867
0.000864
0.000865
0.000865
0.000869
0.000864
0.000866
0.000865
0.000864
0.000868
0.000864
0.000866
0.000864
0.000864
0.000867
0.000864
0.000865
0.000865
0.000867
0.000865
0.000866
0.000866
0.000865
0.000868
0.000865
0.000864
0.000864
0.000868
0.000865
0.000866
0.000866
0.000863
0.000867
0.000865
0.000865
0.000865
0.000866
0.000868
0.000865
0.000864
0.000864
0.000868
0.000864
0.000864
0.000866
0.000864
0.000867
0.000865
0.000866
0.000865
0.000868
0.000865
0.000864
0.000865
0.000865
0.000868
0.000864
0.000865
0.000863
0.000865
0.000868
0.000863
0.000865
0.000864
0.000868
0.000866
0.000867
0.000865
0.000866
0.000870
0.000902
0.000864
0.000865
0.000863
0.000867
0.000864
0.000864
0.000866
0.000865
0.000864
0.000865
0.000864
0.000903
0.000906
0.000864
0.000865
0.000865
0.000868
0.000865
0.000865
0.000865
0.000864
0.000866
0.000866
0.000864
0.000865
0.000886
0.000940
0.000906
0.000864
0.000863
0.000867
0.000864
0.000864
0.000865
0.000864
0.000868
0.000866
0.000865
0.000864
0.000867
0.000865
0.000864
0.000866
0.000864
0.000869
0.000866
0.000864
0.000865
0.000867
0.000865
0.000867
0.000865
0.000865
0.000868
0.000865
0.000866
0.000865
0.000865
0.000867
0.000862
0.000864
0.000866
0.000868
0.000866
0.000866
0.000864
0.000867
0.000866
0.000864
0.000864
0.000866
0.000862
0.000868
0.000865
0.000865
0.000865
0.000868
0.000864
0.000865
0.000864
0.000864
0.000868
0.000865
0.000866
0.000863
0.000868
0.000865
0.000866
0.000865
0.000865
0.000866
0.000865
0.000864
0.000866
0.000865
0.000869
0.000865
0.000866
0.000864
0.000867
0.000866
0.000864
0.000865
0.000864
0.000867
0.000865
0.000865
0.000864
0.000864
0.000868
0.000866
0.000865
0.000864
0.000867
0.000864
0.000863
0.000866
0.000866
0.000868
0.000865
0.000865
0.000864
0.000868
0.000867
0.000864
0.000866
0.000863
0.000870
0.000866
0.000864
0.000864
0.000865
0.000868
0.000865
0.000866
0.000865
0.000869
0.000866
0.000865
0.000865
0.000864
0.000867
0.000863
0.000864
0.000865
0.000868
0.000866
0.000865
0.000864
0.000864
0.000869
0.000900
0.000865
0.000866
0.000866
0.000868
0.000866
0.000864
0.000864
0.000870
0.000865
0.000864
0.000864
0.000864
0.000869
0.000865
0.000865
0.000865
0.000865
0.000867
0.000867
0.000866
0.000864
0.000867
0.000865
0.000865
0.000865
0.000865
0.000868
0.000864
0.000865
0.000862
0.000866
0.000866
0.000865
0.000865
0.000865
0.000867
0.000864
0.000866
0.000865
0.000864
0.000867
0.000865
0.000864
0.000863
0.000867
0.000866
0.000864
0.000865
0.000864
0.000868
0.000864
0.000865
0.000865
0.000869
0.000865
0.000864
0.000865
0.000865
0.000868
0.000864
0.000865
0.000866
0.000866
0.000868
0.000865
0.000865
0.000865
0.000869
0.000865
0.000864
0.000864
0.000865
0.000867
0.000863
0.000863
0.000865
0.000865
0.000866
0.000864
0.000865
0.000865
0.000870
0.000864
0.000865
0.000865
0.000866
0.000867
0.000865
0.000865
0.000864
0.000869
0.000865
0.000864
0.000865
0.000865
0.000869
0.000865
0.000866
0.000866
0.000864
0.000869
0.000865
0.000865
0.000866
0.000869
0.000864
0.000865
0.000866
0.000865
0.000867
0.000866
0.000863
0.000865
0.000865
0.000867
0.000864
0.000865
0.000865
0.000868
0.000864
0.000864
0.000864
0.000865
0.000869
0.000865
0.000866
0.000864
0.000867
0.000864
0.000865
0.000865
0.000865
0.000869
0.000866
0.000865
0.000864
0.000863
0.000868
0.000865
0.000865
0.000864
0.000867
0.000864
0.000864
0.000864
0.000865
0.000870
0.000866
0.000866
0.000865
0.000868
0.000865
0.000865
0.000866
0.000864
0.000867
0.000865
0.000917
0.000906
0.000865
0.000869
0.000865
0.000866
0.000864
0.000866
0.000866
0.000865
0.000866
0.000865
0.000869
0.000866
0.000864
0.000866
0.000868
0.000864
0.000865
0.000864
0.000866
0.000867
0.000865
0.000864
0.000865
0.000864
0.000870
0.000865
0.000866
0.000865
0.000868
0.000865
0.000865
0.000864
0.000865
0.000869
0.000903
0.000865
0.000866
0.000868
0.000865
0.000864
0.000864
0.000864
0.000868
0.000864
0.000864
0.000864
0.000866
0.000868
0.000865
0.000866
0.000864
0.000868
0.000865
0.000866
0.000866
0.000865
0.000868
0.000865
0.000864
0.000866
0.000864
0.000868
0.000865
0.000864
0.000865
0.000868
0.000862
0.000865
0.000864
0.000865
0.000869
0.000865
0.000866
0.000865
0.000868
0.000866
0.000863
0.000866
0.000864
0.000868
0.000865
0.000865
0.000865
0.000865
0.000869
0.000865
0.000864
0.000865
0.000867
0.000865
0.000865
0.000864
0.000866
0.000869
0.000864
0.000865
0.000863
0.000864
0.000867
0.000865
0.000865
0.000865
0.000867
0.000863
0.000863
0.000866
0.000865
0.000873
0.000865
0.000864
0.000866
0.000870
0.000864
0.000865
0.000865
0.000865
0.000868
0.000866
0.000865
0.000863
0.000865
0.000867
0.000865
0.000865
0.000864
0.000868
0.000864
0.000865
0.000865
0.000865
0.000869
0.000863
0.000866
0.000867
0.000867
0.000866
0.000865
0.000863
0.000864
0.000868
0.000866
0.000865
0.000865
0.000865
0.000874
0.000866
0.000865
0.000864
0.000871
0.000920
0.000935
0.000897
0.000867
0.000869
0.000865
0.000864
0.000865
0.000866
0.000865
0.000864
0.000865
0.000914
0.000896
0.000863
0.000865
0.000864
0.000865
0.000869
0.000863
0.000865
0.000865
0.000867
0.000867
0.000864
0.000865
0.000865
0.000870
0.000865
0.000865
0.000866
0.000868
0.000865
0.000864
0.000865
0.000864
0.000869
0.000865
0.000865
0.000865
0.000865
0.000867
0.000865
0.000865
0.000865
0.000866
0.000865
0.000865
0.000865
0.000866
0.000868
0.000864
0.000864
0.000864
0.000866
0.000865
0.000864
0.000867
0.000864
0.000867
0.000866
0.000865
0.000866
0.000865
0.000867
0.000864
0.000865
0.000865
0.000868
0.000866
0.000864
0.000865
0.000865
0.000868
0.000863
0.000865
0.000864
0.000865
0.000867
0.000864
0.000864
0.000865
0.000868
0.000865
0.000865
0.000865
0.000864
0.000870
0.000865
0.000864
0.000865
0.000868
0.000863
0.000866
0.000865
0.000864
0.000869
0.000865
0.000865
0.000865
0.000866
0.000868
0.000864
0.000865
0.000865
0.000868
0.000866
0.000866
0.000866
0.000864
0.000867
0.000865
0.000865
0.000865
0.000863
0.000867
0.000863
0.000864
0.000864
0.000867
0.000867
0.000867
0.000865
0.000863
0.000866
0.000864
0.000863
0.000866
0.000865
0.000866
0.000865
0.000882
0.000904
0.000916
0.000866
0.000864
0.000866
0.000868
0.000865
0.000865
0.000865
0.000865
0.000870
0.000864
0.000866
0.000864
0.000864
0.000869
0.000864
0.000865
0.000864
0.000868
0.000864
0.000866
0.000865
0.000865
0.000869
0.000866
0.000865
0.000864
0.000865
0.000866
0.000864
0.000865
0.000866
0.000868
0.000865
0.000865
0.000866
0.000865
0.000868
0.000865
0.000865
0.000865
0.000868
0.000864
0.000865
0.000864
0.000864
0.000866
0.000865
0.000865
0.000864
0.000865
0.000868
0.000864
0.000864
0.000864
0.000868
0.000864
0.000866
0.000865
0.000864
0.000868
0.000865
0.000865
0.000864
0.000865
0.000868
0.000865
0.000865
0.000865
0.000867
0.000864
0.000866
0.000863
0.000863
0.000866
0.000864
0.000864
0.000863
0.000865
0.000865
0.000863
0.000867
0.000864
0.000868
0.000864
0.000865
0.000865
0.000865
0.000867
0.000865
0.000865
0.000864
0.000868
0.000909
0.000896
0.000865
0.000865
0.000868
0.000864
0.000864
0.000865
0.000867
0.000865
0.000865
0.000866
0.000864
0.000868
0.000862
0.000865
0.000866
0.000863
0.000868
0.000865
0.000866
0.000864
0.000868
0.000865
0.000867
0.000865
0.000865
0.000870
0.000865
0.000866
0.000866
0.000864
0.000869
0.000864
0.000865
0.000863
0.000868
0.000865
0.000864
0.000865
0.000864
0.000868
0.000866
0.000866
0.000864
0.000868
0.000864
0.000866
0.000865
0.000863
0.000869
0.000865
0.000866
0.000866
0.000864
0.000867
0.000866
0.000865
0.000864
0.000867
0.000866
0.000863
0.000866
0.000866
0.000868
0.000865
0.000864
0.000865
0.000868
0.000865
0.000865
0.000866
0.000863
0.000867
0.000865
0.000866
0.000866
0.000864
0.000868
0.000865
0.000865
0.000865
0.000867
0.000865
0.000867
0.000865
0.000866
0.000866
0.000865
0.000864
0.000866
0.000865
0.000866
0.000864
0.000865
0.000866
0.000866
0.000865
0.000866
0.000864
0.000866
0.000873
0.000865
0.000866
0.000865
0.000869
0.000866
0.000864
0.000865
0.000865
0.000868
0.000866
0.000865
0.000866
0.000865
0.000868
0.000866
0.000865
0.000865
0.000868
0.000865
0.000866
0.000864
0.000865
0.000869
0.000865
0.000865
0.000865
0.000868
0.000865
0.000864
0.000918
0.000864
0.000866
0.000866
0.000864
0.000865
0.000866
0.000868
0.000866
0.000865
0.000865
0.000869
0.000864
0.000864
0.000865
0.000865
0.000868
0.000865
0.000866
0.000864
0.000865
0.000867
0.000865
0.000866
0.000866
0.000868
0.000866
0.000864
0.000864
0.000865
0.000866
0.000865
0.000864
0.000864
0.000868
0.000865
0.000863
0.000865
0.000865
0.000869
0.000864
0.000864
0.000865
0.000865
0.000866
0.000865
0.000865
0.000864
0.000869
0.000865
0.000865
0.000864
0.000863
0.000867
0.000864
0.000865
0.000863
0.000866
0.000901
0.000933
0.000877
0.000865
0.000868
0.000865
0.000865
0.000864
0.000864
0.000867
0.000866
0.000865
0.000916
0.000890
0.000865
0.000865
0.000865
0.000865
0.000868
0.000864
0.000865
0.000864
0.000869
0.000883
0.000893
0.000864
0.000864
