0.197585
0.217468
0.217655
0.218465
0.217377
0.217609
0.217801
0.217869
0.217563
0.228678
0.227143
0.225378
0.223675
0.221386
0.221250
0.221279
0.221685
0.220691
0.220901
0.220774
0.219865
0.221308
0.220083
0.220106
0.219888
0.220260
0.221369
0.219641
0.219187
0.219331
0.220982
0.223775
0.227484
0.225084
0.224582
0.225411
0.223124
0.222588
0.220254
0.219884
0.219179
0.219806
0.219581
0.221934
0.222933
0.220900
0.220988
0.219805
0.221324
0.219615
0.219408
0.219815
0.219704
0.220533
0.225145
0.224167
0.223755
0.223972
0.222822
0.221805
0.221758
0.221419
0.221949
0.218863
0.219458
0.218057
0.219131
0.220471
0.219175
0.218900
0.218755
0.219461
0.218992
0.218705
0.217546
0.218928
0.221152
0.228235
0.225638
0.224684
0.225390
0.223502
0.223298
0.223277
0.222331
0.222539
0.221416
0.220770
0.219461
0.219596
0.219560
0.219132
0.219041
0.218807
0.219533
0.217924
0.217799
0.217503
0.218872
0.224072
0.225888
0.224514
0.222562
0.223188
0.221435
0.221518
0.221178
0.221032
0.222312
0.220690
0.220420
0.220908
0.221832
0.220374
0.220029
0.220252
0.219688
0.221041
0.219844
0.219355
0.219207
0.220478
0.228223
0.224516
0.224160
0.223589
0.224246
0.222541
0.222493
0.222195
0.222923
0.221642
0.221340
0.221189
0.220579
0.221442
0.219275
0.219698
0.219536
0.221163
0.220428
0.219973
0.219806
0.219642
0.224899
0.227418
0.226540
0.226093
0.222396
0.220524
0.220629
0.220373
0.220838
0.221725
0.220727
0.220196
0.220516
0.219719
0.220999
0.218508
0.218191
0.218908
0.219584
0.218366
0.218111
0.218150
0.218449
0.226669
0.226151
0.224893
0.224630
0.223613
0.222493
0.222197
0.222104
0.221361
0.222623
0.222589
0.223719
0.224162
0.224507
0.222569
0.221914
0.222234
0.221807
0.222745
0.220955
0.219951
0.220205
0.225732
0.228560
0.226895
0.224464
0.223474
0.224451
0.222580
0.221176
0.221936
0.222636
0.221495
0.220401
0.220817
0.220986
0.221564
0.220729
0.219367
0.220017
0.220023
0.221081
0.219692
0.219707
0.217782
0.230193
0.227017
0.226017
0.225738
0.223761
0.224049
0.223315
0.222916
0.222690
0.222861
0.221920
0.222213
0.221714
0.221933
0.222602
0.220339
0.220228
0.220570
0.220296
0.220458
0.220547
0.220329
0.224763
0.226869
0.224053
0.223339
0.221612
0.222220
0.220953
0.220627
0.220478
0.220216
0.221387
0.220233
0.220472
0.220211
0.220370
0.220111
0.219440
0.219702
0.219501
0.220387
0.219559
0.219485
0.219320
0.229140
0.225329
0.224077
0.223091
0.221433
0.222599
0.221643
0.219415
0.219504
0.219206
0.220223
0.219160
0.219250
0.219481
0.220610
0.219167
0.219226
0.219335
0.219312
0.219705
0.217829
0.218052
0.219641
0.227399
0.224036
0.222862
0.222489
0.219917
0.221028
0.219307
0.219395
0.218467
0.219741
0.218666
0.218741
0.218841
0.218764
0.219465
0.218530
0.217630
0.217866
0.217727
0.218934
0.217322
0.217533
0.221302
0.227751
0.223562
0.223349
0.222278
0.221568
0.223378
0.222215
0.222099
0.221592
0.222199
0.221092
0.221411
0.222089
0.221500
0.222267
0.220520
0.220199
0.220379
0.221767
0.219776
0.219494
0.219903
0.227052
0.225467
0.223964
0.222148
0.221702
0.221628
0.220542
0.220479
0.220895
0.220697
0.221446
0.220376
0.220091
0.219927
0.219859
0.220881
0.219422
0.219242
0.219374
0.220039
0.219376
0.219019
0.220682
0.228503
0.227110
0.223342
0.222520
0.221844
0.222936
0.221953
0.221666
0.221481
0.221481
0.222064
0.220351
0.220521
0.220249
0.220775
0.219831
0.219835
0.218148
0.217818
0.219716
0.218613
0.218484
0.226211
0.225400
0.224745
0.223371
0.222208
0.221552
0.221558
0.221099
0.219093
0.218488
0.218354
0.219887
0.218249
0.218285
0.217547
0.219110
0.218478
0.217595
0.218113
0.217932
0.218572
0.214893
0.217616
0.227553
0.225253
0.223660
0.223061
0.221687
0.220569
0.222356
0.220505
0.220139
0.219678
0.219425
0.220826
0.219727
0.219817
0.219509
0.220805
0.219463
0.219730
0.219744
0.219871
0.220509
0.219642
0.221730
0.226747
0.226182
0.223299
0.223347
0.222962
0.222733
0.222415
0.221066
0.221138
0.220732
0.222002
0.220926
0.220889
0.220658
0.220592
0.221411
0.220578
0.220295
0.219443
0.220957
0.219567
0.219945
0.227436
0.225723
0.224658
0.222675
0.222593
0.222518
0.222539
0.221285
0.221428
0.221069
0.220907
0.221829
0.222775
0.221394
0.221344
0.220394
0.221116
0.220032
0.219867
0.219817
0.219622
0.217621
0.219299
0.223442
0.223219
0.223607
0.221946
0.222255
0.220170
0.221673
0.219230
0.219427
0.219305
0.219203
0.220349
0.219684
0.219495
0.216460
0.219443
0.218709
0.218315
0.218990
0.218395
0.219797
0.218009
0.224458
0.228262
0.226836
0.227262
0.224889
0.223338
0.222986
0.223701
0.222703
0.221266
0.221475
0.221221
0.221881
0.220243
0.219792
0.219146
0.219085
0.219058
0.219072
0.218788
0.218806
0.220150
0.218985
0.226574
0.225875
0.223419
0.221460
0.220681
0.220570
0.221015
0.221046
0.220071
0.218965
0.218799
0.219939
0.218827
0.218574
0.218750
0.218771
0.219803
0.218827
0.218408
0.218410
0.218001
0.219628
0.219896
0.227946
0.225860
0.225605
0.223724
0.222242
0.222211
0.220869
0.221758
0.219764
0.219369
0.218308
0.217413
0.218199
0.217948
0.218044
0.217716
0.219141
0.218270
0.217881
0.217852
0.217233
0.218915
0.222033
0.223626
0.222670
0.222312
0.221541
0.221095
0.221095
0.219100
0.221253
0.219826
0.219446
0.219684
0.221087
0.219267
0.218834
0.218047
0.218334
0.220215
0.218360
0.218179
0.216543
0.218014
0.216470
0.225320
0.223227
0.223778
0.223319
0.221720
0.221169
0.220977
0.220578
0.222076
0.220365
0.220255
0.219450
0.223214
0.221452
0.221379
0.220938
0.220796
0.222112
0.220173
0.220089
0.220153
0.220879
0.221547
0.225383
0.223478
0.222678
0.223954
0.221747
0.224162
0.223336
0.223872
0.222649
0.221144
0.221616
0.220486
0.221657
0.220480
0.220435
0.220130
0.221534
0.219979
0.217835
0.218919
0.219036
0.219538
0.226068
0.226480
0.225256
0.225107
0.221539
0.220928
0.220533
0.220390
0.220187
0.218540
0.219243
0.219088
0.218437
0.220033
0.217936
0.218283
0.217844
0.219508
0.218321
0.217502
0.217641
0.217484
0.219322
0.225631
0.225325
0.221494
0.220806
0.220497
0.220700
0.220624
0.219526
0.221093
0.219766
0.219560
0.219666
0.219302
0.220439
0.219030
0.219728
0.219169
0.220779
0.219735
0.219612
0.219811
0.219146
0.224079
0.229194
0.226865
0.226281
0.226514
0.223577
0.222940
0.222136
0.221805
0.222410
0.221043
0.220570
0.219416
0.221981
0.220958
0.220322
0.220190
0.220316
0.221737
0.220772
0.219839
0.219969
0.221277
0.227666
0.225276
0.223568
0.223494
0.222583
0.220817
0.220614
0.220380
0.223192
0.221202
0.221091
0.221121
0.220969
0.222043
0.220854
0.220817
0.221240
0.220790
0.222133
0.220746
0.220722
0.220630
0.224927
0.227337
0.225691
0.224480
0.224025
0.223845
0.222690
0.222727
0.222639
0.223196
0.222377
0.221104
0.220609
0.221257
0.222225
0.220916
0.220814
0.220844
0.221408
0.220125
0.219973
0.219934
0.219867
0.228629
0.227873
0.225969
0.225459
0.226209
0.221224
0.221369
0.220859
0.220922
0.221751
0.219779
0.219698
0.219594
0.220786
0.219295
0.219206
0.219244
0.219156
0.220116
0.218832
0.217971
0.219230
0.221519
0.227695
0.225086
0.222700
0.222340
0.223142
0.221877
0.220180
0.219188
0.219613
0.220730
0.216247
0.217797
0.217835
0.220443
0.219185
0.218820
0.218655
0.218584
0.219885
0.218237
0.217954
0.218195
0.224903
0.227477
0.225784
0.225429
0.224005
0.223216
0.221667
0.221476
0.221390
0.222594
0.221221
0.221030
0.220829
0.220460
0.221931
0.219629
0.220153
0.220189
0.220214
0.221112
0.220001
0.220135
0.219820
0.228696
0.223873
0.223185
0.220960
0.219680
0.221648
0.220318
0.220274
0.220186
0.220442
0.219660
0.219513
0.218495
0.218450
0.219089
0.217907
0.218239
0.218642
0.219603
0.217803
0.217955
0.217789
0.221427
0.226833
0.223176
0.222303
0.222211
0.219167
0.220018
0.218466
0.218786
0.217475
0.218790
0.218110
0.217667
0.217407
0.217865
0.218921
0.217638
0.217677
0.217253
0.217490
0.217322
0.217161
0.217352
0.221911
0.227172
0.224049
0.223324
0.222718
0.222925
0.221807
0.221670
0.221237
0.220782
0.221391
0.220154
0.221528
0.222042
0.218893
0.220822
0.219396
0.219395
0.218242
0.219291
0.218422
0.218140
0.218290
0.226686
0.227416
0.225380
0.224121
0.224088
0.223027
0.222006
0.221890
0.221381
0.221478
0.222363
0.218238
0.219979
0.219523
0.220262
0.218662
0.219153
0.219145
0.219129
0.220060
0.219263
0.219158
0.222426
0.226990
0.226203
0.223452
0.223062
0.222747
0.223813
0.221393
0.221185
0.221325
0.221186
0.221055
0.217194
0.219000
0.219355
0.218826
0.217807
0.218423
0.218063
0.217876
0.219216
0.218347
0.217726
0.223038
0.225946
0.222860
0.222745
0.221986
0.221803
0.222715
0.220483
0.220457
0.220766
0.220817
0.218831
0.219127
0.218952
0.218788
0.219571
0.217841
0.217619
0.217787
0.217675
0.218541
0.216998
0.217361
0.224530
0.224922
0.222087
0.222285
0.221198
0.221012
0.221344
0.220096
0.219775
0.219188
0.220550
0.218881
0.219133
0.218775
0.218624
0.219367
0.218572
0.217172
0.218485
0.218474
0.219508
0.217198
0.219411
0.225930
0.225666
0.225417
0.225039
0.223216
0.223048
0.223650
0.222066
0.221558
0.221540
0.222366
0.221547
0.221168
0.220978
0.221043
0.222114
0.221001
0.220408
0.219538
0.220376
0.218669
0.219488
0.225568
0.225838
0.224256
0.222360
0.221419
0.221348
0.221623
0.220383
0.220192
0.220336
0.220228
0.220742
0.222201
0.221512
0.220286
0.219717
0.220641
0.219048
0.218884
0.219000
0.220070
0.219132
0.217742
0.228462
0.224717
0.225408
0.223110
0.221618
0.221842
0.223643
0.221697
0.221146
0.218776
0.219761
0.219580
0.218786
0.218791
0.218277
0.219501
0.218714
0.218575
0.218676
0.217843
0.219066
0.217397
0.221223
0.226991
0.226598
0.224343
0.223902
0.222479
0.222732
0.223468
0.219742
0.218164
0.217691
0.216685
0.218787
0.217706
0.217734
0.217028
0.218389
0.218189
0.217999
0.217714
0.217459
0.218631
0.216963
0.225006
0.227746
0.227258
0.223713
0.223324
0.221853
0.221011
0.221446
0.220446
0.219812
0.219914
0.220740
0.219707
0.219270
0.218382
0.218140
0.218740
0.217929
0.215589
0.216718
0.217351
0.218642
0.217438
0.228935
0.224886
0.225329
0.223983
0.223421
0.223119
0.223372
0.223383
0.221362
0.220472
0.219863
0.220303
0.219592
0.219119
0.219048
0.218790
0.220055
0.219544
0.219320
0.219367
0.220245
0.219100
0.222434
0.227677
0.226097
0.225676
0.223293
0.222868
0.222540
0.222310
0.223239
0.221787
0.221672
0.221651
0.222521
0.221322
0.219770
0.219582
0.219755
0.219857
0.217437
0.218269
0.218445
0.219373
0.218829
0.224877
0.225782
0.224599
0.223788
0.221867
0.221600
0.221284
0.222276
0.221620
0.221236
0.220244
0.219579
0.223137
0.221129
0.220777
0.220700
0.221400
0.220481
0.220578
0.220592
0.219701
0.221131
0.222808
0.225400
0.223554
0.224020
0.223395
0.222921
0.222160
0.221513
0.222825
0.220921
0.220680
0.220514
0.220572
0.221481
0.220207
0.220217
0.220129
0.221109
0.219696
0.218821
0.218665
0.219327
0.219918
0.225870
0.224678
0.222623
0.224700
0.221826
0.221567
0.221530
0.221217
0.221838
0.220544
0.220685
0.220149
0.221035
0.219642
0.219225
0.218430
0.218503
0.218770
0.217943
0.217677
0.217447
0.217638
0.218369
0.229298
0.225609
0.223037
0.222435
0.220931
0.220388
0.220198
0.219976
0.221369
0.220145
0.219817
0.218949
0.219975
0.219167
0.218099
0.218272
0.218441
0.219729
0.218411
0.218151
0.217983
0.218825
0.220656
0.228154
0.226502
0.224129
0.223973
0.221683
0.221415
0.221027
0.222258
0.220235
0.219890
0.219289
0.219386
0.220586
0.219289
0.218238
0.218085
0.218454
0.220052
0.218980
0.218763
0.217088
0.217707
0.224838
0.225605
0.224409
0.223845
0.223244
0.221029
0.220685
0.220572
0.221213
0.220162
0.220632
0.220102
0.220192
0.221039
0.220301
0.220115
0.219970
0.219851
0.220758
0.219093
0.219426
0.218880
0.221188
0.227607
0.224238
0.223761
0.222774
0.222467
0.221142
0.218114
0.218850
0.220048
0.218623
0.219216
0.219789
0.221014
0.219705
0.219521
0.219225
0.219107
0.220091
0.218776
0.217969
0.217751
0.218173
0.223830
0.226768
0.225741
0.224010
0.223617
0.221565
0.221703
0.221768
0.220937
0.222325
0.220849
0.220628
0.220757
0.220228
0.221771
0.220171
0.220035
0.219859
0.220784
0.217383
0.217770
0.218273
0.218082
0.228673
0.227506
0.226965
0.225358
0.224918
0.223732
0.223749
0.223528
0.223102
0.224462
0.223003
0.222886
0.223052
0.223686
0.222085
0.221818
0.221513
0.221384
0.222715
0.221149
0.220555
0.221188
0.225349
0.228905
0.227405
0.226867
0.224659
0.223924
0.222596
0.222411
0.222282
0.223408
0.222545
0.222768
0.222611
0.221998
0.223620
0.222170
0.221964
0.221400
0.221887
0.221237
0.220840
0.220383
0.220258
0.232765
0.226780
0.225852
0.225272
0.225016
0.223935
0.223657
0.223479
0.222124
0.222840
0.221022
0.219726
0.219341
0.220640
0.219061
0.218791
0.219154
0.219522
0.218171
0.217789
0.218095
0.218114
0.223435
0.227603
0.224724
0.223543
0.222978
0.223768
0.222110
0.220764
0.221253
0.221056
0.222703
0.220729
0.220468
0.220615
0.220949
0.220227
0.220259
0.220541
0.220494
0.220566
0.219598
0.219595
0.219372
0.231019
0.227557
0.225265
0.223364
0.222232
0.223115
0.222341
0.222014
0.221337
0.221578
0.220796
0.220893
0.222151
0.221586
0.220739
0.219494
0.219718
0.219913
0.220621
0.219554
0.219005
0.219275
0.222695
0.229292
0.225594
0.225241
0.224872
0.224077
0.224935
0.223487
0.223092
0.223034
0.223827
0.222726
0.222126
0.221304
0.221213
0.222414
0.221322
0.220659
0.220581
0.221096
0.220557
0.220855
0.219944
0.230063
0.228405
0.225617
0.223756
0.223442
0.224113
0.223295
0.221904
0.221192
0.221725
0.222579
0.221246
0.221393
0.221040
0.221068
0.220300
0.218814
0.220240
0.219762
0.220726
0.219000
0.218346
0.222493
0.227667
0.225076
0.224313
0.222469
0.222081
0.224007
0.221515
0.221528
0.221435
0.222304
0.221192
0.220015
0.220426
0.220387
0.221361
0.219758
0.219697
0.219893
0.219505
0.220694
0.219433
0.219339
0.227716
0.228061
0.225477
0.224947
0.223992
0.223994
0.223216
0.221513
0.221349
0.221000
0.220985
0.219319
0.218543
0.220442
0.219749
0.220740
0.219779
0.219474
0.219460
0.220188
0.218467
0.217537
0.220932
0.228397
0.227969
0.224799
0.224468
0.221550
0.222497
0.222131
0.221076
0.220879
0.221282
0.221638
0.220733
0.220893
0.220370
0.221316
0.220323
0.220679
0.220123
0.220155
0.220149
0.219363
0.219002
0.226365
0.225488
0.225189
0.223387
0.221477
0.221639
0.222589
0.221094
0.220816
0.220994
0.220438
0.221204
0.222417
0.222336
0.221384
0.222514
0.221466
0.221460
0.221230
0.221477
0.222340
0.221495
0.223632
0.225026
0.225080
0.222079
0.221717
0.221831
0.221196
0.221775
0.220810
0.220378
0.219975
0.220224
0.220025
0.219796
0.219931
0.219668
0.220467
0.218572
0.218869
0.219040
0.218590
0.220556
0.219267
0.226306
0.227918
0.227802
0.226262
0.223277
0.223283
0.224913
0.223454
0.222433
0.222528
0.221301
0.222571
0.221365
0.221390
0.221093
0.220337
0.221940
0.220102
0.220014
0.218735
0.220799
0.219721
0.222039
0.229424
0.226466
0.226982
0.224528
0.222161
0.222758
0.223035
0.221851
0.221560
0.221778
0.221495
0.222334
0.220022
0.220151
0.220390
0.221050
0.220068
0.219984
0.219739
0.219666
0.220563
0.219273
0.226833
0.226715
0.225358
0.223395
0.222709
0.220330
0.218515
0.220476
0.219080
0.219017
0.218744
0.219285
0.221018
0.218813
0.217707
0.218707
0.219467
0.218536
0.218847
0.218609
0.218574
0.219979
0.219011
0.229671
0.225712
0.226409
0.224468
0.223509
0.223282
0.221757
0.220873
0.219722
0.219762
0.220127
0.220594
0.219036
0.218085
0.218482
0.218383
0.219526
0.219113
0.218630
0.218641
0.218734
0.220063
0.222895
0.226699
0.224928
0.226555
0.224425
0.222579
0.221824
0.220797
0.221570
0.220253
0.219625
0.219174
0.222637
0.221740
0.220899
0.220432
0.219490
0.221011
0.219761
0.219716
0.219509
0.220496
0.219170
0.226954
0.225386
0.224641
0.225463
0.222337
0.220088
0.221537
0.222594
0.221335
0.221068
0.220067
0.220494
0.221667
0.220066
0.220536
0.219651
0.219748
0.219719
0.219220
0.218928
0.218460
0.220934
0.221362
0.228629
0.226196
0.225337
0.226159
0.223416
0.222777
0.222134
0.220535
0.220728
0.221145
0.220654
0.220788
0.221993
0.220315
0.219605
0.218229
0.220322
0.219523
0.219373
0.219294
0.218855
0.220464
0.226654
0.227666
0.226046
0.225014
0.222423
0.222418
0.221959
0.221001
0.221110
0.218685
0.218659
0.218766
0.220162
0.218882
0.218880
0.218047
0.218143
0.219281
0.218331
0.218057
0.218113
0.218309
0.219266
0.227368
0.224254
0.223661
0.224028
0.222721
0.222486
0.222608
0.221978
0.223239
0.221435
0.219399
0.220111
0.221034
0.219999
0.219764
0.219297
0.219252
0.221020
0.219933
0.219623
0.219549
0.220290
0.222883
0.226791
0.224969
0.224210
0.223854
0.222752
0.222745
0.220935
0.222908
0.221328
0.221180
0.220921
0.221099
0.222164
0.221481
0.220812
0.220848
0.221291
0.219571
0.219471
0.218489
0.218961
0.219876
0.227786
0.225479
0.224331
0.224093
0.223580
0.222001
0.222357
0.221688
0.222181
0.221113
0.222165
0.222018
0.224066
0.224362
0.222844
0.222699
0.222365
0.223620
0.220243
0.220476
0.220498
0.220657
0.225618
0.226617
0.225106
0.224224
0.224972
0.223643
0.222063
0.221871
0.221335
0.222139
0.220238
0.219664
0.220352
0.221695
0.220417
0.220261
0.220322
0.220278
0.220158
0.219388
0.219572
0.219894
0.219419
0.229888
0.228094
0.226405
0.224893
0.224644
0.223291
0.224059
0.222853
0.224076
0.222177
0.222136
0.222191
0.222020
0.223043
0.222011
0.221885
0.218921
0.220869
0.219953
0.220233
0.219883
0.219844
0.226964
0.225619
0.224488
0.223121
0.221085
0.223424
0.221804
0.221176
0.220742
0.220494
0.219854
0.220161
0.220238
0.220297
0.221054
0.219310
0.219473
0.219284
0.220254
0.219112
0.218443
0.218655
0.218604
0.226614
0.228285
0.226498
0.223224
0.223350
0.222200
0.222139
0.222014
0.221949
0.222694
0.222084
0.220763
0.221979
0.223521
0.221653
0.221426
0.221839
0.222199
0.222949
0.221034
0.221032
0.219438
0.224715
0.227834
0.225889
0.224902
0.222751
0.223316
0.221705
0.219796
0.219469
0.219322
0.221801
0.220831
0.220266
0.220389
0.220811
0.216957
0.218918
0.219597
0.219344
0.220501
0.217235
0.219446
0.219113
0.230189
0.227797
0.226672
0.225251
0.224742
0.225863
0.222244
0.219914
0.219972
0.219261
0.220294
0.220212
0.222755
0.222105
0.222662
0.221122
0.220132
0.220098
0.221247
0.220778
0.219974
0.220350
0.222860
0.227459
0.224119
0.224725
0.224817
0.223862
0.222652
0.222146
0.222099
0.221995
0.222389
0.220209
0.219119
0.218808
0.219030
0.220353
0.218782
0.218563
0.218430
0.219495
0.218616
0.218013
0.218676
0.222611
0.226779
0.224236
0.222744
0.222316
0.223650
0.222245
0.221124
0.221049
0.221145
0.221827
0.220620
0.220383
0.220579
0.221654
0.220805
0.220831
0.220145
0.219861
0.221343
0.219855
0.219798
0.221157
0.230879
0.224489
0.222559
