0.036207
0.031779
0.031573
0.033373
0.031782
0.031734
0.032285
0.031243
0.032227
0.031267
0.031268
0.032073
0.032733
0.032496
0.032125
0.031739
0.032287
0.032187
0.032811
0.031460
0.034232
0.032811
0.031615
0.031755
0.032371
0.033796
0.032351
0.032410
0.032221
0.031563
0.032728
0.032627
0.033277
0.031547
0.032582
0.032484
0.031784
0.033207
0.032870
0.032510
0.032210
0.032967
0.031815
0.032283
0.031970
0.032620
0.032784
0.031987
0.032551
0.033212
0.031948
0.031968
0.031389
0.032285
0.033260
0.032270
0.032305
0.031918
0.031883
0.033266
0.032232
0.032838
0.030895
0.031636
0.032612
0.032173
0.031463
0.033295
0.032333
0.032140
0.032060
0.031444
0.031456
0.033479
0.032154
0.032602
0.032847
0.032293
0.032088
0.032226
0.032939
0.032571
0.033131
0.032579
0.031294
0.032261
0.031447
0.030380
0.031141
0.030474
0.032568
0.032732
0.031110
0.031515
0.032225
0.031741
0.033217
0.031434
0.031569
0.033438
0.034512
0.037796
0.035414
0.035068
0.032989
0.032743
0.033427
0.033175
0.032250
0.034028
0.032990
0.032395
0.033316
0.032548
0.033678
0.032549
0.032614
0.033295
0.032129
0.032834
0.034873
0.033202
0.033123
0.032478
0.032743
0.030415
0.031994
0.033309
0.032230
0.032590
0.032415
0.032850
0.032627
0.033688
0.032640
0.033138
0.031465
0.031659
0.031513
0.032516
0.031567
0.032005
0.032221
0.032080
0.032465
0.031554
0.032880
0.031342
0.032402
0.031294
0.033529
0.033256
0.032042
0.033138
0.031746
0.031329
0.031826
0.032653
0.031205
0.031615
0.032781
0.031296
0.031322
0.031391
0.031953
0.031836
0.032214
0.033641
0.033320
0.032265
0.032379
0.032212
0.031264
0.032005
0.032293
0.032807
0.032396
0.031414
0.032076
0.032159
0.031890
0.031398
0.031617
0.031432
0.033438
0.034228
0.031200
0.033011
0.031398
0.033255
0.031703
0.033481
0.031554
0.032128
0.032112
0.032080
0.031371
0.032331
0.031546
0.032493
0.031377
0.030130
0.032389
0.031436
0.031672
0.032477
0.033136
0.033278
0.031654
0.032812
0.033555
0.031540
0.032133
0.031644
0.032141
0.033136
0.032802
0.032045
0.031785
0.032764
0.031896
0.031707
0.030072
0.033326
0.031582
0.031705
0.032701
0.032993
0.031624
0.032686
0.031606
0.032144
0.032387
0.031353
0.031516
0.032370
0.032928
0.032424
0.032656
0.031475
0.032034
0.030930
0.032110
0.031835
0.032870
0.032073
0.032725
0.032935
0.032499
0.032179
0.031815
0.032385
0.032313
0.032631
0.031351
0.039894
0.035257
0.035511
0.034043
0.033434
0.033664
0.033563
0.034342
0.033387
0.033542
0.030367
0.033237
0.033423
0.033084
0.034369
0.032291
0.033786
0.033306
0.035216
0.034328
0.033536
0.033549
0.033206
0.031548
0.032426
0.033300
0.033098
0.033173
0.032318
0.033370
0.033000
0.031117
0.033658
0.032428
0.032010
0.032217
0.031667
0.031249
0.032658
0.031235
0.033128
0.032362
0.031724
0.031546
0.032269
0.031434
0.031438
0.032153
0.032363
0.031911
0.031621
0.031179
0.033916
0.031954
0.031535
0.032275
0.031994
0.031441
0.032870
0.031944
0.031467
0.031394
0.031062
0.032459
0.031286
0.034050
0.032796
0.032603
0.032212
0.032756
0.032247
0.032327
0.032165
0.032034
0.031602
0.032003
0.032157
0.031991
0.031815
0.032216
0.031436
0.031856
0.032301
0.031462
0.032356
0.033730
0.032421
0.031474
0.032341
0.032136
0.032890
0.031895
0.031315
0.032152
0.032064
0.032768
0.032961
0.033301
0.032117
0.032753
0.032311
0.032324
0.032219
0.031444
0.032779
0.032949
0.033825
0.032104
0.031704
0.032947
0.032120
0.032210
0.034478
0.032535
0.034122
0.031822
0.032932
0.032211
0.032367
0.031660
0.031519
0.031487
0.031495
0.032814
0.031518
0.031286
0.032567
0.033465
0.032140
0.031391
0.032552
0.032294
0.031904
0.032944
0.032760
0.032883
0.033164
0.031096
0.031440
0.033118
0.032222
0.031480
0.031779
0.031319
0.032009
0.033535
0.032450
0.033769
0.031445
0.031976
0.032148
0.032651
0.032469
0.031518
0.038513
0.038309
0.035808
0.033601
0.033650
0.034224
0.034332
0.032812
0.033211
0.033294
0.032788
0.032953
0.033204
0.032336
0.033407
0.032100
0.032251
0.032171
0.032722
0.032615
0.032267
0.032806
0.033010
0.033088
0.033467
0.031867
0.032191
0.032177
0.033213
0.033363
0.032107
0.032650
0.032510
0.034089
0.034236
0.033637
0.032551
0.033385
0.032681
0.032776
0.032940
0.033372
0.032291
0.032204
0.032747
0.033902
0.033223
0.032669
0.034472
0.032239
0.032948
0.034086
0.033801
0.032370
0.034478
0.033128
0.032655
0.033475
0.033044
0.032453
0.033690
0.032750
0.032565
0.034428
0.033237
0.032492
0.032660
0.032609
0.033465
0.033148
0.032098
0.032393
0.032997
0.032985
0.034119
0.033586
0.033205
0.034102
0.037176
0.035022
0.033621
0.034213
0.034545
0.034045
0.033639
0.033336
0.033633
0.034138
0.032721
0.033427
0.033259
0.032764
0.034287
0.032566
0.033728
0.034001
0.034694
0.032560
0.032623
0.032711
0.033218
0.033894
0.033917
0.034520
0.034015
0.033231
0.033895
0.033471
0.032583
0.032555
0.033658
0.033055
0.033364
0.035160
0.033877
0.032772
0.033339
0.033215
0.034021
0.033222
0.032704
0.033191
0.033418
0.032596
0.032814
0.033047
0.033223
0.034709
0.032623
0.032745
0.033141
0.032961
0.033350
0.032349
0.033577
0.033021
0.032280
0.033155
0.032170
0.033435
0.033363
0.032434
0.034098
0.034192
0.034027
0.033701
0.034805
0.032698
0.033821
0.033054
0.039290
0.037833
0.036232
0.036797
0.036026
0.038431
0.032946
0.033834
0.034071
0.035018
0.035167
0.033796
0.035195
0.033936
0.033398
0.034114
0.034213
0.033699
0.034032
0.033183
0.033021
0.032673
0.032530
0.033515
0.033898
0.031996
0.032300
0.032369
0.032276
0.032170
0.032378
0.031715
0.032169
0.034360
0.032858
0.032865
0.032111
0.031581
0.031697
0.033393
0.034099
0.033145
0.033439
0.032388
0.031783
0.031743
0.032076
0.034667
0.033827
0.031723
0.032417
0.032378
0.032791
0.031980
0.033073
0.033728
0.034278
0.034129
0.033053
0.032707
0.033543
0.033058
0.031312
0.032852
0.033613
0.032005
0.034115
0.032744
0.031923
0.032371
0.032356
0.033117
0.031765
0.031935
0.032543
0.031992
0.032886
0.032858
0.032108
0.034912
0.031943
0.032556
0.032358
0.032819
0.033020
0.032507
0.034470
0.031945
0.032399
0.033325
0.032758
0.032074
0.033194
0.032869
0.032169
0.032899
0.033010
0.033400
0.032767
0.032436
0.032449
0.032919
0.033411
0.032745
0.032640
0.034072
0.033194
0.034121
0.033649
0.031837
0.034496
0.032311
0.033835
0.033057
0.033399
0.031870
0.033716
0.032857
0.032867
0.032663
0.031956
0.032090
0.031741
0.031973
0.032360
0.031653
0.032019
0.032596
0.031639
0.033542
0.031842
0.032466
0.032679
0.032696
0.031672
0.032599
0.032251
0.032626
0.033979
0.032696
0.031766
0.031906
0.032672
0.032633
0.033247
0.034166
0.033018
0.033409
0.032734
0.031821
0.033938
0.039401
0.039719
0.036309
0.037861
0.034603
0.034669
0.035034
0.032110
0.033793
0.033596
0.033925
0.033291
0.034277
0.034630
0.033320
0.034146
0.033920
0.034925
0.033793
0.034857
0.033466
0.033086
0.034001
0.033824
0.033065
0.034015
0.034309
0.032179
0.032795
0.032866
0.032329
0.032119
0.032833
0.032225
0.033049
0.032257
0.032248
0.033096
0.033913
0.032580
0.033514
0.032334
0.032869
0.032171
0.033247
0.032739
0.033670
0.032240
0.031715
0.032858
0.032244
0.034420
0.031656
0.031846
0.032664
0.032271
0.032108
0.034785
0.031636
0.034649
0.031805
0.031778
0.033285
0.031542
0.032334
0.032106
0.031648
0.032450
0.032910
0.032291
0.031374
0.032205
0.032731
0.032804
0.032324
0.033325
0.032134
0.032298
0.032935
0.032129
0.033552
0.031402
0.032633
0.031893
0.033613
0.031452
0.033059
0.033702
0.032451
0.032402
0.031505
0.032314
0.031517
0.031447
0.031566
0.032709
0.031401
0.032284
0.032384
0.032325
0.032139
0.031451
0.031546
0.032739
0.032615
0.031358
0.032091
0.031523
0.031389
0.031412
0.032037
0.031130
0.032280
0.032690
0.034314
0.031534
0.033544
0.032758
0.032005
0.032633
0.032198
0.031581
0.032938
0.031871
0.031478
0.030034
0.032317
0.032745
0.032035
0.032336
0.032157
0.031915
0.032309
0.031515
0.031574
0.031432
0.033031
0.033055
0.031509
0.032116
0.032041
0.031993
0.031701
0.032325
0.033006
0.031859
0.031995
0.032201
0.032246
0.031693
0.033127
0.031308
0.033371
0.038841
0.039033
0.037291
0.035886
0.034129
0.034603
0.034251
0.033029
0.032878
0.033238
0.033152
0.032936
0.032590
0.033016
0.032945
0.035044
0.033050
0.032229
0.032463
0.033112
0.032297
0.033159
0.033691
0.033309
0.032885
0.033289
0.032182
0.032350
0.033359
0.031998
0.033224
0.032375
0.032383
0.032344
0.032174
0.034082
0.033464
0.031975
0.032190
0.032627
0.032456
0.032776
0.032420
0.032967
0.033183
0.033687
0.032133
0.032231
0.032277
0.031949
0.032639
0.032364
0.033752
0.034179
0.032059
0.032914
0.033862
0.033632
0.032930
0.033542
0.032215
0.032938
0.032456
0.034121
0.031862
0.032831
0.032747
0.032582
0.031990
0.032111
0.031756
0.031920
0.032242
0.033290
0.033360
0.032413
0.032687
0.033307
0.032849
0.033094
0.032281
0.032130
0.032432
0.033012
0.032319
0.032510
0.031845
0.032489
0.032669
0.033171
0.032785
0.031939
0.032221
0.032489
0.031964
0.032120
0.032941
0.031764
0.032037
0.032665
0.032253
0.032829
0.033576
0.032546
0.032297
0.031933
0.033818
0.032096
0.032615
0.032012
0.033679
0.032675
0.033197
0.033195
0.032638
0.032113
0.031788
0.032022
0.032848
0.033199
0.033045
0.033181
0.032068
0.032038
0.032397
0.032666
0.032838
0.032829
0.031948
0.032479
0.033071
0.032232
0.033455
0.032861
0.032171
0.032801
0.032493
0.032779
0.032739
0.032035
0.034209
0.034026
0.033161
0.031842
0.032567
0.032606
0.033246
0.031997
0.033278
0.033191
0.032905
0.032916
0.039106
0.037501
0.035593
0.034622
0.032382
0.036048
0.033268
0.033795
0.034602
0.034832
0.032717
0.033496
0.034047
0.033238
0.034496
0.033279
0.033393
0.033357
0.033253
0.033462
0.033176
0.033037
0.033754
0.033322
0.034510
0.034028
0.033225
0.032543
0.033582
0.032678
0.032753
0.032873
0.033668
0.032842
0.032887
0.031966
0.031977
0.033279
0.033720
0.034180
0.033585
0.033641
0.033592
0.034472
0.031889
0.033074
0.031912
0.032756
0.032494
0.033411
0.032857
0.031891
0.032730
0.032618
0.033236
0.033053
0.033990
0.033278
0.032295
0.032459
0.032729
0.032801
0.033416
0.031805
0.032127
0.033174
0.032496
0.031402
0.032586
0.031984
0.033378
0.033229
0.033619
0.031802
0.032925
0.030807
0.033225
0.033376
0.032617
0.031670
0.031822
0.032052
0.032161
0.032163
0.033059
0.033098
0.033020
0.032492
0.032144
0.032999
0.031631
0.031625
0.032175
0.033178
0.032871
0.033063
0.031775
0.033684
0.032234
0.031582
0.031948
0.032167
0.031704
0.031359
0.032022
0.032122
0.031567
0.032993
0.033201
0.032139
0.032418
0.032217
0.032047
0.031654
0.032497
0.033682
0.032028
0.032405
0.032338
0.032262
0.031717
0.032221
0.032202
0.032925
0.032319
0.032339
0.032297
0.031715
0.032155
0.031235
0.032088
0.032435
0.031466
0.031521
0.033523
0.032132
0.031158
0.032273
0.032310
0.032383
0.032194
0.031552
0.032092
0.031320
0.033679
0.032413
0.032794
0.031510
0.033355
0.031562
0.032297
0.031181
0.038046
0.040929
0.038095
0.035770
0.036020
0.036343
0.036064
0.034702
0.033400
0.033739
0.034350
0.032894
0.032460
0.032752
0.033124
0.033405
0.034269
0.032917
0.033809
0.033076
0.032515
0.033711
0.033090
0.033461
0.032592
0.033012
0.032467
0.032944
0.032344
0.032730
0.032557
0.031751
0.031758
0.031528
0.031421
0.032454
0.032663
0.031833
0.034252
0.031635
0.033732
0.031817
0.031701
0.031749
0.031928
0.033430
0.031938
0.032026
0.033325
0.032435
0.032598
0.032061
0.033496
0.032923
0.031758
0.032505
0.032730
0.034601
0.033328
0.033132
0.034087
0.032742
0.033127
0.033583
0.032674
0.032169
0.032632
0.031053
0.033031
0.033482
0.031331
0.032237
0.033169
0.031218
0.031107
0.033269
0.032407
0.032124
0.033732
0.031459
0.032147
0.032773
0.031450
0.031965
0.032614
0.032438
0.031538
0.032764
0.032458
0.034937
0.032765
0.030684
0.032856
0.031305
0.032813
0.032176
0.032874
0.032767
0.033527
0.029606
0.032205
0.032864
0.031022
0.032406
0.033594
0.032070
0.034358
0.032118
0.031833
0.031502
0.033397
0.032304
0.032866
0.034068
0.032415
0.031560
0.032364
0.032181
0.033123
0.032360
0.032222
0.034131
0.031945
0.032730
0.032303
0.033339
0.031796
0.033632
0.033574
0.032041
0.031865
0.032957
0.032706
0.032656
0.031623
0.032502
0.032860
0.033421
0.031620
0.033994
0.031662
0.031908
0.031492
0.031625
0.032113
0.032229
0.033781
0.033133
0.033014
0.031652
0.031754
0.032535
0.033483
0.039117
0.037481
0.037021
0.035250
0.036571
0.035523
0.035837
0.034024
0.033583
0.033628
0.035024
0.033570
0.033171
0.033741
0.032855
0.032692
0.033055
0.032696
0.033936
0.034491
0.033509
0.033385
0.033873
0.032609
0.033600
0.033995
0.034061
0.034226
0.033377
0.032767
0.035007
0.032484
0.033649
0.032843
0.033831
0.032911
0.032061
0.031867
0.031484
0.033472
0.032865
0.032576
0.032623
0.032956
0.033254
0.032019
0.032427
0.032034
0.031258
0.032306
0.032107
0.032241
0.031512
0.031632
0.032231
0.032821
0.031176
0.031535
0.033626
0.032887
0.032734
0.033202
0.032102
0.031932
0.033204
0.033192
0.032732
0.032483
0.031493
0.033223
0.032587
0.031686
0.031700
0.033124
0.033417
0.033190
0.032531
0.032673
0.034366
0.034416
0.033885
0.033338
0.034084
0.032661
0.033106
0.032218
0.032240
0.032787
0.033670
0.033141
0.032168
0.033400
0.033933
0.032037
0.034003
0.033501
0.031827
0.031920
0.032769
0.032410
0.032015
0.031781
0.031866
0.032923
0.032383
0.032031
0.032547
0.032397
0.033293
0.032598
0.032423
0.031950
0.032334
0.032048
0.032457
0.033314
0.033042
0.032030
0.033920
0.033626
0.032865
0.033187
0.032690
0.032005
0.032670
0.032074
0.033814
0.031824
0.032671
0.032465
0.033459
0.033043
0.032078
0.032653
0.033414
0.033283
0.033262
0.031863
0.033675
0.033879
0.032624
0.033590
0.033738
0.032252
0.032677
0.032316
0.032879
0.033397
0.032521
0.031827
0.031836
0.037971
0.038433
0.036513
0.036507
0.034341
0.039182
0.034189
0.033894
0.033859
0.033198
0.034579
0.033654
0.032790
0.034001
0.034336
0.032720
0.032257
0.033405
0.032911
0.033798
0.032877
0.032884
0.033882
0.033061
0.033437
0.033783
0.034145
0.033516
0.032902
0.034104
0.032845
0.033582
0.033554
0.033591
0.034186
0.034150
0.033847
0.034780
0.033391
0.033182
0.032490
0.032998
0.033405
0.032795
0.033648
0.034243
0.033486
0.033596
0.033728
0.033909
0.034193
0.034277
0.033386
0.033527
0.032711
0.032841
0.030782
0.032547
0.032812
0.033069
0.032175
0.033734
0.033229
0.032270
0.032702
0.033074
0.032207
0.032608
0.033559
0.034078
0.032536
0.032990
0.032348
0.032885
0.031800
0.032257
0.032697
0.033234
0.032678
0.033535
0.033777
0.033245
0.032329
0.033340
0.034926
0.034425
0.032934
0.033609
0.032894
0.033269
0.033106
0.033235
0.032549
0.032113
0.032752
0.032101
0.032057
0.032457
0.032950
0.032494
0.032503
0.032979
0.032964
0.033953
0.032520
0.033487
0.032147
0.032238
0.032224
0.032147
0.033421
0.032767
0.033790
0.035350
0.032527
0.033345
0.032925
0.031039
0.034320
0.032241
0.034018
0.032790
0.033197
0.032513
0.032959
0.035052
0.033134
0.033119
0.033185
0.034442
0.033268
0.033488
0.032575
0.036943
0.040799
0.042449
0.041685
0.038435
0.041155
0.036939
0.036946
0.039014
0.040541
0.035704
0.036310
0.035356
0.032606
0.033681
0.041638
0.039889
0.040032
0.038442
0.037459
0.039354
0.037079
0.034519
0.033908
0.033932
0.032769
0.036311
0.039364
0.035184
0.034182
0.033543
0.033072
0.033357
0.038991
0.038228
0.036893
0.034252
0.033920
0.033760
0.034482
0.037409
0.037466
0.034882
0.035142
0.034978
0.034500
0.034680
0.039671
0.037642
0.035602
0.032832
0.032826
0.034764
0.037258
0.037303
0.035705
0.035216
0.033307
0.032799
0.033157
0.036755
0.040103
0.034878
0.035448
0.034509
0.034368
0.032946
0.040188
0.036511
0.034527
0.034150
0.033762
0.033578
0.033156
0.039785
0.038513
0.036419
0.036174
0.035749
0.034857
0.038101
0.037726
0.036313
0.034345
0.034942
0.033161
0.033706
0.035016
0.041510
0.036027
0.034363
0.035449
0.033871
0.033744
0.032415
0.032665
0.033118
0.032934
0.032825
0.034344
0.034039
0.032324
0.032786
0.032697
0.033223
0.034261
0.032291
0.032667
0.032767
0.033565
0.032646
0.032104
0.033267
0.032014
0.032867
0.032535
0.032563
0.032812
0.032434
0.033724
0.032375
0.034281
0.033191
0.032797
0.033417
0.032859
0.033600
0.033193
0.032297
0.032662
0.032239
0.033201
0.032115
0.033044
0.032709
0.034367
0.032985
0.032309
0.032092
0.032197
0.032883
0.032369
0.032460
0.032525
0.032592
0.033330
0.032608
0.032970
0.032596
0.032295
0.032876
0.034251
0.032300
0.032825
0.030758
0.032302
0.034131
0.034148
0.033542
0.031045
0.039164
0.036501
0.035384
0.035595
0.033919
0.034647
0.033874
0.033081
0.033544
0.033795
0.033930
0.032829
0.034016
0.031520
0.032461
0.033355
0.033344
0.034371
0.032394
0.032507
0.032122
0.032796
0.031643
0.032605
0.033537
0.032191
0.032611
0.031565
0.031033
0.032111
0.032289
0.031643
0.032537
0.032117
0.032694
0.031989
0.031889
0.034164
0.031198
0.033187
0.033633
0.031446
0.033124
0.032441
0.032773
0.031469
0.032161
0.032771
0.031495
0.032193
0.032963
0.031281
0.033311
0.032998
0.031597
0.031321
0.032886
0.031679
0.032210
0.031401
0.032908
0.029938
0.032482
0.032800
0.032087
0.032514
0.030280
0.033276
0.032312
0.032907
0.031323
0.031423
0.032743
0.033147
0.031629
0.031525
0.032182
0.031251
0.031630
0.031651
0.032257
0.032377
0.031468
0.031602
0.033048
0.032455
0.032945
0.032692
0.032432
0.031750
0.032578
0.033427
0.031421
0.032055
0.031544
0.032021
0.032100
0.032010
0.032313
0.030141
0.032870
0.032980
0.031312
0.033074
0.031201
0.032132
0.032202
0.032863
0.031899
0.031496
0.033481
0.033152
0.032778
0.031429
0.031349
0.033186
0.031603
0.032071
0.033290
0.032412
0.031831
0.032853
0.034054
0.032319
0.032219
0.031348
0.031871
0.033125
0.032838
0.031544
0.032060
0.032213
0.032057
0.033087
0.031520
0.031424
0.031388
0.031928
0.032172
0.031354
0.032172
0.031636
0.032462
0.031584
0.032013
0.031555
0.034531
0.032171
0.031454
0.033326
0.033534
0.032274
0.032194
0.032116
0.037727
0.037198
0.033560
0.036498
0.033477
0.036977
0.035316
0.033734
0.033740
0.034026
0.034689
0.033899
0.033810
0.033610
0.033892
0.033442
0.033876
0.033373
0.033529
0.033660
0.033700
0.033809
0.033972
0.033918
0.033010
0.033561
0.032721
0.032908
0.034389
0.033907
0.033980
0.034174
0.034125
0.032587
0.033637
0.031960
0.031942
0.034217
0.032135
0.033944
0.032744
0.033728
0.033361
0.033484
0.032017
0.032637
0.034440
0.032967
0.033194
0.034528
0.032796
0.032149
0.033105
0.032665
0.031722
0.032610
0.031923
0.032401
0.032587
0.031912
0.033246
0.032851
0.032674
0.032189
0.031958
0.032250
0.033381
0.033234
0.032823
0.032816
0.032703
0.032603
0.032702
0.033175
0.032678
0.032571
0.032645
0.032664
0.033304
0.031793
0.033347
0.032483
