0.006887
0.004483
0.004447
0.004441
0.004460
0.004472
0.004424
0.004460
0.004422
0.004416
0.004411
0.004416
0.004410
0.004419
0.004405
0.004405
0.004407
0.004407
0.004407
0.004408
0.004410
0.004341
0.004330
0.004347
0.004333
0.004340
0.004345
0.004343
0.004339
0.004340
0.004342
0.004334
0.004344
0.004342
0.004343
0.004347
0.004341
0.004343
0.004338
0.004345
0.004346
0.004337
0.004340
0.004341
0.004342
0.004338
0.004341
0.004435
0.004347
0.004407
0.004349
0.004345
0.004333
0.004347
0.004341
0.004341
0.004344
0.004339
0.004345
0.004341
0.004338
0.004343
0.004345
0.004340
0.004344
0.004336
0.004337
0.004337
0.004337
0.004340
0.004336
0.004336
0.004339
0.004346
0.004341
0.004346
0.004338
0.004340
0.004342
0.004345
0.004338
0.004346
0.004344
0.004339
0.004337
0.004335
0.004342
0.004336
0.004343
0.004342
0.004334
0.004332
0.004340
0.004341
0.004336
0.004340
0.004341
0.004341
0.004336
0.004410
0.004342
0.004410
0.004340
0.004404
0.004415
0.004341
0.004395
0.004343
0.004337
0.004336
0.004338
0.004345
0.004337
0.004338
0.004341
0.004349
0.004339
0.004338
0.004341
0.004339
0.004418
0.004344
0.004340
0.004341
0.004342
0.004340
0.004339
0.004342
0.004341
0.004347
0.004344
0.004343
0.004343
0.004336
0.004344
0.004366
0.004353
0.004351
0.004357
0.004345
0.004348
0.004342
0.004343
0.004340
0.004335
0.004339
0.004334
0.004346
0.004340
0.004345
0.004346
0.004342
0.004348
0.004338
0.004342
0.004338
0.004340
0.004346
0.004338
0.004340
0.004426
0.004349
0.004343
0.004343
0.004340
0.004343
0.004341
0.004342
0.004336
0.004335
0.004349
0.004343
0.004343
0.004341
0.004335
0.004345
0.004337
0.004442
0.004342
0.004337
0.004341
0.004336
0.004345
0.004418
0.004348
0.004340
0.004392
0.004370
0.004342
0.004344
0.004339
0.004341
0.004335
0.004338
0.004343
0.004342
0.004337
0.004341
0.004338
0.004338
0.004340
0.004345
0.004345
0.004337
0.004339
0.004337
0.004339
0.004341
0.004344
0.004346
0.004342
0.004339
0.004342
0.004340
0.004341
0.004339
0.004445
0.004370
0.004338
0.004346
0.004334
0.004336
0.004340
0.004358
0.004342
0.004337
0.004343
0.004342
0.004341
0.004336
0.004338
0.004340
0.004333
0.004338
0.004348
0.004338
0.004335
0.004338
0.004337
0.004337
0.004337
0.004341
0.004340
0.004343
0.004337
0.004339
0.004340
0.004337
0.004336
0.004343
0.004334
0.004340
0.004341
0.004349
0.004337
0.004339
0.004339
0.004340
0.004345
0.004340
0.004350
0.004343
0.004336
0.004336
0.004342
0.004340
0.004341
0.004390
0.004364
0.004339
0.004332
0.004339
0.004346
0.004432
0.004343
0.004347
0.004346
0.004342
0.004344
0.004342
0.004346
0.004348
0.004342
0.004333
0.004335
0.004335
0.004342
0.004334
0.004348
0.004337
0.004336
0.004337
0.004346
0.004339
0.004334
0.004337
0.004334
0.004374
0.004340
0.004342
0.004342
0.004334
0.004338
0.004336
0.004340
0.004343
0.004349
0.004340
0.004342
0.004335
0.004340
0.004339
0.004335
0.004339
0.004338
0.004340
0.004338
0.004335
0.004341
0.004337
0.004343
0.004345
0.004341
0.004341
0.004338
0.004342
0.004344
0.004344
0.004345
0.004408
0.004361
0.004343
0.004343
0.004337
0.004344
0.004347
0.004343
0.004338
0.004338
0.004339
0.004344
0.004344
0.004338
0.004344
0.004340
0.004339
0.004343
0.004336
0.004387
0.004373
0.004419
0.004346
0.004395
0.004341
0.004343
0.004344
0.004338
0.004340
0.004343
0.004341
0.004342
0.004345
0.004344
0.004342
0.004340
0.004337
0.004342
0.004341
0.004342
0.004344
0.004425
0.004347
0.004410
0.004399
0.004345
0.004420
0.004337
0.004392
0.004344
0.004336
0.004337
0.004341
0.004342
0.004334
0.004336
0.004334
0.004443
0.004349
0.004336
0.004337
0.004333
0.004346
0.004340
0.004339
0.004338
0.004338
0.004343
0.004339
0.004339
0.004344
0.004336
0.004336
0.004340
0.004344
0.004339
0.004337
0.004337
0.004420
0.004345
0.004335
0.004338
0.004335
0.004343
0.004413
0.004345
0.004343
0.004336
0.004341
0.004338
0.004349
0.004334
0.004341
0.004342
0.004340
0.004346
0.004339
0.004339
0.004337
0.004336
0.004334
0.004341
0.004337
0.004335
0.004345
0.004336
0.004336
0.004337
0.004352
0.004349
0.004346
0.004338
0.004338
0.004432
0.004342
0.004338
0.004337
0.004349
0.004337
0.004341
0.004352
0.004330
0.004342
0.004342
0.004338
0.004335
0.004342
0.004341
0.004410
0.004343
0.004342
0.004337
0.004336
0.004339
0.004340
0.004347
0.004345
0.004339
0.004339
0.004382
0.004915
0.005335
0.004994
0.004774
0.004856
0.004915
0.004634
0.004527
0.004507
0.004504
0.004485
0.004475
0.004506
0.004537
0.004523
0.004546
0.004475
0.004482
0.004796
0.004694
0.004591
0.004611
0.004615
0.004997
0.004712
0.004636
0.004584
0.004560
0.004622
0.004537
0.004562
0.004422
0.004467
0.004366
0.004400
0.004597
0.004431
0.004488
0.004554
0.004566
0.004601
0.004610
0.004537
0.004492
0.004507
0.004526
0.004441
0.004542
0.004547
0.004436
0.004517
0.004340
0.004427
0.004569
0.004490
0.004449
0.004441
0.004470
0.004450
0.004439
0.004422
0.004449
0.004372
0.004376
0.004440
0.004358
0.004441
0.004338
0.004412
0.004346
0.004377
0.004406
0.004337
0.004424
0.004344
0.004409
0.004352
0.004415
0.004341
0.004340
0.004412
0.004338
0.004461
0.004473
0.004460
0.004445
0.004389
0.004361
0.004379
0.004414
0.004343
0.004421
0.004349
0.004424
0.004348
0.004366
0.004399
0.004346
0.004423
0.004342
0.004409
0.004340
0.004393
0.004354
0.004340
0.004419
0.004339
0.004421
0.004342
0.004411
0.004345
0.004489
0.004400
0.004349
0.004410
0.004341
0.004424
0.004345
0.004419
0.004338
0.004339
0.004411
0.004339
0.004416
0.004344
0.004405
0.004346
0.004383
0.004364
0.004368
0.004433
0.004340
0.004417
0.004339
0.004416
0.004424
0.004361
0.004387
0.004381
0.004517
0.004347
0.004487
0.004344
0.004404
0.004343
0.004335
0.004414
0.004346
0.004410
0.004346
0.004394
0.004355
0.004388
0.004374
0.004338
0.004414
0.004337
0.004409
0.004340
0.004445
0.004369
0.004357
0.004394
0.004339
0.004496
0.004343
0.004465
0.004409
0.004412
0.004407
0.004642
0.004428
0.004354
0.004504
0.004427
0.004491
0.004415
0.004453
0.004434
0.004390
0.004412
0.004340
0.004459
0.004342
0.004417
0.004357
0.004340
0.004339
0.004343
0.004347
0.004334
0.004378
0.004343
0.004337
0.004383
0.004387
0.004382
0.004347
0.004344
0.004338
0.004348
0.004340
0.004335
0.004338
0.004344
0.004337
0.004338
0.004340
0.004339
0.004337
0.004335
0.004337
0.004344
0.004340
0.004344
0.004429
0.004336
0.004341
0.004342
0.004340
0.004340
0.004338
0.004344
0.004343
0.004347
0.004340
0.004342
0.004337
0.004347
0.004344
0.004333
0.004342
0.004340
0.004341
0.004344
0.004349
0.004336
0.004339
0.004340
0.004341
0.004348
0.004338
0.004349
0.004338
0.004343
0.004347
0.004344
0.004342
0.004339
0.004343
0.004345
0.004476
0.004338
0.004395
0.004347
0.004339
0.004336
0.004346
0.004381
0.004338
0.004335
0.004341
0.004333
0.004338
0.004330
0.004416
0.004344
0.004340
0.004343
0.004340
0.004333
0.004342
0.004337
0.004334
0.004343
0.004335
0.004334
0.004340
0.004332
0.004339
0.004366
0.004340
0.004337
0.004439
0.004388
0.004400
0.004355
0.004425
0.004342
0.004338
0.004342
0.004350
0.004337
0.004342
0.004339
0.004379
0.004341
0.004343
0.004343
0.004337
0.004343
0.004338
0.004342
0.004502
0.004453
0.004345
0.004414
0.004430
0.004399
0.004373
0.004369
0.004396
0.004336
0.004455
0.004339
0.004415
0.004345
0.004364
0.004391
0.004343
0.004414
0.004338
0.004416
0.004337
0.004394
0.004365
0.004385
0.004388
0.004342
0.004421
0.004335
0.004413
0.004342
0.004366
0.004392
0.004373
0.004407
0.004337
0.004409
0.004340
0.004399
0.004359
0.004338
0.004421
0.004340
0.004432
0.004336
0.004426
0.004341
0.004383
0.004389
0.004362
0.004401
0.004344
0.004435
0.004343
0.004410
0.004349
0.004398
0.004428
0.004341
0.004427
0.004341
0.004493
0.004353
0.004404
0.004377
0.004342
0.004415
0.004339
0.004417
0.004338
0.004414
0.004350
0.004367
0.004402
0.004336
0.004417
0.004340
0.004428
0.004348
0.004457
0.004351
0.004344
0.004422
0.004336
0.004422
0.004345
0.004414
0.004342
0.004375
0.004381
0.004365
0.004445
0.004340
0.004416
0.004348
0.004412
0.004340
0.004456
0.004408
0.004342
0.004422
0.004349
0.004469
0.004354
0.004395
0.004364
0.004342
0.004423
0.004345
0.004421
0.004340
0.004421
0.004342
0.004368
0.004387
0.004344
0.004425
0.004431
0.004423
0.004344
0.004426
0.004348
0.004396
0.004418
0.004347
0.004447
0.004341
0.004413
0.004349
0.004344
0.004431
0.004341
0.004423
0.004344
0.004417
0.004343
0.004380
0.004374
0.004364
0.004395
0.004341
0.004421
0.004345
0.004417
0.004436
0.004370
0.004404
0.004346
0.004426
0.004340
0.004415
0.004336
0.004402
0.004369
0.004337
0.004418
0.004337
0.004424
0.004349
0.004425
0.004347
0.004374
0.004386
0.004332
0.004418
0.004342
0.004421
0.004339
0.004416
0.004345
0.004394
0.004412
0.004342
0.004512
0.004344
0.004415
0.004340
0.004389
0.004446
0.004341
0.004419
0.004337
0.004431
0.004340
0.004412
0.004349
0.004362
0.004399
0.004336
0.004415
0.004407
0.004436
0.004338
0.004348
0.004343
0.004350
0.004341
0.004341
0.004341
0.004348
0.004335
0.004338
0.004347
0.004341
0.004357
0.004346
0.004338
0.004341
0.004344
0.004342
0.004342
0.004349
0.004347
0.004339
0.004335
0.004346
0.004344
0.004346
0.004341
0.004350
0.004347
0.004356
0.004336
0.004347
0.004345
0.004341
0.004355
0.004343
0.004349
0.004376
0.004397
0.004343
0.004345
0.004343
0.004341
0.004347
0.004348
0.004347
0.004352
0.004342
0.004352
0.004342
0.004344
0.004340
0.004340
0.004345
0.004342
0.004337
0.004339
0.004337
0.004341
0.004340
0.004340
0.004341
0.004342
0.004340
0.004349
0.004340
0.004338
0.004337
0.004338
0.004340
0.004347
0.004363
0.004341
0.004341
0.004342
0.004346
0.004343
0.004341
0.004338
0.004340
0.004336
0.004334
0.004336
0.004339
0.004343
0.004342
0.004337
0.004337
0.004340
0.004348
0.004332
0.004341
0.004337
0.004337
0.004466
0.004342
0.004347
0.004344
0.004345
0.004339
0.004349
0.004348
0.004340
0.004340
0.004337
0.004343
0.004338
0.004338
0.004347
0.004346
0.004347
0.004341
0.004342
0.004336
0.004353
0.004343
0.004341
0.004344
0.004339
0.004343
0.004340
0.004340
0.004341
0.004341
0.004338
0.004340
0.004342
0.004342
0.004340
0.004339
0.004351
0.004349
0.004345
0.004346
0.004421
0.004418
0.004344
0.004351
0.004347
0.004346
0.004341
0.004338
0.004342
0.004346
0.004345
0.004410
0.004344
0.004346
0.004344
0.004355
0.004400
0.004414
0.004346
0.004372
0.004340
0.004346
0.004347
0.004341
0.004345
0.004346
0.004423
0.004347
0.004345
0.004346
0.004348
0.004343
0.004343
0.004342
0.004345
0.004339
0.004345
0.004336
0.004340
0.004336
0.004334
0.004337
0.004343
0.004343
0.004339
0.004347
0.004340
0.004339
0.004341
0.004412
0.004335
0.004341
0.004350
0.004345
0.004344
0.004342
0.004329
0.004342
0.004343
0.004339
0.004340
0.004344
0.004337
0.004340
0.004335
0.004344
0.004342
0.004337
0.004341
0.004345
0.004392
0.004341
0.004345
0.004425
0.004341
0.004339
0.004343
0.004344
0.004335
0.004337
0.004346
0.004345
0.004343
0.004341
0.004354
0.004349
0.004342
0.004341
0.004340
0.004349
0.004339
0.004343
0.004345
0.004345
0.004338
0.004337
0.004348
0.004338
0.004345
0.004343
0.004346
0.004337
0.004346
0.004341
0.004344
0.004338
0.004337
0.004344
0.004342
0.004335
0.004344
0.004338
0.004343
0.004330
0.004348
0.004339
0.004337
0.004335
0.004341
0.004344
0.004337
0.004360
0.004340
0.004340
0.004343
0.004338
0.004344
0.004347
0.004348
0.004422
0.004358
0.004338
0.004351
0.004340
0.004335
0.004344
0.004348
0.004343
0.004344
0.004336
0.004336
0.004339
0.004336
0.004337
0.004344
0.004334
0.004339
0.004338
0.004349
0.004347
0.004346
0.004342
0.004340
0.004341
0.004338
0.004340
0.004339
0.004341
0.004347
0.004339
0.004347
0.004345
0.004342
0.004341
0.004344
0.004342
0.004357
0.004343
0.004342
0.004340
0.004345
0.004339
0.004345
0.004343
0.004337
0.004342
0.004334
0.004338
0.004341
0.004340
0.004346
0.004339
0.004333
0.004337
0.004338
0.004342
0.004426
0.004345
0.004336
0.004345
0.004341
0.004335
0.004345
0.004344
0.004342
0.004342
0.004340
0.004340
0.004336
0.004345
0.004340
0.004339
0.004339
0.004336
0.004342
0.004336
0.004336
0.004335
0.004340
0.004342
0.004349
0.004341
0.004341
0.004339
0.004341
0.004343
0.004338
0.004336
0.004342
0.004336
0.004346
0.004355
0.004353
0.004338
0.004336
0.004335
0.004341
0.004348
0.004341
0.004346
0.004413
0.004353
0.004350
0.004347
0.004338
0.004345
0.004345
0.004344
0.004340
0.004338
0.004345
0.004344
0.004460
0.004355
0.004344
0.004389
0.004529
0.004360
0.004347
0.004346
0.004353
0.004345
0.004339
0.004347
0.004345
0.004334
0.004336
0.004339
0.004335
0.004345
0.004340
0.004338
0.004333
0.004343
0.004341
0.004345
0.004337
0.004337
0.004344
0.004343
0.004338
0.004341
0.004341
0.004343
0.004339
0.004341
0.004339
0.004344
0.004340
0.004340
0.004347
0.004409
0.004342
0.004340
0.004340
0.004342
0.004342
0.004342
0.004348
0.004335
0.004338
0.004342
0.004340
0.004341
0.004340
0.004340
0.004341
0.004339
0.004339
0.004440
0.004345
0.004338
0.004336
0.004344
0.004338
0.004338
0.004344
0.004341
0.004341
0.004335
0.004343
0.004389
0.004340
0.004354
0.004339
0.004347
0.004409
0.004335
0.004343
0.004343
0.004341
0.004335
0.004344
0.004342
0.004337
0.004338
0.004340
0.004340
0.004360
0.004341
0.004340
0.004406
0.004390
0.004381
0.004378
0.004343
0.004344
0.004342
0.004340
0.004344
0.004339
0.004349
0.004344
0.004338
0.004342
0.004333
0.004339
0.004349
0.004341
0.004364
0.004350
0.004344
0.004342
0.004337
0.004335
0.004480
0.004344
0.004393
0.004353
0.004337
0.004344
0.004339
0.004341
0.004337
0.004342
0.004338
0.004337
0.004341
0.004339
0.004340
0.004342
0.004344
0.004343
0.004341
0.004342
0.004337
0.004347
0.004340
0.004340
0.004345
0.004345
0.004342
0.004336
0.004343
0.004335
0.004336
0.004332
0.004337
0.004342
0.004338
0.004338
0.004339
0.004342
0.004336
0.004344
0.004341
0.004336
0.004344
0.004349
0.004340
0.004336
0.004366
0.004342
0.004341
0.004340
0.004334
0.004337
0.004335
0.004342
0.004339
0.004336
0.004365
0.004405
0.004339
0.004344
0.004342
0.004336
0.004338
0.004344
0.004338
0.004346
0.004343
0.004345
0.004339
0.004338
0.004342
0.004338
0.004340
0.004336
0.004343
0.004345
0.004345
0.004336
0.004340
0.004338
0.004341
0.004343
0.004336
0.004348
0.004337
0.004343
0.004344
0.004340
0.004344
0.004349
0.004350
0.004346
0.004338
0.004342
0.004342
0.004345
0.004334
0.004349
0.004339
0.004344
0.004337
0.004340
0.004344
0.004337
0.004337
0.004511
0.004422
0.004339
0.004338
0.004348
0.004343
0.004346
0.004338
0.004487
0.004345
0.004342
0.004345
0.004344
0.004344
0.004387
0.004406
0.004340
0.004344
0.004336
0.004344
0.004343
0.004343
0.004383
0.004341
0.004331
0.004334
0.004412
0.004338
0.004337
0.004341
0.004342
0.004344
0.004342
0.004346
0.004349
0.004349
0.004336
0.004338
0.004337
0.004342
0.004339
0.004341
0.004346
0.004338
0.004341
0.004335
0.004340
0.004344
0.004338
0.004337
0.004346
0.004336
0.004343
0.004403
0.004344
0.004499
0.005074
0.005216
0.004958
0.004721
0.004652
0.005018
0.004755
0.004650
0.004587
0.004533
0.004647
0.004575
0.004603
0.004611
0.004497
0.004611
0.004603
0.004663
0.004721
0.004826
0.004727
0.004441
0.004408
0.004479
0.004416
0.004345
0.004539
0.004466
0.004422
0.004430
0.004431
0.004365
0.004359
0.004363
0.004354
0.004343
0.004346
0.004445
0.004528
0.004449
0.004514
0.004478
0.004368
0.004493
0.004547
0.004465
0.004444
0.004421
0.004411
0.004338
0.004339
0.004388
0.004434
0.004433
0.004342
0.004410
0.004345
0.004406
0.004420
0.004421
0.004421
0.004409
0.004583
0.004442
0.004521
0.004462
0.004437
0.004403
0.004472
0.004390
0.004340
0.004467
0.004341
0.004490
0.004343
0.004414
0.004354
0.004396
0.004419
0.004347
0.004469
0.004392
0.004445
0.004440
0.004396
0.004419
0.004380
0.004432
0.004431
0.004483
0.004352
0.004405
0.004350
0.004418
0.004367
0.004353
0.004437
0.004341
0.004337
0.004345
0.004340
0.004344
0.004360
0.004351
0.004341
0.004352
0.004340
0.004351
0.004347
0.004343
0.004342
0.004343
0.004345
0.004346
0.004338
0.004335
0.004342
0.004346
0.004461
0.004353
0.004338
0.004339
0.004350
0.004341
0.004346
0.004345
0.004350
0.004342
0.004346
0.004344
0.004342
0.004344
0.004334
0.004345
0.004338
0.004337
0.004344
0.004339
0.004336
0.004339
0.004343
0.004338
0.004337
0.004335
0.004337
0.004342
0.004341
0.004340
0.004346
0.004341
0.004342
0.004344
0.004340
0.004334
0.004342
0.004347
0.004343
0.004341
0.004340
0.004343
0.004344
0.004346
0.004342
0.004340
0.004338
0.004348
0.004346
0.004342
0.004349
0.004334
0.004346
0.004424
0.004345
0.004343
0.004385
0.004432
0.004344
0.004411
0.004341
0.004339
0.004339
0.004448
0.004339
0.004340
0.004342
0.004343
0.004342
0.004339
0.004341
0.004340
0.004340
0.004343
0.004343
0.004348
0.004335
0.004345
0.004339
0.004428
0.004354
0.004341
0.004345
0.004334
0.004339
0.004335
0.004344
0.004341
0.004337
0.004335
0.004344
0.004347
0.004340
0.004336
0.004334
0.004336
0.004336
0.004339
0.004341
0.004339
0.004340
0.004336
0.004343
0.004343
0.004339
0.004354
0.004342
0.004347
0.004424
0.004348
0.004338
0.004336
0.004334
0.004457
0.004340
0.004347
0.004351
0.004342
0.004335
0.004348
0.004358
0.004344
0.004334
0.004348
0.004336
0.004342
0.004340
0.004336
0.004342
0.004346
0.004344
0.004343
0.004347
0.004334
0.004337
0.004342
0.004342
0.004342
0.004339
0.004392
0.004345
0.004337
0.004347
0.004346
0.004347
0.004346
0.004346
0.004343
0.004346
0.004351
0.004345
0.004348
0.004342
0.004343
0.004340
0.004345
0.004334
0.004342
0.004340
0.004342
0.004347
0.004352
0.004347
0.004335
0.004347
0.004346
0.004342
0.004347
0.004341
0.004377
0.004399
0.004342
0.004345
0.004345
0.004346
0.004344
0.004339
0.004340
0.004346
0.004337
0.004346
0.004338
0.004345
0.004346
0.004335
0.004343
0.004457
0.004485
0.004346
0.004342
0.004339
0.004338
0.004335
0.004341
0.004344
0.004341
0.004345
0.004336
0.004428
0.004353
0.004344
0.004345
0.004346
0.004343
0.004336
0.004348
0.004336
0.004339
0.004349
0.004343
0.004337
0.004346
0.004338
0.004345
0.004340
0.004346
0.004339
0.004340
0.004340
0.004341
0.004340
0.004337
0.004338
0.004342
0.004354
0.004333
0.004430
0.004347
0.004340
0.004356
0.004337
0.004343
0.004338
0.004337
0.004412
0.004341
0.004342
0.004336
0.004344
0.004340
0.004339
0.004337
0.004336
0.004335
0.004338
0.004346
0.004335
0.004336
0.004330
0.004341
0.004334
0.004339
0.004338
0.004338
0.004337
0.004332
0.004339
0.004336
0.004341
0.004346
0.004342
0.004336
0.004338
0.004339
0.004336
0.004343
0.004337
0.004338
0.004341
