0.126583
0.107146
0.107039
0.106834
0.106928
0.106854
0.106867
0.107117
0.106839
0.106941
0.106922
0.106969
0.106801
0.106837
0.106913
0.108078
0.106970
0.106839
0.106954
0.106820
0.106850
0.106901
0.107053
0.106961
0.106810
0.108132
0.106804
0.106933
0.106829
0.106836
0.106809
0.106743
0.106942
0.112382
0.109774
0.107282
0.107445
0.107120
0.107156
0.107440
0.107054
0.106980
0.106858
0.108201
0.107147
0.107281
0.106982
0.106866
0.106991
0.106900
0.106968
0.106786
0.106953
0.108380
0.106837
0.106967
0.106770
0.106903
0.106891
0.106822
0.106908
0.106838
0.108380
0.106876
0.106907
0.106789
0.106933
0.107044
0.106907
0.106813
0.106718
0.106853
0.108098
0.106843
0.106957
0.106820
0.106737
0.106819
0.106848
0.106798
0.115003
0.113517
0.111737
0.111692
0.111398
0.111401
0.111667
0.110544
0.106922
0.107021
0.108123
0.107046
0.107146
0.106944
0.106886
0.106932
0.107234
0.106789
0.106885
0.106878
0.108215
0.106852
0.106916
0.107040
0.107332
0.107078
0.106858
0.106905
0.106828
0.108195
0.106863
0.106935
0.106884
0.106810
0.106943
0.106815
0.106844
0.106748
0.108205
0.106993
0.106859
0.106910
0.106835
0.107039
0.106826
0.106866
0.113070
0.108548
0.108699
0.107477
0.107357
0.107084
0.107415
0.107190
0.107009
0.107048
0.106933
0.108252
0.107206
0.107176
0.107034
0.107145
0.106895
0.106917
0.107131
0.107064
0.108121
0.106866
0.107002
0.106841
0.106840
0.106890
0.106735
0.106864
0.106796
0.107162
0.108270
0.106946
0.106885
0.106739
0.106892
0.106851
0.106937
0.106858
0.106948
0.109169
0.107117
0.106939
0.106832
0.107035
0.106851
0.106876
0.107961
0.113491
0.112216
0.112824
0.111393
0.111272
0.111472
0.111881
0.110003
0.106999
0.107068
0.106905
0.108485
0.107112
0.106881
0.107027
0.106835
0.106901
0.106873
0.106981
0.107020
0.108281
0.107011
0.106883
0.106877
0.106901
0.106937
0.107110
0.106911
0.106855
0.106741
0.108163
0.106893
0.106880
0.106765
0.106982
0.106792
0.106870
0.106941
0.106870
0.108156
0.106847
0.106926
0.106876
0.106851
0.106916
0.106826
0.112977
0.111870
0.112914
0.111656
0.111593
0.111039
0.111289
0.111272
0.108009
0.107027
0.106884
0.108305
0.108824
0.107119
0.106943
0.107017
0.107129
0.106822
0.106994
0.106969
0.106932
0.108027
0.106962
0.106766
0.106814
0.106894
0.106789
0.106930
0.106960
0.106953
0.108063
0.106899
0.106890
0.106740
0.106891
0.106765
0.106964
0.106797
0.106971
0.106836
0.108013
0.106913
0.106791
0.106972
0.106776
0.106843
0.110911
0.112850
0.112055
0.112664
0.111390
0.111247
0.111395
0.111431
0.109668
0.106918
0.106902
0.107195
0.108383
0.107176
0.106901
0.107152
0.106800
0.107004
0.106867
0.106844
0.106985
0.106886
0.108213
0.106834
0.106912
0.106894
0.106841
0.106981
0.106854
0.106923
0.106858
0.108260
0.106920
0.106861
0.106859
0.107021
0.107179
0.106804
0.107039
0.106976
0.108090
0.106868
0.106893
0.106820
0.106927
0.106889
0.108208
0.112921
0.109615
0.108714
0.109516
0.107147
0.107279
0.107275
0.107272
0.107098
0.107252
0.107133
0.107189
0.108508
0.106992
0.106905
0.106901
0.106983
0.106848
0.107176
0.107149
0.106992
0.107220
0.108124
0.106979
0.106937
0.106992
0.106891
0.106925
0.106999
0.107106
0.107018
0.108116
0.106964
0.106985
0.107015
0.106835
0.106787
0.106885
0.106858
0.106942
0.108092
0.106940
0.106832
0.106914
0.106827
0.106766
0.111810
0.110242
0.108121
0.107308
0.108542
0.107158
0.107376
0.107746
0.106873
0.107012
0.106860
0.107026
0.107217
0.108461
0.106904
0.106917
0.107191
0.107139
0.106945
0.106833
0.107135
0.107010
0.108123
0.107025
0.107358
0.107399
0.107023
0.107006
0.106951
0.107296
0.107022
0.106863
0.108192
0.106871
0.106972
0.106819
0.106982
0.106850
0.106792
0.107094
0.106797
0.108186
0.106891
0.106896
0.106966
0.106897
0.106803
0.114615
0.111971
0.111652
0.112670
0.111391
0.108125
0.106984
0.107089
0.107265
0.107411
0.107535
0.107267
0.107332
0.108210
0.107266
0.107087
0.106917
0.107373
0.106968
0.107087
0.106977
0.107050
0.108037
0.106946
0.106875
0.106937
0.106886
0.106846
0.107206
0.106912
0.106916
0.106878
0.108003
0.106970
0.106914
0.106890
0.106758
0.106924
0.106850
0.106901
0.106911
0.108058
0.107035
0.106882
0.107028
0.106879
0.111860
0.112764
0.112107
0.111700
0.112752
0.111607
0.111620
0.109389
0.107143
0.107112
0.107197
0.107527
0.107466
0.107125
0.108454
0.107103
0.107225
0.107025
0.107195
0.107188
0.107113
0.107161
0.107088
0.108370
0.107097
0.107340
0.107073
0.107205
0.107104
0.107190
0.107186
0.106991
0.108320
0.107070
0.107094
0.106977
0.107179
0.107175
0.107331
0.107651
0.107046
0.107230
0.108252
0.107002
0.107057
0.106919
0.110172
0.113523
0.112464
0.111802
0.111615
0.112684
0.111525
0.111627
0.111410
0.107869
0.106963
0.107180
0.107113
0.107194
0.108176
0.107081
0.107000
0.106911
0.106901
0.106918
0.107234
0.106934
0.107154
0.107011
0.108289
0.106997
0.106890
0.107001
0.106879
0.107693
0.107143
0.106945
0.106896
0.108141
0.107025
0.107003
0.107054
0.106862
0.106996
0.106988
0.106828
0.107093
0.108078
0.107136
0.106939
0.107012
0.107517
0.113032
0.107965
0.107219
0.107321
0.107025
0.108281
0.107146
0.107249
0.106831
0.106896
0.107074
0.107018
0.107447
0.107099
0.108351
0.107236
0.107183
0.107174
0.107106
0.107312
0.107310
0.107112
0.107108
0.107432
0.108386
0.107326
0.107059
0.107383
0.107165
0.107214
0.107095
0.107150
0.107158
0.108414
0.106973
0.107519
0.107147
0.107126
0.107161
0.107097
0.107089
0.107221
0.108290
0.107126
0.107142
0.106927
0.111075
0.111330
0.110464
0.109081
0.108846
0.108911
0.109966
0.108872
0.108026
0.107290
0.107237
0.107609
0.107247
0.107171
0.106867
0.108052
0.107057
0.106877
0.106971
0.106831
0.107247
0.107051
0.107066
0.107136
0.108344
0.107237
0.107289
0.107295
0.107145
0.107369
0.107114
0.106987
0.107338
0.107073
0.108707
0.107024
0.107100
0.107061
0.107013
0.107145
0.106934
0.107229
0.107033
0.108594
0.107055
0.107011
0.108502
0.113706
0.108798
0.107268
0.107179
0.107008
0.108249
0.107353
0.106941
0.106998
0.106948
0.107233
0.107038
0.107191
0.106933
0.106834
0.108511
0.107251
0.107052
0.106886
0.107000
0.107099
0.106971
0.107057
0.106801
0.108806
0.107169
0.107151
0.106935
0.106884
0.107143
0.106915
0.107058
0.106906
0.107100
0.108206
0.106960
0.106851
0.106838
0.107113
0.106944
0.107034
0.106881
0.106852
0.108187
0.107023
0.106878
0.110724
0.112453
0.112654
0.112368
0.112112
0.112170
0.113157
0.108342
0.108260
0.108286
0.108531
0.108508
0.108495
0.107450
0.107491
0.108582
0.107328
0.107331
0.107079
0.107323
0.107275
0.107099
0.107121
0.107093
0.106905
0.108399
0.106970
0.107235
0.107196
0.107436
0.107182
0.107018
0.107091
0.106936
0.108152
0.107302
0.106975
0.107077
0.106922
0.107210
0.106965
0.107004
0.106967
0.107023
0.108661
0.107000
0.110095
0.112751
0.113131
0.112101
0.111728
0.111595
0.108193
0.108595
0.107209
0.107245
0.107026
0.107637
0.107632
0.107211
0.107230
0.107309
0.108329
0.106898
0.107220
0.106976
0.108307
0.108020
0.107858
0.107950
0.107957
0.109352
0.108131
0.107820
0.107869
0.108054
0.107803
0.107836
0.107965
0.107905
0.108102
0.109157
0.107942
0.107932
0.107938
0.107941
0.107841
0.107921
0.108060
0.107986
0.109150
0.108093
0.109923
0.111646
0.110300
0.108260
0.108397
0.108022
0.107241
0.108282
0.107130
0.107163
0.106977
0.107625
0.107105
0.107369
0.107026
0.107052
0.107148
0.108266
0.107069
0.106914
0.106970
0.106913
0.106985
0.106921
0.106957
0.106863
0.108098
0.107028
0.106877
0.107056
0.107002
0.106958
0.107012
0.106896
0.107010
0.106873
0.108132
0.106792
0.106995
0.106876
0.106841
0.106805
0.106865
0.106823
0.106852
0.108129
0.106864
0.111692
0.110910
0.108785
0.107696
0.107287
0.107321
0.107461
0.108930
0.107045
0.106975
0.106851
0.107015
0.107255
0.106917
0.106959
0.106931
0.106954
0.108204
0.106844
0.106922
0.106891
0.107000
0.106884
0.106965
0.107002
0.106966
0.108106
0.107039
0.106994
0.106925
0.106973
0.106790
0.106875
0.106827
0.106818
0.107094
0.108228
0.106953
0.106808
0.107229
0.106800
0.107100
0.106872
0.106849
0.107088
0.108117
0.108207
0.115000
0.113015
0.111160
0.107131
0.107040
0.106986
0.107266
0.108175
0.107193
0.106921
0.107355
0.106812
0.107076
0.107043
0.106799
0.106918
0.107082
0.108134
0.106843
0.107207
0.107001
0.106837
0.106979
0.106878
0.107405
0.106916
0.108499
0.107112
0.107098
0.107482
0.106871
0.107008
0.106933
0.107109
0.107083
0.108179
0.106884
0.106898
0.106867
0.106880
0.106928
0.106823
0.106859
0.106910
0.106831
0.108166
0.111096
0.110190
0.109202
0.109020
0.107591
0.107097
0.106983
0.107192
0.108199
0.107008
0.106868
0.107028
0.107365
0.107282
0.107113
0.107449
0.107401
0.108711
0.107239
0.107215
0.107687
0.107143
0.107208
0.107011
0.108762
0.107506
0.107531
0.108243
0.106951
0.107380
0.107034
0.107198
0.106843
0.107012
0.106963
0.106893
0.108126
0.106904
0.106846
0.106919
0.106876
0.107030
0.106977
0.106874
0.106979
0.106873
0.109487
0.112616
0.108292
0.107635
0.107373
0.107345
0.107232
0.107176
0.107179
0.108773
0.107684
0.108216
0.107531
0.107272
0.107064
0.107089
0.106987
0.107256
0.108358
0.107050
0.106935
0.107344
0.107211
0.107230
0.107093
0.107144
0.107129
0.106975
0.108455
0.107031
0.107365
0.106982
0.107176
0.107172
0.107001
0.107723
0.107172
0.108348
0.107023
0.107264
0.107236
0.107257
0.107237
0.107044
0.107144
0.107084
0.107100
0.112789
0.113495
0.112532
0.111801
0.111638
0.111624
0.111648
0.109338
0.107001
0.108127
0.106965
0.107245
0.107134
0.107015
0.106925
0.107002
0.106855
0.106877
0.108066
0.106943
0.106990
0.106785
0.107047
0.106855
0.106889
0.106852
0.106950
0.108032
0.106935
0.106946
0.106862
0.106952
0.106803
0.106933
0.106764
0.106799
0.106959
0.108063
0.107017
0.107172
0.106933
0.106831
0.106993
0.106769
0.106849
0.106818
0.110940
0.112201
0.108243
0.107787
0.107368
0.107180
0.107527
0.107033
0.107099
0.106820
0.108221
0.106980
0.107035
0.107118
0.106881
0.107035
0.106813
0.106991
0.106874
0.108191
0.106912
0.106873
0.107048
0.106880
0.106824
0.106849
0.106839
0.106935
0.108050
0.107105
0.107231
0.106943
0.106937
0.106839
0.106725
0.106909
0.106797
0.106937
0.108147
0.106898
0.106887
0.106803
0.106836
0.106815
0.106865
0.106864
0.106737
0.113668
0.112130
0.111769
0.110989
0.107037
0.106925
0.107058
0.107117
0.106801
0.108149
0.106956
0.107305
0.107263
0.107033
0.106888
0.107101
0.106926
0.106850
0.106842
0.108133
0.107154
0.106902
0.107002
0.106953
0.106804
0.106903
0.106950
0.107104
0.108094
0.106914
0.106953
0.106925
0.106894
0.106807
0.107230
0.107088
0.106894
0.106788
0.107993
0.107055
0.106859
0.106899
0.106810
0.106906
0.107032
0.106874
0.108602
0.114946
0.111729
0.111566
0.111577
0.111414
0.111399
0.108870
0.106998
0.106922
0.108222
0.107299
0.106872
0.107211
0.106845
0.106936
0.106958
0.107049
0.106879
0.106915
0.108513
0.106967
0.106953
0.106851
0.106927
0.106939
0.106794
0.106882
0.106855
0.108261
0.106982
0.106886
0.106905
0.106901
0.107058
0.106987
0.106931
0.106783
0.108108
0.107083
0.107090
0.106915
0.106773
0.106892
0.106816
0.106954
0.106840
0.113608
0.110864
0.108622
0.107535
0.107143
0.107419
0.107353
0.107614
0.107203
0.107130
0.108145
0.107253
0.107196
0.106952
0.106963
0.107040
0.107353
0.106922
0.107004
0.106858
0.108294
0.106904
0.106938
0.106913
0.107495
0.107416
0.106950
0.106899
0.106969
0.108126
0.107779
0.107073
0.106950
0.106925
0.107020
0.106876
0.106769
0.106944
0.108088
0.107313
0.106933
0.107046
0.106889
0.106881
0.107030
0.106819
0.109309
0.111253
0.109651
0.107568
0.107716
0.107196
0.107235
0.107153
0.106941
0.107359
0.106992
0.109173
0.107076
0.107163
0.107119
0.106993
0.106971
0.107066
0.107237
0.106916
0.107002
0.108271
0.106955
0.106973
0.106773
0.107130
0.106900
0.106903
0.106784
0.107018
0.108554
0.106814
0.107026
0.106846
0.106913
0.106967
0.106826
0.106857
0.106895
0.108611
0.107299
0.107418
0.106982
0.106932
0.107048
0.107097
0.106896
0.111460
0.108463
0.108618
0.107167
0.107046
0.107118
0.107084
0.107290
0.107052
0.106894
0.106957
0.108279
0.107269
0.106978
0.106919
0.107047
0.106883
0.106937
0.106803
0.106918
0.108517
0.107019
0.106899
0.106807
0.106855
0.106832
0.106856
0.106830
0.106893
0.106795
0.108104
0.106968
0.106792
0.106839
0.106917
0.106975
0.106860
0.107029
0.106865
0.108068
0.106996
0.106844
0.106778
0.106882
0.106980
0.106798
0.107170
0.114028
0.111806
0.112906
0.111513
0.111220
0.111454
0.108661
0.106885
0.107030
0.106966
0.107109
0.108491
0.107040
0.106969
0.106805
0.106884
0.106927
0.106825
0.106899
0.106839
0.108133
0.107021
0.106943
0.106798
0.106841
0.106846
0.106820
0.106991
0.106968
0.106972
0.108063
0.106949
0.106845
0.106719
0.106981
0.106839
0.107021
0.106836
0.106893
0.108052
0.106929
0.106883
0.106828
0.107087
0.106815
0.106915
0.112878
0.109292
0.109579
0.108470
0.111119
0.111269
0.111411
0.108374
0.107080
0.106836
0.106927
0.107085
0.108303
0.107057
0.106813
0.107200
0.106818
0.106957
0.106830
0.106737
0.107018
0.108150
0.107031
0.106803
0.106986
0.106908
0.106859
0.106990
0.106799
0.106941
0.106945
0.108211
0.106867
0.106845
0.106905
0.106942
0.107054
0.106891
0.106922
0.107030
0.108125
0.106939
0.106794
0.106915
0.106877
0.106963
0.108984
0.113698
0.111834
0.112811
0.107172
0.107000
0.107153
0.106991
0.106973
0.106993
0.106938
0.106913
0.107006
0.108341
0.106831
0.106970
0.106935
0.106926
0.106862
0.106881
0.107051
0.106923
0.108254
0.106923
0.106896
0.106882
0.106921
0.106781
0.106826
0.106882
0.107208
0.108139
0.107031
0.106813
0.107077
0.107177
0.106815
0.106826
0.106857
0.106765
0.106961
0.108059
0.106884
0.106792
0.106965
0.106829
0.106961
0.112399
0.109241
0.107520
0.108369
0.107127
0.106938
0.107060
0.107815
0.107064
0.107025
0.106847
0.107144
0.107141
0.108323
0.106950
0.106948
0.107296
0.107175
0.106948
0.106937
0.107443
0.106919
0.108143
0.106982
0.107338
0.107190
0.107073
0.106988
0.106887
0.107080
0.106905
0.108061
0.106990
0.106780
0.106982
0.106880
0.106835
0.106816
0.106769
0.107012
0.106886
0.108283
0.106809
0.106897
0.106949
0.106830
0.107619
0.114344
0.108412
0.107588
0.108508
0.107014
0.106961
0.106966
0.106911
0.107152
0.107091
0.107101
0.107784
0.107293
0.108222
0.106993
0.106936
0.107062
0.107114
0.106944
0.106912
0.106882
0.106905
0.108189
0.106877
0.107126
0.106867
0.106990
0.106879
0.106980
0.106955
0.106892
0.108013
0.106802
0.106938
0.106764
0.107053
0.106830
0.107004
0.106809
0.106881
0.107096
0.108021
0.106959
0.106981
0.106954
0.106742
0.111105
0.110565
0.108354
0.107430
0.108731
0.107357
0.107494
0.107632
0.106899
0.106928
0.106927
0.106908
0.107263
0.108223
0.107133
0.106816
0.107021
0.106843
0.106885
0.106916
0.106826
0.106973
0.106890
0.108239
0.106867
0.106855
0.106993
0.107289
0.107078
0.106840
0.106978
0.106903
0.108253
0.106942
0.106886
0.106855
0.106777
0.106980
0.106890
0.107163
0.106861
0.106930
0.108238
0.106812
0.106817
0.106907
0.106874
0.112729
0.107763
0.107295
0.107125
0.108372
0.106969
0.107339
0.106962
0.107001
0.106898
0.106881
0.107109
0.107002
0.108236
0.106967
0.106977
0.106912
0.106858
0.106904
0.106788
0.107019
0.106749
0.107126
0.108046
0.106932
0.106963
0.106762
0.106865
0.106781
0.107250
0.106976
0.106854
0.108010
0.106886
0.106913
0.106880
0.106765
0.106785
0.106857
0.106915
0.106910
0.106935
0.108098
0.106905
0.106848
0.106867
0.109389
0.110800
0.108164
0.107506
0.107760
0.108401
0.107521
0.107561
0.107325
0.107133
0.107058
0.106908
0.107165
0.107268
0.108124
0.106993
0.106959
0.106891
0.106835
0.106862
0.106914
0.107003
0.106937
0.106882
0.108221
0.106895
0.107006
0.107019
0.106963
0.106959
0.106886
0.106919
0.106867
0.108019
0.106844
0.106805
0.107224
0.106863
0.106917
0.106874
0.106820
0.106884
0.106926
0.108046
0.106929
0.106934
0.106867
0.112745
0.108665
0.107723
0.107041
0.106852
0.108102
0.106891
0.106567
0.106533
0.106437
0.106424
0.106751
0.106487
0.106477
0.107803
0.106419
0.106610
0.106469
0.106433
0.106419
0.106784
0.106562
0.106461
0.106553
0.107591
0.106616
0.106438
0.106409
0.106492
0.106532
0.106614
0.106403
0.106479
0.107603
0.106703
0.106518
0.106458
0.106529
0.106383
0.106521
0.106348
0.106622
0.106417
0.107582
0.106518
0.106349
0.106484
0.113598
0.111603
0.111375
0.111208
0.110998
0.112296
0.110936
0.108614
0.106585
0.106510
0.106564
0.106545
0.106735
0.106427
0.107643
0.106612
0.106630
0.106604
0.106410
0.106495
0.106421
0.106363
0.106547
0.106386
0.108948
0.106831
0.106650
0.106509
0.106456
0.106561
0.106481
0.106594
0.106467
0.107644
0.106561
0.106514
0.106378
0.106379
0.106706
0.106738
0.107608
0.106847
0.106771
0.107960
0.106696
0.106631
0.110387
0.110239
0.109889
0.108015
0.107315
0.107112
0.108326
0.107602
0.106628
0.106719
0.107040
0.106571
0.106738
0.107182
0.106620
0.108011
0.106552
0.106684
0.106603
0.106635
0.106347
0.106533
0.106477
0.106482
0.106383
0.107681
0.106600
0.106453
0.106472
0.106581
0.107529
0.106538
0.106493
0.106430
0.107619
0.106628
0.106432
0.106445
0.106459
0.106310
0.106564
0.106435
0.106565
0.106357
0.107835
0.106595
0.106322
0.112436
0.111834
0.111372
0.110981
0.111154
0.110982
0.112304
0.111085
0.106883
0.106592
0.106441
0.107127
0.106773
0.106577
0.106475
0.107834
0.106679
0.106469
0.106511
0.106409
0.106866
0.106436
0.106587
0.106425
0.106369
0.107757
0.106470
0.106453
0.106366
0.106527
0.106465
0.106439
0.106538
0.106305
0.107798
0.106546
0.106665
0.106391
0.106309
0.106539
0.106322
0.106526
0.106343
0.106378
0.107627
0.106380
0.108286
0.112055
0.108218
0.107264
0.107073
0.106707
0.106820
0.108263
0.106945
0.109146
0.106994
0.106571
0.106630
0.106894
0.106609
0.106637
0.107633
0.106751
0.106743
0.106510
0.106700
0.106545
0.106498
0.106433
0.106393
0.106506
0.107656
0.106503
0.106397
0.106647
0.106444
0.106444
0.106505
0.106420
0.106488
0.107537
0.106584
0.106410
0.106449
0.106453
0.106422
0.106423
0.106363
0.106450
0.106367
0.107644
0.106360
0.110479
0.111730
0.108579
0.107228
0.106919
0.106685
0.106591
0.108017
0.106512
0.106447
0.106671
0.106469
0.107219
0.106691
0.106484
0.106428
0.106446
0.107776
0.106446
0.106520
0.106399
0.106548
0.106426
0.106490
0.106440
0.106367
0.107807
0.106576
0.106519
0.106383
0.106495
0.106462
0.106535
0.106397
0.106299
0.107658
0.106741
0.106503
0.106331
0.106490
0.106697
0.106429
0.106495
0.106289
0.106372
0.107652
0.106345
0.110751
0.111965
0.111937
0.111419
0.111278
0.111153
0.109941
0.107804
0.106822
0.106625
0.106465
0.107158
0.106855
0.106938
