0.020513
0.011600
0.011515
0.011535
0.011493
0.011508
0.011502
0.011496
0.011514
0.011426
0.011472
0.011484
0.011477
0.011416
0.011455
0.011478
0.011445
0.011468
0.011413
0.011479
0.011444
0.011523
0.011503
0.011474
0.011474
0.011448
0.011443
0.011461
0.011405
0.011447
0.011514
0.011484
0.011409
0.011488
0.011462
0.011500
0.011460
0.011460
0.011513
0.011522
0.011439
0.011501
0.011491
0.011453
0.011428
0.011473
0.011466
0.011424
0.011515
0.011460
0.011502
0.011530
0.011455
0.011469
0.011433
0.011464
0.011508
0.011416
0.011501
0.011440
0.011459
0.011455
0.011509
0.011437
0.011474
0.011441
0.011439
0.011497
0.011457
0.011506
0.011478
0.011475
0.011523
0.011472
0.011433
0.011459
0.011474
0.011518
0.011516
0.011480
0.011463
0.011461
0.011550
0.011432
0.011483
0.011472
0.011444
0.015388
0.011391
0.011344
0.011348
0.011390
0.011415
0.011329
0.011365
0.011353
0.011336
0.011358
0.011318
0.011375
0.011354
0.011334
0.011308
0.011342
0.011358
0.011382
0.011361
0.011390
0.011332
0.011377
0.011395
0.011355
0.011395
0.011378
0.011350
0.011338
0.011381
0.011349
0.011355
0.011322
0.011363
0.011358
0.011352
0.011348
0.011378
0.011373
0.011365
0.011337
0.011345
0.011374
0.011340
0.011322
0.011321
0.011332
0.011330
0.011350
0.011363
0.011348
0.011352
0.011326
0.011328
0.011326
0.011385
0.011344
0.011367
0.011334
0.011332
0.011362
0.011363
0.011355
0.011375
0.011407
0.011312
0.011381
0.011337
0.011342
0.011384
0.011364
0.011329
0.011338
0.011370
0.011353
0.011376
0.011372
0.011337
0.011348
0.011374
0.011430
0.011386
0.011313
0.011320
0.011330
0.011392
0.011345
0.014994
0.032422
0.011158
0.011061
0.011120
0.011179
0.011177
0.014268
0.011176
0.011190
0.011155
0.011131
0.011126
0.011155
0.011219
0.011160
0.011136
0.011128
0.011162
0.011181
0.011164
0.011147
0.011134
0.011132
0.011160
0.011154
0.011155
0.011150
0.011153
0.011149
0.011137
0.011134
0.011170
0.011159
0.011135
0.011166
0.011139
0.011178
0.011145
0.011156
0.011133
0.011135
0.011189
0.011131
0.011150
0.011149
0.011159
0.011115
0.011142
0.011121
0.011153
0.011134
0.011145
0.011174
0.011132
0.011153
0.011126
0.011148
0.011157
0.011175
0.011136
0.011204
0.011160
0.011146
0.011120
0.011158
0.011134
0.011146
0.011127
0.011142
0.011196
0.011128
0.011176
0.011144
0.011166
0.011175
0.011164
0.011133
0.011108
0.011153
0.011198
0.011204
0.011166
0.011139
0.011135
0.011128
0.011143
0.011133
0.011148
0.011209
0.011147
0.011185
0.011170
0.011153
0.011147
0.011121
0.011148
0.011159
0.011152
0.011154
0.011139
0.011167
0.011174
0.011155
0.011127
0.011114
0.011135
0.011130
0.011132
0.011157
0.011136
0.011174
0.011118
0.011204
0.011183
0.011163
0.011184
0.011135
0.011122
0.011150
0.011121
0.011150
0.011163
0.011137
0.011157
0.011170
0.011156
0.011145
0.011146
0.011139
0.011154
0.011373
0.011198
0.011203
0.011160
0.011165
0.011182
0.011185
0.011190
0.011148
0.011166
0.011168
0.011255
0.015698
0.011307
0.011052
0.011163
0.011125
0.011169
0.011141
0.011101
0.011071
0.011106
0.011205
0.011179
0.011678
0.011119
0.011129
0.011189
0.011203
0.011143
0.011124
0.011132
0.011191
0.011219
0.011149
0.011128
0.011153
0.011162
0.011143
0.011184
0.011157
0.011159
0.011160
0.011160
0.011185
0.011140
0.011593
0.013130
0.011149
0.011137
0.011130
0.011170
0.011105
0.011137
0.011160
0.011137
0.011155
0.011127
0.011113
0.011105
0.011136
0.011126
0.011133
0.011172
0.011131
0.011096
0.011122
0.011143
0.011165
0.011101
0.011148
0.011090
0.011181
0.011137
0.011126
0.011101
0.011083
0.011125
0.011167
0.011069
0.011122
0.011181
0.011159
0.011118
0.011107
0.011134
0.011105
0.011134
0.011107
0.011132
0.011117
0.011152
0.011124
0.011121
0.011112
0.011127
0.011157
0.011099
0.011103
0.011123
0.011194
0.011110
0.011143
0.011105
0.011109
0.011189
0.011139
0.011186
0.011130
0.011198
0.011130
0.011118
0.011136
0.011107
0.011102
0.011114
0.011111
0.011099
0.011131
0.011129
0.011120
0.011146
0.011191
0.011143
0.011175
0.011131
0.011125
0.011106
0.011138
0.011140
0.011169
0.011078
0.011161
0.011209
0.011152
0.011166
0.011150
0.011132
0.011133
0.011139
0.011155
0.011083
0.011188
0.011146
0.011143
0.011105
0.011166
0.011122
0.011145
0.011140
0.011160
0.011068
0.011177
0.011143
0.011157
0.011122
0.011142
0.011148
0.011141
0.011104
0.011114
0.011229
0.012214
0.012113
0.012121
0.012116
0.012106
0.012125
0.012087
0.012111
0.012148
0.012058
0.012048
0.012063
0.012061
0.012030
0.012044
0.012024
0.011984
0.012090
0.011889
0.011819
0.011855
0.011857
0.011861
0.011845
0.011823
0.011807
0.011831
0.011845
0.011837
0.011832
0.011830
0.011805
0.011793
0.011797
0.011825
0.011776
0.011831
0.011796
0.011774
0.011798
0.011802
0.011805
0.011800
0.011761
0.011808
0.011855
0.011816
0.011805
0.011800
0.011782
0.011915
0.011823
0.011830
0.011796
0.011767
0.011796
0.011833
0.011800
0.011810
0.011831
0.011825
0.011807
0.016776
0.018736
0.011176
0.011185
0.011222
0.011165
0.011135
0.011150
0.011110
0.011148
0.011163
0.011113
0.011128
0.011198
0.011158
0.011160
0.011145
0.011124
0.011173
0.011185
0.011121
0.011123
0.011114
0.011172
0.011169
0.011091
0.011121
0.011214
0.011142
0.011143
0.011156
0.011167
0.011196
0.011133
0.011139
0.011125
0.011158
0.011174
0.011168
0.011177
0.011159
0.011226
0.011165
0.011127
0.011173
0.011143
0.011200
0.011145
0.011128
0.011144
0.011070
0.011173
0.011183
0.011115
0.011129
0.011153
0.011159
0.011185
0.011146
0.011110
0.011162
0.011114
0.011161
0.011168
0.011147
0.011186
0.011194
0.011139
0.011176
0.011098
0.011129
0.011200
0.011146
0.011143
0.011127
0.011188
0.011147
0.011108
0.011169
0.011165
0.011202
0.011149
0.011143
0.011148
0.011215
0.011153
0.011141
0.011164
0.011155
0.011158
0.011184
0.011160
0.011154
0.011140
0.011252
0.011137
0.011162
0.011145
0.011142
0.011231
0.011165
0.011157
0.011132
0.011187
0.011182
0.011155
0.011124
0.011145
0.011196
0.011190
0.011154
0.011144
0.011157
0.011153
0.011159
0.011164
0.011177
0.011131
0.011172
0.011184
0.011147
0.011137
0.011149
0.011188
0.011206
0.011173
0.011145
0.011145
0.011207
0.011181
0.011151
0.011142
0.011141
0.011138
0.011156
0.011159
0.011135
0.011184
0.011227
0.011190
0.011129
0.011181
0.011151
0.011149
0.011195
0.011150
0.011177
0.011178
0.011190
0.011148
0.011157
0.011158
0.011158
0.011173
0.011146
0.011147
0.011145
0.011197
0.011192
0.011167
0.011104
0.011175
0.011155
0.011162
0.011121
0.011355
0.012121
0.011891
0.011833
0.011838
0.011832
0.011784
0.011789
0.011798
0.011784
0.011766
0.011812
0.011801
0.011801
0.011782
0.011755
0.011767
0.011752
0.011793
0.011741
0.011796
0.011810
0.011730
0.011815
0.011742
0.011745
0.011723
0.011754
0.011739
0.011743
0.011734
0.011716
0.011712
0.011741
0.011749
0.011753
0.011754
0.011741
0.011740
0.011701
0.011956
0.011770
0.011749
0.011726
0.011742
0.011757
0.011701
0.011766
0.011748
0.011767
0.011758
0.011734
0.011810
0.011810
0.011805
0.011809
0.011815
0.011816
0.011845
0.011848
0.011820
0.012318
0.012018
0.011959
0.011856
0.011919
0.011976
0.011889
0.014486
0.011814
0.011543
0.011596
0.011612
0.011589
0.011578
0.011589
0.011739
0.011677
0.011612
0.011612
0.011580
0.011575
0.011579
0.011595
0.011557
0.011587
0.011589
0.011609
0.011585
0.011665
0.011573
0.011573
0.011623
0.011591
0.011599
0.011616
0.011636
0.011579
0.011606
0.011585
0.011558
0.011562
0.011644
0.011597
0.011631
0.011639
0.011591
0.011648
0.011590
0.011613
0.011602
0.011586
0.011599
0.011596
0.011588
0.011612
0.011659
0.011629
0.011589
0.011623
0.011612
0.011620
0.011623
0.011601
0.011585
0.011678
0.011607
0.011640
0.011636
0.011643
0.011588
0.011610
0.011602
0.011602
0.011594
0.011595
0.011573
0.011613
0.011631
0.011586
0.011571
0.011620
0.011579
0.011595
0.011635
0.011593
0.011607
0.011628
0.011633
0.011601
0.011624
0.011632
0.011617
0.011657
0.011639
0.011625
0.011622
0.011618
0.011610
0.011635
0.011621
0.011622
0.011661
0.011623
0.011646
0.011626
0.011614
0.011618
0.011596
0.011591
0.011667
0.011633
0.011631
0.011644
0.011589
0.011581
0.011631
0.011662
0.011651
0.011622
0.011575
0.011597
0.011600
0.011648
0.011635
0.011626
0.011593
0.011598
0.011599
0.011624
0.011622
0.011650
0.011631
0.011612
0.011649
0.011601
0.011648
0.011588
0.011600
0.011565
0.011603
0.011661
0.011652
0.011619
0.011622
0.011652
0.011581
0.011626
0.011602
0.011628
0.011603
0.011628
0.011609
0.011914
0.011661
0.011592
0.011600
0.011534
0.011597
0.011614
0.011570
0.011605
0.011626
0.011680
0.011638
0.011639
0.011601
0.011639
0.011649
0.011587
0.011593
0.011596
0.011596
0.011591
0.011623
0.011625
0.011646
0.011583
0.011616
0.011590
0.011641
0.011632
0.011600
0.011578
0.011670
0.011659
0.011603
0.011615
0.011636
0.011638
0.011678
0.011664
0.011637
0.011647
0.011674
0.011678
0.011691
0.011617
0.011610
0.011619
0.011619
0.011638
0.011583
0.011650
0.011641
0.011684
0.011653
0.011631
0.011674
0.011730
0.011693
0.011760
0.011644
0.011709
0.011679
0.011707
0.011652
0.011674
0.011703
0.011684
0.011701
0.011677
0.011699
0.011644
0.011727
0.011632
0.011711
0.011707
0.011674
0.011661
0.011680
0.011701
0.011733
0.011659
0.011737
0.011710
0.011711
0.011691
0.011680
0.011721
0.011693
0.011678
0.011702
0.011687
0.011681
0.011699
0.011658
0.011689
0.011703
0.011747
0.011699
0.011661
0.011676
0.011698
0.011672
0.011747
0.011728
0.011675
0.011681
0.011732
0.011742
0.011627
0.011729
0.011714
0.011721
0.011731
0.011681
0.011694
0.011713
0.011682
0.011696
0.011722
0.011745
0.011714
0.011697
0.011719
0.011702
0.011689
0.011724
0.011661
0.011709
0.011715
0.011674
0.011665
0.011725
0.011739
0.011677
0.011695
0.011748
0.011704
0.011708
0.011799
0.011696
0.011695
0.011701
0.011747
0.011699
0.011678
0.011674
0.011713
0.011709
0.011663
0.011751
0.011673
0.011715
0.011697
0.011701
0.011713
0.011647
0.011708
0.011735
0.011671
0.011643
0.011717
0.011688
0.011693
0.011671
0.011708
0.011711
0.011733
0.011642
0.011724
0.011994
0.011642
0.011688
0.011707
0.011717
0.011696
0.011673
0.011676
0.011715
0.011762
0.011701
0.011675
0.011653
0.011659
0.011736
0.011744
0.011702
0.011664
0.011714
0.011713
0.011693
0.011665
0.011649
0.011705
0.011674
0.011677
0.011645
0.011631
0.011668
0.011680
0.011647
0.011705
0.011665
0.011755
0.011660
0.011703
0.011711
0.011698
0.011670
0.011703
0.011738
0.011721
0.011706
0.011686
0.011685
0.011700
0.011633
0.011714
0.011708
0.011699
0.011643
0.011703
0.011749
0.011725
0.011710
0.011681
0.011673
0.011713
0.011703
0.011676
0.011692
0.011690
0.011698
0.011723
0.011703
0.011799
0.011749
0.011708
0.011724
0.011737
0.011696
0.011713
0.011722
0.011685
0.011755
0.011690
0.011689
0.011640
0.011668
0.011769
0.011723
0.011691
0.011668
0.011693
0.011700
0.011791
0.011687
0.011694
0.011750
0.011664
0.011679
0.011668
0.011696
0.011693
0.011674
0.011672
0.011700
0.011698
0.011727
0.011691
0.011636
0.011683
0.011755
0.011705
0.011734
0.011662
0.011719
0.011926
0.011728
0.011726
0.011665
0.011699
0.011710
0.011697
0.011711
0.011691
0.011660
0.011751
0.011749
0.011650
0.011649
0.011628
0.011681
0.011675
0.011675
0.011679
0.011641
0.011687
0.011630
0.011651
0.011734
0.011687
0.011674
0.011654
0.011699
0.011644
0.011652
0.011640
0.011644
0.011687
0.011699
0.011714
0.011719
0.011636
0.011642
0.011627
0.011619
0.011606
0.011641
0.011633
0.011656
0.011709
0.011680
0.011678
0.011645
0.011654
0.011667
0.011615
0.011652
0.011652
0.011668
0.011698
0.011665
0.011693
0.011729
0.011728
0.011662
0.011666
0.011632
0.011687
0.011695
0.011636
0.011656
0.011657
0.011671
0.011670
0.011685
0.011678
0.011688
0.011699
0.011644
0.011656
0.011638
0.011674
0.011656
0.011648
0.011702
0.011688
0.011692
0.011685
0.011716
0.011669
0.011684
0.011716
0.011659
0.011662
0.011661
0.011647
0.011699
0.011744
0.011695
0.011650
0.011626
0.011629
0.011714
0.011734
0.011646
0.011654
0.011677
0.011678
0.011642
0.011653
0.011648
0.011701
0.011668
0.011670
0.011652
0.011733
0.011665
0.011652
0.011619
0.011694
0.011651
0.011720
0.011682
0.011697
0.011659
0.011647
0.011731
0.011671
0.011690
0.011655
0.011670
0.011643
0.011679
0.011648
0.011744
0.011627
0.011679
0.011738
0.011703
0.011647
0.011686
0.011654
0.011675
0.011632
0.011673
0.011721
0.011634
0.011651
0.011650
0.011626
0.011638
0.011682
0.011652
0.011654
0.011604
0.011606
0.011662
0.011690
0.011666
0.011694
0.011647
0.011691
0.011747
0.011654
0.011688
0.011680
0.011668
0.011659
0.011685
0.011619
0.011674
0.011616
0.011667
0.011636
0.011676
0.011692
0.011674
0.011663
0.011631
0.011672
0.011688
0.011661
0.011658
0.011656
0.011640
0.011650
0.011747
0.011696
0.011597
0.011647
0.011658
0.011668
0.011654
0.011627
0.011677
0.011648
0.011658
0.011658
0.011666
0.011666
0.011672
0.011635
0.011661
0.011641
0.011631
0.011673
0.011703
0.011667
0.011703
0.011715
0.011709
0.011658
0.011624
0.011691
0.011670
0.011662
0.011646
0.011682
0.011680
0.011670
0.011682
0.011678
0.011668
0.011700
0.011736
0.011692
0.011653
0.027550
0.012857
0.011641
0.011617
0.011593
0.011557
0.011577
0.011531
0.011579
0.011565
0.011571
0.011512
0.011545
0.011467
0.011527
0.011492
0.011563
0.011519
0.011506
0.011529
0.011546
0.011554
0.011526
0.011553
0.011542
0.011522
0.011524
0.011513
0.011532
0.011595
0.011484
0.011492
0.011504
0.011503
0.011532
0.011561
0.011561
0.011540
0.011571
0.011525
0.011536
0.011538
0.011550
0.011502
0.011519
0.011515
0.011527
0.011471
0.011553
0.011529
0.011550
0.011513
0.011536
0.011543
0.011506
0.011557
0.011537
0.011534
0.011506
0.011522
0.011541
0.011496
0.011539
0.011522
0.011493
0.011510
0.011503
0.011538
0.011529
0.011497
0.011525
0.011566
0.011513
0.011512
0.011499
0.011513
0.011569
0.011557
0.011511
0.011511
0.011519
0.011491
0.011512
0.011506
0.011544
0.011487
0.011517
0.011529
0.011544
0.011521
0.011538
0.011489
0.011530
0.011545
0.011575
0.011531
0.011540
0.011512
0.011616
0.011518
0.011485
0.011590
0.011506
0.011532
0.011549
0.011497
0.011533
0.011614
0.011523
0.011517
0.011488
0.011514
0.011490
0.011504
0.011533
0.011533
0.011502
0.011475
0.011503
0.011537
0.011521
0.011545
0.011530
0.011503
0.011529
0.011524
0.011498
0.011506
0.011512
0.011513
0.011498
0.011496
0.011513
0.011526
0.011511
0.011497
0.011524
0.011533
0.011531
0.011493
0.011519
0.011547
0.011505
0.011527
0.011507
0.011525
0.011528
0.011478
0.011513
0.011509
0.011510
0.011519
0.011514
0.011556
0.011511
0.011512
0.011519
0.011505
0.011527
0.011490
0.011568
0.011554
0.011541
0.011533
0.011520
0.011547
0.011551
0.011563
0.011507
0.011548
0.011575
0.011529
0.011566
0.013512
0.011548
0.011516
0.011550
0.011521
0.011567
0.011577
0.011551
0.011538
0.011518
0.011533
0.011524
0.011547
0.011520
0.011845
0.011521
0.011527
0.011512
0.011556
0.011539
0.011511
0.011552
0.011515
0.011587
0.011585
0.011544
0.011539
0.011531
0.011581
0.011535
0.011543
0.011606
0.011566
0.011547
0.011788
0.011580
0.011644
0.011707
0.011644
0.011619
0.011587
0.011568
0.011594
0.011679
0.011591
0.011529
0.011581
0.011569
0.011600
0.011625
0.011603
0.011593
0.011603
0.011564
0.011549
0.011577
0.011565
0.011581
0.011573
0.011563
0.011539
0.011567
0.011561
0.011595
0.011545
0.011511
0.011557
0.011576
0.011544
0.011540
0.011528
0.011541
0.011628
0.011516
0.011525
0.011569
0.011559
0.011567
0.011533
0.011549
0.011603
0.011595
0.011553
0.011575
0.011543
0.011546
0.011566
0.011553
0.011558
0.011572
0.011619
0.011557
0.011539
0.011574
0.011547
0.011529
0.011544
0.011541
0.011563
0.011521
0.011571
0.011584
0.011505
0.011541
0.011544
0.011516
0.011542
0.011560
0.011518
0.011465
0.011558
0.011532
0.011508
0.011491
0.011546
0.011517
0.011569
0.011556
0.011519
0.011516
0.011507
0.011516
0.011534
0.011574
0.011555
0.011540
0.011583
0.011528
0.011534
0.011550
0.011511
0.011537
0.011558
0.011544
0.011523
0.011484
0.011509
0.011476
0.011496
0.011533
0.011531
0.011556
0.011526
0.011517
0.011519
0.011515
0.011516
0.011540
0.011535
0.011524
0.011548
0.011542
0.011601
0.011541
0.011541
0.011529
0.011516
0.011511
0.011502
0.011550
0.011518
0.011521
0.011520
0.011545
0.011551
0.011511
0.011555
0.011511
0.011498
0.011567
0.011521
0.011510
0.011544
0.011529
0.011522
0.011507
0.011515
0.011536
0.011545
0.011578
0.011519
0.011514
0.011519
0.011511
0.011517
0.011480
0.011534
0.011558
0.011483
0.011535
0.011516
0.011513
0.011537
0.011530
0.011516
0.011522
0.011491
0.011519
0.011539
0.011530
0.011540
0.011514
0.011504
0.011534
0.011473
0.011501
0.011527
0.011508
0.011530
0.011505
0.011504
0.011548
0.011501
0.011504
0.011560
0.011555
0.011517
0.011513
0.011556
0.011512
0.011550
0.011530
0.011533
0.011556
0.011494
0.011542
0.011535
0.011524
0.011519
0.011504
0.011539
0.011554
0.011516
0.011516
0.011553
0.011569
0.011527
0.011530
0.011541
0.011531
0.011502
0.011530
0.011576
0.011460
0.011537
0.011520
0.011521
0.011548
0.011529
0.011549
0.011536
0.011535
0.011552
0.011514
0.011496
0.011547
0.011569
0.011532
0.011543
0.011531
0.011551
0.011572
0.011503
0.011527
0.011509
0.011552
0.011552
0.011520
0.011541
0.011526
0.011555
0.011495
0.011512
0.011495
0.011514
0.011498
0.011515
0.011544
0.011582
0.011562
0.011562
0.011532
0.011498
0.011542
0.011520
0.011503
0.012313
0.011944
0.011698
0.011712
0.011700
0.011687
0.011620
0.011700
0.011597
0.011687
0.011667
0.011662
0.011688
0.011664
0.011644
0.011686
0.011609
0.011713
0.011687
0.011584
0.011687
0.011656
0.011648
0.011665
0.011651
0.011642
0.011676
0.011631
0.011626
0.011666
0.011728
0.011717
0.011700
0.011679
0.011660
0.011736
0.011684
0.011664
0.011675
0.011652
0.011675
0.011658
0.011632
0.011709
0.011625
0.011664
0.011612
0.011659
0.011686
0.011672
0.011636
0.011679
0.011629
0.011614
0.011681
0.011666
0.011645
0.011608
0.011650
0.011633
0.011653
0.011636
0.011629
0.011637
0.011693
0.011625
0.011641
0.011629
0.011660
0.011614
0.011614
0.011615
0.011678
0.011675
0.011672
0.011682
0.011682
0.011709
0.011685
0.011668
0.011668
0.011676
0.011703
0.011690
0.011669
0.011654
0.011667
0.011668
0.011641
0.011656
0.011670
0.011683
0.011636
0.011652
0.011691
0.011684
0.011644
0.011616
0.011596
0.011662
0.011716
0.011618
0.011675
0.011621
0.011639
0.011653
0.011670
0.011636
0.011641
0.011650
0.011641
0.011659
0.011666
0.011643
0.011669
0.011667
0.011599
0.011675
0.011674
0.011685
0.011640
0.011666
0.011665
0.011693
0.011710
0.011616
0.011628
0.011678
0.011657
0.011673
0.011647
0.011649
0.011646
0.011637
0.011642
0.011685
