0.025850
0.017726
0.017688
0.017721
0.017645
0.017776
0.017770
0.017655
0.017729
0.017602
0.017651
0.017803
0.017615
0.017669
0.017690
0.017696
0.017693
0.017834
0.017786
0.017735
0.017802
0.017700
0.017778
0.017724
0.017742
0.017603
0.017745
0.017606
0.017904
0.017638
0.017702
0.017710
0.017675
0.017743
0.017812
0.017677
0.017728
0.017774
0.017652
0.017794
0.017735
0.017654
0.017675
0.017623
0.017697
0.017777
0.021017
0.018415
0.018373
0.018250
0.018285
0.018279
0.018274
0.018247
0.018302
0.025302
0.036602
0.017945
0.017869
0.017985
0.017953
0.017811
0.017794
0.017847
0.017797
0.017935
0.017924
0.017787
0.017821
0.017801
0.017794
0.017934
0.017835
0.017806
0.017798
0.017783
0.017871
0.017908
0.017882
0.017822
0.017840
0.017793
0.018039
0.017861
0.017811
0.017797
0.017790
0.017837
0.017817
0.017888
0.017817
0.017785
0.017788
0.017851
0.017816
0.017775
0.017791
0.017775
0.017846
0.017840
0.017829
0.017803
0.017806
0.017849
0.017815
0.017842
0.017810
0.017820
0.017817
0.017824
0.017848
0.017866
0.017833
0.017828
0.017866
0.017837
0.017836
0.017837
0.017805
0.017860
0.017835
0.017831
0.017834
0.017823
0.017835
0.017859
0.017809
0.017824
0.017843
0.017807
0.017822
0.017815
0.017840
0.017823
0.017846
0.017839
0.017823
0.017831
0.017808
0.017822
0.017837
0.017823
0.017891
0.017850
0.017835
0.017848
0.017863
0.017825
0.017828
0.017876
0.017849
0.017831
0.017823
0.017869
0.017900
0.017860
0.017812
0.017821
0.017839
0.017839
0.017845
0.017854
0.017857
0.017845
0.017835
0.017826
0.017859
0.030853
0.018724
0.018517
0.018586
0.018566
0.018555
0.018571
0.018553
0.018540
0.018547
0.018876
0.018829
0.018552
0.018514
0.018381
0.018438
0.018552
0.018471
0.018504
0.018453
0.018533
0.018483
0.018579
0.018589
0.018535
0.018503
0.018472
0.018417
0.018531
0.018486
0.018555
0.018517
0.018488
0.018477
0.018469
0.018491
0.018513
0.018350
0.018436
0.018532
0.018479
0.018483
0.018529
0.018569
0.018517
0.020964
0.018522
0.018522
0.018539
0.018568
0.018646
0.018738
0.018634
0.018615
0.018696
0.018610
0.018618
0.018601
0.018589
0.018579
0.018646
0.018610
0.018548
0.018599
0.018593
0.018565
0.018580
0.018710
0.018613
0.018525
0.018591
0.018542
0.018598
0.018597
0.018627
0.018698
0.018525
0.018561
0.018584
0.018648
0.018637
0.018671
0.020021
0.019839
0.019626
0.019503
0.019516
0.019579
0.019473
0.021652
0.019030
0.018963
0.018981
0.018958
0.019050
0.018964
0.018948
0.018935
0.018996
0.019055
0.019027
0.019041
0.018985
0.018965
0.019049
0.018962
0.018962
0.018989
0.019008
0.019086
0.019004
0.019032
0.018943
0.018929
0.018970
0.018946
0.018945
0.018940
0.018977
0.019037
0.019023
0.019043
0.018966
0.018956
0.018964
0.018950
0.018948
0.018981
0.018908
0.018967
0.018924
0.018949
0.018900
0.018931
0.018943
0.018927
0.018976
0.018994
0.018923
0.018928
0.018987
0.018963
0.018959
0.018905
0.018977
0.018945
0.018957
0.018907
0.018956
0.019010
0.018943
0.018912
0.018938
0.018938
0.018964
0.018956
0.019016
0.018997
0.018923
0.018963
0.018925
0.018948
0.018969
0.018944
0.018948
0.018904
0.018917
0.018951
0.018964
0.018919
0.018880
0.018931
0.018954
0.018970
0.018912
0.018944
0.018948
0.018856
0.018948
0.018954
0.019079
0.018918
0.018988
0.018912
0.018987
0.018925
0.018926
0.018919
0.018938
0.018887
0.018930
0.018983
0.018939
0.018927
0.018991
0.018950
0.018919
0.018918
0.018923
0.018956
0.018959
0.018917
0.018936
0.018938
0.018899
0.018954
0.018966
0.018937
0.018900
0.018964
0.019004
0.018902
0.018870
0.018934
0.018967
0.018940
0.018993
0.018947
0.018941
0.018948
0.018924
0.018908
0.018920
0.018916
0.018923
0.018963
0.024572
0.031032
0.018531
0.018529
0.018525
0.018496
0.018439
0.018468
0.018466
0.018607
0.018513
0.018542
0.018505
0.018455
0.018442
0.018541
0.018548
0.018498
0.018500
0.018483
0.018466
0.018463
0.018468
0.018531
0.018579
0.018566
0.018590
0.018608
0.018550
0.018554
0.018568
0.018614
0.018588
0.018538
0.018560
0.018612
0.018575
0.018616
0.018589
0.018590
0.018567
0.018592
0.018628
0.018624
0.018607
0.018625
0.018575
0.018538
0.018600
0.018893
0.019083
0.018890
0.018996
0.018890
0.018750
0.018718
0.018645
0.018614
0.018775
0.018929
0.018796
0.018684
0.018586
0.018436
0.018501
0.018461
0.018473
0.018492
0.018563
0.018666
0.018661
0.018582
0.018642
0.018567
0.018595
0.018620
0.018583
0.018565
0.018627
0.018589
0.018620
0.018527
0.018628
0.018595
0.018626
0.018626
0.018649
0.018619
0.018626
0.018609
0.018622
0.018630
0.018561
0.018574
0.018595
0.018617
0.018659
0.018602
0.018594
0.018554
0.018585
0.018606
0.018679
0.018604
0.018609
0.018565
0.018533
0.018637
0.018606
0.018550
0.018570
0.018643
0.018671
0.018636
0.018647
0.018583
0.018665
0.018670
0.018630
0.018602
0.018570
0.018665
0.018608
0.018644
0.018715
0.018627
0.018570
0.018599
0.018631
0.018642
0.018595
0.018571
0.018672
0.018619
0.018715
0.018533
0.018589
0.018581
0.018590
0.018600
0.018627
0.018707
0.018577
0.018625
0.018674
0.018637
0.018600
0.018609
0.018639
0.018598
0.018725
0.018629
0.018607
0.018575
0.018656
0.018644
0.018612
0.018606
0.018590
0.018634
0.018571
0.018787
0.018668
0.018624
0.018551
0.018659
0.018650
0.018670
0.018522
0.018607
0.018623
0.018638
0.018630
0.018612
0.018603
0.018566
0.018613
0.018679
0.018629
0.018537
0.018574
0.018572
0.018582
0.018620
0.018612
0.018645
0.018561
0.018606
0.018639
0.018588
0.018586
0.018628
0.018629
0.018715
0.018582
0.018627
0.018601
0.018546
0.018673
0.018578
0.018603
0.018546
0.018492
0.018490
0.018586
0.018569
0.018539
0.018563
0.018491
0.018515
0.018479
0.018538
0.018561
0.018502
0.018521
0.018479
0.018530
0.018497
0.018522
0.018561
0.018609
0.018494
0.018491
0.018511
0.018494
0.018592
0.018537
0.018579
0.018518
0.018487
0.018468
0.018528
0.018520
0.018640
0.018467
0.018476
0.018493
0.018513
0.018504
0.018542
0.018556
0.018540
0.018490
0.018538
0.018511
0.018566
0.018547
0.018529
0.018507
0.018495
0.018534
0.018541
0.018583
0.018547
0.018507
0.018507
0.018476
0.018534
0.018516
0.018576
0.018599
0.018639
0.018643
0.018537
0.018498
0.018518
0.018565
0.018594
0.018591
0.018523
0.018480
0.018514
0.018597
0.018618
0.018690
0.018630
0.018550
0.018563
0.018639
0.018572
0.018570
0.018589
0.018579
0.018553
0.018582
0.018602
0.018630
0.018615
0.018644
0.018590
0.018573
0.018543
0.018582
0.018569
0.018581
0.018607
0.018580
0.018570
0.018628
0.018668
0.018647
0.018578
0.018562
0.018588
0.018608
0.018605
0.018600
0.018581
0.018515
0.018627
0.018607
0.018657
0.018678
0.018576
0.018571
0.018551
0.018636
0.018582
0.019093
0.018948
0.018921
0.018996
0.018865
0.018745
0.018605
0.018665
0.018645
0.018743
0.018658
0.018679
0.018639
0.018617
0.018615
0.018647
0.018586
0.018579
0.018605
0.018627
0.018686
0.018672
0.018618
0.018706
0.018626
0.018612
0.018664
0.018617
0.018557
0.018610
0.018606
0.018734
0.018540
0.018599
0.018666
0.018543
0.018637
0.018639
0.018604
0.018575
0.018660
0.018704
0.018698
0.018582
0.018582
0.018587
0.018585
0.018680
0.018610
0.018641
0.018589
0.018608
0.018598
0.018640
0.018579
0.018604
0.018593
0.018596
0.018643
0.018659
0.018672
0.018602
0.018594
0.018633
0.018585
0.018653
0.018635
0.018627
0.018624
0.018608
0.018592
0.018595
0.018641
0.018656
0.018632
0.018548
0.018574
0.018657
0.018583
0.018579
0.018608
0.018643
0.018579
0.018571
0.018627
0.018638
0.018638
0.018644
0.018615
0.018588
0.018580
0.018581
0.018648
0.018556
0.018570
0.018639
0.018625
0.018610
0.018579
0.018589
0.018619
0.018678
0.018564
0.018608
0.018586
0.018568
0.018662
0.018599
0.018606
0.018598
0.018603
0.018614
0.030796
0.019810
0.018728
0.018780
0.018896
0.018791
0.018744
0.018777
0.018798
0.018822
0.018759
0.018779
0.018783
0.018789
0.018774
0.018827
0.018763
0.018727
0.018824
0.018731
0.018851
0.018743
0.018754
0.018759
0.018763
0.018796
0.018816
0.018751
0.018768
0.018768
0.018794
0.018788
0.018753
0.018780
0.018728
0.018746
0.018821
0.018795
0.018763
0.018808
0.018761
0.018838
0.018808
0.018704
0.018756
0.018775
0.018823
0.018734
0.018778
0.018797
0.018768
0.018679
0.018834
0.018761
0.018740
0.018747
0.018791
0.018880
0.018814
0.018806
0.018758
0.018771
0.018715
0.018819
0.018787
0.018764
0.018764
0.018761
0.018815
0.018771
0.018765
0.018822
0.018719
0.018837
0.018772
0.018782
0.018754
0.018772
0.018831
0.018773
0.018762
0.018785
0.018772
0.018751
0.018812
0.018786
0.018804
0.018755
0.018662
0.018802
0.018828
0.018783
0.018783
0.018763
0.018804
0.018826
0.018772
0.018784
0.018753
0.018785
0.018828
0.018724
0.018768
0.018757
0.018738
0.018788
0.018808
0.018793
0.018740
0.018720
0.018758
0.018772
0.018789
0.018743
0.018770
0.018793
0.018808
0.018730
0.018721
0.018775
0.018715
0.018803
0.018773
0.018742
0.018855
0.018774
0.018763
0.018829
0.018760
0.018731
0.018783
0.018801
0.018802
0.018797
0.018735
0.018782
0.018801
0.018827
0.018744
0.018791
0.018831
0.018772
0.018802
0.018790
0.018817
0.018815
0.018792
0.018769
0.018790
0.018763
0.018731
0.018744
0.018778
0.018823
0.019105
0.019945
0.019122
0.019037
0.019178
0.019048
0.018990
0.018869
0.018904
0.019073
0.019057
0.019069
0.018898
0.018934
0.018917
0.018888
0.018922
0.018843
0.018789
0.018671
0.018906
0.018822
0.018808
0.018858
0.018798
0.018787
0.018727
0.018742
0.018785
0.018834
0.018809
0.018831
0.018773
0.018756
0.018777
0.018820
0.018811
0.018754
0.018793
0.018822
0.018809
0.018827
0.018804
0.018795
0.018765
0.018741
0.018814
0.018806
0.018827
0.018823
0.018772
0.018738
0.018875
0.018757
0.018776
0.018828
0.018779
0.018759
0.026191
0.022390
0.018884
0.018817
0.018865
0.018827
0.018835
0.018818
0.018887
0.018867
0.018800
0.018872
0.018844
0.018879
0.018770
0.018898
0.018770
0.018784
0.018910
0.018758
0.018842
0.018747
0.018769
0.018839
0.018818
0.018849
0.018762
0.018760
0.018821
0.018735
0.018760
0.018784
0.018768
0.018798
0.018758
0.018785
0.018834
0.018734
0.018699
0.018711
0.018784
0.018816
0.018770
0.018767
0.018718
0.018722
0.018736
0.018818
0.018838
0.018823
0.018823
0.018723
0.018816
0.018696
0.018720
0.018809
0.018874
0.018863
0.018817
0.018801
0.018761
0.018716
0.018826
0.018792
0.018804
0.018746
0.018799
0.018765
0.018831
0.018749
0.018734
0.018822
0.018761
0.018877
0.018770
0.018799
0.018740
0.018718
0.018762
0.018753
0.018761
0.018790
0.018754
0.018787
0.018829
0.018713
0.018716
0.018711
0.018777
0.018890
0.018828
0.018826
0.018761
0.018740
0.018749
0.018799
0.018756
0.018814
0.018811
0.018807
0.018862
0.018741
0.018720
0.018745
0.018742
0.018785
0.018845
0.018791
0.018799
0.018773
0.018778
0.018800
0.018745
0.018775
0.021142
0.019179
0.019155
0.019231
0.019209
0.019226
0.019211
0.019210
0.019210
0.019246
0.019209
0.019142
0.018949
0.018941
0.018891
0.018844
0.018879
0.018926
0.018956
0.018893
0.018878
0.018906
0.018857
0.018878
0.018933
0.018914
0.018867
0.018867
0.018909
0.018927
0.018964
0.018910
0.018918
0.018889
0.018855
0.018893
0.018934
0.019009
0.018917
0.018877
0.018947
0.018912
0.018890
0.018947
0.018891
0.018823
0.018900
0.018947
0.018936
0.018869
0.018903
0.018971
0.018887
0.018840
0.018900
0.018864
0.018848
0.019061
0.018910
0.018894
0.018877
0.018922
0.018913
0.018965
0.019006
0.018964
0.018924
0.018898
0.018905
0.018859
0.018952
0.018834
0.019016
0.018924
0.018994
0.018896
0.018905
0.019072
0.018903
0.018870
0.018983
0.018864
0.018865
0.018910
0.018914
0.018920
0.018856
0.018901
0.018949
0.018917
0.018844
0.018932
0.019117
0.019869
0.020388
0.020024
0.019724
0.019663
0.020038
0.018839
0.018823
0.018881
0.018797
0.018942
0.018878
0.018869
0.018861
0.018922
0.018833
0.018880
0.018833
0.018839
0.018829
0.018810
0.018880
0.018900
0.018830
0.018860
0.018912
0.018865
0.018826
0.018861
0.018850
0.018836
0.018874
0.018874
0.018854
0.018856
0.018874
0.018804
0.018865
0.018877
0.018810
0.018924
0.018804
0.018923
0.018928
0.018849
0.018879
0.019014
0.018856
0.018854
0.018902
0.018933
0.019003
0.018977
0.018905
0.018931
0.018847
0.018851
0.019042
0.018920
0.018902
0.018987
0.018882
0.018995
0.018992
0.018887
0.018901
0.018843
0.018858
0.018943
0.018813
0.018965
0.018911
0.018933
0.018891
0.018919
0.018940
0.018884
0.019001
0.019018
0.018923
0.018942
0.018924
0.018892
0.018858
0.018921
0.018873
0.018850
0.018975
0.018847
0.018862
0.019017
0.018872
0.018897
0.018881
0.018859
0.018854
0.018895
0.018917
0.018948
0.018990
0.018867
0.018893
0.018867
0.018846
0.018846
0.018825
0.018906
0.018995
0.018856
0.019005
0.018891
0.018878
0.018847
0.018834
0.018897
0.018910
0.018904
0.018902
0.018889
0.018913
0.018891
0.018837
0.018815
0.018841
0.018801
0.018972
0.018883
0.018855
0.018859
0.018880
0.018934
0.019072
0.018855
0.018943
0.018967
0.018848
0.018914
0.018835
0.018924
0.018903
0.018895
0.018941
0.018902
0.018861
0.018879
0.018900
0.018891
0.018878
0.018911
0.018850
0.018928
0.019116
0.018907
0.018909
0.018797
0.019009
0.018906
0.018869
0.018869
0.018878
0.018875
0.018850
0.018888
0.018886
0.018902
0.018952
0.018834
0.018961
0.018836
0.018857
0.018863
0.018825
0.018858
0.018898
0.018936
0.018840
0.018901
0.018970
0.018833
0.018855
0.018899
0.018886
0.018816
0.019002
0.018871
0.018903
0.018835
0.018942
0.018873
0.018855
0.018868
0.018888
0.018862
0.018827
0.018856
0.018902
0.018862
0.018972
0.018867
0.018966
0.018830
0.018855
0.018878
0.018903
0.018875
0.018982
0.018872
0.018841
0.018822
0.018871
0.018883
0.018858
0.018907
0.018938
0.018903
0.018900
0.018882
0.018820
0.018833
0.018844
0.018908
0.018863
0.018886
0.018878
0.018925
0.018867
0.018807
0.018859
0.018957
0.018870
0.018874
0.018871
0.018914
0.018881
0.018824
0.018885
0.018866
0.018983
0.018895
0.018895
0.018817
0.018961
0.018881
0.018848
0.018921
0.018925
0.018917
0.018868
0.018862
0.018860
0.018905
0.018838
0.018877
0.018813
0.018875
0.018860
0.018959
0.018876
0.018904
0.018909
0.018821
0.018980
0.018854
0.018929
0.019605
0.019565
0.019231
0.019384
0.019390
0.019371
0.019366
0.019386
0.019331
0.019325
0.019340
0.019371
0.019281
0.019323
0.019341
0.019270
0.019296
0.019300
0.019284
0.019300
0.019270
0.019297
0.019314
0.019298
0.019327
0.019329
0.019277
0.019299
0.019261
0.019278
0.019290
0.019287
0.019295
0.019055
0.018881
0.018961
0.018887
0.018855
0.018896
0.018961
0.018878
0.018818
0.018852
0.018840
0.018936
0.018866
0.018917
0.018858
0.018881
0.018930
0.018870
0.018869
0.018870
0.018881
0.018946
0.018880
0.018871
0.018836
0.018905
0.018842
0.018843
0.018829
0.018871
0.018864
0.018884
0.018829
0.018862
0.018822
0.018846
0.018898
0.018895
0.018820
0.018831
0.018859
0.018923
0.018934
0.018818
0.018895
0.018997
0.018870
0.018832
0.018940
0.018847
0.018840
0.018869
0.018939
0.018933
0.018914
0.018860
0.018848
0.018900
0.018887
0.018915
0.019159
0.019006
0.018828
0.018864
0.018899
0.018817
0.018944
0.018847
0.018887
0.018941
0.018876
0.018868
0.018856
0.018898
0.018845
0.018848
0.018847
0.018846
0.018830
0.018915
0.018933
0.018948
0.018858
0.018883
0.018846
0.018883
0.018837
0.018864
0.018852
0.018879
0.018894
0.018868
0.019045
0.018918
0.018833
0.018935
0.018843
0.018958
0.018861
0.018962
0.018852
0.018839
0.018868
0.018932
0.018878
0.018889
0.018891
0.018831
0.018865
0.018905
0.018993
0.018885
0.018871
0.019001
0.018955
0.018880
0.018890
0.018864
0.018867
0.018957
0.018902
0.018884
0.018875
0.018900
0.018956
0.018839
0.018869
0.018988
0.018850
0.018872
0.018860
0.018852
0.018853
0.018919
0.018953
0.018824
0.018819
0.018922
0.018893
0.018846
0.018832
0.018877
0.018919
0.018826
0.018853
0.018849
0.018850
0.018837
0.018893
0.018834
0.018919
0.018993
0.018820
0.018858
0.018844
0.018936
0.018883
0.018826
0.018875
0.018863
0.018918
0.018807
0.018876
0.018919
0.018923
0.018854
0.018871
0.018824
0.018872
0.018979
0.018857
0.018871
0.018885
0.018860
0.018908
0.019000
0.018851
0.018864
0.018831
0.018848
0.018882
0.018912
0.018857
0.018940
0.018948
0.018906
0.018934
0.019043
0.018998
0.018908
0.018843
0.018898
0.018912
0.018882
0.018862
0.018918
0.018819
0.018849
0.018796
0.018967
0.018950
0.018934
0.018867
0.018961
0.018880
0.018845
0.018855
0.018862
0.018847
0.018870
0.018850
0.018856
0.018890
0.018878
0.018893
0.018844
0.018854
0.018867
0.018971
0.018942
0.018928
0.018817
0.018837
0.018923
0.018851
0.018883
0.018830
0.018850
0.018921
0.018901
0.018910
0.019712
0.019572
0.019472
0.019312
0.019370
0.019187
0.019150
0.019021
0.019019
0.019045
0.019418
0.019103
0.019146
0.019083
0.019183
0.019222
0.019072
0.019076
0.019101
0.019156
0.019225
0.019063
0.019103
0.018990
0.019042
0.019120
0.019097
0.018978
0.018855
0.018875
0.018855
0.018875
0.018793
0.018918
0.018926
0.018898
0.018873
0.018981
0.018853
0.018834
0.018925
0.018886
0.018825
0.018849
0.018837
0.018803
0.018980
0.018859
0.018952
0.018946
0.018907
0.018861
0.018849
0.018954
0.018846
0.018886
0.018829
0.018866
0.018867
0.018941
0.018874
0.018900
0.018894
0.018972
0.018970
0.018878
0.018866
0.018810
0.018820
0.018906
0.019153
0.019042
0.018902
0.018918
0.019026
0.018947
0.018866
0.018916
0.018937
0.018890
0.018925
0.018944
0.018827
0.018840
0.018848
0.018847
0.018855
0.018933
0.018863
0.018870
0.018892
0.019033
0.018929
0.019059
0.018967
0.018918
0.018886
0.018893
0.018908
0.018954
0.018950
0.018886
0.018984
0.018893
0.018898
0.018860
0.018908
0.018966
0.018850
0.018862
0.018911
0.018881
0.018880
0.018917
0.018995
0.019182
0.019018
0.018914
0.018974
0.019015
0.019051
0.019046
0.019006
0.019019
0.019045
0.018996
0.018995
0.019002
0.018986
0.019001
0.027095
0.020107
0.018686
0.018648
0.018653
0.018593
0.018784
0.018673
0.018737
0.018621
0.018651
0.018635
0.018732
0.018736
0.018666
0.018697
0.018619
0.018555
0.018672
0.018623
0.018636
0.018708
0.018668
0.018626
0.018667
0.018543
0.018718
0.018626
0.018693
0.018686
0.018684
0.018612
0.018655
0.018636
0.018608
0.018779
0.018670
0.018829
0.018665
0.018709
0.018638
0.018606
0.018659
0.018689
0.018673
0.018644
0.018623
0.018648
0.018652
0.018631
0.018694
0.018697
0.018785
0.018658
0.018592
0.018615
0.018625
0.018665
0.018671
0.018676
0.018681
0.018657
0.018597
0.018632
0.018602
0.018725
0.018716
0.018637
0.018633
0.018657
0.018615
0.018613
0.018690
0.018676
0.018679
0.018672
0.018597
0.018600
0.018612
0.018626
0.018717
0.018658
0.018673
0.018630
0.018636
0.018604
0.018645
0.018630
0.018685
0.018668
0.018639
0.018647
0.018614
0.018603
0.018621
0.018650
0.018724
0.018709
0.018681
0.018628
