0.029876
0.024396
0.024219
0.024217
0.024191
0.024382
0.024228
0.024229
0.024202
0.024174
0.024168
0.024157
0.024181
0.024144
0.024194
0.024349
0.024258
0.024252
0.024194
0.024179
0.024228
0.024175
0.024155
0.024184
0.024210
0.025648
0.025275
0.024852
0.024679
0.024555
0.024515
0.024501
0.024541
0.024458
0.024452
0.024596
0.024477
0.024450
0.024408
0.024427
0.024430
0.024407
0.024391
0.024388
0.024385
0.024514
0.024460
0.024430
0.024402
0.024386
0.024397
0.024380
0.024330
0.024355
0.024343
0.024458
0.024460
0.024408
0.024393
0.024396
0.024379
0.024349
0.024341
0.024323
0.024339
0.024558
0.024412
0.024381
0.024356
0.024355
0.024309
0.024361
0.024341
0.024312
0.024338
0.024431
0.024365
0.024324
0.024338
0.024705
0.024396
0.024325
0.024328
0.024336
0.024340
0.024426
0.024373
0.024377
0.024390
0.024351
0.024457
0.024615
0.024349
0.024355
0.024324
0.024420
0.024382
0.024419
0.024383
0.024327
0.024343
0.024329
0.024314
0.024315
0.024303
0.024422
0.024351
0.024335
0.024319
0.024328
0.024348
0.024334
0.024324
0.024289
0.024297
0.024384
0.024355
0.024336
0.024328
0.024289
0.024630
0.024349
0.024337
0.025997
0.028347
0.027327
0.027111
0.026175
0.025335
0.024927
0.024811
0.024762
0.024703
0.024682
0.024746
0.024899
0.024771
0.024823
0.024698
0.024640
0.024637
0.024616
0.024606
0.024595
0.024594
0.024699
0.024632
0.024550
0.024555
0.024552
0.024522
0.024539
0.024529
0.024500
0.024709
0.024671
0.024590
0.024607
0.024553
0.024577
0.024572
0.024979
0.024604
0.024612
0.024507
0.024748
0.024644
0.024566
0.024541
0.024495
0.024519
0.024588
0.024551
0.024486
0.024478
0.024786
0.024524
0.024717
0.024596
0.024501
0.024498
0.024497
0.024509
0.024512
0.024461
0.024555
0.024486
0.024538
0.024533
0.024522
0.024524
0.024482
0.024460
0.024548
0.024444
0.024540
0.024459
0.024433
0.024494
0.024544
0.024502
0.024481
0.024784
0.024453
0.024420
0.024619
0.024508
0.024456
0.024429
0.024431
0.024430
0.024385
0.024425
0.024406
0.024411
0.024536
0.024433
0.024411
0.024415
0.024447
0.024425
0.024423
0.024398
0.024404
0.024374
0.024558
0.024410
0.024397
0.024443
0.024423
0.024368
0.024509
0.024429
0.024377
0.024407
0.024480
0.024405
0.024415
0.024343
0.024364
0.024355
0.024381
0.024349
0.024720
0.024369
0.024473
0.024444
0.024410
0.024381
0.024641
0.024445
0.024466
0.024392
0.024514
0.024514
0.024550
0.024428
0.024408
0.024381
0.024360
0.024429
0.024400
0.024363
0.024338
0.024330
0.024492
0.024398
0.024414
0.024384
0.024373
0.024373
0.024359
0.024370
0.024405
0.024419
0.024506
0.024403
0.024382
0.024358
0.024341
0.024368
0.024350
0.024353
0.024375
0.024702
0.024513
0.024441
0.024399
0.024391
0.024382
0.024351
0.024377
0.024374
0.024328
0.024380
0.024450
0.024390
0.024390
0.024346
0.024333
0.024366
0.024441
0.024355
0.024363
0.024386
0.024521
0.024443
0.024409
0.024341
0.024355
0.024456
0.024390
0.024349
0.024392
0.024380
0.024448
0.024437
0.024411
0.024517
0.024352
0.024376
0.024331
0.024355
0.024406
0.024341
0.024784
0.024509
0.027647
0.027522
0.027227
0.027069
0.025751
0.025341
0.025149
0.025058
0.025370
0.025002
0.025094
0.024952
0.024996
0.024909
0.025133
0.024928
0.024935
0.025056
0.025091
0.024870
0.024939
0.024661
0.024671
0.024683
0.024576
0.024566
0.024566
0.024597
0.024639
0.024577
0.024685
0.024586
0.024574
0.024502
0.024509
0.024525
0.024517
0.024583
0.024624
0.024925
0.024533
0.024498
0.024501
0.024498
0.024495
0.024492
0.024510
0.024564
0.024567
0.024517
0.024617
0.024599
0.024499
0.024791
0.025067
0.024634
0.024539
0.024572
0.024553
0.024529
0.024475
0.024489
0.024485
0.024495
0.024521
0.024463
0.024479
0.024571
0.024509
0.024487
0.024440
0.024454
0.024447
0.024469
0.024439
0.024418
0.024453
0.024473
0.024522
0.024468
0.024828
0.024451
0.024452
0.024447
0.024423
0.024594
0.024472
0.024531
0.024708
0.024692
0.024492
0.024458
0.024445
0.024422
0.024423
0.024466
0.024488
0.024505
0.024568
0.024448
0.024465
0.024462
0.024431
0.024435
0.024458
0.024446
0.024463
0.024449
0.024590
0.024455
0.024461
0.024437
0.024464
0.024462
0.024414
0.024437
0.024462
0.024436
0.024550
0.024481
0.024452
0.024758
0.024432
0.024423
0.024429
0.024400
0.024404
0.024451
0.024579
0.024483
0.024401
0.024413
0.024447
0.024414
0.024406
0.024401
0.024510
0.024451
0.024581
0.024442
0.024401
0.024426
0.024397
0.024413
0.024377
0.024422
0.024450
0.024405
0.024566
0.024444
0.024439
0.024404
0.024399
0.024438
0.024399
0.024394
0.024437
0.024402
0.024693
0.024510
0.024448
0.024416
0.024771
0.024413
0.024388
0.024383
0.024403
0.024462
0.024502
0.024438
0.024420
0.024405
0.024386
0.024445
0.024413
0.024392
0.024383
0.024447
0.024562
0.024431
0.024442
0.024388
0.024403
0.024382
0.024363
0.024380
0.024553
0.024426
0.024535
0.024450
0.024418
0.024444
0.024408
0.024392
0.024386
0.024365
0.024367
0.024342
0.024505
0.024412
0.024387
0.024350
0.024388
0.027265
0.027910
0.026965
0.027038
0.025786
0.025567
0.025217
0.025232
0.025054
0.025129
0.024994
0.024997
0.025134
0.025184
0.025189
0.024980
0.024850
0.024788
0.024897
0.024757
0.024674
0.024854
0.024726
0.024787
0.025172
0.024767
0.024883
0.024777
0.024808
0.024774
0.024667
0.024776
0.024483
0.024478
0.024578
0.024497
0.024483
0.024449
0.024406
0.024413
0.024727
0.024438
0.024431
0.024402
0.024577
0.024615
0.024431
0.024426
0.024528
0.024485
0.024491
0.024421
0.024354
0.024371
0.024779
0.024491
0.024408
0.024338
0.024346
0.024345
0.024320
0.024338
0.024330
0.024352
0.024450
0.024390
0.024373
0.024379
0.024358
0.024357
0.024338
0.024317
0.024325
0.024306
0.024429
0.024348
0.024321
0.024329
0.024305
0.024300
0.024329
0.024291
0.024665
0.024317
0.024431
0.024373
0.024307
0.024318
0.024273
0.024302
0.024324
0.024304
0.024279
0.024292
0.024408
0.024318
0.024425
0.024337
0.024320
0.024275
0.024301
0.024294
0.024280
0.024288
0.024394
0.024377
0.024335
0.024300
0.024324
0.024336
0.024296
0.024274
0.024283
0.024278
0.024311
0.024406
0.024313
0.024282
0.024360
0.024289
0.024269
0.024237
0.024264
0.024621
0.024304
0.024428
0.024553
0.024355
0.024312
0.024286
0.024263
0.024278
0.024262
0.024267
0.024264
0.024405
0.024325
0.024338
0.024319
0.024278
0.024285
0.024272
0.024255
0.024257
0.024251
0.024416
0.024324
0.024280
0.024295
0.024264
0.024310
0.024294
0.024269
0.024243
0.024273
0.024360
0.024297
0.024271
0.024256
0.024257
0.024242
0.024223
0.024272
0.024250
0.024242
0.024781
0.024354
0.024274
0.024250
0.024272
0.024233
0.024233
0.024258
0.024263
0.024239
0.024375
0.024286
0.024291
0.024341
0.024253
0.024251
0.024229
0.024218
0.024226
0.024245
0.024363
0.024311
0.024252
0.024287
0.024249
0.024253
0.024251
0.024307
0.024273
0.024249
0.024337
0.024324
0.024272
0.024254
0.024264
0.024228
0.024224
0.024235
0.024248
0.025746
0.028181
0.028057
0.026759
0.025710
0.025295
0.025462
0.025996
0.026156
0.026022
0.025909
0.026019
0.025909
0.025782
0.025974
0.025800
0.025817
0.025782
0.025820
0.025777
0.025798
0.025804
0.025757
0.025640
0.024453
0.024443
0.024442
0.024431
0.024426
0.024396
0.024663
0.024441
0.024404
0.024406
0.024380
0.024357
0.024358
0.024360
0.024355
0.024409
0.024478
0.024383
0.024714
0.024390
0.024347
0.024345
0.024364
0.024319
0.024336
0.024328
0.024678
0.024484
0.024429
0.024579
0.024598
0.024438
0.024388
0.024335
0.024359
0.024358
0.024453
0.024409
0.024356
0.024361
0.024361
0.024376
0.024337
0.024357
0.024335
0.024326
0.024401
0.024324
0.024299
0.024298
0.024331
0.024329
0.024287
0.024302
0.024304
0.024282
0.024437
0.024372
0.024305
0.024662
0.024358
0.024289
0.024353
0.024317
0.024305
0.024286
0.024394
0.024362
0.024328
0.024309
0.024290
0.024304
0.024356
0.024322
0.024315
0.024273
0.024383
0.024357
0.024312
0.024271
0.024298
0.024280
0.024271
0.024285
0.024256
0.024304
0.024287
0.024433
0.024285
0.024263
0.024279
0.024264
0.024284
0.024290
0.024276
0.024580
0.024363
0.024453
0.024290
0.024294
0.024259
0.024647
0.024294
0.024274
0.024311
0.024269
0.024292
0.024379
0.024294
0.024318
0.024261
0.024261
0.024235
0.024414
0.024287
0.024260
0.024278
0.024382
0.024300
0.024278
0.024237
0.024238
0.024265
0.024262
0.024245
0.024263
0.024245
0.024379
0.024262
0.024224
0.024235
0.024211
0.024840
0.024372
0.024306
0.024288
0.024271
0.024330
0.024283
0.024247
0.024214
0.024221
0.024560
0.024259
0.024314
0.024270
0.024275
0.024482
0.024363
0.024278
0.024271
0.024235
0.024208
0.024247
0.024306
0.024279
0.024275
0.024374
0.024308
0.024259
0.024236
0.024224
0.024225
0.024259
0.024230
0.024205
0.024237
0.024326
0.024277
0.024256
0.024277
0.024216
0.024210
0.024218
0.024184
0.024220
0.024198
0.024370
0.024288
0.024450
0.027052
0.028128
0.027060
0.027570
0.026647
0.026323
0.026076
0.026048
0.025890
0.025915
0.025932
0.025830
0.025808
0.025826
0.025875
0.025826
0.025829
0.025803
0.025769
0.025760
0.025728
0.025762
0.025857
0.025898
0.025753
0.025834
0.025824
0.025779
0.025786
0.025809
0.025857
0.025703
0.025766
0.024551
0.024432
0.024500
0.024448
0.024457
0.024411
0.024405
0.024380
0.024352
0.024383
0.024785
0.024397
0.024505
0.024397
0.024410
0.024383
0.024364
0.024390
0.024346
0.024404
0.024610
0.024450
0.024479
0.024421
0.024393
0.024389
0.024367
0.024367
0.024350
0.024364
0.024380
0.024379
0.024332
0.024525
0.024374
0.024361
0.024381
0.024304
0.024346
0.024319
0.024303
0.024277
0.024310
0.024484
0.024351
0.024364
0.024370
0.024316
0.024355
0.024307
0.024302
0.024656
0.024777
0.024581
0.024407
0.024309
0.024293
0.024313
0.024322
0.024306
0.024294
0.024282
0.024398
0.024444
0.024373
0.024324
0.024329
0.024323
0.024278
0.024280
0.024306
0.024329
0.024327
0.024524
0.024366
0.024368
0.024293
0.024292
0.024301
0.024282
0.024293
0.024301
0.024292
0.025259
0.024847
0.024573
0.024493
0.024413
0.024378
0.024381
0.024349
0.024496
0.024778
0.024648
0.024410
0.024391
0.024453
0.024416
0.024355
0.024329
0.024344
0.024327
0.024313
0.024511
0.024364
0.024347
0.024298
0.024304
0.024290
0.024312
0.024296
0.024305
0.024302
0.024447
0.024467
0.024637
0.024419
0.024362
0.024346
0.024338
0.024299
0.024311
0.024286
0.024393
0.024326
0.024281
0.024266
0.024286
0.024265
0.024292
0.024271
0.024256
0.024270
0.024378
0.024690
0.024354
0.024294
0.024263
0.024294
0.024260
0.024331
0.024283
0.024290
0.024383
0.024433
0.024327
0.024281
0.024255
0.024259
0.024228
0.024276
0.024296
0.024275
0.024366
0.024315
0.024310
0.024302
0.024269
0.024277
0.024304
0.024257
0.024235
0.024248
0.024306
0.024403
0.024296
0.024269
0.024260
0.024311
0.024247
0.027881
0.028107
0.027634
0.027146
0.026619
0.026587
0.026057
0.025934
0.025830
0.025794
0.025777
0.025772
0.025774
0.025855
0.025826
0.025755
0.025727
0.025633
0.025332
0.024631
0.024552
0.024543
0.024590
0.024538
0.024502
0.024531
0.024515
0.024509
0.024529
0.024526
0.024634
0.024488
0.024544
0.024482
0.024464
0.024471
0.024438
0.024437
0.024422
0.024421
0.024399
0.024386
0.024528
0.024450
0.024436
0.024793
0.024426
0.024402
0.024406
0.024415
0.024532
0.024474
0.024508
0.024663
0.024703
0.024476
0.024430
0.024395
0.024368
0.024354
0.024350
0.024379
0.024451
0.024441
0.024409
0.024367
0.024390
0.024407
0.024386
0.024362
0.024383
0.024667
0.024666
0.024467
0.024381
0.024367
0.024382
0.024397
0.024347
0.024350
0.024351
0.024385
0.024392
0.024388
0.024388
0.024415
0.024735
0.024411
0.024477
0.024452
0.024371
0.024336
0.024411
0.024376
0.024366
0.024397
0.024404
0.024342
0.024328
0.024333
0.024332
0.024321
0.024322
0.024452
0.024342
0.025711
0.025189
0.024855
0.024676
0.024602
0.024556
0.024522
0.024595
0.024578
0.024488
0.024461
0.024461
0.024442
0.024444
0.024446
0.024398
0.024416
0.024486
0.024517
0.024425
0.024403
0.024420
0.025446
0.024682
0.024498
0.024444
0.024393
0.024636
0.024573
0.024443
0.024380
0.024494
0.024434
0.024355
0.024357
0.024384
0.024372
0.024376
0.024485
0.024394
0.024355
0.024418
0.024371
0.024416
0.024403
0.024331
0.024342
0.024314
0.024492
0.024364
0.024338
0.024335
0.024348
0.024339
0.024307
0.024319
0.024330
0.024292
0.024476
0.024324
0.024343
0.024294
0.024322
0.024349
0.024704
0.024342
0.024341
0.024348
0.024448
0.024367
0.024323
0.024306
0.024372
0.024375
0.024330
0.024322
0.024310
0.024327
0.024410
0.024329
0.024289
0.024266
0.024329
0.024335
0.024328
0.024295
0.024347
0.024258
0.024406
0.024326
0.024304
0.024312
0.024281
0.024303
0.024275
0.024249
0.024277
0.024269
0.027027
0.027324
0.026517
0.026520
0.025435
0.024914
0.025087
0.024730
0.024640
0.024583
0.024703
0.024687
0.024550
0.024571
0.024557
0.024582
0.024524
0.024513
0.024484
0.024497
0.024615
0.024502
0.024488
0.024472
0.024464
0.024485
0.024467
0.024473
0.024461
0.024446
0.024548
0.024672
0.024474
0.024624
0.024495
0.024453
0.024499
0.024494
0.024474
0.024456
0.024666
0.024491
0.024461
0.024493
0.024808
0.024449
0.024426
0.024427
0.025231
0.024661
0.024521
0.024491
0.024420
0.024376
0.024636
0.024500
0.024451
0.024381
0.024388
0.024424
0.024512
0.024397
0.024363
0.024321
0.024435
0.024419
0.024483
0.024412
0.024362
0.024354
0.024601
0.024420
0.024376
0.024309
0.024338
0.024346
0.024389
0.024395
0.024366
0.024353
0.024466
0.024355
0.024351
0.024370
0.024289
0.024303
0.024291
0.024323
0.024354
0.024632
0.024446
0.024300
0.024313
0.024275
0.024294
0.024295
0.024354
0.024382
0.024295
0.024272
0.024408
0.024356
0.024298
0.024302
0.024286
0.024295
0.024292
0.024265
0.024350
0.024348
0.024420
0.024315
0.024310
0.024289
0.024259
0.024244
0.024251
0.024267
0.024229
0.024257
0.024413
0.024320
0.024263
0.024234
0.024270
0.024245
0.024436
0.024343
0.024287
0.024313
0.024721
0.024363
0.024286
0.024251
0.024297
0.024262
0.024245
0.024296
0.024308
0.024227
0.024357
0.024289
0.024265
0.024260
0.024237
0.024219
0.024242
0.024267
0.024286
0.024235
0.024346
0.024305
0.024272
0.024302
0.024264
0.024241
0.024241
0.024250
0.024217
0.024209
0.024299
0.024294
0.024261
0.024243
0.024220
0.024276
0.024258
0.024207
0.024216
0.024261
0.024247
0.024353
0.024584
0.024234
0.024269
0.024260
0.024232
0.024216
0.024242
0.024315
0.024250
0.024418
0.024287
0.024273
0.024227
0.024248
0.024259
0.024232
0.024265
0.024258
0.024251
0.024385
0.024276
0.024253
0.024338
0.024316
0.024263
0.024249
0.024244
0.024232
0.024233
0.024343
0.024261
0.024285
0.024236
0.028440
0.027311
0.026906
0.026933
0.026458
0.026211
0.026000
0.026331
0.025907
0.025746
0.025769
0.025725
0.025768
0.025716
0.025719
0.025774
0.025684
0.025647
0.025605
0.025611
0.025585
0.025592
0.025596
0.025581
0.025663
0.025606
0.025619
0.025574
0.025563
0.025675
0.025601
0.025562
0.025555
0.025214
0.024597
0.024483
0.024390
0.024405
0.024422
0.024461
0.024401
0.024374
0.024390
0.024385
0.024577
0.024433
0.024380
0.024855
0.024463
0.024496
0.024476
0.024378
0.024567
0.024504
0.024534
0.024438
0.024362
0.024339
0.024369
0.024359
0.024327
0.024355
0.024350
0.024303
0.024485
0.024530
0.024349
0.024335
0.024319
0.024311
0.024344
0.024328
0.024341
0.024371
0.024396
0.024398
0.024342
0.024320
0.024355
0.024317
0.024335
0.024313
0.024312
0.024302
0.024416
0.024442
0.024360
0.024350
0.024330
0.024648
0.024341
0.024355
0.024336
0.024350
0.024482
0.024408
0.024359
0.024320
0.024344
0.024298
0.024328
0.024273
0.024296
0.024281
0.024362
0.024332
0.024370
0.024340
0.024277
0.024291
0.024313
0.024311
0.024266
0.024278
0.024296
0.024447
0.024337
0.024430
0.025170
0.024658
0.024504
0.024413
0.024403
0.024365
0.024359
0.024486
0.024393
0.024362
0.024347
0.024346
0.024656
0.024357
0.024348
0.024300
0.024302
0.024449
0.024412
0.024337
0.024322
0.024265
0.024271
0.024294
0.024261
0.024296
0.024290
0.024552
0.024305
0.024285
0.024321
0.024292
0.024285
0.024282
0.024288
0.024233
0.024295
0.024399
0.024327
0.024300
0.024360
0.024319
0.024318
0.024294
0.024265
0.024273
0.024273
0.024416
0.024318
0.024433
0.024383
0.024354
0.024374
0.024615
0.024350
0.024302
0.024304
0.024380
0.024313
0.024359
0.024318
0.024264
0.024266
0.024262
0.024231
0.024268
0.024275
0.024391
0.024327
0.024303
0.024278
0.024307
0.024299
0.024239
0.024289
0.024240
0.024248
0.024330
0.024314
0.024274
0.024281
0.024288
0.024278
0.024249
0.024308
0.028471
0.028088
0.027260
0.026769
0.026302
0.026076
0.025944
0.025888
0.025823
0.026152
0.025820
0.025770
0.025852
0.025784
0.025773
0.025722
0.025594
0.025710
0.025659
0.025690
0.025632
0.025620
0.025622
0.025674
0.025581
0.024983
0.024540
0.024497
0.024473
0.024622
0.024504
0.024570
0.024484
0.024427
0.024430
0.024435
0.024455
0.024451
0.024482
0.024429
0.024414
0.024554
0.024651
0.024448
0.024439
0.024379
0.024390
0.024408
0.024392
0.024788
0.024438
0.024489
0.024425
0.024675
0.024474
0.024449
0.024410
0.024382
0.024365
0.024386
0.024359
0.024471
0.024393
0.024352
0.024343
0.024345
0.024363
0.024358
0.024380
0.024454
0.024427
0.024480
0.024353
0.024366
0.024331
0.024307
0.024317
0.024313
0.024299
0.024312
0.024312
0.024469
0.024356
0.024332
0.024348
0.024316
0.024365
0.024328
0.024327
0.024338
0.024309
0.024816
0.024379
0.024348
0.024332
0.024426
0.024359
0.024329
0.024337
0.024326
0.024295
0.024443
0.024314
0.024325
0.024345
0.024335
0.024335
0.024375
0.024329
0.024279
0.024310
0.024419
0.024346
0.024313
0.024289
0.024318
0.024285
0.024288
0.024299
0.024281
0.024336
0.024364
0.024348
0.024315
0.024336
0.024603
0.024365
0.024384
0.024342
0.024397
0.024482
0.024475
0.024709
0.024381
0.024346
0.024276
0.024344
0.024314
0.024309
0.024314
0.024324
0.024425
0.024342
0.024274
0.024319
0.024280
0.024275
0.024303
0.024351
0.024290
0.024302
0.024392
0.024357
0.024304
0.024280
0.024294
0.024314
0.024265
0.024250
0.024275
0.024257
0.024290
0.024449
0.024325
0.024258
0.024299
0.024276
0.024263
0.024282
0.024306
0.024273
0.024269
0.024386
0.024273
0.024662
0.024321
0.024270
0.024377
0.024317
0.024266
0.024282
0.024254
0.024437
0.024313
0.024244
0.024250
0.024239
0.024285
0.024296
0.024293
0.024283
0.024257
0.024414
0.024297
0.024286
0.024243
0.024229
0.024227
0.024231
0.024237
0.024272
0.024244
0.024417
0.026824
0.027899
0.027507
0.026239
0.025339
0.025165
0.024853
0.024804
0.024902
0.024793
0.024749
0.025076
0.024726
0.024680
0.024838
0.024663
0.024607
0.024813
0.024833
0.024737
0.024697
0.024606
0.024551
0.024542
0.024525
0.024598
0.024702
0.024612
0.024842
0.024577
0.024525
0.024620
0.024484
0.024461
0.024460
0.024468
0.024449
0.024444
0.024547
0.024504
0.024464
0.024484
0.024436
0.024412
0.024467
