0.001865
0.001253
0.001257
0.001262
0.001205
0.001204
0.001210
0.001177
0.001160
0.001162
0.001151
0.001117
0.001116
0.001128
0.001081
0.001076
0.001079
0.001081
0.001046
0.001043
0.001046
0.001042
0.001010
0.001012
0.001009
0.001005
0.000977
0.000979
0.000978
0.000973
0.000951
0.000950
0.000950
0.000954
0.000952
0.000922
0.000923
0.000954
0.000954
0.000895
0.000896
0.000899
0.000964
0.000919
0.000895
0.000895
0.000969
0.000965
0.000893
0.000894
0.000931
0.000953
0.000897
0.000895
0.000897
0.000973
0.000920
0.000894
0.000897
0.000951
0.000940
0.000896
0.000899
0.000931
0.000959
0.000896
0.000897
0.000894
0.000900
0.000898
0.000897
0.000896
0.000898
0.000898
0.000896
0.000893
0.000902
0.000896
0.000898
0.000894
0.000896
0.000945
0.000945
0.000894
0.000896
0.000900
0.000896
0.000892
0.000970
0.001039
0.001050
0.001045
0.001044
0.001031
0.001002
0.000951
0.000947
0.000927
0.000972
0.000949
0.000950
0.000951
0.000954
0.000948
0.000947
0.000949
0.000957
0.000953
0.000952
0.000950
0.000957
0.000951
0.000952
0.000949
0.000957
0.000952
0.000949
0.000948
0.000957
0.000949
0.000950
0.000949
0.000951
0.000955
0.000949
0.000950
0.000954
0.000953
0.000947
0.000948
0.000950
0.000953
0.000950
0.000952
0.000950
0.000954
0.000952
0.000948
0.000945
0.000951
0.000951
0.000951
0.000949
0.000949
0.000952
0.000951
0.000950
0.000950
0.000953
0.000951
0.000950
0.000908
0.000965
0.000930
0.000940
0.000949
0.000953
0.000952
0.000949
0.000951
0.000951
0.000954
0.000949
0.000950
0.000950
0.000954
0.000950
0.000951
0.000950
0.000956
0.000952
0.000947
0.000951
0.000955
0.000952
0.000949
0.000946
0.000955
0.000951
0.000948
0.000952
0.000950
0.000957
0.000950
0.000950
0.000950
0.000953
0.000951
0.000949
0.000950
0.000954
0.000948
0.000949
0.000949
0.000952
0.000948
0.000950
0.000950
0.000955
0.000950
0.000952
0.000948
0.000949
0.000957
0.000949
0.000950
0.000949
0.000953
0.000951
0.000948
0.000951
0.000952
0.000948
0.000948
0.000950
0.000954
0.000950
0.000951
0.000949
0.000994
0.000950
0.000948
0.000949
0.000948
0.000997
0.000974
0.000949
0.000946
0.000953
0.000948
0.000947
0.000948
0.000955
0.000949
0.000951
0.000950
0.000952
0.000948
0.000946
0.000949
0.000956
0.000948
0.000948
0.000949
0.000949
0.000955
0.000946
0.000948
0.000947
0.000953
0.000948
0.000949
0.000949
0.000953
0.000948
0.000946
0.000951
0.000953
0.000950
0.000949
0.000949
0.000952
0.000948
0.000951
0.000951
0.000950
0.000955
0.000950
0.000949
0.000948
0.000954
0.000951
0.000949
0.000949
0.000955
0.000949
0.000950
0.000951
0.000954
0.000950
0.000948
0.000948
0.000952
0.000949
0.000948
0.000949
0.000948
0.000953
0.000948
0.000952
0.000947
0.000955
0.000950
0.000949
0.000948
0.000954
0.000948
0.000951
0.000952
0.000952
0.000951
0.000949
0.000949
0.000947
0.000952
0.000949
0.000950
0.000951
0.000953
0.000952
0.000950
0.000949
0.000956
0.000949
0.000949
0.000949
0.000952
0.000951
0.000948
0.000952
0.000953
0.000950
0.000949
0.000951
0.000952
0.000953
0.000948
0.000950
0.000949
0.000955
0.000950
0.000951
0.000950
0.000952
0.000950
0.000949
0.000950
0.000953
0.000948
0.000949
0.000949
0.000952
0.000949
0.000949
0.000949
0.000951
0.000956
0.000949
0.000949
0.000953
0.000954
0.000950
0.000951
0.000947
0.000953
0.000950
0.000946
0.000947
0.000952
0.000949
0.000950
0.000949
0.000952
0.000949
0.000950
0.000950
0.000947
0.000957
0.000945
0.000950
0.000951
0.000953
0.000949
0.000947
0.000948
0.000953
0.000950
0.000951
0.000949
0.000951
0.000949
0.000948
0.000948
0.000953
0.000948
0.000951
0.000951
0.000949
0.000954
0.000951
0.000948
0.000948
0.000953
0.000949
0.000950
0.000949
0.000952
0.000951
0.000950
0.000950
0.000955
0.000950
0.000949
0.000947
0.000951
0.000949
0.000950
0.000951
0.000950
0.000953
0.000950
0.000950
0.000950
0.000956
0.000949
0.000948
0.000949
0.000954
0.000953
0.000951
0.000949
0.000954
0.000950
0.000949
0.000947
0.000956
0.000948
0.000949
0.000950
0.000949
0.000955
0.000948
0.000950
0.000949
0.000950
0.000948
0.000947
0.000952
0.000952
0.000948
0.000951
0.000950
0.000954
0.000949
0.000950
0.000948
0.000951
0.000953
0.000948
0.000950
0.000949
0.000953
0.000948
0.000948
0.000947
0.000955
0.000950
0.000947
0.000948
0.000951
0.000951
0.000950
0.000950
0.000955
0.000952
0.000949
0.000948
0.000948
0.000954
0.000952
0.000949
0.000948
0.000953
0.000948
0.000951
0.000949
0.000952
0.000923
0.000899
0.000894
0.000899
0.000897
0.000952
0.000954
0.000896
0.000903
0.000895
0.000894
0.000894
0.000901
0.000898
0.000895
0.000894
0.000899
0.000901
0.000894
0.000897
0.000898
0.000900
0.000896
0.000896
0.000897
0.000900
0.000894
0.000896
0.000898
0.000898
0.000899
0.000896
0.000895
0.000898
0.000898
0.000897
0.000897
0.000895
0.000897
0.000899
0.000897
0.000897
0.000893
0.000899
0.000895
0.000897
0.000895
0.000897
0.000899
0.000896
0.000896
0.000896
0.000899
0.000894
0.000896
0.000897
0.000893
0.000901
0.000896
0.000896
0.000893
0.000900
0.000897
0.000895
0.000896
0.000896
0.000899
0.000897
0.000895
0.000896
0.000898
0.000897
0.000894
0.000896
0.000897
0.000901
0.000896
0.000897
0.000897
0.000900
0.000893
0.000895
0.000896
0.000900
0.000897
0.000896
0.000896
0.000894
0.000899
0.000901
0.000893
0.000894
0.000902
0.000895
0.000895
0.000896
0.000895
0.000897
0.000898
0.000895
0.000896
0.000901
0.000896
0.000896
0.000895
0.000896
0.000896
0.000897
0.000896
0.000896
0.000898
0.000897
0.000895
0.000895
0.000895
0.000916
0.000899
0.000895
0.000897
0.000900
0.000896
0.000896
0.000894
0.000894
0.000901
0.000897
0.000896
0.000896
0.000901
0.000896
0.000896
0.000896
0.000901
0.000896
0.000896
0.000894
0.000894
0.000899
0.000895
0.000894
0.000896
0.000901
0.000899
0.000896
0.000895
0.000897
0.000898
0.000896
0.000896
0.000895
0.000898
0.000897
0.000896
0.000895
0.000896
0.000902
0.000897
0.000895
0.000894
0.000901
0.000899
0.000898
0.000893
0.000898
0.000900
0.000900
0.000895
0.000897
0.000898
0.000897
0.000896
0.000895
0.000898
0.000900
0.000895
0.000896
0.000897
0.000900
0.000895
0.000896
0.000898
0.000897
0.000896
0.000896
0.000898
0.000895
0.000896
0.000897
0.000896
0.000896
0.000898
0.000896
0.000896
0.000899
0.000895
0.000899
0.000897
0.000895
0.000897
0.000898
0.000897
0.000896
0.000896
0.000895
0.000903
0.000894
0.000898
0.000895
0.000900
0.000898
0.000897
0.000896
0.000897
0.000897
0.000898
0.000895
0.000893
0.000900
0.000898
0.000895
0.000896
0.000897
0.000962
0.000977
0.000895
0.000899
0.000898
0.000895
0.000895
0.000897
0.000899
0.000896
0.000895
0.000897
0.000897
0.000898
0.000894
0.000893
0.000898
0.000899
0.000896
0.000896
0.000897
0.000897
0.000900
0.000895
0.000895
0.000898
0.000900
0.000897
0.000896
0.000895
0.000896
0.000898
0.000892
0.000896
0.000895
0.000898
0.000895
0.000894
0.000894
0.000898
0.000899
0.000894
0.000897
0.000894
0.000899
0.000896
0.000895
0.000898
0.000895
0.000901
0.000895
0.000894
0.000897
0.000900
0.000897
0.000898
0.000939
0.000951
0.000912
0.000895
0.000895
0.000897
0.000903
0.000898
0.000897
0.000894
0.000899
0.000896
0.000898
0.000895
0.000896
0.000898
0.000894
0.000895
0.000897
0.000897
0.000896
0.000895
0.000893
0.000895
0.000902
0.000896
0.000894
0.000896
0.000901
0.000897
0.000895
0.000895
0.000899
0.000897
0.000894
0.000896
0.000894
0.000899
0.000894
0.000896
0.000895
0.000898
0.000896
0.000895
0.000894
0.000894
0.000901
0.000893
0.000896
0.000898
0.000898
0.000897
0.000896
0.000894
0.000895
0.000900
0.000897
0.000897
0.000897
0.000898
0.000897
0.000894
0.000894
0.000895
0.000898
0.000894
0.000899
0.000897
0.000901
0.000897
0.000898
0.000896
0.000895
0.000901
0.000896
0.000895
0.000897
0.000902
0.000895
0.000896
0.000897
0.000896
0.000900
0.000896
0.000897
0.000895
0.000900
0.000898
0.000895
0.000895
0.000898
0.000894
0.000895
0.000894
0.000896
0.000897
0.000897
0.000895
0.000895
0.000902
0.000897
0.000893
0.000896
0.000898
0.000903
0.000895
0.000894
0.000896
0.000898
0.000895
0.000893
0.000898
0.000896
0.000900
0.000894
0.000895
0.000896
0.000897
0.000897
0.000896
0.000897
0.000895
0.000899
0.000895
0.000897
0.000895
0.000898
0.000898
0.000897
0.000896
0.000897
0.000899
0.000898
0.000898
0.000894
0.000898
0.000896
0.000894
0.000896
0.000894
0.000898
0.000898
0.000897
0.000896
0.000898
0.000896
0.000897
0.000897
0.000901
0.000896
0.000896
0.000897
0.000896
0.000898
0.000897
0.000895
0.000892
0.000900
0.000897
0.000899
0.000894
0.000897
0.000900
0.000897
0.000895
0.000896
0.000900
0.000896
0.000896
0.000895
0.000897
0.000898
0.000898
0.000895
0.000899
0.000899
0.000896
0.000892
0.000894
0.000896
0.000896
0.000898
0.000897
0.000896
0.000899
0.000896
0.000895
0.000897
0.000895
0.000898
0.000897
0.000898
0.000895
0.000897
0.000894
0.000896
0.000894
0.000897
0.000894
0.000896
0.000893
0.000896
0.000899
0.000897
0.000893
0.000895
0.000899
0.000896
0.000896
0.000897
0.000894
0.000900
0.000896
0.000894
0.000895
0.000897
0.000896
0.000897
0.000895
0.000895
0.000900
0.000895
0.000896
0.000896
0.000899
0.000896
0.000899
0.000897
0.000896
0.000897
0.000896
0.000897
0.000897
0.000901
0.000898
0.000896
0.000898
0.000896
0.000899
0.000895
0.000897
0.000896
0.000898
0.000896
0.000894
0.000894
0.000897
0.000899
0.000897
0.000897
0.000897
0.000896
0.000895
0.000896
0.000894
0.000900
0.000897
0.000894
0.000894
0.000896
0.000899
0.000895
0.000895
0.000895
0.000902
0.000895
0.000898
0.000895
0.000895
0.000901
0.000896
0.000895
0.000896
0.000920
0.000949
0.000933
0.000897
0.000894
0.000900
0.000896
0.000896
0.000895
0.000897
0.000895
0.000897
0.000894
0.000895
0.000899
0.000895
0.000894
0.000897
0.000900
0.000893
0.000895
0.000897
0.000899
0.000895
0.000896
0.000893
0.000895
0.000901
0.000895
0.000895
0.000894
0.000903
0.000895
0.000895
0.000894
0.000896
0.000898
0.000894
0.000895
0.000896
0.000901
0.000896
0.000896
0.000897
0.000897
0.000897
0.000893
0.000892
0.000898
0.000901
0.000894
0.000894
0.000895
0.000895
0.000897
0.000897
0.000897
0.000897
0.000898
0.000895
0.000897
0.000896
0.000895
0.000899
0.000897
0.000896
0.000895
0.000898
0.000897
0.000895
0.000897
0.000898
0.000898
0.000894
0.000897
0.000897
0.000898
0.000896
0.000896
0.000895
0.000897
0.000895
0.000899
0.000898
0.000894
0.000900
0.000897
0.000895
0.000898
0.000898
0.000895
0.000896
0.000895
0.000895
0.000900
0.000895
0.000898
0.000895
0.000899
0.000896
0.000897
0.000897
0.000896
0.000900
0.000895
0.000894
0.000896
0.000899
0.000898
0.000896
0.000895
0.000897
0.000899
0.000898
0.000896
0.000895
0.000900
0.000898
0.000896
0.000893
0.000895
0.000901
0.000897
0.000896
0.000895
0.000901
0.000896
0.000894
0.000897
0.000901
0.000896
0.000893
0.000896
0.000895
0.000902
0.000895
0.000895
0.000894
0.000901
0.000896
0.000894
0.000898
0.000897
0.000898
0.000896
0.000897
0.000895
0.000899
0.000895
0.000894
0.000900
0.000894
0.000899
0.000897
0.000899
0.000894
0.000897
0.000894
0.000895
0.000894
0.000896
0.000898
0.000895
0.000895
0.000896
0.000898
0.000895
0.000894
0.000894
0.000896
0.000900
0.000894
0.000896
0.000896
0.000898
0.000898
0.000895
0.000897
0.000896
0.000896
0.000897
0.000896
0.000897
0.000900
0.000897
0.000894
0.000897
0.000899
0.000895
0.000894
0.000893
0.000896
0.000900
0.000895
0.000899
0.000899
0.000897
0.000898
0.000896
0.000897
0.000897
0.000899
0.000894
0.000896
0.000897
0.000901
0.000897
0.000896
0.000895
0.000897
0.000903
0.000896
0.000894
0.000898
0.000902
0.000895
0.000896
0.000896
0.000895
0.000897
0.000895
0.000895
0.000898
0.000900
0.000897
0.000899
0.000897
0.000897
0.000899
0.000895
0.000896
0.000894
0.000897
0.000897
0.000897
0.000895
0.000902
0.000897
0.000892
0.000897
0.000894
0.000900
0.000897
0.000896
0.000897
0.000901
0.000897
0.000894
0.000895
0.000895
0.000901
0.000897
0.000898
0.000898
0.000903
0.000896
0.000897
0.000896
0.000895
0.000901
0.000899
0.000897
0.000895
0.000899
0.000896
0.000897
0.000898
0.000897
0.000899
0.000895
0.000897
0.000896
0.000900
0.000895
0.000949
0.000958
0.000900
0.000897
0.000897
0.000897
0.000896
0.000903
0.000897
0.000896
0.000895
0.000901
0.000896
0.000894
0.000895
0.000895
0.000901
0.000895
0.000896
0.000896
0.000899
0.000895
0.000895
0.000896
0.000894
0.000898
0.000898
0.000898
0.001006
0.001023
0.001017
0.000976
0.000947
0.000955
0.000949
0.000948
0.000948
0.000953
0.000959
0.000896
0.000895
0.000894
0.000902
0.000898
0.000897
0.000897
0.000901
0.000896
0.000898
0.000896
0.000895
0.000966
0.000924
0.000898
0.000896
0.000898
0.000897
0.000896
0.000897
0.000903
0.000897
0.000898
0.000898
0.000898
0.000900
0.000898
0.000895
0.000894
0.000899
0.000897
0.000896
0.000899
0.000897
0.000901
0.000895
0.000896
0.000896
0.000900
0.000898
0.000897
0.000897
0.000895
0.000897
0.000897
0.000895
0.000895
0.000899
0.000898
0.000893
0.000898
0.000897
0.000901
0.000896
0.000898
0.000898
0.000901
0.000896
0.000895
0.000899
0.000898
0.000897
0.000898
0.000898
0.000897
0.000898
0.000896
0.000897
0.000898
0.000900
0.000895
0.000896
0.000895
0.000896
0.000899
0.000897
0.000897
0.000896
0.000900
0.000896
0.000896
0.000896
0.000896
0.000902
0.000894
0.000896
0.000895
0.000899
0.000897
0.000895
0.000895
0.000894
0.000903
0.000898
0.000895
0.000899
0.000898
0.000895
0.000899
0.000896
0.000895
0.000900
0.000896
0.000896
0.000895
0.000899
0.000895
0.000898
0.000894
0.000899
0.000895
0.000898
0.000896
0.000896
0.000902
0.000892
0.000897
0.000895
0.000900
0.000897
0.000896
0.000897
0.000898
0.000897
0.000896
0.000894
0.000897
0.000900
0.000897
0.000897
0.000897
0.000897
0.000900
0.000895
0.000894
0.000896
0.000900
0.000898
0.000893
0.000898
0.000894
0.000902
0.000892
0.000896
0.000898
0.000901
0.000896
0.000897
0.000896
0.000895
0.000902
0.000897
0.000896
0.000898
0.000900
0.000898
0.000895
0.000897
0.000901
0.000896
0.000896
0.000897
0.000894
0.000899
0.000896
0.000895
0.000898
0.000898
0.000898
0.000894
0.000897
0.000899
0.000899
0.000896
0.000897
0.000896
0.000896
0.000897
0.000896
0.000895
0.000896
0.000900
0.000897
0.000894
0.000897
0.000899
0.000895
0.000896
0.000896
0.000897
0.000899
0.000895
0.000896
0.000895
0.000899
0.000896
0.000897
0.000896
0.000893
0.000899
0.000894
0.000896
0.000895
0.000901
0.000894
0.000894
0.000899
0.000895
0.000899
0.000896
0.000896
0.000896
0.000901
0.000896
0.000894
0.000894
0.000900
0.000896
0.000898
0.000896
0.000896
0.000900
0.000897
0.000898
0.000894
0.000899
0.000895
0.000898
0.000896
0.000895
0.000901
0.000896
0.000896
0.000934
0.000957
0.000915
0.000894
0.000895
0.000895
0.000898
0.000898
0.000897
0.000897
0.000898
0.000898
0.000897
0.000895
0.000900
0.000898
0.000896
0.000897
0.000898
0.000901
0.000894
0.000896
0.000898
0.000898
0.000896
0.000895
0.000897
0.000897
0.000902
0.000895
0.000894
0.000894
0.000900
0.000897
0.000896
0.000896
0.000895
0.000897
0.000895
0.000895
0.000894
0.000902
0.000897
0.000896
0.000898
0.000896
0.000899
0.000895
0.000896
0.000897
0.000897
0.000895
0.000896
0.000898
0.000896
0.000899
0.000895
0.000896
0.000895
0.000899
0.000895
0.000897
0.000894
0.000896
0.000898
0.000896
0.000896
0.000896
0.000899
0.000896
0.000895
0.000898
0.000902
0.000895
0.000894
0.000896
0.000895
0.000897
0.000895
0.000896
0.000896
0.000899
0.000895
0.000895
0.000893
0.000896
0.000899
0.000898
0.000897
0.000895
0.000898
0.000897
0.000895
0.000895
0.000894
0.000901
0.000895
0.000897
0.000893
0.000901
0.000898
0.000895
0.000895
0.000897
0.000903
0.000896
0.000898
0.000895
0.000901
0.000896
0.000897
0.000895
0.000896
0.000896
0.000896
0.000894
0.000896
0.000902
0.000894
0.000895
0.000896
0.000907
0.000898
0.000899
0.000898
0.000898
0.000901
0.000895
0.000896
0.000896
0.000901
0.000897
0.000897
0.000895
0.000893
0.000901
0.000896
0.000898
0.000895
0.000899
0.000897
0.000896
0.000895
0.000892
0.000899
0.000895
0.000897
0.000898
0.000899
0.000895
0.000895
0.000894
0.000896
0.000899
0.000897
0.000893
0.000896
0.000898
0.000897
0.000899
0.000894
0.000897
0.000899
0.000895
0.000895
0.000895
0.000900
0.000896
0.000896
0.000897
0.000896
0.000900
0.000897
0.000897
0.000895
0.000900
0.000897
0.000895
0.000897
0.000897
0.000894
0.000898
0.000897
0.000895
0.000900
0.000893
0.000897
0.000897
0.000901
0.000897
0.000896
0.000898
0.000895
0.000898
0.000896
0.000897
0.000897
0.000899
0.000898
0.000896
0.000895
0.000897
0.000899
0.000897
0.000897
0.000897
0.000897
0.000900
0.000896
0.000898
0.000896
0.000897
0.000894
0.000897
0.000894
0.000900
0.000895
0.000896
0.000897
0.000895
0.000901
0.000900
0.000897
0.000894
0.000900
0.000896
0.000896
0.000896
0.000898
0.000895
0.000895
0.000896
0.000896
0.000899
0.000895
0.000895
0.000894
0.000898
0.000898
0.000896
0.000896
0.000895
0.000900
0.000900
0.000897
0.000893
0.000900
0.000895
0.000897
0.000893
0.000896
0.000899
0.000896
0.000896
0.000894
0.000901
0.000896
0.000895
0.000897
0.000893
0.000900
0.000897
0.000897
0.000895
0.000899
0.000899
0.000896
0.000895
0.000897
0.000898
0.000897
0.000895
0.000894
0.000920
0.000950
0.000937
0.000896
0.000898
0.000896
0.000896
0.000895
0.000897
0.000899
0.000896
0.000893
0.000897
0.000898
0.000894
0.000894
0.000894
0.000895
0.000898
0.000895
0.000894
0.000896
0.000899
0.000894
0.000898
0.000897
0.000897
0.000896
0.000895
0.000895
0.000895
0.000898
0.000896
0.000897
0.000896
0.000897
0.000897
0.000895
0.000894
0.000895
0.000896
0.000896
0.000894
0.000897
0.000896
0.000899
0.000894
0.000895
0.000896
0.000901
0.000899
0.000896
0.000894
0.000899
0.000899
0.000895
0.000897
0.000896
0.000901
0.000894
0.000894
0.000894
0.000898
0.000896
0.000895
0.000897
0.000896
0.000897
0.000896
0.000897
0.000897
0.000898
0.000896
0.000895
0.000899
0.000895
0.000901
0.000894
0.000897
0.000896
0.000898
0.000898
0.000896
0.000896
0.000895
0.000901
0.000896
0.000899
0.000894
0.000901
0.000894
0.000897
0.000897
0.000896
0.000899
0.000896
0.000895
0.000898
0.000902
0.000896
0.000893
0.000896
0.000901
0.000897
0.000898
0.000894
0.000899
0.000901
0.000896
0.000897
0.000895
0.000898
0.000896
0.000894
0.000894
0.000896
0.000900
0.000899
0.000896
0.000896
0.000900
0.000895
0.000895
0.000896
0.000896
0.000899
0.000895
0.000893
0.000897
0.000898
0.000894
0.000894
0.000898
0.000899
0.000899
0.000895
0.000898
0.000895
0.000899
0.000896
0.000898
0.000895
0.000895
0.000899
0.000892
0.000896
0.000897
0.000898
0.000896
0.000897
0.000897
0.000897
0.000895
