0.005269
0.003292
0.003228
0.003210
0.003179
0.003197
0.003163
0.003182
0.003183
0.003179
0.003172
0.003158
0.003173
0.003180
0.003165
0.003193
0.003152
0.003170
0.003164
0.003164
0.003150
0.003154
0.003166
0.003160
0.003171
0.003147
0.003178
0.003309
0.003343
0.003329
0.003268
0.003212
0.003185
0.003177
0.003178
0.003190
0.003166
0.003165
0.003158
0.003159
0.003153
0.003153
0.003184
0.003173
0.003166
0.003147
0.003151
0.003158
0.003141
0.003151
0.003149
0.003147
0.003160
0.003169
0.003139
0.003137
0.003154
0.003154
0.003148
0.003149
0.003145
0.003151
0.003146
0.003149
0.003135
0.003144
0.003157
0.003150
0.003156
0.003150
0.003158
0.003146
0.003157
0.003150
0.003144
0.003151
0.003157
0.003156
0.003156
0.003140
0.003162
0.003152
0.003152
0.003136
0.003146
0.003152
0.003149
0.003142
0.003131
0.003150
0.003151
0.003159
0.003152
0.003135
0.003150
0.003148
0.003144
0.003143
0.003147
0.003146
0.003151
0.003142
0.003138
0.003142
0.003135
0.003151
0.003139
0.003131
0.003149
0.003146
0.003150
0.003130
0.003146
0.003148
0.003142
0.003149
0.003138
0.003152
0.003143
0.003138
0.003142
0.003131
0.003149
0.003153
0.003149
0.003131
0.003135
0.003143
0.003139
0.003135
0.003138
0.003143
0.003139
0.003137
0.003140
0.003133
0.003142
0.003150
0.003145
0.003140
0.003139
0.003141
0.003150
0.003135
0.003126
0.003137
0.003136
0.003147
0.003146
0.003143
0.003147
0.003145
0.003142
0.003131
0.003134
0.003130
0.003144
0.003148
0.003139
0.003145
0.003154
0.003156
0.003147
0.003133
0.003162
0.003147
0.003142
0.003139
0.003159
0.003159
0.003151
0.003154
0.003142
0.003152
0.003144
0.003145
0.003148
0.003140
0.003150
0.003152
0.003148
0.003147
0.003140
0.003154
0.003143
0.003159
0.003144
0.003145
0.003139
0.003143
0.003137
0.003139
0.003158
0.003147
0.003144
0.003144
0.003150
0.003147
0.003159
0.003143
0.003152
0.003182
0.003146
0.003151
0.003147
0.003136
0.003155
0.003148
0.003147
0.003140
0.003140
0.003139
0.003142
0.003153
0.003136
0.003136
0.003147
0.003139
0.003147
0.003138
0.003145
0.003159
0.003148
0.003145
0.003142
0.003145
0.003143
0.003137
0.003151
0.003140
0.003140
0.003140
0.003144
0.003130
0.003138
0.003151
0.003140
0.003126
0.003141
0.003147
0.003144
0.003138
0.003141
0.003130
0.003139
0.003150
0.003144
0.003143
0.003138
0.003142
0.003141
0.003133
0.003134
0.003131
0.003141
0.003140
0.003145
0.003153
0.003152
0.003147
0.003148
0.003145
0.003138
0.003157
0.003143
0.003133
0.003135
0.003153
0.003158
0.003149
0.003149
0.003135
0.003147
0.003152
0.003137
0.003146
0.003146
0.003155
0.003144
0.003148
0.003142
0.003143
0.003155
0.003146
0.003140
0.003141
0.003145
0.003138
0.003143
0.003137
0.003138
0.003144
0.003134
0.003143
0.003129
0.003134
0.003150
0.003139
0.003140
0.003131
0.003140
0.003149
0.003154
0.003128
0.003136
0.003134
0.003140
0.003145
0.003135
0.003140
0.003140
0.003146
0.003140
0.003129
0.003149
0.003147
0.003141
0.003134
0.003133
0.009499
0.003333
0.003131
0.003089
0.003068
0.003067
0.003054
0.003059
0.003060
0.003072
0.003047
0.003061
0.003067
0.003057
0.003054
0.003043
0.003055
0.003055
0.003068
0.003051
0.003058
0.003056
0.003055
0.003045
0.003063
0.003068
0.003064
0.003053
0.003055
0.003061
0.003070
0.003055
0.003061
0.003071
0.003061
0.003059
0.003053
0.003064
0.003073
0.003071
0.003061
0.003057
0.003069
0.003061
0.003055
0.003071
0.003071
0.003065
0.003070
0.003049
0.003066
0.003063
0.003062
0.003049
0.003053
0.003052
0.003059
0.003055
0.003065
0.003061
0.003071
0.003052
0.003063
0.003063
0.003069
0.003053
0.003050
0.003064
0.003051
0.003073
0.003052
0.003057
0.003063
0.003061
0.003049
0.003059
0.003060
0.003063
0.003053
0.003056
0.003062
0.003060
0.003060
0.003050
0.003061
0.003063
0.003061
0.003048
0.003063
0.003066
0.003055
0.003060
0.003064
0.003068
0.003062
0.003055
0.003054
0.003071
0.003068
0.003067
0.003057
0.003059
0.003064
0.003060
0.003062
0.003072
0.003067
0.003064
0.003054
0.003063
0.003076
0.003067
0.003062
0.003058
0.003066
0.003072
0.003074
0.003050
0.003070
0.003071
0.003068
0.003066
0.003065
0.003061
0.003070
0.003058
0.003065
0.003063
0.003067
0.003064
0.003064
0.003069
0.003069
0.003055
0.003061
0.003068
0.003067
0.003062
0.003055
0.003064
0.003075
0.003061
0.003064
0.003065
0.003065
0.003069
0.003070
0.003046
0.003068
0.003064
0.003060
0.003054
0.003054
0.003061
0.003061
0.003046
0.003055
0.003056
0.003068
0.003061
0.003057
0.003075
0.003074
0.003061
0.003054
0.003061
0.003071
0.003070
0.003051
0.003073
0.003071
0.003065
0.003062
0.003056
0.003063
0.003068
0.003060
0.003051
0.003066
0.003061
0.003066
0.003061
0.003061
0.003073
0.003067
0.003061
0.003067
0.003068
0.003065
0.003063
0.003061
0.003057
0.003068
0.003069
0.003062
0.003071
0.003069
0.003062
0.003054
0.003063
0.003062
0.003071
0.003068
0.003055
0.003078
0.003061
0.003069
0.003063
0.003054
0.003059
0.003064
0.003063
0.003058
0.003065
0.003073
0.003062
0.003067
0.003068
0.003059
0.003065
0.003053
0.003087
0.003075
0.003070
0.003070
0.003069
0.003071
0.003079
0.003053
0.003063
0.003068
0.003062
0.003063
0.003060
0.003077
0.003078
0.003067
0.003050
0.003084
0.003065
0.003067
0.003060
0.003065
0.003068
0.003070
0.003069
0.003055
0.003064
0.003060
0.003061
0.003053
0.003064
0.003062
0.003076
0.003071
0.003069
0.003062
0.003068
0.003050
0.003066
0.003062
0.003063
0.003070
0.003046
0.003072
0.003069
0.003078
0.003054
0.003065
0.003073
0.003069
0.003057
0.003064
0.003082
0.003064
0.003066
0.003055
0.003070
0.003062
0.003061
0.003053
0.003064
0.003071
0.003067
0.003059
0.003075
0.003078
0.003070
0.003055
0.003052
0.003069
0.003070
0.003060
0.003064
0.003062
0.003069
0.003069
0.003054
0.003062
0.003070
0.003068
0.003063
0.003062
0.003070
0.003060
0.003054
0.003055
0.003062
0.003055
0.003059
0.003055
0.003066
0.003067
0.003064
0.003062
0.003069
0.003065
0.003065
0.003061
0.003047
0.003079
0.003068
0.003063
0.003058
0.003790
0.003155
0.003067
0.003056
0.003054
0.003060
0.003076
0.003077
0.003062
0.003066
0.003067
0.003062
0.003054
0.003053
0.003069
0.003061
0.003060
0.003052
0.003068
0.003061
0.003061
0.003046
0.003064
0.003070
0.003059
0.003048
0.003054
0.003073
0.003061
0.003065
0.003052
0.003064
0.003060
0.003065
0.003058
0.003062
0.003064
0.003066
0.003055
0.003064
0.003062
0.003068
0.003062
0.003064
0.003060
0.003063
0.003062
0.003051
0.003065
0.003071
0.003067
0.003054
0.003063
0.003055
0.003058
0.003057
0.003056
0.003063
0.003065
0.003055
0.003062
0.003071
0.003061
0.003044
0.003050
0.003062
0.003068
0.003064
0.003053
0.003064
0.003060
0.003056
0.003069
0.003055
0.003066
0.003056
0.003059
0.003064
0.003071
0.003077
0.003060
0.003054
0.003071
0.003062
0.003049
0.003057
0.003063
0.003068
0.003063
0.003053
0.003062
0.003071
0.003061
0.003070
0.003048
0.003067
0.003058
0.003061
0.003057
0.003076
0.003068
0.003063
0.003048
0.003069
0.003057
0.003068
0.003052
0.003059
0.003066
0.003051
0.003052
0.003058
0.003063
0.003061
0.003063
0.003052
0.003060
0.003063
0.003061
0.003056
0.003061
0.003059
0.003062
0.003062
0.003054
0.003062
0.003061
0.003062
0.003058
0.003056
0.003071
0.003060
0.003046
0.003062
0.003063
0.003058
0.003056
0.003075
0.003055
0.003064
0.003061
0.003054
0.003061
0.003063
0.003062
0.003052
0.003054
0.003063
0.003068
0.003045
0.003060
0.003065
0.003061
0.003041
0.003058
0.003056
0.003053
0.003054
0.003047
0.003064
0.003061
0.003062
0.003053
0.003065
0.003067
0.003069
0.003054
0.003049
0.003065
0.003062
0.003057
0.003066
0.003078
0.003069
0.003065
0.003055
0.003064
0.003070
0.003067
0.003056
0.003062
0.003060
0.003062
0.003054
0.003066
0.003061
0.003059
0.003062
0.003056
0.003075
0.003066
0.003067
0.003047
0.003062
0.003060
0.003062
0.003063
0.003060
0.003070
0.003096
0.003058
0.003063
0.003061
0.003070
0.003063
0.003053
0.003062
0.003069
0.003061
0.003062
0.003068
0.003072
0.003061
0.003064
0.003076
0.003070
0.003060
0.003062
0.003062
0.003062
0.003078
0.003064
0.003058
0.003064
0.003059
0.003063
0.003053
0.003054
0.003072
0.003066
0.003061
0.003065
0.003068
0.003063
0.003061
0.003055
0.003067
0.003067
0.003063
0.003054
0.003060
0.003065
0.003068
0.003046
0.003054
0.003069
0.003062
0.003053
0.003055
0.003071
0.003067
0.003063
0.003061
0.003064
0.003067
0.003071
0.003047
0.003055
0.003058
0.003064
0.003055
0.003063
0.003069
0.003067
0.003069
0.003055
0.003053
0.003064
0.003070
0.003051
0.003062
0.003069
0.003070
0.003055
0.003100
0.003069
0.003062
0.003069
0.003055
0.003066
0.003072
0.003069
0.003055
0.003059
0.003065
0.003068
0.003047
0.003064
0.003060
0.003061
0.003055
0.003062
0.003067
0.003063
0.003062
0.003054
0.003062
0.003069
0.003070
0.003061
0.003062
0.003069
0.003066
0.003059
0.003063
0.003073
0.003058
0.003068
0.003071
0.003064
0.003058
0.003064
0.003053
0.003063
0.003068
0.003063
0.003055
0.003060
0.003061
0.003064
0.003047
0.003062
0.003056
0.003066
0.003061
0.003056
0.003063
0.003061
0.003091
0.003082
0.003069
0.003068
0.003058
0.003063
0.003062
0.003053
0.003057
0.003058
0.003060
0.003061
0.003062
0.003062
0.003051
0.003063
0.003071
0.003070
0.003084
0.003070
0.003069
0.003063
0.003054
0.003055
0.003062
0.003062
0.003063
0.003045
0.003069
0.003062
0.003061
0.003048
0.003063
0.003059
0.003061
0.003047
0.003053
0.003054
0.003056
0.003050
0.003059
0.003057
0.003050
0.003062
0.003042
0.003061
0.003056
0.003055
0.003052
0.003062
0.003066
0.003059
0.003053
0.003061
0.003071
0.003067
0.003054
0.003063
0.003061
0.003068
0.003070
0.003047
0.003057
0.003060
0.003069
0.003048
0.003062
0.003074
0.003065
0.003061
0.003062
0.003069
0.003070
0.003061
0.003054
0.003063
0.003063
0.003063
0.003058
0.003058
0.003067
0.003060
0.003056
0.003055
0.003059
0.003055
0.003046
0.003053
0.003063
0.003061
0.003061
0.003054
0.003059
0.003058
0.003063
0.003045
0.003061
0.003070
0.003056
0.003044
0.003055
0.003053
0.003062
0.003047
0.003064
0.003062
0.003053
0.003058
0.003057
0.003055
0.003063
0.003067
0.003063
0.003075
0.003068
0.003057
0.003056
0.003061
0.003062
0.003062
0.003054
0.003059
0.003062
0.003063
0.003064
0.003053
0.003067
0.003057
0.003062
0.003055
0.003064
0.003054
0.003060
0.003058
0.003065
0.003065
0.003063
0.003065
0.003055
0.003071
0.003071
0.003069
0.003054
0.003070
0.003068
0.003063
0.003057
0.003059
0.003059
0.003064
0.003060
0.003054
0.003060
0.003056
0.003052
0.003056
0.003061
0.003062
0.003060
0.003048
0.003062
0.003061
0.003062
0.003054
0.003062
0.003063
0.003060
0.003055
0.003061
0.003070
0.003072
0.003068
0.003051
0.003064
0.003070
0.003059
0.003057
0.003066
0.003072
0.003069
0.003053
0.003063
0.003062
0.003061
0.003055
0.003060
0.003065
0.003062
0.003062
0.003059
0.003073
0.003067
0.003072
0.003052
0.003063
0.003062
0.003062
0.003060
0.003061
0.003063
0.003055
0.003057
0.003054
0.003067
0.003067
0.003063
0.003053
0.003062
0.003061
0.003069
0.003055
0.003062
0.003062
0.003063
0.003058
0.003054
0.003073
0.003056
0.003048
0.003049
0.003067
0.003062
0.003059
0.003054
0.003064
0.003062
0.003056
0.003052
0.003064
0.003062
0.003068
0.003056
0.003054
0.003063
0.003054
0.003064
0.003050
0.003057
0.003065
0.003060
0.003059
0.003061
0.003063
0.003060
0.003054
0.003055
0.003070
0.003058
0.003055
0.003055
0.003063
0.003070
0.003062
0.003054
0.003062
0.003070
0.003071
0.003060
0.003065
0.003066
0.003070
0.003067
0.003057
0.003069
0.003061
0.003069
0.003063
0.003077
0.003063
0.003071
0.003061
0.003055
0.003062
0.003055
0.003055
0.003054
0.003070
0.003067
0.003069
0.003055
0.003072
0.003060
0.003061
0.003057
0.003060
0.003062
0.003085
0.003053
0.003066
0.003066
0.003062
0.003052
0.003058
0.003094
0.003098
0.003075
0.003063
0.003057
0.003063
0.003063
0.003060
0.003068
0.003067
0.003069
0.003055
0.003054
0.003070
0.003076
0.003070
0.003061
0.003063
0.003062
0.003070
0.003054
0.003059
0.003058
0.003060
0.003064
0.003055
0.003061
0.003060
0.003061
0.003056
0.003062
0.003060
0.003109
0.005376
0.003090
0.003069
0.003060
0.003062
0.003059
0.003055
0.003057
0.003053
0.003054
0.003066
0.003050
0.003054
0.003062
0.003053
0.003055
0.003048
0.003060
0.003055
0.003052
0.003057
0.003053
0.003061
0.003053
0.003054
0.003068
0.003055
0.003054
0.003048
0.003054
0.003053
0.003054
0.003046
0.003053
0.003055
0.003061
0.003045
0.003041
0.003061
0.003058
0.003049
0.003044
0.003050
0.003053
0.003058
0.003038
0.003055
0.003057
0.003056
0.003046
0.003048
0.003052
0.003046
0.003047
0.003056
0.003057
0.003050
0.003045
0.003051
0.003058
0.003053
0.003056
0.003047
0.003060
0.003061
0.003046
0.003047
0.003054
0.003050
0.003063
0.003052
0.003061
0.003048
0.003062
0.003046
0.003056
0.003059
0.003061
0.003060
0.003049
0.003055
0.003061
0.003061
0.003048
0.003053
0.003069
0.003062
0.003047
0.003056
0.003060
0.003057
0.003058
0.003050
0.003061
0.003061
0.003056
0.003053
0.003055
0.003053
0.003054
0.003039
0.003054
0.003054
0.003054
0.003048
0.003065
0.003065
0.003070
0.003058
0.003054
0.003061
0.003056
0.003059
0.003051
0.003060
0.003063
0.003061
0.003053
0.003063
0.003059
0.003062
0.003056
0.003060
0.003063
0.003049
0.003053
0.003038
0.003053
0.003058
0.003061
0.003046
0.003061
0.003061
0.003057
0.003039
0.003067
0.003064
0.003059
0.003045
0.003057
0.003054
0.003059
0.003059
0.003045
0.003062
0.003060
0.003051
0.003048
0.003069
0.003068
0.003050
0.003053
0.003061
0.003056
0.003051
0.003040
0.003058
0.003059
0.003053
0.003051
0.003047
0.003062
0.003060
0.003059
0.003046
0.003053
0.003063
0.003059
0.003047
0.003058
0.003064
0.003061
0.003062
0.003058
0.003063
0.003056
0.003059
0.003057
0.003058
0.003064
0.003055
0.003051
0.003072
0.003065
0.003058
0.003051
0.003064
0.003062
0.003062
0.003055
0.003063
0.003066
0.003059
0.003055
0.003055
0.003058
0.003060
0.003054
0.003046
0.003055
0.003055
0.003058
0.003057
0.003085
0.003053
0.003060
0.003046
0.003047
0.003060
0.003060
0.003062
0.003046
0.003054
0.003057
0.003059
0.003053
0.003063
0.003062
0.003053
0.003047
0.003055
0.003053
0.003062
0.003055
0.003071
0.003064
0.003051
0.003060
0.003055
0.003063
0.003055
0.003051
0.003049
0.003057
0.003062
0.003058
0.003046
0.003056
0.003068
0.003053
0.003052
0.003052
0.003060
0.003069
0.003061
0.003055
0.003059
0.003056
0.003061
0.003061
0.003060
0.003061
0.003058
0.003064
0.003063
0.003057
0.003064
0.003048
0.003055
0.003062
0.003059
0.003054
0.003061
0.003071
0.003058
0.003075
0.003056
0.003067
0.003070
0.003068
0.003051
0.003059
0.003059
0.003060
0.003057
0.003048
0.003054
0.003053
0.003060
0.003047
0.003068
0.003057
0.003061
0.003059
0.003064
0.003062
0.003066
0.003059
0.003062
0.003063
0.003062
0.003054
0.003054
0.003056
0.003067
0.003069
0.003052
0.003057
0.003061
0.003055
0.003060
0.003063
0.003063
0.003060
0.003061
0.003067
0.003066
0.003054
0.003059
0.003050
0.003062
0.003062
0.003070
0.003053
0.003058
0.003072
0.003066
0.003051
0.003062
0.003064
0.003056
0.003070
0.003058
0.003069
0.003056
0.003059
0.003047
0.003055
0.003059
0.003055
0.003039
0.003050
0.003072
0.003060
0.003056
0.003057
0.003057
0.003057
0.003053
0.003051
0.003053
0.003056
0.003065
0.003048
0.003061
0.003060
0.003050
0.003059
0.003064
0.003062
0.003109
0.003256
0.003191
0.003165
0.003109
0.003096
0.003062
0.003088
0.003107
0.003102
0.003070
0.003065
0.003065
0.003062
0.003078
0.003062
0.003063
0.003087
0.003131
0.003102
0.003086
0.003079
0.003083
0.003075
0.003066
0.003074
0.003070
0.003069
0.003064
0.003070
0.003070
0.003075
0.003063
0.003063
0.003078
0.003075
0.003071
0.003064
0.003068
0.003069
0.003068
0.003058
0.003067
0.003061
0.003068
0.003058
0.003078
0.003068
0.003070
0.003062
0.003061
0.003071
0.003067
0.003063
0.003058
0.003067
0.003062
0.003068
0.003061
0.003067
0.003078
0.003079
0.003062
0.003064
0.003073
0.003078
0.003072
0.003070
0.003075
0.003072
0.003073
0.003061
0.003066
0.003068
0.003071
0.003071
0.003065
0.003072
0.003076
0.003063
0.003060
0.003072
0.003061
0.003069
0.003054
0.003073
0.003076
0.003054
0.003052
0.003062
0.003070
0.003061
0.003058
0.003056
0.003069
0.003068
0.003069
0.003061
0.003073
0.003078
0.003071
0.003068
0.003073
0.003074
0.003077
0.003071
0.003070
0.003072
0.003069
0.003069
0.003064
0.003069
0.003074
0.003068
0.003064
0.003066
0.003067
0.003062
0.003057
0.003068
0.003069
0.003071
0.003068
0.003056
0.003077
0.003075
0.003072
0.003062
0.003070
0.003070
0.003069
0.003057
0.003067
0.003063
0.003075
0.003069
0.003052
0.003066
0.003066
0.003072
0.003063
0.003069
0.003069
0.003061
0.003060
0.003068
0.003065
0.003077
0.003060
0.003060
0.003074
0.003063
0.003061
0.003067
0.003061
0.003073
0.003064
0.003060
0.003077
0.003076
0.003064
0.003062
0.003063
0.003062
0.003065
0.003069
0.003058
0.003066
0.003071
0.003071
0.003062
0.003069
0.003065
0.003065
0.003058
0.003060
0.003071
0.003072
0.003068
0.003061
0.003072
0.003068
0.003075
0.003065
0.003069
0.003069
0.003062
0.003062
0.003070
0.003077
0.003074
0.003051
0.003053
0.003066
0.003064
0.003061
0.003053
0.003109
0.003064
0.003062
0.003047
0.003061
0.003065
0.003064
0.003051
0.003068
0.003063
0.003074
0.003066
0.003051
0.003062
0.003060
0.003058
0.003055
0.003060
0.003062
0.003062
0.003054
0.003063
0.003054
0.003062
0.003052
0.003056
0.003054
0.003065
0.003063
0.003049
0.003058
0.003068
0.003056
0.003053
0.003058
0.003062
0.003056
0.003056
0.003061
0.003073
0.003073
0.003052
0.003054
0.003060
0.003058
0.003058
0.003047
0.003063
0.003061
0.003055
0.003048
0.003061
0.003068
0.003055
0.003053
0.003055
0.003069
0.003057
0.003057
0.003054
0.003064
0.003052
0.003058
0.003051
0.003064
0.003057
0.003061
0.003051
0.003059
0.003063
0.003052
0.003054
0.003070
0.003063
0.003060
0.003062
0.003054
0.003068
0.003061
0.003049
0.003054
0.003061
0.003059
0.003062
0.003054
0.003055
0.003069
0.003057
0.003050
0.003062
0.003066
0.003059
0.003061
0.003054
0.003063
0.003062
0.003056
0.003053
0.003075
0.003070
0.003064
0.003047
0.003054
0.003060
0.003053
0.003056
0.005738
0.003084
0.003064
0.003064
0.003064
0.003061
0.003052
0.003058
0.003061
0.003069
0.003062
0.003054
0.003060
0.003062
0.003059
0.003059
0.003054
0.003063
0.003062
0.003052
0.003050
0.003065
0.003064
0.003061
0.003051
0.003071
0.003057
0.003062
0.003051
0.003059
0.003068
0.003059
0.003057
0.003059
0.003056
0.003053
0.003051
0.003055
0.003070
0.003062
0.003063
0.003060
0.003073
0.003069
0.003064
0.003057
0.003068
0.003061
0.003065
0.003050
