0.002201
0.000766
0.000690
0.000680
0.000679
0.000684
0.000682
0.000680
0.000676
0.000678
0.000675
0.000680
0.000676
0.000678
0.000680
0.000677
0.000674
0.000680
0.000678
0.000674
0.000675
0.000679
0.000681
0.000683
0.000678
0.000677
0.000676
0.000674
0.000676
0.000681
0.000677
0.000677
0.000676
0.000676
0.000676
0.000682
0.000676
0.000676
0.000679
0.000676
0.000674
0.000681
0.000677
0.000676
0.000678
0.000676
0.000677
0.000683
0.000679
0.000679
0.000676
0.000676
0.000673
0.000681
0.000674
0.000673
0.000675
0.000676
0.000679
0.000674
0.000674
0.000674
0.000674
0.000678
0.000680
0.000678
0.000675
0.000676
0.000681
0.000676
0.000688
0.000680
0.000677
0.000677
0.000678
0.000678
0.000681
0.000675
0.000675
0.000676
0.000675
0.000676
0.000679
0.000678
0.000674
0.000675
0.000675
0.000674
0.000678
0.000679
0.000674
0.000675
0.000676
0.000674
0.000681
0.000676
0.000675
0.000675
0.000677
0.000675
0.000682
0.000677
0.000675
0.000678
0.000673
0.000677
0.000680
0.000676
0.000676
0.000675
0.000674
0.000674
0.000677
0.000677
0.000675
0.000674
0.000673
0.000676
0.000678
0.000676
0.000676
0.000676
0.000675
0.000678
0.000674
0.000675
0.000675
0.000675
0.000677
0.000679
0.000678
0.000677
0.000674
0.000677
0.000674
0.000680
0.000677
0.000676
0.000677
0.000675
0.000676
0.000680
0.000679
0.000674
0.000672
0.000677
0.000675
0.000679
0.000676
0.000676
0.000676
0.000676
0.000675
0.000680
0.000673
0.000677
0.000674
0.000678
0.000676
0.000682
0.000677
0.000675
0.000676
0.000676
0.000677
0.000679
0.000675
0.000676
0.000677
0.000675
0.000677
0.000679
0.000679
0.000678
0.000676
0.000676
0.000677
0.000680
0.000674
0.000675
0.000679
0.000685
0.000681
0.000678
0.000678
0.000674
0.000676
0.000675
0.000681
0.000679
0.000674
0.000673
0.000674
0.000674
0.000678
0.000676
0.000676
0.000674
0.000675
0.000678
0.000679
0.000676
0.000677
0.000674
0.000675
0.000676
0.000679
0.000676
0.000676
0.000674
0.000677
0.000678
0.000678
0.000675
0.000677
0.000673
0.000674
0.000674
0.000678
0.000675
0.000675
0.000675
0.000675
0.000673
0.000678
0.000675
0.000677
0.000675
0.000674
0.000674
0.000677
0.000677
0.000678
0.000677
0.000675
0.000677
0.000682
0.000676
0.000677
0.000673
0.000675
0.000676
0.000680
0.000675
0.000677
0.000677
0.000678
0.000682
0.000676
0.000675
0.000675
0.000674
0.000675
0.000681
0.000678
0.000678
0.000675
0.000675
0.000675
0.000678
0.000677
0.000674
0.000674
0.000673
0.000677
0.000679
0.000676
0.000672
0.000674
0.000674
0.000676
0.000679
0.000675
0.000672
0.000674
0.000676
0.000676
0.000680
0.000674
0.000675
0.000672
0.000677
0.000677
0.000681
0.000676
0.000673
0.000678
0.000675
0.000674
0.000682
0.000677
0.000673
0.000672
0.000674
0.000676
0.000679
0.000677
0.000675
0.000674
0.000674
0.000675
0.000677
0.000674
0.000675
0.000675
0.000673
0.000673
0.000678
0.000675
0.000674
0.000674
0.000674
0.000676
0.000679
0.000677
0.000676
0.000673
0.000675
0.000678
0.000676
0.000675
0.000677
0.000676
0.000674
0.000679
0.000675
0.000675
0.000675
0.000677
0.000675
0.000680
0.000677
0.000677
0.000676
0.000674
0.000676
0.000680
0.000675
0.000672
0.000674
0.000676
0.000678
0.000679
0.000677
0.000675
0.000677
0.000673
0.000675
0.000680
0.000677
0.000676
0.000678
0.000674
0.000675
0.000681
0.000676
0.000672
0.000674
0.000676
0.000673
0.000677
0.000674
0.000677
0.000675
0.000674
0.000674
0.000680
0.000674
0.000674
0.000677
0.000672
0.000672
0.000680
0.000676
0.000675
0.000678
0.000678
0.000677
0.000680
0.000677
0.000675
0.000675
0.000673
0.000680
0.000677
0.000675
0.000676
0.000675
0.000674
0.000679
0.000676
0.000672
0.000675
0.000674
0.000676
0.000677
0.000675
0.000674
0.000674
0.000676
0.000674
0.000683
0.000676
0.000677
0.000676
0.000677
0.000676
0.000681
0.000676
0.000675
0.000672
0.000675
0.000675
0.000680
0.000676
0.000675
0.000673
0.000671
0.000673
0.000679
0.000677
0.000676
0.000674
0.000675
0.000674
0.000679
0.000678
0.000674
0.000674
0.000674
0.000675
0.000679
0.000677
0.000674
0.000671
0.000677
0.000675
0.000678
0.000676
0.000678
0.000675
0.000676
0.000674
0.000679
0.000676
0.000677
0.000675
0.000676
0.000679
0.000677
0.000675
0.000673
0.000674
0.000676
0.000678
0.000678
0.000675
0.000676
0.000677
0.000675
0.000679
0.000677
0.000675
0.000675
0.000674
0.000675
0.000677
0.000675
0.000675
0.000676
0.000674
0.000678
0.000679
0.000676
0.000673
0.000675
0.000676
0.000677
0.000679
0.000675
0.000674
0.000674
0.000678
0.000675
0.000678
0.000675
0.000675
0.000673
0.000674
0.000677
0.000682
0.000680
0.000676
0.000675
0.000677
0.000673
0.000678
0.000678
0.000677
0.000675
0.000674
0.000677
0.000678
0.000677
0.000676
0.000673
0.000673
0.000674
0.000677
0.000675
0.000674
0.000673
0.000675
0.000682
0.000674
0.000674
0.000674
0.000676
0.000677
0.000681
0.000744
0.000673
0.000673
0.000675
0.000677
0.000683
0.000678
0.000674
0.000675
0.000675
0.000676
0.000675
0.000675
0.000678
0.000679
0.000676
0.000672
0.000678
0.000673
0.000675
0.000675
0.000712
0.000676
0.000676
0.000674
0.000676
0.000674
0.000674
0.000675
0.000677
0.000674
0.000677
0.000674
0.000673
0.000674
0.000680
0.000674
0.000676
0.000674
0.000673
0.000676
0.000679
0.000677
0.000676
0.000673
0.000674
0.000672
0.000677
0.000674
0.000673
0.000677
0.000677
0.000679
0.000677
0.000674
0.000675
0.000676
0.000677
0.000680
0.000676
0.000676
0.000675
0.000675
0.000677
0.000680
0.000678
0.000673
0.000676
0.000676
0.000673
0.000680
0.000675
0.000677
0.000675
0.000675
0.000677
0.000678
0.000679
0.000674
0.000674
0.000677
0.000675
0.000678
0.000676
0.000677
0.000675
0.000673
0.000674
0.000678
0.000673
0.000678
0.000677
0.000675
0.000676
0.000678
0.000676
0.000674
0.000674
0.000672
0.000675
0.000681
0.000678
0.000675
0.000678
0.000676
0.000674
0.000735
0.000675
0.000674
0.000675
0.000677
0.000679
0.000675
0.000676
0.000673
0.000678
0.000676
0.000681
0.000677
0.000678
0.000675
0.000672
0.000677
0.000682
0.000677
0.000675
0.000674
0.000673
0.000674
0.000681
0.000674
0.000674
0.000675
0.000674
0.000674
0.000677
0.000675
0.000676
0.000676
0.000673
0.000679
0.000679
0.000675
0.000675
0.000674
0.000673
0.000675
0.000676
0.000676
0.000678
0.000677
0.000675
0.000674
0.000678
0.000675
0.000676
0.000677
0.000675
0.000674
0.000677
0.000678
0.000676
0.000675
0.000674
0.000675
0.000675
0.000678
0.000675
0.000673
0.000674
0.000676
0.000681
0.000675
0.000676
0.000675
0.000676
0.000674
0.000678
0.000674
0.000676
0.000674
0.000672
0.000678
0.000678
0.000673
0.000676
0.000673
0.000674
0.000678
0.000675
0.000677
0.000673
0.000674
0.000675
0.000678
0.000675
0.000673
0.000675
0.000676
0.000678
0.000680
0.000674
0.000677
0.000673
0.000672
0.000673
0.000679
0.000677
0.000674
0.000674
0.000675
0.000672
0.000680
0.000676
0.000672
0.000675
0.000675
0.000676
0.000678
0.000675
0.000673
0.000673
0.000674
0.000673
0.000676
0.000675
0.000675
0.000674
0.000674
0.000678
0.000681
0.000677
0.000673
0.000674
0.000674
0.000677
0.000681
0.000674
0.000674
0.000675
0.003080
0.000678
0.000673
0.000677
0.000679
0.000677
0.000673
0.000673
0.000677
0.000674
0.000681
0.000676
0.000675
0.000674
0.000673
0.000677
0.000680
0.000676
0.000676
0.000674
0.000673
0.000674
0.000679
0.000673
0.000674
0.000673
0.000670
0.000674
0.000676
0.000676
0.000676
0.000672
0.000676
0.000673
0.000681
0.000673
0.000675
0.000674
0.000673
0.000681
0.000675
0.000674
0.000673
0.000673
0.000675
0.000680
0.000674
0.000674
0.000673
0.000674
0.000673
0.000679
0.000673
0.000673
0.000671
0.000676
0.000673
0.000676
0.000674
0.000671
0.000675
0.000674
0.000674
0.000678
0.000677
0.000675
0.000678
0.000673
0.000674
0.000677
0.000674
0.000674
0.000674
0.000676
0.000673
0.000679
0.000673
0.000672
0.000672
0.000673
0.000672
0.000678
0.000677
0.000678
0.000673
0.000676
0.000675
0.000681
0.000676
0.000677
0.000675
0.000678
0.000675
0.000678
0.000674
0.000677
0.000673
0.000674
0.000673
0.000679
0.000676
0.000673
0.000671
0.000675
0.000674
0.000679
0.000675
0.000675
0.000675
0.000677
0.000679
0.000676
0.000675
0.000679
0.000675
0.000672
0.000677
0.000678
0.000674
0.000679
0.000673
0.000675
0.000682
0.000675
0.000676
0.000675
0.000677
0.000674
0.000682
0.000674
0.000673
0.000675
0.000674
0.000676
0.000678
0.000676
0.000674
0.000674
0.000675
0.000675
0.000681
0.000674
0.000675
0.000674
0.000677
0.000673
0.000676
0.000675
0.000672
0.000671
0.000675
0.000675
0.000678
0.000676
0.000676
0.000676
0.000674
0.000673
0.000678
0.000675
0.000675
0.000674
0.000674
0.000673
0.000677
0.000678
0.000676
0.000676
0.000673
0.000677
0.000679
0.000673
0.000676
0.000676
0.000676
0.000672
0.000678
0.000674
0.000676
0.000674
0.000672
0.000680
0.000673
0.000677
0.000677
0.000675
0.000676
0.000681
0.000678
0.000677
0.000676
0.000673
0.000675
0.000679
0.000677
0.000674
0.000676
0.000675
0.000675
0.000677
0.000676
0.000673
0.000675
0.000676
0.000676
0.000678
0.000676
0.000674
0.000674
0.000675
0.000674
0.000678
0.000677
0.000675
0.000678
0.000676
0.000678
0.000676
0.000676
0.000676
0.000674
0.000671
0.000675
0.000677
0.000677
0.000674
0.000675
0.000676
0.000673
0.000681
0.000676
0.000675
0.000674
0.000672
0.000673
0.000679
0.000676
0.000673
0.000672
0.000673
0.000674
0.000680
0.000677
0.000672
0.000674
0.000673
0.000675
0.000676
0.000673
0.000674
0.000672
0.000676
0.000678
0.000673
0.000672
0.000674
0.000672
0.000676
0.000679
0.000677
0.000678
0.000673
0.000674
0.000674
0.000679
0.000674
0.000675
0.000673
0.000675
0.000677
0.000678
0.000674
0.000674
0.000673
0.000674
0.000674
0.000676
0.000673
0.000673
0.000675
0.000674
0.000693
0.000681
0.000672
0.000674
0.000674
0.000673
0.000674
0.000683
0.000677
0.000674
0.000675
0.000673
0.000674
0.000677
0.000676
0.000677
0.000674
0.000674
0.000674
0.000679
0.000674
0.000678
0.000674
0.000674
0.000676
0.000679
0.000675
0.000674
0.000673
0.000674
0.000676
0.000677
0.000675
0.000675
0.000677
0.000673
0.000675
0.000675
0.000675
0.000675
0.000674
0.000674
0.000682
0.000674
0.001298
0.000675
0.000673
0.000678
0.000675
0.000674
0.000675
0.000677
0.000677
0.000680
0.000675
0.000675
0.000673
0.000675
0.000676
0.000686
0.000674
0.000675
0.000674
0.000673
0.000675
0.000680
0.000674
0.000677
0.000675
0.000673
0.000672
0.000677
0.000674
0.000675
0.000676
0.000675
0.000677
0.000680
0.000674
0.000675
0.000678
0.000673
0.000676
0.000678
0.000673
0.000676
0.000676
0.000675
0.000675
0.000680
0.000677
0.000674
0.000676
0.000675
0.000674
0.000674
0.000676
0.000675
0.000675
0.000673
0.000677
0.000680
0.000677
0.000675
0.000676
0.000675
0.000675
0.000677
0.000675
0.000679
0.000677
0.000675
0.000678
0.000674
0.000674
0.000674
0.000675
0.000672
0.000678
0.000673
0.000675
0.000674
0.000676
0.000675
0.000680
0.000674
0.000673
0.000677
0.000674
0.000673
0.000679
0.000673
0.000673
0.000675
0.000674
0.000674
0.000678
0.000676
0.000675
0.000672
0.000673
0.000674
0.000679
0.000676
0.000673
0.000678
0.000674
0.000673
0.000678
0.000674
0.000676
0.000676
0.000673
0.000674
0.000679
0.000673
0.000674
0.000674
0.000678
0.000677
0.000680
0.000678
0.000673
0.000723
0.000674
0.000674
0.000680
0.000673
0.000673
0.000676
0.000679
0.000671
0.000681
0.000675
0.000674
0.000673
0.000675
0.000681
0.000676
0.000673
0.000677
0.000675
0.000676
0.000681
0.000676
0.000678
0.000676
0.000675
0.000673
0.000680
0.000676
0.000675
0.000675
0.000673
0.000672
0.000680
0.000675
0.000676
0.000676
0.000677
0.000677
0.000682
0.000676
0.000673
0.000673
0.000673
0.000678
0.000679
0.000675
0.000674
0.000675
0.000675
0.000674
0.000678
0.000676
0.000675
0.000676
0.000677
0.000679
0.000677
0.000675
0.000675
0.000673
0.000671
0.000674
0.000676
0.000676
0.000673
0.000674
0.000675
0.000673
0.000677
0.000676
0.000674
0.000677
0.000673
0.000675
0.000680
0.000678
0.000677
0.000673
0.000673
0.000676
0.000678
0.000674
0.000675
0.000677
0.000672
0.000680
0.000675
0.000677
0.000674
0.000677
0.000675
0.000681
0.000677
0.000672
0.000675
0.000678
0.000674
0.000679
0.000675
0.000673
0.000673
0.000676
0.001609
0.000676
0.000672
0.000672
0.000672
0.000676
0.000676
0.000676
0.000674
0.000675
0.000673
0.000673
0.000678
0.000676
0.000675
0.000673
0.000674
0.000672
0.000677
0.000675
0.000675
0.000674
0.000673
0.000676
0.000676
0.000673
0.000673
0.000674
0.000678
0.000678
0.000676
0.000675
0.000676
0.000674
0.000676
0.000678
0.000676
0.000673
0.000676
0.000672
0.000674
0.000676
0.000676
0.000678
0.000676
0.000675
0.000676
0.000678
0.000674
0.000676
0.000673
0.000675
0.000672
0.000680
0.000676
0.000674
0.000674
0.000674
0.000675
0.000679
0.000676
0.000676
0.000675
0.000675
0.000675
0.000681
0.000676
0.000676
0.000675
0.000676
0.000675
0.000678
0.000676
0.000677
0.000673
0.000675
0.000673
0.000681
0.000675
0.000677
0.000674
0.000676
0.000675
0.000681
0.000674
0.000677
0.000674
0.000675
0.000676
0.000677
0.000678
0.000673
0.000673
0.000674
0.000678
0.000674
0.000674
0.000674
0.000673
0.000676
0.000677
0.000675
0.000680
0.000674
0.000679
0.000675
0.000676
0.000679
0.000679
0.000673
0.000675
0.000672
0.000680
0.000673
0.000678
0.000678
0.000674
0.000674
0.000680
0.000673
0.000674
0.000673
0.000676
0.000674
0.000677
0.000675
0.000673
0.000673
0.000676
0.000674
0.000682
0.000675
0.000675
0.000672
0.000674
0.000673
0.000680
0.000675
0.000676
0.000677
0.000676
0.000677
0.000678
0.000675
0.000675
0.000674
0.000673
0.000674
0.000676
0.000676
0.000679
0.000675
0.000674
0.000679
0.000678
0.000673
0.000675
0.000674
0.000676
0.000679
0.000677
0.000675
0.000674
0.000676
0.000675
0.000681
0.000676
0.000675
0.000680
0.000676
0.000674
0.000679
0.000679
0.000677
0.000674
0.000674
0.000674
0.000710
0.000854
0.000677
0.000677
0.000676
0.000676
0.000679
0.000674
0.000673
0.000671
0.000676
0.000675
0.000681
0.000677
0.000673
0.000674
0.000675
0.000673
0.000681
0.000674
0.000674
0.000674
0.000674
0.000676
0.000679
0.000674
0.000676
0.000671
0.000673
0.000679
0.000677
0.000677
0.000676
0.000675
0.000677
0.000679
0.000678
0.000677
0.000672
0.000673
0.000677
0.000680
0.000672
0.000678
0.000673
0.000672
0.000672
0.000678
0.000671
0.000675
0.000672
0.000675
0.000671
0.000677
0.000673
0.000673
0.000671
0.000672
0.000672
0.000679
0.000676
0.000675
0.000677
0.000676
0.000673
0.000677
0.000673
0.000673
0.000671
0.000671
0.000673
0.000677
0.000674
0.000692
0.000673
0.000675
0.000674
0.000679
0.000676
0.000673
0.000672
0.000672
0.000673
0.000678
0.000674
0.000673
0.000673
0.000674
0.000696
0.000677
0.000675
0.000675
0.000674
0.000673
0.000672
0.000677
0.000674
0.000673
0.000675
0.000673
0.000676
0.000675
0.000673
0.000692
0.000674
0.000677
0.000679
0.000674
0.000672
0.000669
0.000672
0.000673
0.000676
0.000672
0.000674
0.000675
0.000672
0.000671
0.000731
0.000676
0.000675
0.000676
0.000675
0.000674
0.000682
0.000672
0.000672
0.000674
0.000672
0.000674
0.000679
0.000676
0.000677
0.000680
0.000676
0.000674
0.000675
0.000675
0.000677
0.000676
0.000674
0.000674
0.000677
0.000674
0.000671
0.000672
0.000674
0.000675
0.000694
0.000673
0.000675
0.000672
0.000675
0.000672
0.000678
0.000673
0.000673
0.000674
0.000676
0.000672
0.000679
0.000672
0.000674
0.000688
0.000677
0.000680
0.000677
0.000674
0.000674
0.000675
0.000675
0.000679
0.000676
0.000676
0.000671
0.000673
0.000675
0.000677
0.000676
0.000674
0.000674
0.000700
0.000674
0.000681
0.000678
0.000677
0.000673
0.000672
0.000677
0.000680
0.000678
0.000675
0.000674
0.000678
0.000673
0.000678
0.000687
0.000676
0.000674
0.000672
0.000674
0.000676
0.000675
0.000672
0.000674
0.000674
0.000673
0.000675
0.000671
0.000674
0.000673
0.000673
0.000675
0.000679
0.000674
0.000672
0.000674
0.000672
0.000674
0.000677
0.000676
0.000673
0.000676
0.000676
0.000677
0.000678
0.000676
0.000672
0.000675
0.000674
0.000673
0.000677
0.000672
0.000673
0.000674
0.000674
0.000676
0.000675
0.000677
0.000675
0.000673
0.000671
0.000676
0.000675
0.000673
0.000675
0.000675
0.000674
0.000677
0.000675
0.000674
0.000677
0.000671
0.000673
0.000680
0.000672
0.000674
0.000673
0.000674
0.000671
0.000700
0.000674
0.000674
0.000672
0.000675
0.000674
0.000681
0.000677
0.000675
0.000675
0.000675
0.000672
0.000679
0.000672
0.000673
0.000675
0.000674
0.000677
0.000680
0.000674
0.000692
0.000672
0.000676
0.000674
0.000679
0.000675
0.000675
0.000674
0.000674
0.000672
0.000679
0.000674
0.000672
0.000674
0.000676
0.000688
0.000678
0.000678
0.000676
0.000673
0.000674
0.000674
0.000677
0.000675
0.000671
0.000674
0.000675
0.000677
0.000674
0.000671
0.000687
0.000676
0.000673
0.000678
0.000675
0.000676
0.000675
0.000671
0.000676
0.000680
0.000677
0.000675
0.000674
0.000673
0.000672
0.000679
0.000675
0.000676
0.000674
0.000676
0.000674
0.000676
0.000677
0.000675
0.000676
0.000674
0.000676
0.000677
0.000677
0.001429
0.000837
0.000675
0.000679
0.000674
0.000673
0.000674
0.000674
0.000676
0.000676
0.000673
0.000674
0.000673
0.000673
0.000682
0.001160
0.000675
0.000674
0.000674
0.000675
0.000678
0.000679
0.000675
0.000674
0.000674
0.000676
0.000676
0.000674
0.000676
0.000676
0.000673
0.000677
0.000677
0.000675
0.000674
0.000672
0.000674
0.000681
0.000675
0.000676
0.000673
0.000675
0.000674
0.000680
0.000674
0.000673
0.000676
0.000674
0.000679
0.000677
0.000676
0.000676
0.000673
0.000672
0.000673
0.000678
0.000676
0.000675
0.000672
0.000674
0.000676
0.000679
0.000675
0.000675
0.000676
0.000674
0.000673
0.000679
0.000677
0.000676
0.000674
0.000673
0.000674
0.000680
0.000674
0.000676
0.000673
0.000674
0.000674
0.000682
0.000676
0.000675
0.000674
0.000675
0.000675
0.000677
0.000674
0.000674
0.000676
0.000675
0.000673
0.000679
0.000676
0.000673
0.000675
0.000674
0.000675
0.000681
0.000675
0.000675
0.000676
0.000675
0.000682
0.000674
0.000674
0.000676
0.000674
0.000673
0.000680
0.000676
0.000673
0.000674
0.000674
0.000675
0.000680
0.000676
0.000674
0.000675
0.000674
0.000675
0.000680
0.000675
0.000674
0.000674
0.000674
0.000675
0.000677
0.000675
0.000675
0.000677
0.000675
0.000673
0.000678
0.000676
0.000678
0.000673
0.000677
0.000675
0.000681
0.000673
0.000673
0.000676
0.000671
0.000675
0.000679
0.000677
0.000676
0.000676
0.000675
0.000673
0.000679
0.000674
0.000674
0.000674
0.000676
0.000673
0.000707
0.000678
0.000672
0.000675
0.000675
0.000678
0.000679
0.000676
0.000675
0.000676
0.000673
0.000676
0.000678
0.000674
0.000673
0.000677
0.000674
0.000678
0.000673
0.000672
0.000677
0.000674
