0.001066
0.000379
0.000370
0.000406
0.000322
0.000322
0.000337
0.000328
0.000322
0.000322
0.000327
0.000326
0.000328
0.000326
0.000328
0.000347
0.000314
0.000315
0.000321
0.000316
0.000312
0.000315
0.000315
0.000313
0.000312
0.000323
0.000317
0.000318
0.000314
0.000318
0.000304
0.000303
0.000304
0.000303
0.000304
0.000305
0.000304
0.000306
0.000303
0.000302
0.000328
0.000304
0.000292
0.000295
0.000295
0.000293
0.000293
0.000293
0.000293
0.000291
0.000294
0.000291
0.000293
0.000291
0.000306
0.000292
0.000276
0.000275
0.000277
0.000276
0.000275
0.000273
0.000274
0.000272
0.000276
0.000273
0.000273
0.000275
0.000291
0.000283
0.000263
0.000267
0.000265
0.000267
0.000263
0.000264
0.000265
0.000268
0.000265
0.000266
0.000266
0.000266
0.000267
0.000279
0.000283
0.000259
0.000262
0.000260
0.000263
0.000262
0.000258
0.000258
0.000257
0.000258
0.000256
0.000258
0.000258
0.000264
0.000273
0.000266
0.000259
0.000258
0.000259
0.000267
0.000251
0.000251
0.000254
0.000250
0.000255
0.000254
0.000254
0.000252
0.000250
0.000250
0.000273
0.000268
0.000259
0.000259
0.000259
0.000269
0.000250
0.000253
0.000253
0.000250
0.000255
0.000250
0.000254
0.000251
0.000251
0.000252
0.000280
0.000259
0.000257
0.000260
0.000268
0.000250
0.000270
0.000257
0.000257
0.000258
0.000257
0.000265
0.000254
0.000254
0.000251
0.000287
0.000259
0.000261
0.000260
0.000264
0.000262
0.000251
0.000254
0.000252
0.000252
0.000251
0.000251
0.000251
0.000251
0.000254
0.000270
0.000258
0.000255
0.000260
0.000260
0.000271
0.000253
0.000251
0.000253
0.000252
0.000251
0.000252
0.000252
0.000252
0.000253
0.000251
0.000289
0.000259
0.000259
0.000257
0.000262
0.000262
0.000254
0.000251
0.000255
0.000250
0.000251
0.000252
0.000250
0.000254
0.000251
0.000251
0.000278
0.000259
0.000260
0.000259
0.000275
0.000251
0.000254
0.000253
0.000252
0.000251
0.000256
0.000253
0.000250
0.000250
0.000254
0.000274
0.000257
0.000257
0.000261
0.000259
0.000258
0.000259
0.000260
0.000259
0.000263
0.000252
0.000251
0.000249
0.000250
0.000252
0.000253
0.000280
0.000261
0.000256
0.000260
0.000266
0.000250
0.000254
0.000250
0.000252
0.000251
0.000255
0.000253
0.000253
0.000253
0.000250
0.000275
0.000260
0.000258
0.000260
0.000261
0.000264
0.000253
0.000252
0.000255
0.000254
0.000255
0.000255
0.000268
0.000262
0.000262
0.000260
0.000264
0.000261
0.000259
0.000259
0.000267
0.000256
0.000256
0.000254
0.000255
0.000255
0.000254
0.000253
0.000254
0.000253
0.000255
0.000277
0.000260
0.000258
0.000259
0.000259
0.000265
0.000257
0.000259
0.000256
0.000257
0.000254
0.000256
0.000252
0.000255
0.000253
0.000256
0.000274
0.000258
0.000260
0.000261
0.000286
0.000260
0.000261
0.000261
0.000262
0.000267
0.000255
0.000253
0.000252
0.000253
0.000254
0.000275
0.000259
0.000262
0.000258
0.000270
0.000251
0.000257
0.000255
0.000257
0.000256
0.000255
0.000256
0.000256
0.000255
0.000256
0.000274
0.000261
0.000260
0.000258
0.000258
0.000263
0.000251
0.000254
0.000257
0.000252
0.000252
0.000251
0.000258
0.000251
0.000272
0.000257
0.000262
0.000256
0.000259
0.000260
0.000271
0.000253
0.000254
0.000255
0.000253
0.000253
0.000255
0.000257
0.000253
0.000251
0.000251
0.000271
0.000260
0.000262
0.000263
0.000260
0.000265
0.000255
0.000252
0.000252
0.000255
0.000254
0.000253
0.000254
0.000252
0.000253
0.000254
0.000273
0.000260
0.000258
0.000257
0.000270
0.000253
0.000276
0.000258
0.000259
0.000259
0.000269
0.000251
0.000257
0.000251
0.000255
0.000276
0.000258
0.000261
0.000260
0.000258
0.000263
0.000255
0.000253
0.000251
0.000253
0.000252
0.000254
0.000251
0.000253
0.000255
0.000253
0.000275
0.000260
0.000262
0.000259
0.000272
0.000253
0.000253
0.000254
0.000253
0.000253
0.000252
0.000271
0.000258
0.000262
0.000262
0.000262
0.000259
0.000263
0.000257
0.000260
0.000265
0.000256
0.000251
0.000252
0.000255
0.000251
0.000254
0.000251
0.000252
0.000251
0.000254
0.000272
0.000263
0.000256
0.000259
0.000267
0.000253
0.000255
0.000251
0.000256
0.000251
0.000252
0.000257
0.000254
0.000252
0.000255
0.000274
0.000262
0.000259
0.000261
0.000260
0.000258
0.000259
0.000257
0.000257
0.000267
0.000254
0.000253
0.000252
0.000254
0.000252
0.000253
0.000274
0.000260
0.000259
0.000259
0.000269
0.000254
0.000254
0.000251
0.000253
0.000255
0.000254
0.000250
0.000254
0.000255
0.000254
0.000277
0.000259
0.000260
0.000260
0.000257
0.000265
0.000252
0.000253
0.000253
0.000253
0.000257
0.000252
0.000254
0.000275
0.000258
0.000259
0.000263
0.000262
0.000261
0.000257
0.000267
0.000255
0.000252
0.000256
0.000255
0.000254
0.000256
0.000252
0.000257
0.000255
0.000256
0.000279
0.000259
0.000259
0.000257
0.000256
0.000263
0.000252
0.000253
0.000252
0.000255
0.000254
0.000255
0.000251
0.000256
0.000253
0.000251
0.000274
0.000257
0.000258
0.000259
0.000268
0.000272
0.000259
0.000259
0.000259
0.000258
0.000260
0.000253
0.000255
0.000253
0.000254
0.000276
0.000259
0.000260
0.000259
0.000258
0.000263
0.000252
0.000253
0.000253
0.000252
0.000253
0.000252
0.000255
0.000252
0.000253
0.000252
0.000274
0.000259
0.000258
0.000260
0.000271
0.000254
0.000254
0.000253
0.000253
0.000254
0.000253
0.000254
0.000256
0.000271
0.000258
0.000262
0.000260
0.000260
0.000257
0.000257
0.000265
0.000254
0.000253
0.000255
0.000257
0.000252
0.000253
0.000252
0.000252
0.000253
0.000256
0.000277
0.000260
0.000260
0.000257
0.000268
0.000255
0.000253
0.000253
0.000254
0.000254
0.000252
0.000257
0.000253
0.000255
0.000252
0.000275
0.000259
0.000261
0.000257
0.000258
0.000258
0.000257
0.000259
0.000256
0.000265
0.000253
0.000252
0.000253
0.000252
0.000253
0.000252
0.000281
0.000261
0.000260
0.000261
0.000270
0.000252
0.000251
0.000253
0.000256
0.000257
0.000256
0.000251
0.000254
0.000256
0.000254
0.000274
0.000259
0.000259
0.000257
0.000258
0.000262
0.000252
0.000254
0.000253
0.000254
0.000274
0.000262
0.000258
0.000258
0.000257
0.000258
0.000262
0.000259
0.000259
0.000257
0.000268
0.000256
0.000254
0.000254
0.000255
0.000253
0.000254
0.000254
0.000251
0.000252
0.000251
0.000275
0.000260
0.000258
0.000258
0.000256
0.000263
0.000257
0.000253
0.000252
0.000252
0.000257
0.000254
0.000252
0.000255
0.000254
0.000255
0.000277
0.000261
0.000258
0.000259
0.000283
0.000258
0.000257
0.000259
0.000258
0.000263
0.000255
0.000254
0.000253
0.000251
0.000252
0.000276
0.000257
0.000259
0.000260
0.000263
0.000264
0.000254
0.000251
0.000256
0.000253
0.000253
0.000254
0.000254
0.000254
0.000253
0.000253
0.000278
0.000260
0.000259
0.000260
0.000270
0.000254
0.000252
0.000254
0.000257
0.000254
0.000255
0.000254
0.000257
0.000269
0.000260
0.000263
0.000260
0.000257
0.000263
0.000259
0.000265
0.000253
0.000253
0.000254
0.000253
0.000251
0.000251
0.000253
0.000255
0.000251
0.000251
0.000275
0.000259
0.000262
0.000259
0.000268
0.000254
0.000257
0.000251
0.000255
0.000253
0.000252
0.000254
0.000253
0.000255
0.000256
0.000279
0.000258
0.000258
0.000259
0.000261
0.000264
0.000277
0.000259
0.000261
0.000260
0.000268
0.000255
0.000253
0.000254
0.000259
0.000276
0.000256
0.000259
0.000260
0.000258
0.000264
0.000254
0.000254
0.000255
0.000253
0.000253
0.000254
0.000250
0.000256
0.000253
0.000255
0.000274
0.000259
0.000256
0.000256
0.000273
0.000255
0.000254
0.000255
0.000252
0.000251
0.000254
0.000253
0.000252
0.000252
0.000274
0.000264
0.000259
0.000261
0.000257
0.000259
0.000264
0.000255
0.000253
0.000254
0.000253
0.000252
0.000253
0.000252
0.000251
0.000252
0.000254
0.000279
0.000258
0.000259
0.000259
0.000259
0.000265
0.000253
0.000254
0.000254
0.000256
0.000252
0.000256
0.000255
0.000256
0.000255
0.000258
0.000272
0.000261
0.000260
0.000261
0.000259
0.000259
0.000258
0.000256
0.000265
0.000253
0.000251
0.000254
0.000254
0.000253
0.000254
0.000280
0.000258
0.000258
0.000259
0.000272
0.000253
0.000251
0.000256
0.000255
0.000252
0.000253
0.000254
0.000254
0.000252
0.000252
0.000275
0.000257
0.000257
0.000262
0.000257
0.000267
0.000253
0.000256
0.000253
0.000254
0.000252
0.000253
0.000252
0.000272
0.000258
0.000259
0.000264
0.000260
0.000258
0.000261
0.000259
0.000263
0.000257
0.000254
0.000251
0.000251
0.000254
0.000255
0.000255
0.000253
0.000254
0.000255
0.000273
0.000260
0.000261
0.000262
0.000266
0.000254
0.000252
0.000253
0.000255
0.000254
0.000255
0.000251
0.000252
0.000253
0.000251
0.000273
0.000260
0.000257
0.000259
0.000258
0.000280
0.000259
0.000260
0.000259
0.000271
0.000257
0.000253
0.000253
0.000253
0.000255
0.000270
0.000259
0.000261
0.000257
0.000259
0.000264
0.000252
0.000254
0.000255
0.000256
0.000251
0.000252
0.000254
0.000253
0.000255
0.000254
0.000274
0.000258
0.000258
0.000257
0.000268
0.000257
0.000253
0.000252
0.000252
0.000255
0.000254
0.000252
0.000249
0.000271
0.000255
0.000264
0.000259
0.000260
0.000259
0.000256
0.000267
0.000254
0.000258
0.000250
0.000256
0.000254
0.000251
0.000255
0.000253
0.000256
0.000253
0.000278
0.000258
0.000257
0.000260
0.000260
0.000264
0.000253
0.000253
0.000252
0.000254
0.000255
0.000253
0.000257
0.000254
0.000251
0.000261
0.000273
0.000259
0.000260
0.000259
0.000263
0.000269
0.000257
0.000260
0.000260
0.000259
0.000266
0.000253
0.000254
0.000253
0.000252
0.000273
0.000256
0.000257
0.000260
0.000269
0.000251
0.000253
0.000253
0.000252
0.000252
0.000256
0.000251
0.000256
0.000258
0.000255
0.000273
0.000257
0.000258
0.000258
0.000259
0.000265
0.000254
0.000252
0.000251
0.000253
0.000253
0.000254
0.000254
0.000256
0.000252
0.000275
0.000264
0.000258
0.000259
0.000258
0.000267
0.000253
0.000257
0.000251
0.000253
0.000253
0.000251
0.000255
0.000250
0.000251
0.000254
0.000255
0.000273
0.000263
0.000261
0.000260
0.000267
0.000255
0.000257
0.000252
0.000252
0.000255
0.000255
0.000252
0.000252
0.000256
0.000251
0.000282
0.000260
0.000256
0.000259
0.000259
0.000259
0.000258
0.000259
0.000258
0.000262
0.000254
0.000254
0.000254
0.000254
0.000251
0.000269
0.000259
0.000261
0.000258
0.000258
0.000264
0.000251
0.000251
0.000252
0.000253
0.000253
0.000254
0.000253
0.000254
0.000253
0.000254
0.000277
0.000258
0.000257
0.000258
0.000259
0.000259
0.000251
0.000254
0.000255
0.000255
0.000255
0.000256
0.000269
0.000259
0.000256
0.000261
0.000256
0.000259
0.000258
0.000258
0.000266
0.000254
0.000252
0.000252
0.000253
0.000252
0.000256
0.000251
0.000258
0.000252
0.000252
0.000275
0.000258
0.000257
0.000256
0.000257
0.000265
0.000254
0.000254
0.000253
0.000250
0.000256
0.000253
0.000253
0.000251
0.000255
0.000253
0.000274
0.000260
0.000257
0.000259
0.000283
0.000256
0.000260
0.000256
0.000257
0.000269
0.000256
0.000253
0.000254
0.000254
0.000253
0.000279
0.000261
0.000258
0.000262
0.000257
0.000260
0.000253
0.000252
0.000255
0.000255
0.000255
0.000254
0.000255
0.000250
0.000255
0.000258
0.000275
0.000257
0.000258
0.000259
0.000267
0.000253
0.000255
0.000253
0.000256
0.000254
0.000255
0.000253
0.000253
0.000271
0.000262
0.000262
0.000258
0.000259
0.000263
0.000259
0.000260
0.000254
0.000251
0.000256
0.000253
0.000256
0.000256
0.000255
0.000254
0.000256
0.000257
0.000273
0.000258
0.000261
0.000260
0.000269
0.000255
0.000250
0.000251
0.000257
0.000255
0.000257
0.000253
0.000252
0.000254
0.000254
0.000274
0.000259
0.000262
0.000259
0.000259
0.000263
0.000271
0.000259
0.000261
0.000261
0.000269
0.000252
0.000259
0.000256
0.000255
0.000282
0.000260
0.000260
0.000261
0.000261
0.000263
0.000253
0.000252
0.000252
0.000251
0.000255
0.000255
0.000254
0.000257
0.000254
0.000253
0.000278
0.000259
0.000261
0.000259
0.000268
0.000255
0.000253
0.000255
0.000251
0.000254
0.000253
0.000266
0.000257
0.000263
0.000257
0.000262
0.000262
0.000259
0.000259
0.000257
0.000265
0.000252
0.000254
0.000255
0.000257
0.000254
0.000255
0.000256
0.000255
0.000254
0.000257
0.000275
0.000259
0.000257
0.000261
0.000271
0.000251
0.000254
0.000251
0.000253
0.000253
0.000255
0.000252
0.000253
0.000251
0.000252
0.000276
0.000257
0.000257
0.000258
0.000261
0.000258
0.000258
0.000259
0.000258
0.000270
0.000255
0.000252
0.000253
0.000253
0.000252
0.000253
0.000276
0.000265
0.000258
0.000256
0.000270
0.000255
0.000253
0.000257
0.000253
0.000253
0.000254
0.000254
0.000252
0.000252
0.000256
0.000277
0.000260
0.000257
0.000258
0.000262
0.000264
0.000255
0.000257
0.000256
0.000253
0.000255
0.000255
0.000251
0.000272
0.000263
0.000262
0.000265
0.000259
0.000261
0.000260
0.000269
0.000255
0.000254
0.000253
0.000256
0.000253
0.000252
0.000255
0.000257
0.000256
0.000257
0.000283
0.000259
0.000258
0.000261
0.000258
0.000262
0.000251
0.000259
0.000253
0.000255
0.000250
0.000251
0.000254
0.000255
0.000253
0.000253
0.000277
0.000258
0.000261
0.000259
0.000269
0.000274
0.000259
0.000261
0.000258
0.000270
0.000254
0.000256
0.000255
0.000258
0.000252
0.000273
0.000258
0.000261
0.000259
0.000269
0.000253
0.000252
0.000255
0.000256
0.000257
0.000255
0.000254
0.000274
0.000259
0.000259
0.000265
0.000258
0.000261
0.000260
0.000259
0.000259
0.000259
0.000260
0.000263
0.000258
0.000260
0.000251
0.000255
0.000255
0.000270
0.000258
0.000262
0.000261
0.000260
0.000260
0.000271
0.000251
0.000252
0.000251
0.000260
0.000251
0.000256
0.000253
0.000256
0.000254
0.000253
0.000278
0.000259
0.000258
0.000260
0.000258
0.000262
0.000254
0.000256
0.000257
0.000253
0.000254
0.000253
0.000252
0.000254
0.000254
0.000255
0.000274
0.000258
0.000261
0.000260
0.000261
0.000261
0.000258
0.000256
0.000267
0.000256
0.000254
0.000254
0.000251
0.000254
0.000254
0.000278
0.000258
0.000262
0.000260
0.000259
0.000265
0.000254
0.000254
0.000255
0.000250
0.000253
0.000252
0.000260
0.000254
0.000255
0.000253
0.000275
0.000261
0.000261
0.000261
0.000273
0.000253
0.000255
0.000254
0.000258
0.000255
0.000258
0.000253
0.000274
0.000260
0.000256
0.000266
0.000263
0.000260
0.000259
0.000259
0.000263
0.000254
0.000251
0.000252
0.000257
0.000251
0.000256
0.000252
0.000254
0.000258
0.000259
0.000272
0.000258
0.000259
0.000261
0.000267
0.000251
0.000257
0.000253
0.000255
0.000254
0.000255
0.000257
0.000251
0.000253
0.000254
0.000275
0.000257
0.000262
0.000260
0.000260
0.000283
0.000262
0.000260
0.000260
0.000265
0.000255
0.000258
0.000255
0.000256
0.000254
0.000274
0.000263
0.000258
0.000259
0.000260
0.000263
0.000252
0.000254
0.000255
0.000257
0.000252
0.000252
0.000252
0.000253
0.000254
0.000254
0.000277
0.000260
0.000260
0.000260
0.000270
0.000256
0.000252
0.000254
0.000251
0.000253
0.000254
0.000254
0.000252
0.000271
0.000260
0.000264
0.000259
0.000258
0.000261
0.000259
0.000264
0.000253
0.000254
0.000255
0.000255
0.000253
0.000253
0.000255
0.000251
0.000254
0.000252
0.000279
0.000257
0.000256
0.000259
0.000261
0.000261
0.000258
0.000258
0.000270
0.000252
0.000254
0.000253
0.000257
0.000253
0.000251
0.000277
0.000258
0.000261
0.000261
0.000260
0.000265
0.000271
0.000257
0.000256
0.000259
0.000258
0.000260
0.000258
0.000256
0.000253
0.000259
0.000278
0.000259
0.000260
0.000260
0.000266
0.000254
0.000254
0.000256
0.000254
0.000254
0.000257
0.000255
0.000253
0.000253
0.000253
0.000279
0.000257
0.000259
0.000261
0.000261
0.000265
0.000253
0.000255
0.000253
0.000255
0.000255
0.000252
0.000255
0.000253
0.000274
0.000261
0.000262
0.000259
0.000259
0.000261
0.000269
0.000252
0.000259
0.000254
0.000251
0.000252
0.000251
0.000256
0.000256
0.000258
0.000257
0.000278
0.000257
0.000259
0.000259
0.000264
0.000263
0.000256
0.000254
0.000252
0.000255
0.000251
0.000250
0.000255
0.000254
0.000253
0.000257
0.000276
0.000258
0.000259
0.000261
0.000261
0.000259
0.000263
0.000259
0.000270
0.000256
0.000254
0.000255
0.000251
0.000255
0.000253
0.000278
0.000258
0.000262
0.000259
0.000272
0.000255
0.000255
0.000255
0.000255
0.000253
0.000252
0.000254
0.000258
0.000255
0.000252
0.000271
0.000262
0.000257
0.000260
0.000258
0.000270
0.000251
0.000255
0.000255
0.000255
0.000256
0.000254
0.000253
0.000274
0.000258
0.000258
0.000261
0.000258
0.000263
0.000259
0.000269
0.000254
0.000252
0.000253
0.000252
0.000253
0.000251
0.000254
0.000256
0.000254
0.000251
0.000271
0.000258
0.000262
0.000260
0.000260
0.000266
0.000253
0.000251
0.000254
0.000252
0.000256
0.000252
0.000254
0.000253
0.000253
0.000252
0.000277
0.000258
0.000258
0.000261
0.000259
0.000283
0.000260
0.000259
0.000262
0.000268
0.000254
0.000255
0.000254
0.000253
0.000257
0.000275
0.000260
0.000259
0.000256
0.000257
0.000266
0.000253
0.000252
0.000252
0.000255
0.000253
0.000255
0.000254
0.000253
0.000255
0.000253
0.000274
0.000259
0.000260
0.000260
0.000270
0.000254
0.000254
0.000255
0.000252
0.000252
0.000254
0.000251
0.000255
0.000274
0.000259
0.000261
0.000260
0.000257
0.000260
0.000258
0.000265
0.000255
0.000253
0.000251
0.000255
0.000252
0.000251
0.000253
0.000257
0.000251
0.000257
0.000276
0.000258
0.000259
0.000260
0.000268
0.000256
0.000251
0.000258
0.000253
0.000256
0.000253
0.000253
0.000254
0.000253
0.000253
0.000275
0.000258
0.000260
0.000261
0.000258
0.000265
0.000272
0.000260
0.000260
0.000259
0.000258
0.000263
0.000252
0.000255
0.000256
0.000255
0.000278
0.000259
0.000261
0.000260
0.000267
0.000251
0.000253
0.000255
0.000254
0.000255
0.000254
0.000253
0.000255
0.000256
0.000252
0.000274
0.000261
0.000259
0.000259
0.000260
0.000265
0.000255
0.000252
0.000254
0.000255
0.000252
0.000254
0.000253
0.000259
0.000271
0.000256
0.000264
0.000261
0.000258
0.000264
0.000269
0.000251
0.000253
0.000254
0.000251
0.000254
0.000255
0.000257
0.000254
0.000254
0.000251
0.000277
0.000262
0.000260
0.000262
0.000260
0.000263
0.000253
0.000255
0.000254
0.000255
0.000252
0.000253
0.000257
0.000254
0.000254
0.000252
0.000278
0.000259
0.000261
0.000260
0.000260
0.000261
0.000256
0.000262
0.000266
0.000253
0.000254
0.000255
0.000256
0.000255
0.000254
0.000275
0.000261
0.000261
0.000259
0.000258
0.000264
0.000253
0.000251
0.000251
0.000255
0.000252
0.000255
0.000257
0.000257
0.000255
0.000261
0.000275
0.000258
0.000260
0.000257
0.000270
0.000256
0.000254
0.000253
0.000251
0.000253
0.000255
0.000255
0.000275
0.000258
0.000259
0.000262
0.000258
0.000261
0.000259
0.000271
0.000254
0.000254
0.000254
0.000253
0.000260
0.000251
0.000252
0.000254
0.000252
0.000252
0.000258
0.000275
0.000259
0.000258
0.000262
0.000267
0.000256
0.000253
0.000255
0.000256
0.000253
0.000255
0.000252
0.000256
0.000259
0.000252
0.000282
0.000261
0.000258
0.000260
0.000270
0.000274
0.000260
0.000258
0.000262
0.000269
0.000256
0.000255
0.000253
