0.003690
0.001808
0.001993
0.001955
0.001839
0.001859
0.001780
0.001790
0.001723
0.001741
0.001727
0.001717
0.001716
0.001714
0.001724
0.001715
0.001708
0.001712
0.001711
0.001721
0.001711
0.001725
0.001709
0.001722
0.001715
0.001711
0.001748
0.001706
0.001717
0.001709
0.001716
0.001705
0.001709
0.001712
0.001710
0.001716
0.001703
0.001709
0.001719
0.001707
0.001722
0.001710
0.001716
0.001705
0.001708
0.001710
0.001709
0.001708
0.001710
0.001713
0.001710
0.001705
0.001704
0.001703
0.001706
0.001700
0.001704
0.001708
0.001708
0.001708
0.001711
0.001702
0.001708
0.001706
0.001708
0.001705
0.001705
0.001703
0.001708
0.001699
0.001708
0.001693
0.001702
0.001709
0.001706
0.001710
0.001699
0.001702
0.001698
0.001706
0.001707
0.001700
0.001706
0.001697
0.001705
0.001698
0.001704
0.001710
0.001710
0.001713
0.001696
0.001714
0.001705
0.001722
0.001709
0.001708
0.001703
0.001704
0.001708
0.001700
0.001715
0.001703
0.001697
0.001704
0.001701
0.001707
0.001705
0.001706
0.001698
0.001707
0.001716
0.001707
0.001709
0.001696
0.001698
0.001700
0.001691
0.001707
0.001697
0.001708
0.001697
0.001701
0.001705
0.001697
0.001710
0.001701
0.001703
0.001698
0.001694
0.001700
0.001692
0.001717
0.001701
0.001695
0.001706
0.001699
0.001712
0.001703
0.001711
0.001701
0.001701
0.001706
0.001700
0.001707
0.001699
0.001709
0.001701
0.001703
0.001701
0.001701
0.001697
0.001695
0.001710
0.001696
0.001704
0.001707
0.001709
0.001705
0.001699
0.001710
0.001710
0.001701
0.001711
0.001697
0.001710
0.001700
0.001702
0.001696
0.001707
0.001711
0.001705
0.001709
0.001698
0.001709
0.001697
0.001714
0.001701
0.001717
0.001714
0.001696
0.001702
0.001705
0.001709
0.001703
0.001695
0.001711
0.001696
0.001705
0.001701
0.001701
0.001708
0.001717
0.001716
0.001701
0.001700
0.001706
0.001694
0.001705
0.001699
0.001701
0.001703
0.001709
0.001707
0.001704
0.001708
0.001703
0.001699
0.001699
0.001709
0.001705
0.001694
0.001705
0.001692
0.001705
0.001700
0.001710
0.001704
0.001700
0.001711
0.001709
0.001709
0.001695
0.001705
0.001708
0.001698
0.001708
0.001702
0.001705
0.001698
0.001705
0.001714
0.001705
0.001701
0.001694
0.001706
0.001701
0.001708
0.001703
0.001700
0.001706
0.001699
0.001708
0.001696
0.001711
0.001707
0.001696
0.001702
0.001694
0.001710
0.001697
0.001702
0.001710
0.001702
0.001702
0.001695
0.001715
0.001694
0.001707
0.001706
0.001691
0.001714
0.001698
0.001706
0.001700
0.001696
0.001710
0.001704
0.001711
0.001703
0.001709
0.001710
0.001701
0.001705
0.001702
0.001707
0.001694
0.001707
0.001720
0.001702
0.001699
0.001705
0.001717
0.001699
0.001709
0.001708
0.001696
0.001702
0.001703
0.001716
0.001691
0.001705
0.001703
0.001705
0.001718
0.001692
0.001714
0.001700
0.001710
0.001706
0.001701
0.001712
0.001700
0.001707
0.001706
0.001698
0.001702
0.001700
0.001711
0.001697
0.001702
0.001693
0.001703
0.001704
0.001701
0.001704
0.001706
0.001706
0.001703
0.001695
0.001709
0.001710
0.001714
0.001700
0.001708
0.001703
0.001699
0.001705
0.001700
0.001709
0.001698
0.001700
0.001705
0.001700
0.001701
0.001697
0.001713
0.001697
0.001710
0.001704
0.001696
0.001700
0.001702
0.001711
0.001698
0.001712
0.001701
0.001701
0.001696
0.001692
0.001709
0.001703
0.001705
0.001703
0.001697
0.001710
0.001695
0.001709
0.001704
0.001703
0.001702
0.001701
0.001708
0.001713
0.001707
0.001705
0.001703
0.001707
0.001694
0.001705
0.001706
0.001708
0.001706
0.001703
0.001709
0.001711
0.001715
0.001706
0.001721
0.001704
0.001709
0.001703
0.001695
0.001711
0.001694
0.001707
0.001700
0.001697
0.001699
0.001699
0.001694
0.001701
0.001718
0.001703
0.001699
0.001696
0.001701
0.001713
0.001697
0.001699
0.001703
0.001704
0.001717
0.001702
0.001709
0.001695
0.001701
0.001708
0.001703
0.001702
0.001698
0.001708
0.001698
0.001710
0.001720
0.001715
0.001711
0.001700
0.001711
0.001705
0.001703
0.001710
0.001748
0.001704
0.001694
0.001707
0.001703
0.001704
0.001708
0.001696
0.001711
0.001701
0.001704
0.001700
0.001710
0.001698
0.001704
0.001708
0.001700
0.001704
0.001695
0.001706
0.001696
0.001695
0.001711
0.001704
0.001706
0.001696
0.001707
0.001705
0.001707
0.001705
0.001696
0.001710
0.001698
0.001694
0.001714
0.001697
0.001707
0.001699
0.001698
0.001693
0.001698
0.001712
0.001705
0.001708
0.001697
0.001703
0.001699
0.001697
0.001705
0.001696
0.001707
0.001698
0.001701
0.001704
0.001697
0.001697
0.001696
0.001708
0.001693
0.001707
0.001710
0.001709
0.001707
0.001702
0.001707
0.001697
0.001705
0.001709
0.001705
0.001701
0.001703
0.001709
0.001693
0.001702
0.001706
0.001702
0.001709
0.001705
0.001718
0.001707
0.001701
0.001711
0.001697
0.001711
0.001694
0.001710
0.001697
0.001702
0.001715
0.001700
0.001705
0.001694
0.001719
0.001702
0.001710
0.001706
0.001694
0.001703
0.001701
0.001711
0.001698
0.001699
0.001705
0.001702
0.001711
0.001703
0.001712
0.001699
0.001704
0.001695
0.001699
0.001711
0.001699
0.001713
0.001699
0.001704
0.001733
0.001708
0.001712
0.001701
0.001702
0.001703
0.001701
0.001717
0.001697
0.001707
0.001697
0.001699
0.001708
0.001714
0.001702
0.001691
0.001719
0.001700
0.001708
0.001712
0.001711
0.001708
0.001707
0.001708
0.001701
0.001702
0.001711
0.001711
0.001708
0.001701
0.001716
0.001699
0.001698
0.001697
0.001700
0.001710
0.001699
0.001709
0.001700
0.001701
0.001704
0.001703
0.001721
0.001702
0.001715
0.001699
0.001703
0.001703
0.001703
0.001705
0.001697
0.001943
0.001767
0.001703
0.001694
0.001710
0.001698
0.001703
0.001711
0.001703
0.001708
0.001711
0.001710
0.001709
0.001703
0.001710
0.001697
0.001714
0.001700
0.001704
0.001722
0.001705
0.001710
0.001695
0.001709
0.001710
0.001716
0.001705
0.001701
0.001710
0.001696
0.001700
0.001709
0.001708
0.001710
0.001706
0.001717
0.001701
0.001706
0.001709
0.001701
0.001714
0.001698
0.001713
0.001707
0.001705
0.001707
0.001700
0.001710
0.001706
0.001713
0.001709
0.001713
0.001703
0.001715
0.001716
0.001703
0.001716
0.001702
0.001703
0.001706
0.001700
0.001711
0.001700
0.001709
0.001698
0.001701
0.001707
0.001699
0.001713
0.001712
0.001720
0.001704
0.001711
0.001707
0.001701
0.001716
0.001712
0.001714
0.001701
0.001708
0.001712
0.001710
0.001717
0.001723
0.001716
0.001701
0.001707
0.001709
0.001701
0.001706
0.001695
0.001710
0.001704
0.001701
0.001705
0.001703
0.001712
0.001705
0.001716
0.001707
0.001711
0.001708
0.001701
0.001714
0.001710
0.001699
0.001708
0.001703
0.001710
0.001702
0.001709
0.001704
0.001701
0.001707
0.001700
0.001705
0.001701
0.001714
0.001700
0.001707
0.001720
0.001712
0.001705
0.001704
0.001715
0.001699
0.001712
0.001716
0.001720
0.001703
0.001707
0.001714
0.001700
0.001707
0.001716
0.001710
0.001706
0.001697
0.001713
0.001701
0.001702
0.001715
0.001714
0.001716
0.001709
0.001730
0.001707
0.001702
0.001700
0.001702
0.001705
0.001701
0.001717
0.001704
0.001703
0.001712
0.001708
0.001708
0.001700
0.001705
0.001699
0.001704
0.001712
0.001696
0.001713
0.001713
0.001718
0.001715
0.001706
0.001706
0.001699
0.001708
0.001695
0.001713
0.001701
0.001704
0.001708
0.001705
0.001714
0.001702
0.001717
0.001703
0.001705
0.001701
0.001709
0.001708
0.001695
0.001704
0.001703
0.001695
0.001713
0.001705
0.001701
0.001691
0.001709
0.001699
0.001701
0.001703
0.001701
0.001711
0.001703
0.001707
0.001701
0.001713
0.001706
0.001707
0.001709
0.001704
0.001708
0.001699
0.001704
0.001704
0.001702
0.001709
0.001705
0.001705
0.001711
0.001700
0.001706
0.001698
0.001712
0.001702
0.001701
0.001696
0.001709
0.001712
0.001698
0.001711
0.001705
0.001708
0.001711
0.001704
0.001705
0.001705
0.001718
0.001703
0.001715
0.001717
0.001709
0.001708
0.001699
0.001721
0.001707
0.001709
0.001717
0.001702
0.001708
0.001713
0.001720
0.001711
0.001706
0.001700
0.001703
0.001708
0.001709
0.001712
0.001702
0.001704
0.001702
0.001717
0.001714
0.001701
0.001712
0.001704
0.001709
0.001711
0.001702
0.001712
0.001703
0.001712
0.001714
0.001702
0.001710
0.001709
0.001713
0.001694
0.001708
0.001701
0.001709
0.001710
0.001702
0.001709
0.001706
0.001718
0.001706
0.001704
0.001704
0.001714
0.009376
0.003508
0.003020
0.001701
0.001689
0.001693
0.001683
0.001684
0.003851
0.001947
0.001714
0.001790
0.001813
0.001723
0.001810
0.001692
0.001692
0.001692
0.001692
0.001685
0.001711
0.001688
0.011090
0.007974
0.001716
0.006052
0.009730
0.003214
0.001698
0.001715
0.001713
0.001704
0.001698
0.001706
0.001705
0.001700
0.001704
0.001699
0.001703
0.001698
0.001695
0.001694
0.001694
0.001710
0.001697
0.001712
0.001691
0.001691
0.001699
0.001693
0.001704
0.001698
0.001712
0.001697
0.001696
0.001704
0.001705
0.001696
0.001699
0.001703
0.001694
0.001697
0.001704
0.001690
0.001709
0.001691
0.001705
0.001898
0.001702
0.001693
0.001698
0.001700
0.001690
0.001697
0.001697
0.001704
0.001705
0.001706
0.004868
0.001700
0.002405
0.001693
0.001699
0.001696
0.001697
0.001710
0.001690
0.001696
0.001711
0.001686
0.001697
0.001692
0.001714
0.001689
0.001694
0.001715
0.002216
0.001699
0.001696
0.001700
0.001689
0.001711
0.001698
0.001697
0.001699
0.001692
0.001702
0.001707
0.001708
0.001710
0.001699
0.001695
0.001706
0.001720
0.001693
0.001711
0.001697
0.001700
0.001708
0.001695
0.001703
0.001699
0.001704
0.001694
0.001703
0.001701
0.001695
0.001700
0.001701
0.001707
0.001697
0.001707
0.001700
0.001685
0.001710
0.001700
0.001694
0.001696
0.001699
0.001706
0.001700
0.001694
0.001696
0.001701
0.001702
0.001692
0.001701
0.001690
0.001699
0.001694
0.001681
0.001696
0.001688
0.001699
0.001697
0.001708
0.001693
0.001701
0.001692
0.001694
0.001702
0.001685
0.001702
0.001694
0.001694
0.001695
0.001699
0.001704
0.001697
0.001697
0.001687
0.001692
0.001700
0.001690
0.001699
0.001694
0.001693
0.001704
0.001691
0.001700
0.001705
0.001710
0.001696
0.001703
0.001697
0.001698
0.001702
0.001695
0.001703
0.001697
0.001696
0.001706
0.001707
0.001701
0.001692
0.001713
0.002084
0.001717
0.001697
0.001696
0.001693
0.001693
0.001707
0.001695
0.001693
0.001700
0.001704
0.001695
0.001703
0.001707
0.001694
0.001711
0.001696
0.001691
0.001703
0.001687
0.001708
0.001703
0.001701
0.001700
0.001693
0.001701
0.001703
0.001708
0.001693
0.001697
0.001696
0.001698
0.001705
0.001692
0.001703
0.001702
0.001704
0.001725
0.001698
0.001710
0.001698
0.001702
0.001702
0.001702
0.001702
0.001696
0.001709
0.001694
0.001730
0.001697
0.001697
0.001698
0.001712
0.001703
0.001698
0.001710
0.001695
0.001694
0.001701
0.001697
0.001711
0.001694
0.001699
0.001698
0.001709
0.001714
0.001699
0.001724
0.001695
0.001696
0.001706
0.001692
0.001693
0.001695
0.003661
0.006129
0.005249
0.001687
0.001682
0.001670
0.001678
0.001675
0.001675
0.001691
0.001674
0.001695
0.001673
0.001689
0.001678
0.001683
0.001686
0.001675
0.001678
0.001670
0.001686
0.001677
0.001678
0.001690
0.001675
0.001694
0.001675
0.001684
0.001683
0.001674
0.001682
0.001674
0.001703
0.001683
0.001682
0.001690
0.001682
0.001692
0.001685
0.001687
0.001686
0.001689
0.001677
0.001683
0.001690
0.001678
0.001673
0.001681
0.001683
0.001687
0.001681
0.001696
0.001674
0.001685
0.001688
0.001684
0.001702
0.001681
0.001686
0.001676
0.001680
0.001683
0.001673
0.001692
0.001681
0.001684
0.001695
0.001682
0.001685
0.001677
0.001692
0.001677
0.001684
0.001685
0.001693
0.001681
0.001680
0.001687
0.001682
0.001694
0.001692
0.001687
0.001692
0.001675
0.001679
0.001680
0.001684
0.001680
0.001682
0.001692
0.001682
0.001685
0.001693
0.001691
0.001679
0.001682
0.001690
0.001676
0.001679
0.001686
0.001672
0.001683
0.001673
0.001695
0.001686
0.001684
0.001682
0.001681
0.001688
0.001670
0.001683
0.001686
0.001679
0.001682
0.001686
0.001691
0.001675
0.001683
0.001681
0.001682
0.001688
0.001674
0.001678
0.001672
0.001680
0.001688
0.001680
0.001692
0.001684
0.001685
0.001680
0.001688
0.001686
0.001678
0.001694
0.001678
0.001677
0.001694
0.001684
0.001688
0.001681
0.001695
0.001679
0.001676
0.001678
0.001671
0.001702
0.001674
0.001681
0.001678
0.001683
0.001679
0.001682
0.001686
0.001677
0.001681
0.001679
0.001675
0.001695
0.001677
0.001684
0.001680
0.001684
0.001686
0.001674
0.001689
0.001683
0.001682
0.001684
0.001678
0.001692
0.001686
0.001692
0.001678
0.001688
0.001681
0.001681
0.001683
0.001672
0.001687
0.001673
0.001685
0.001681
0.001674
0.001683
0.001677
0.001678
0.001677
0.001690
0.001691
0.001692
0.001709
0.001691
0.001690
0.001688
0.001685
0.001692
0.001681
0.001697
0.001687
0.001685
0.001676
0.001676
0.001686
0.001674
0.001681
0.001676
0.001683
0.001690
0.001683
0.001682
0.001681
0.001690
0.001685
0.001694
0.001689
0.001674
0.001681
0.001681
0.001681
0.002014
0.001724
0.001701
0.001691
0.001687
0.001697
0.001692
0.001683
0.001683
0.001686
0.001698
0.001910
0.001699
0.001690
0.001694
0.001682
0.001688
0.001688
0.001690
0.001683
0.001677
0.001686
0.001675
0.001684
0.001683
0.001682
0.001691
0.001673
0.001693
0.001682
0.001688
0.001698
0.001685
0.001696
0.001692
0.001679
0.001682
0.001685
0.001706
0.001683
0.001690
0.001682
0.001694
0.001677
0.001674
0.001690
0.001682
0.001690
0.001688
0.002254
0.001694
0.001698
0.001716
0.001685
0.001693
0.001687
0.001685
0.001684
0.001691
0.001688
0.001668
0.001703
0.001686
0.001683
0.001690
0.001679
0.001691
0.001691
0.001682
0.001686
0.001681
0.001685
0.001676
0.001698
0.001679
0.001687
0.001684
0.001684
0.001693
0.001681
0.001695
0.001680
0.001696
0.001691
0.001682
0.001688
0.001686
0.001693
0.001745
0.001687
0.001689
0.001687
0.002907
0.001685
0.001689
0.001681
0.001692
0.001685
0.001681
0.001687
0.001680
0.001696
0.001691
0.001690
0.001682
0.001689
0.001680
0.001683
0.001692
0.001687
0.001689
0.001754
0.001683
0.001692
0.001686
0.001687
0.001680
0.001690
0.001683
0.001693
0.001693
0.001689
0.001700
0.001690
0.001687
0.001684
0.001685
0.001686
0.001673
0.001694
0.001685
0.001696
0.001684
0.001682
0.001701
0.001687
0.001693
0.001681
0.001688
0.001685
0.001683
0.001695
0.001686
0.001696
0.001671
0.001681
0.001685
0.001691
0.001696
0.001685
0.001693
0.001680
0.001683
0.001693
0.001676
0.001688
0.001683
0.001693
0.001689
0.001684
0.001695
0.001690
0.001691
0.001675
0.001694
0.001692
0.001696
0.001694
0.001691
0.001690
0.001697
0.001694
0.001694
0.001685
0.001686
0.001684
0.001688
0.001700
0.001683
0.001692
0.001683
0.001697
0.001681
0.001689
0.001692
0.001689
0.001692
0.001680
0.001684
0.001669
0.001692
0.001684
0.001681
0.001691
0.001681
0.001681
0.001693
0.001679
0.001691
0.001684
0.001691
0.001683
0.001683
0.001680
0.001688
0.001703
0.001678
0.001697
0.001683
0.001687
0.001685
0.001679
0.001691
0.001682
0.001688
0.001680
0.001686
0.001688
0.001688
0.001692
0.001688
0.001687
0.001683
0.002120
0.001690
0.001689
0.001697
0.001686
0.001700
0.001676
0.001683
0.001692
0.001689
0.001697
0.001681
0.001687
0.001683
0.001691
0.001702
0.001700
0.001711
0.001675
0.001687
0.001697
0.001688
0.001687
0.001685
0.001695
0.001693
0.001698
0.001687
0.001689
0.001692
0.001683
0.001693
0.001672
0.001688
0.001684
0.001677
0.002004
0.001680
0.001685
0.001679
0.001677
0.001692
0.001680
0.001685
0.001687
0.001682
0.001679
0.001690
0.001691
0.001683
0.001683
0.001680
0.001685
0.001681
0.001691
0.001697
0.001679
0.001683
0.001687
0.001686
0.001682
0.001689
0.001695
0.001674
0.001683
0.001688
0.001682
0.001681
0.001680
0.001686
0.001683
0.001688
0.001681
0.001698
0.001693
0.001687
0.001705
0.001693
0.001689
0.001688
0.001688
0.001684
0.001674
0.001692
0.001677
0.001724
0.001687
0.001687
0.001692
0.001676
0.001687
0.001721
0.001682
0.001714
0.001688
0.001684
0.001679
0.001683
0.001686
0.001686
0.001687
0.001673
0.001698
0.001679
0.001690
0.001684
0.001682
0.001676
0.001676
0.001697
0.001677
0.001690
0.001698
0.001691
0.001695
0.001677
0.001688
0.001685
0.001683
0.001687
0.001684
0.001705
0.001686
0.001690
0.001683
0.001689
0.001686
0.001688
0.001690
0.001683
0.001686
0.001688
0.001678
0.001695
0.001684
0.001694
0.001682
0.001680
0.001686
0.001680
0.001689
0.001673
0.001674
0.001690
0.001684
0.001687
0.001683
0.001691
0.001682
0.001699
0.001690
0.001689
0.001699
0.001674
0.001694
0.001688
0.001682
0.001684
0.001693
0.001686
0.001685
0.001685
0.001691
0.001678
0.001686
0.001680
0.001691
0.001679
0.001687
0.001682
0.001682
0.001687
0.001678
0.001693
0.002231
0.001692
0.001685
0.001690
0.001693
0.001687
0.001698
0.001676
0.001692
0.001688
0.001685
0.001687
0.001685
0.001702
0.001686
0.001695
0.001693
0.001687
0.001690
0.001682
0.002169
0.001685
0.001689
0.001680
0.001682
0.001689
0.001671
0.001706
0.001688
0.001686
0.001679
0.001676
0.001680
0.001678
0.001688
0.001678
0.001693
0.001683
0.001685
0.001688
0.001685
0.001693
0.001687
0.001690
0.001688
0.001695
0.001692
0.001681
0.001688
0.001686
0.001680
0.001699
0.001683
0.001692
0.001679
0.001690
0.001680
0.001686
0.001685
0.001687
0.001693
0.001679
0.001683
0.001680
0.001679
0.001683
0.001688
0.001696
0.001688
0.001688
0.001685
0.001681
0.001691
0.001671
0.001691
0.001685
0.001681
0.001683
0.001687
0.001692
0.001685
0.001693
0.001690
0.001683
0.001690
0.001678
0.001690
0.001673
0.001681
0.001680
0.001676
0.001685
0.001678
0.001695
0.001693
0.001689
0.001685
0.001679
0.001692
0.001679
0.001674
0.001691
0.001684
0.001697
0.001674
0.001697
0.001686
0.001693
0.001688
0.001684
0.001688
0.001684
0.001688
0.001677
0.001686
0.001679
0.001693
0.001690
0.001692
0.001686
0.001676
0.001687
0.001695
0.001690
0.001689
0.001681
0.001690
0.001686
0.001685
0.001691
0.001677
0.001684
0.001683
0.001675
0.001689
0.001684
0.001690
0.001691
0.001675
0.001685
0.001701
0.001695
0.001685
0.001691
0.001671
0.001693
0.001684
0.001683
0.001691
0.001683
0.001694
0.001684
0.001682
0.001679
0.001688
0.001685
0.001674
0.001684
0.001678
0.001678
0.001689
0.001675
0.001694
0.001689
0.001697
0.001688
0.001708
0.001694
0.001682
0.001699
0.001680
0.001696
0.001689
0.001680
0.001688
0.001680
0.001689
0.001681
0.001687
0.001684
0.001680
0.001685
0.001680
0.001767
0.001677
0.001689
0.001684
0.001684
0.001686
0.001677
0.001688
0.001689
0.001687
0.001692
0.001688
0.001694
0.001676
0.001685
0.001690
0.001687
0.001698
0.001685
0.001691
0.001682
0.001690
0.001686
0.001696
0.001691
0.001693
0.001704
0.001691
0.001679
0.001687
0.001680
0.001695
0.001679
0.001692
0.001678
0.001682
0.001689
0.001679
0.001696
0.001686
0.001689
0.001686
0.001690
0.001695
0.001691
0.001695
0.001686
0.001690
0.001689
0.001691
0.001698
0.001683
0.001688
0.001698
