0.050371
0.041567
0.041711
0.041687
0.041596
0.041492
0.041513
0.046784
0.045871
0.044993
0.044816
0.044686
0.044500
0.044548
0.044418
0.044711
0.044263
0.044644
0.044285
0.044440
0.044173
0.044192
0.044318
0.044076
0.044340
0.044049
0.044424
0.073356
0.056719
0.039718
0.039700
0.039867
0.039858
0.039429
0.039328
0.039853
0.039378
0.039298
0.039171
0.039175
0.039256
0.039150
0.039297
0.039146
0.039055
0.039496
0.039115
0.039027
0.039224
0.039207
0.039262
0.038964
0.039205
0.039166
0.038949
0.039126
0.042577
0.042018
0.041821
0.041044
0.041440
0.041295
0.040763
0.040731
0.040633
0.040721
0.040522
0.040621
0.040403
0.040214
0.040111
0.040179
0.040221
0.039137
0.038988
0.039591
0.038882
0.039021
0.038963
0.038860
0.039085
0.047448
0.043726
0.038730
0.038618
0.039214
0.038698
0.038602
0.038660
0.038749
0.038551
0.038559
0.038461
0.038521
0.038556
0.038745
0.038433
0.038453
0.038505
0.038416
0.038591
0.038545
0.038541
0.038673
0.038457
0.038330
0.038469
0.038441
0.038503
0.038560
0.038445
0.038649
0.038388
0.038564
0.038435
0.038859
0.038497
0.038623
0.038559
0.038352
0.038428
0.038466
0.038508
0.038417
0.038511
0.038336
0.038387
0.038530
0.038521
0.039023
0.038461
0.038522
0.038341
0.038400
0.038430
0.038600
0.038662
0.038852
0.038796
0.038406
0.038430
0.038414
0.038493
0.038493
0.038432
0.038453
0.038344
0.038641
0.038574
0.038451
0.038446
0.038435
0.045646
0.043691
0.038561
0.038413
0.038370
0.038454
0.038432
0.038406
0.038333
0.038350
0.038497
0.038407
0.038419
0.038384
0.038320
0.038387
0.038454
0.038376
0.038437
0.038407
0.038407
0.038337
0.038452
0.038433
0.038389
0.038731
0.038716
0.038399
0.038558
0.038433
0.038347
0.038410
0.042289
0.041987
0.041519
0.040830
0.041292
0.040886
0.040519
0.040344
0.040193
0.040317
0.040217
0.040282
0.040237
0.040111
0.040257
0.040447
0.040254
0.040300
0.040348
0.040320
0.040119
0.040206
0.040104
0.040175
0.039584
0.038753
0.038861
0.038762
0.038613
0.039201
0.039234
0.039204
0.039027
0.039204
0.039243
0.039504
0.039441
0.038947
0.039214
0.039389
0.038770
0.038606
0.038820
0.038575
0.039315
0.039080
0.038814
0.039042
0.038702
0.038622
0.038676
0.038754
0.038785
0.038918
0.039075
0.039079
0.039179
0.038808
0.038774
0.038665
0.038905
0.060896
0.040920
0.040696
0.040648
0.040696
0.040476
0.040487
0.040622
0.040560
0.040690
0.040847
0.040536
0.040488
0.040680
0.040693
0.040552
0.040596
0.040500
0.040538
0.040557
0.040512
0.040563
0.040601
0.040504
0.040458
0.040474
0.040422
0.040446
0.040625
0.040440
0.040517
0.040387
0.040441
0.040418
0.040640
0.040564
0.040457
0.040481
0.040457
0.040522
0.040492
0.040457
0.040424
0.040485
0.040415
0.040723
0.040504
0.040378
0.040484
0.040384
0.040427
0.040490
0.040410
0.040413
0.040548
0.040476
0.040471
0.040472
0.040516
0.040432
0.040548
0.040403
0.040480
0.042400
0.042221
0.041854
0.041741
0.041814
0.041643
0.041560
0.041508
0.041445
0.041391
0.041396
0.040848
0.040509
0.040569
0.040587
0.040602
0.040489
0.040490
0.040564
0.040733
0.081300
0.046698
0.043356
0.043369
0.043504
0.043304
0.043233
0.043526
0.043527
0.043223
0.043364
0.043348
0.043273
0.043406
0.043176
0.043135
0.043392
0.043268
0.043132
0.043108
0.043257
0.043152
0.043158
0.043158
0.043249
0.043106
0.043053
0.043186
0.043072
0.043016
0.043017
0.043000
0.043076
0.043098
0.043044
0.043077
0.043064
0.043110
0.043133
0.043015
0.043030
0.043008
0.042986
0.042990
0.043169
0.043027
0.043117
0.043026
0.042984
0.043021
0.043046
0.043077
0.042995
0.043117
0.043036
0.043111
0.043005
0.042985
0.043184
0.042997
0.043019
0.043045
0.042931
0.042914
0.042991
0.042985
0.042952
0.043000
0.042980
0.042946
0.042936
0.043140
0.042987
0.043067
0.042957
0.043012
0.042944
0.042991
0.043166
0.043054
0.042933
0.043012
0.043104
0.043035
0.043164
0.043027
0.043055
0.042959
0.043099
0.042969
0.043190
0.043141
0.043153
0.042991
0.052327
0.046002
0.045264
0.044943
0.043744
0.043656
0.043948
0.043626
0.043594
0.043602
0.043773
0.043605
0.043748
0.043581
0.043539
0.043559
0.043563
0.043705
0.043645
0.043707
0.043616
0.043706
0.043573
0.043746
0.043615
0.043594
0.043638
0.043638
0.043726
0.043720
0.043820
0.043642
0.043575
0.043710
0.043527
0.043725
0.043586
0.043614
0.043592
0.043610
0.043802
0.043678
0.043705
0.043582
0.044062
0.043662
0.043569
0.043586
0.043588
0.043591
0.043580
0.043656
0.043594
0.043606
0.043601
0.043631
0.044106
0.043781
0.043646
0.043635
0.043707
0.043599
0.043597
0.043615
0.043729
0.043666
0.043620
0.043703
0.044018
0.044181
0.043633
0.043591
0.043592
0.043564
0.043829
0.043571
0.043652
0.043595
0.043592
0.043748
0.043606
0.043694
0.043622
0.043732
0.043621
0.043730
0.043627
0.043707
0.043576
0.043620
0.043726
0.043994
0.043694
0.043672
0.043607
0.043594
0.043822
0.043758
0.043619
0.043757
0.043617
0.043616
0.043752
0.043609
0.043626
0.043585
0.043711
0.043606
0.043648
0.043559
0.043686
0.043628
0.043604
0.043813
0.043530
0.044019
0.045052
0.044799
0.044444
0.043971
0.044041
0.044030
0.044022
0.044003
0.044083
0.044270
0.044031
0.044017
0.043910
0.043955
0.044033
0.044054
0.043939
0.044099
0.043876
0.043792
0.043653
0.043560
0.043645
0.043552
0.043712
0.043791
0.043611
0.043552
0.043591
0.043613
0.043721
0.043813
0.043716
0.043699
0.043585
0.043594
0.043732
0.043580
0.043589
0.043562
0.043732
0.043564
0.043708
0.043592
0.043897
0.043745
0.057087
0.050421
0.041206
0.041250
0.041060
0.041086
0.041018
0.041120
0.041105
0.041375
0.041140
0.041045
0.041036
0.041134
0.041003
0.041035
0.041022
0.040980
0.041084
0.041185
0.041435
0.040995
0.041049
0.041014
0.041076
0.041136
0.041009
0.040994
0.041347
0.040991
0.041034
0.041075
0.040965
0.041165
0.041050
0.041054
0.041028
0.041118
0.040985
0.041009
0.040995
0.041022
0.041045
0.041053
0.041050
0.041007
0.041379
0.041094
0.041036
0.041066
0.041039
0.041008
0.041032
0.041048
0.040991
0.041185
0.041017
0.041382
0.040988
0.041061
0.041025
0.041054
0.040995
0.041014
0.040964
0.041002
0.040972
0.040999
0.040955
0.041221
0.041004
0.040991
0.042390
0.042098
0.041804
0.041457
0.041434
0.041621
0.041454
0.041564
0.041418
0.041490
0.041406
0.041454
0.041407
0.041418
0.041455
0.041483
0.041466
0.041418
0.041654
0.041012
0.041025
0.041047
0.041020
0.041025
0.041048
0.040979
0.041063
0.041030
0.041029
0.041072
0.040987
0.041004
0.041162
0.041012
0.041531
0.041053
0.041126
0.041135
0.040971
0.041009
0.040997
0.041050
0.041061
0.041054
0.041009
0.041054
0.040999
0.041004
0.041049
0.040942
0.041031
0.041571
0.041138
0.041216
0.041130
0.041022
0.041058
0.041060
0.041495
0.041002
0.041142
0.040990
0.041033
0.040985
0.041040
0.041024
0.041166
0.041035
0.041043
0.041004
0.041014
0.041122
0.041170
0.040977
0.041036
0.040954
0.041022
0.040996
0.041212
0.041040
0.040962
0.040978
0.041089
0.041021
0.041151
0.041020
0.040993
0.041034
0.041016
0.049188
0.043262
0.041031
0.041106
0.041129
0.041020
0.040992
0.041089
0.040986
0.040988
0.040990
0.040983
0.041006
0.041145
0.041086
0.040981
0.041020
0.041165
0.041014
0.041061
0.040991
0.041008
0.040972
0.041040
0.041069
0.041102
0.041013
0.041002
0.040998
0.041059
0.041022
0.041532
0.042305
0.041959
0.042244
0.041717
0.041607
0.041792
0.041710
0.041702
0.041795
0.041592
0.041664
0.041736
0.041685
0.041702
0.041647
0.041672
0.041656
0.041724
0.041762
0.041053
0.041024
0.041464
0.041023
0.041020
0.041039
0.040991
0.040999
0.041029
0.041099
0.041339
0.041013
0.040963
0.041133
0.041015
0.041276
0.041027
0.041042
0.041099
0.040947
0.041006
0.041115
0.041025
0.041009
0.041010
0.041021
0.040997
0.041109
0.041202
0.041001
0.041039
0.041048
0.041241
0.041253
0.041032
0.041037
0.041009
0.041012
0.040999
0.041280
0.041009
0.041004
0.041043
0.041015
0.041038
0.041179
0.040977
0.041040
0.040989
0.041017
0.041056
0.041170
0.041005
0.041053
0.041023
0.040999
0.040977
0.041261
0.041037
0.041105
0.041008
0.041030
0.040953
0.041326
0.041040
0.041019
0.041015
0.041028
0.041059
0.041166
0.041079
0.040998
0.041026
0.041055
0.041019
0.041221
0.041014
0.041422
0.040983
0.040957
0.041012
0.041121
0.040993
0.041046
0.041051
0.041061
0.041032
0.041090
0.041475
0.040988
0.041027
0.041068
0.041057
0.041089
0.041017
0.041147
0.041014
0.040979
0.041014
0.041362
0.040979
0.041012
0.041101
0.042783
0.042481
0.041784
0.041696
0.041663
0.041718
0.041703
0.041561
0.041066
0.041002
0.041013
0.041091
0.040950
0.041037
0.041008
0.041030
0.041483
0.040974
0.041085
0.041070
0.041048
0.041020
0.041053
0.041306
0.041013
0.041034
0.041030
0.041014
0.041009
0.041012
0.041017
0.040991
0.041075
0.041011
0.041469
0.041014
0.041027
0.041008
0.041034
0.050632
0.041431
0.041005
0.041108
0.041079
0.041021
0.041364
0.041056
0.041027
0.041008
0.041035
0.041025
0.040968
0.041029
0.040950
0.041003
0.041088
0.041009
0.041151
0.041104
0.041001
0.041045
0.041134
0.041332
0.041290
0.041043
0.041241
0.041073
0.041166
0.041000
0.041004
0.041056
0.041035
0.041015
0.041177
0.041001
0.041014
0.041043
0.041004
0.041004
0.041165
0.041053
0.041059
0.041128
0.041035
0.040997
0.041204
0.040959
0.041000
0.041031
0.041055
0.040942
0.041195
0.041053
0.041143
0.041018
0.041070
0.040981
0.041154
0.041027
0.041061
0.041019
0.041153
0.040936
0.041188
0.041025
0.040971
0.041141
0.041026
0.041014
0.041231
0.040984
0.041037
0.041042
0.040991
0.041027
0.041174
0.041000
0.041000
0.041020
0.041018
0.041455
0.042649
0.042206
0.041346
0.041009
0.041053
0.041034
0.041132
0.041015
0.041018
0.041018
0.041420
0.041045
0.041124
0.041039
0.041002
0.041003
0.041053
0.041002
0.041252
0.040997
0.041290
0.041427
0.041414
0.041072
0.041140
0.041372
0.041058
0.040997
0.041073
0.041111
0.041117
0.041384
0.041203
0.041059
0.041435
0.041060
0.041042
0.041075
0.041273
0.041434
0.041009
0.041062
0.041027
0.041024
0.041027
0.041168
0.041168
0.041342
0.041061
0.041028
0.041080
0.040990
0.041038
0.041001
0.041036
0.041088
0.041096
0.041050
0.041199
0.041095
0.041132
0.041045
0.040988
0.040990
0.040991
0.041031
0.040980
0.041012
0.041025
0.040998
0.041067
0.041052
0.041042
0.040981
0.040993
0.041017
0.041242
0.041090
0.041446
0.040988
0.041026
0.041038
0.041081
0.041020
0.041034
0.041030
0.041006
0.041012
0.041057
0.040974
0.041019
0.041016
0.041040
0.041007
0.041054
0.041040
0.041411
0.041066
0.040963
0.041026
0.040990
0.041008
0.041014
0.041001
0.040992
0.041016
0.040953
0.041735
0.041103
0.040982
0.041026
0.041007
0.041074
0.041017
0.041002
0.040962
0.041397
0.041032
0.041302
0.041008
0.040980
0.041345
0.042490
0.042259
0.041444
0.041574
0.041408
0.041378
0.041422
0.041375
0.050615
0.042767
0.041425
0.041394
0.041384
0.041365
0.041408
0.041458
0.041517
0.041407
0.041031
0.041036
0.041150
0.041047
0.041176
0.041040
0.040987
0.041028
0.041019
0.041024
0.040988
0.041050
0.041057
0.041038
0.041060
0.041139
0.040973
0.041062
0.041002
0.041075
0.041012
0.040991
0.040999
0.041018
0.041036
0.041010
0.041026
0.041014
0.041038
0.041041
0.040996
0.041039
0.041016
0.041114
0.041011
0.041050
0.041099
0.041040
0.040997
0.041132
0.041010
0.040983
0.041032
0.041033
0.041090
0.040951
0.040995
0.041005
0.040978
0.041033
0.041021
0.041036
0.041258
0.041112
0.041008
0.041042
0.041016
0.041065
0.040979
0.041026
0.040978
0.041029
0.041038
0.041046
0.041183
0.041001
0.041043
0.041055
0.041029
0.041037
0.040941
0.041037
0.041062
0.041018
0.041022
0.041116
0.041037
0.041322
0.041023
0.040973
0.041005
0.041003
0.040975
0.041022
0.041031
0.041006
0.041035
0.040979
0.041096
0.041011
0.040987
0.040988
0.041066
0.041033
0.041082
0.040992
0.041025
0.041086
0.041020
0.040987
0.040999
0.041009
0.041020
0.042685
0.042349
0.041350
0.041211
0.041142
0.041063
0.041132
0.041251
0.041087
0.041117
0.041203
0.041144
0.041038
0.041202
0.041137
0.041131
0.041163
0.041157
0.041220
0.041151
0.041032
0.041041
0.041015
0.041028
0.041039
0.041133
0.041018
0.041075
0.041188
0.041371
0.041124
0.041133
0.041448
0.041048
0.041047
0.040981
0.041015
0.041218
0.041046
0.041054
0.041016
0.041031
0.041072
0.041113
0.041017
0.041043
0.041045
0.041111
0.041033
0.041142
0.041044
0.040978
0.041043
0.041054
0.041029
0.041137
0.040993
0.041020
0.041056
0.041027
0.041005
0.041120
0.041038
0.041060
0.041018
0.041002
0.041016
0.041148
0.041008
0.041013
0.041012
0.041020
0.040967
0.041128
0.040980
0.040958
0.041226
0.041032
0.041084
0.041104
0.041046
0.041071
0.041023
0.041007
0.041011
0.041051
0.041104
0.041020
0.040991
0.040995
0.041013
0.041061
0.041062
0.040970
0.041015
0.041015
0.041216
0.041091
0.041015
0.041057
0.040985
0.040999
0.041046
0.041156
0.041031
0.040983
0.040987
0.041212
0.041011
0.041094
0.041009
0.041053
0.041053
0.040978
0.041022
0.041129
0.041060
0.041013
0.041113
0.041024
0.040986
0.041523
0.042471
0.042153
0.041210
0.041167
0.041390
0.041043
0.041031
0.041012
0.041148
0.041153
0.041012
0.041110
0.041012
0.041093
0.041030
0.041016
0.041091
0.040977
0.049532
0.043129
0.041093
0.041082
0.041107
0.040994
0.041039
0.041138
0.040984
0.041001
0.041001
0.041024
0.041149
0.041029
0.041064
0.041026
0.041017
0.041098
0.041051
0.041125
0.040952
0.041014
0.041029
0.041006
0.041094
0.041184
0.041046
0.041058
0.041001
0.041110
0.040973
0.041005
0.040961
0.041023
0.041017
0.041061
0.041064
0.041061
0.041021
0.040966
0.041024
0.041065
0.040996
0.041050
0.041003
0.040997
0.041198
0.041025
0.041087
0.041038
0.041004
0.041035
0.041160
0.041092
0.041019
0.041014
0.041024
0.041019
0.041236
0.040983
0.041031
0.041031
0.040983
0.041137
0.041256
0.041009
0.041025
0.041048
0.041212
0.041023
0.041122
0.040996
0.041042
0.041077
0.041199
0.041139
0.041134
0.040999
0.041064
0.041041
0.041091
0.040970
0.041157
0.041081
0.041005
0.041162
0.041011
0.041013
0.041178
0.041008
0.041208
0.041016
0.041022
0.040988
0.041170
0.041068
0.041032
0.041089
0.041008
0.041013
0.041142
0.040992
0.041130
0.042394
0.041908
0.042249
0.041871
0.041823
0.041833
0.041869
0.041806
0.041012
0.041161
0.041034
0.041102
0.041054
0.041030
0.041062
0.041001
0.041166
0.041065
0.041168
0.041032
0.041066
0.041159
0.041077
0.041099
0.040989
0.041031
0.041022
0.041007
0.041162
0.040983
0.041046
0.041019
0.041132
0.041070
0.041246
0.041004
0.040979
0.041150
0.041130
0.041017
0.041056
0.041015
0.041089
0.041027
0.040990
0.041083
0.040951
0.041077
0.040982
0.041002
0.041116
0.041278
0.041026
0.041024
0.041030
0.041100
0.041064
0.041127
0.041043
0.040973
0.041032
0.041021
0.041091
0.041002
0.040984
0.041066
0.041008
0.041037
0.041010
0.041082
0.040975
0.041002
0.041087
0.041046
0.040966
0.041016
0.041257
0.041079
0.040973
0.041058
0.041113
0.041020
0.041036
0.041039
0.041194
0.041051
0.040997
0.041018
0.041016
0.041192
0.041046
0.041013
0.040983
0.041034
0.041000
0.041011
0.041176
0.041031
0.041007
0.041027
0.041003
0.041059
0.041009
0.041024
0.041055
0.040989
0.041117
0.041217
0.040990
0.041008
0.040999
0.041142
0.041034
0.040938
0.040974
0.041147
0.041060
0.040993
0.041098
0.041033
0.041000
0.041461
0.042673
0.042467
0.041693
0.041553
0.041514
0.041532
0.041605
0.041503
0.048629
0.044874
0.041522
0.041475
0.041470
0.041442
0.041016
0.041110
0.041043
0.041128
0.041101
0.041049
0.041064
0.041032
0.041032
0.041030
0.041032
0.041091
0.041040
0.041005
0.041032
0.041032
0.041130
0.040973
0.041108
0.041022
0.041012
0.041032
0.041026
0.041094
0.040997
0.040993
0.040988
0.041003
0.041169
0.040984
0.041112
0.040980
0.040996
0.041084
0.041000
0.040988
0.041006
0.041031
0.041105
0.041082
0.041115
0.040997
0.040999
0.040993
0.040994
0.041066
0.041011
0.041082
0.041637
0.041257
0.041117
0.040969
0.041079
0.040995
0.041463
0.041433
0.041116
0.041525
0.041486
0.041440
0.041437
0.041530
0.041525
0.040999
0.040945
0.041086
0.041031
0.041086
0.041325
0.041029
0.041030
0.041039
0.041156
0.041027
0.041124
0.040953
0.041110
0.040998
0.041027
0.041264
0.041011
0.040989
0.041057
0.040987
0.041041
0.041041
0.041043
0.041035
0.041037
0.041077
0.041014
0.041116
0.041015
0.040946
0.041028
0.041005
0.041162
0.041038
0.040963
0.041034
0.040989
0.041152
0.041052
0.040995
0.041109
0.041012
0.041025
0.042751
0.042073
0.041735
0.041506
0.041777
0.041526
0.041469
0.041339
0.041373
0.041384
0.041427
0.041288
0.040983
0.041090
0.040988
0.040979
0.041183
0.041040
0.041155
0.041024
0.041039
0.041182
0.041437
0.041264
0.041005
0.041399
0.041042
0.041145
0.041378
0.041138
0.041070
0.041253
0.041505
0.041084
0.041249
0.041125
0.041103
0.041011
0.041356
0.041019
0.041222
0.041211
0.041029
0.041033
0.041017
0.041197
0.041482
0.041202
0.041062
0.041026
0.041048
0.041008
0.041189
0.041124
0.041067
0.041075
0.041071
0.041207
0.041354
0.041101
0.041113
0.041092
0.041086
0.041062
0.041106
0.041110
0.041175
0.041139
0.041121
0.041198
0.041122
0.041051
0.041043
0.041115
0.041312
0.041136
0.041138
0.041157
0.041156
0.041321
0.041188
0.041098
0.041256
0.041187
0.041175
0.041132
0.041151
0.041121
0.041083
0.041014
0.041017
0.041193
0.041205
0.041193
0.041107
0.041085
0.041194
0.041127
0.041160
0.041007
0.041049
0.041089
0.041174
0.041120
0.041130
0.041139
0.041091
0.041115
0.041168
0.041114
0.041177
0.041161
0.041124
0.041260
0.041140
0.041185
0.041038
0.041098
0.041262
0.041093
0.041107
0.042433
0.042816
0.041988
0.041749
0.041799
0.041845
0.041664
0.041729
0.041710
0.041663
0.041761
0.041732
0.041626
0.041641
0.041748
0.041675
0.041807
0.041671
0.041720
0.041569
0.041588
0.041021
0.040997
0.041200
0.041010
0.041034
0.041155
0.041053
0.041136
0.041010
0.041179
0.041115
0.041173
0.041181
0.041394
0.041047
0.041042
0.041063
0.041210
0.041038
0.041091
0.040995
0.041159
0.041019
0.041034
0.041130
0.041026
0.041007
0.041070
0.041024
0.041230
0.041023
0.040998
0.041057
0.041030
0.041170
0.041022
0.041115
0.041118
0.041037
0.041017
0.040993
0.041101
0.040961
0.041004
0.041024
0.041047
0.041129
0.040975
0.041023
0.041015
0.041013
0.041070
0.040976
0.041044
0.040968
0.041000
0.040981
0.040996
0.041099
0.041106
0.041022
0.041023
0.041122
0.041059
0.040999
0.041017
0.041034
0.040987
0.041204
0.041025
0.041105
0.041006
0.041065
0.041212
0.041395
0.040994
0.041016
0.041040
0.041013
0.048564
0.045590
0.041017
0.041024
0.040981
0.041014
0.041082
0.041084
0.041136
0.041025
0.041022
0.041005
0.040969
0.041071
0.041020
0.041051
0.041009
0.041031
0.041023
0.040977
0.041149
0.042518
0.042318
0.041827
0.041515
0.041543
0.041409
0.041487
0.041399
0.041425
