0.001288
0.000603
0.000602
0.000598
0.000599
0.000600
0.000609
0.000573
0.000577
0.000575
0.000574
0.000573
0.000573
0.000581
0.000554
0.000552
0.000553
0.000554
0.000553
0.000552
0.000557
0.000553
0.000534
0.000532
0.000534
0.000536
0.000534
0.000533
0.000536
0.000514
0.000513
0.000513
0.000513
0.000513
0.000512
0.000529
0.000496
0.000498
0.000496
0.000498
0.000498
0.000497
0.000498
0.000500
0.000494
0.000482
0.000479
0.000481
0.000481
0.000479
0.000483
0.000484
0.000485
0.000465
0.000466
0.000466
0.000464
0.000464
0.000467
0.000467
0.000479
0.000452
0.000453
0.000452
0.000453
0.000450
0.000451
0.000452
0.000452
0.000461
0.000461
0.000462
0.000440
0.000439
0.000438
0.000441
0.000439
0.000439
0.000446
0.000436
0.000439
0.000438
0.000436
0.000437
0.000439
0.000438
0.000440
0.000443
0.000437
0.000436
0.000439
0.000438
0.000439
0.000439
0.000439
0.000440
0.000443
0.000440
0.000440
0.000437
0.000440
0.000439
0.000438
0.000438
0.000439
0.000441
0.000438
0.000438
0.000437
0.000437
0.000441
0.000439
0.000439
0.000438
0.000441
0.000438
0.000439
0.000439
0.000439
0.000438
0.000438
0.000439
0.000439
0.000459
0.000453
0.000453
0.000456
0.000440
0.000438
0.000439
0.000439
0.000440
0.000440
0.000436
0.000440
0.000444
0.000439
0.000439
0.000437
0.000442
0.000438
0.000458
0.000452
0.000452
0.000456
0.000442
0.000437
0.000438
0.000441
0.000439
0.000441
0.000438
0.000439
0.000440
0.000437
0.000437
0.000439
0.000436
0.000439
0.000442
0.000465
0.000452
0.000456
0.000438
0.000440
0.000437
0.000436
0.000438
0.000448
0.000437
0.000440
0.000440
0.000437
0.000439
0.000441
0.000440
0.000440
0.000439
0.000443
0.000438
0.000439
0.000436
0.000437
0.000440
0.000441
0.000439
0.000439
0.000443
0.000439
0.000439
0.000439
0.000443
0.000440
0.000438
0.000439
0.000437
0.000442
0.000439
0.000440
0.000438
0.000438
0.000440
0.000438
0.000440
0.000440
0.000442
0.000439
0.000440
0.000439
0.000440
0.000439
0.000438
0.000437
0.000439
0.000441
0.000437
0.000441
0.000436
0.000438
0.000442
0.000438
0.000439
0.000437
0.000441
0.000440
0.000438
0.000439
0.000436
0.000437
0.000438
0.000439
0.000440
0.000440
0.000440
0.000448
0.000440
0.000442
0.000437
0.000440
0.000438
0.000438
0.000440
0.000437
0.000440
0.000440
0.000439
0.000441
0.000438
0.000439
0.000440
0.000443
0.000439
0.000440
0.000438
0.000438
0.000439
0.000457
0.000450
0.000455
0.000457
0.000450
0.000450
0.000452
0.000438
0.000441
0.000439
0.000439
0.000440
0.000458
0.000454
0.000453
0.000456
0.000439
0.000438
0.000439
0.000438
0.000439
0.000460
0.000453
0.000452
0.000471
0.000451
0.000451
0.000455
0.000439
0.000437
0.000462
0.000452
0.000453
0.000453
0.000441
0.000440
0.000438
0.000439
0.000440
0.000461
0.000452
0.000451
0.000451
0.000437
0.000438
0.000437
0.000438
0.000439
0.000462
0.000454
0.000451
0.000451
0.000442
0.000439
0.000438
0.000436
0.000441
0.000465
0.000451
0.000451
0.000449
0.000438
0.000438
0.000440
0.000438
0.000437
0.000441
0.000437
0.000440
0.000447
0.000440
0.000438
0.000440
0.000439
0.000439
0.000443
0.000439
0.000438
0.000440
0.000438
0.000440
0.000439
0.000439
0.000438
0.000440
0.000438
0.000438
0.000437
0.000439
0.000441
0.000437
0.000445
0.000439
0.000461
0.000450
0.000452
0.000452
0.000439
0.000439
0.000438
0.000437
0.000438
0.000442
0.000439
0.000439
0.000440
0.000440
0.000439
0.000439
0.000439
0.000439
0.000461
0.000449
0.000451
0.000455
0.000437
0.000440
0.000439
0.000438
0.000438
0.000458
0.000449
0.000450
0.000460
0.000439
0.000439
0.000439
0.000439
0.000440
0.000443
0.000438
0.000438
0.000439
0.000439
0.000436
0.000437
0.000439
0.000441
0.000441
0.000441
0.000439
0.000439
0.000440
0.000438
0.000438
0.000438
0.000436
0.000441
0.000438
0.000438
0.000439
0.000439
0.000438
0.000442
0.000439
0.000441
0.000438
0.000438
0.000440
0.000440
0.000438
0.000437
0.000441
0.000439
0.000439
0.000436
0.000441
0.000437
0.000439
0.000437
0.000439
0.000442
0.000438
0.000438
0.000438
0.000468
0.000452
0.000461
0.000440
0.000439
0.000437
0.000437
0.000440
0.000441
0.000441
0.000439
0.000440
0.000438
0.000441
0.000437
0.000439
0.000440
0.000440
0.000442
0.000441
0.000436
0.000438
0.000441
0.000439
0.000439
0.000438
0.000438
0.000443
0.000438
0.000454
0.000451
0.000454
0.000457
0.000451
0.000451
0.000451
0.000458
0.000451
0.000452
0.000452
0.000450
0.000451
0.000454
0.000450
0.000452
0.000453
0.000452
0.000450
0.000452
0.000453
0.000452
0.000453
0.000451
0.000455
0.000451
0.000454
0.000453
0.000454
0.000454
0.000452
0.000450
0.000452
0.000453
0.000452
0.000456
0.000452
0.000453
0.000453
0.000451
0.000452
0.000452
0.000454
0.000451
0.000453
0.000453
0.000455
0.000450
0.000454
0.000452
0.000452
0.000454
0.000451
0.000453
0.000453
0.000452
0.000451
0.000449
0.000451
0.000451
0.000456
0.000452
0.000461
0.000437
0.000439
0.000438
0.000438
0.000440
0.000438
0.000442
0.000439
0.000440
0.000440
0.000439
0.000437
0.000436
0.000441
0.000440
0.000438
0.000439
0.000440
0.000437
0.000439
0.000440
0.000439
0.000439
0.000438
0.000441
0.000438
0.000439
0.000438
0.000440
0.000440
0.000441
0.000438
0.000437
0.000444
0.000441
0.000441
0.000439
0.000440
0.000438
0.000440
0.000440
0.000438
0.000441
0.000442
0.000441
0.000438
0.000439
0.000441
0.000438
0.000438
0.000438
0.000457
0.000452
0.000452
0.000454
0.000439
0.000439
0.000440
0.000439
0.000440
0.000441
0.000439
0.000439
0.000440
0.000441
0.000439
0.000438
0.000439
0.000439
0.000461
0.000452
0.000454
0.000456
0.000441
0.000439
0.000437
0.000437
0.000439
0.000461
0.000454
0.000454
0.000457
0.000437
0.000437
0.000437
0.000440
0.000436
0.000441
0.000439
0.000438
0.000440
0.000438
0.000440
0.000441
0.000438
0.000440
0.000441
0.000440
0.000438
0.000441
0.000437
0.000440
0.000437
0.000438
0.000440
0.000442
0.000438
0.000437
0.000441
0.000439
0.000440
0.000436
0.000441
0.000439
0.000442
0.000438
0.000437
0.000437
0.000437
0.000437
0.000439
0.000439
0.000438
0.000439
0.000439
0.000438
0.000439
0.000439
0.000436
0.000437
0.000439
0.000439
0.000442
0.000442
0.000438
0.000439
0.000439
0.000442
0.000439
0.000441
0.000440
0.000442
0.000443
0.000437
0.000437
0.000437
0.000440
0.000438
0.000441
0.000437
0.000439
0.000441
0.000440
0.000436
0.000440
0.000438
0.000437
0.000439
0.000438
0.000438
0.000442
0.000440
0.000437
0.000442
0.000440
0.000441
0.000437
0.000438
0.000439
0.000444
0.000438
0.000441
0.000438
0.000438
0.000439
0.000438
0.000438
0.000440
0.000441
0.000439
0.000439
0.000438
0.000439
0.000438
0.000437
0.000438
0.000440
0.000442
0.000441
0.000441
0.000439
0.000439
0.000438
0.000440
0.000441
0.000439
0.000444
0.000438
0.000440
0.000440
0.000439
0.000440
0.000440
0.000438
0.000439
0.000443
0.000435
0.000453
0.000438
0.000439
0.000439
0.000441
0.000439
0.000438
0.000440
0.000444
0.000439
0.000438
0.000440
0.000440
0.000440
0.000440
0.000437
0.000438
0.000444
0.000440
0.000437
0.000438
0.000440
0.000440
0.000440
0.000440
0.000439
0.000442
0.000437
0.000438
0.000440
0.000437
0.000440
0.000439
0.000439
0.000441
0.000444
0.000438
0.000439
0.000438
0.000440
0.000439
0.000438
0.000439
0.000439
0.000454
0.000438
0.000441
0.000441
0.000441
0.000440
0.000438
0.000440
0.000437
0.000444
0.000438
0.000440
0.000438
0.000437
0.000439
0.000439
0.000441
0.000438
0.000440
0.000440
0.000442
0.000440
0.000440
0.000439
0.000439
0.000437
0.000436
0.000465
0.000453
0.000452
0.000454
0.000438
0.000440
0.000438
0.000440
0.000441
0.000464
0.000453
0.000454
0.000454
0.000452
0.000457
0.000440
0.000440
0.000436
0.000473
0.000450
0.000463
0.000450
0.000437
0.000438
0.000443
0.000434
0.000439
0.000464
0.000448
0.000452
0.000459
0.000439
0.000439
0.000458
0.000453
0.000453
0.000457
0.000440
0.000437
0.000440
0.000437
0.000441
0.000439
0.000439
0.000439
0.000440
0.000438
0.000438
0.000439
0.000439
0.000435
0.000440
0.000442
0.000440
0.000443
0.000438
0.000437
0.000441
0.000438
0.000438
0.000442
0.000439
0.000438
0.000443
0.000441
0.000438
0.000437
0.000438
0.000439
0.000438
0.000437
0.000437
0.000440
0.000440
0.000440
0.000440
0.000437
0.000439
0.000436
0.000439
0.000440
0.000441
0.000437
0.000437
0.000435
0.000440
0.000438
0.000437
0.000438
0.000442
0.000441
0.000439
0.000436
0.000439
0.000440
0.000439
0.000438
0.000440
0.000440
0.000441
0.000437
0.000438
0.000441
0.000438
0.000462
0.000450
0.000450
0.000452
0.000458
0.000453
0.000450
0.000459
0.000441
0.000439
0.000439
0.000437
0.000439
0.000459
0.000450
0.000452
0.000451
0.000437
0.000440
0.000443
0.000438
0.000440
0.000461
0.000450
0.000452
0.000453
0.000437
0.000436
0.000437
0.000439
0.000439
0.000460
0.000451
0.000450
0.000454
0.000439
0.000437
0.000437
0.000435
0.000436
0.000460
0.000448
0.000452
0.000455
0.000436
0.000436
0.000440
0.000440
0.000438
0.000442
0.000439
0.000436
0.000445
0.000436
0.000437
0.000437
0.000439
0.000438
0.000459
0.000450
0.000452
0.000454
0.000440
0.000438
0.000440
0.000441
0.000439
0.000458
0.000450
0.000454
0.000456
0.000437
0.000440
0.000440
0.000440
0.000439
0.000442
0.000436
0.000440
0.000437
0.000438
0.000440
0.000441
0.000439
0.000437
0.000440
0.000436
0.000438
0.000438
0.000440
0.000438
0.000437
0.000439
0.000440
0.000440
0.000438
0.000440
0.000439
0.000438
0.000439
0.000438
0.000435
0.000437
0.000435
0.000443
0.000437
0.000435
0.000437
0.000439
0.000437
0.000438
0.000437
0.000441
0.000439
0.000437
0.000441
0.000437
0.000437
0.000440
0.000437
0.000438
0.000438
0.000466
0.000451
0.000463
0.000441
0.000439
0.000437
0.000437
0.000434
0.000440
0.000441
0.000437
0.000437
0.000435
0.000435
0.000438
0.000438
0.000439
0.000436
0.000465
0.000450
0.000458
0.000454
0.000451
0.000449
0.000451
0.000461
0.000441
0.000441
0.000439
0.000439
0.000438
0.000438
0.000437
0.000439
0.000437
0.000437
0.000443
0.000441
0.000438
0.000440
0.000438
0.000440
0.000438
0.000437
0.000467
0.000461
0.000459
0.000440
0.000438
0.000438
0.000438
0.000436
0.000441
0.000438
0.000440
0.000436
0.000440
0.000438
0.000439
0.000438
0.000440
0.000435
0.000438
0.000441
0.000438
0.000439
0.000452
0.000437
0.000440
0.000438
0.000438
0.000440
0.000441
0.000440
0.000441
0.000440
0.000438
0.000437
0.000439
0.000441
0.000439
0.000441
0.000439
0.000438
0.000438
0.000438
0.000437
0.000441
0.000436
0.000437
0.000443
0.000462
0.000452
0.000451
0.000451
0.000441
0.000440
0.000439
0.000439
0.000463
0.000453
0.000454
0.000455
0.000441
0.000438
0.000465
0.000449
0.000453
0.000474
0.000451
0.000450
0.000452
0.000440
0.000439
0.000439
0.000440
0.000440
0.000461
0.000449
0.000452
0.000451
0.000437
0.000437
0.000437
0.000438
0.000436
0.000462
0.000450
0.000451
0.000449
0.000440
0.000438
0.000442
0.000439
0.000438
0.000462
0.000451
0.000451
0.000449
0.000437
0.000437
0.000439
0.000440
0.000437
0.000464
0.000450
0.000450
0.000450
0.000438
0.000435
0.000439
0.000443
0.000437
0.000476
0.000454
0.000449
0.000450
0.000438
0.000436
0.000438
0.000442
0.000436
0.000442
0.000440
0.000437
0.000438
0.000441
0.000438
0.000437
0.000437
0.000439
0.000442
0.000439
0.000438
0.000436
0.000437
0.000439
0.000437
0.000439
0.000435
0.000442
0.000438
0.000440
0.000438
0.000438
0.000439
0.000436
0.000436
0.000438
0.000444
0.000437
0.000439
0.000437
0.000437
0.000437
0.000438
0.000439
0.000439
0.000442
0.000439
0.000438
0.000442
0.000437
0.000436
0.000438
0.000440
0.000436
0.000441
0.000436
0.000440
0.000440
0.000438
0.000442
0.000438
0.000440
0.000440
0.000439
0.000439
0.000441
0.000436
0.000437
0.000438
0.000441
0.000440
0.000439
0.000440
0.000465
0.000451
0.000457
0.000441
0.000436
0.000434
0.000438
0.000436
0.000437
0.000440
0.000437
0.000437
0.000437
0.000438
0.000439
0.000439
0.000437
0.000436
0.000467
0.000450
0.000471
0.000439
0.000438
0.000439
0.000440
0.000438
0.000437
0.000468
0.000453
0.000460
0.000437
0.000440
0.000436
0.000441
0.000437
0.000438
0.000440
0.000437
0.000444
0.000440
0.000439
0.000437
0.000439
0.000441
0.000438
0.000441
0.000439
0.000437
0.000436
0.000440
0.000443
0.000439
0.000438
0.000440
0.000440
0.000439
0.000441
0.000439
0.000438
0.000439
0.000439
0.000437
0.000440
0.000443
0.000437
0.000437
0.000437
0.000438
0.000437
0.000438
0.000439
0.000438
0.000440
0.000438
0.000441
0.000440
0.000437
0.000442
0.000440
0.000439
0.000438
0.000442
0.000439
0.000438
0.000438
0.000440
0.000442
0.000438
0.000440
0.000436
0.000439
0.000438
0.000438
0.000439
0.000440
0.000438
0.000438
0.000438
0.000442
0.000439
0.000439
0.000437
0.000437
0.000436
0.000438
0.000439
0.000436
0.000438
0.000438
0.000443
0.000439
0.000438
0.000463
0.000450
0.000453
0.000450
0.000451
0.000464
0.000470
0.000453
0.000455
0.000446
0.000440
0.000441
0.000441
0.000440
0.000441
0.000438
0.000438
0.000440
0.000437
0.000439
0.000440
0.000441
0.000436
0.000451
0.000469
0.000451
0.000452
0.000454
0.000438
0.000439
0.000439
0.000438
0.000440
0.000438
0.000440
0.000438
0.000438
0.000441
0.000436
0.000440
0.000440
0.000443
0.000437
0.000440
0.000438
0.000437
0.000437
0.000437
0.000436
0.000439
0.000439
0.000441
0.000438
0.000441
0.000441
0.000439
0.000439
0.000437
0.000439
0.000439
0.000441
0.000438
0.000440
0.000439
0.000437
0.000438
0.000439
0.000438
0.000438
0.000441
0.000440
0.000439
0.000439
0.000439
0.000438
0.000439
0.000439
0.000439
0.000447
0.000435
0.000438
0.000439
0.000438
0.000440
0.000440
0.000439
0.000439
0.000444
0.000438
0.000443
0.000439
0.000438
0.000442
0.000438
0.000441
0.000440
0.000443
0.000439
0.000437
0.000438
0.000439
0.000439
0.000439
0.000438
0.000440
0.000439
0.000438
0.000439
0.000436
0.000439
0.000437
0.000438
0.000450
0.000438
0.000459
0.000449
0.000450
0.000455
0.000440
0.000440
0.000442
0.000442
0.000441
0.000445
0.000438
0.000439
0.000443
0.000441
0.000437
0.000439
0.000439
0.000437
0.000461
0.000454
0.000453
0.000454
0.000438
0.000437
0.000441
0.000439
0.000442
0.000441
0.000437
0.000438
0.000445
0.000439
0.000439
0.000439
0.000436
0.000437
0.000470
0.000436
0.000441
0.000440
0.000441
0.000438
0.000440
0.000449
0.000437
0.000446
0.000438
0.000438
0.000438
0.000437
0.000439
0.000441
0.000438
0.000439
0.000439
0.000437
0.000438
0.000439
0.000437
0.000439
0.000441
0.000437
0.000441
0.000437
0.000440
0.000438
0.000437
0.000438
0.000440
0.000438
0.000439
0.000437
0.000437
0.000441
0.000437
0.000438
0.000439
0.000438
0.000438
0.000439
0.000437
0.000436
0.000442
0.000439
0.000440
0.000440
0.000438
0.000438
0.000439
0.000440
0.000438
0.000452
0.000437
0.000441
0.000441
0.000439
0.000437
0.000438
0.000441
0.000436
0.000441
0.000439
0.000440
0.000439
0.000440
0.000438
0.000441
0.000437
0.000437
0.000441
0.000439
0.000440
0.000440
0.000437
0.000438
0.000439
0.000440
0.000439
0.000439
0.000439
0.000438
0.000440
0.000438
0.000441
0.000442
0.000440
0.000438
0.000441
0.000438
0.000438
0.000441
0.000437
0.000438
0.000438
0.000439
0.000439
0.000452
0.000445
0.000438
0.000438
0.000437
0.000437
0.000439
0.000438
0.000440
0.000443
0.000439
0.000437
0.000436
0.000443
0.000439
0.000441
0.000439
0.000438
0.000438
0.000440
0.000436
0.000447
0.000437
0.000438
0.000437
0.000441
0.000438
0.000439
0.000438
0.000441
0.000439
0.000439
0.000438
0.000437
0.000440
0.000440
0.000439
0.000442
0.000439
0.000438
0.000438
0.000438
0.000439
0.000438
0.000441
0.000443
0.000444
0.000439
0.000441
0.000443
0.000440
0.000439
0.000441
0.000440
0.000436
0.000442
0.000438
0.000442
0.000441
0.000441
0.000442
0.000439
0.000438
0.000437
0.000443
0.000441
0.000440
0.000439
0.000437
0.000441
0.000439
0.000439
0.000440
0.000442
0.000441
0.000441
0.000440
0.000442
0.000441
0.000443
0.000442
0.000439
0.000442
0.000440
0.000442
0.000439
0.000440
0.000439
0.000438
0.000444
0.000439
0.000461
0.000452
0.000454
0.000454
0.000441
0.000440
0.000439
0.000442
0.000439
0.000443
0.000443
0.000440
0.000441
0.000438
0.000439
0.000442
0.000441
0.000441
0.000463
0.000452
0.000454
0.000456
0.000440
0.000439
0.000440
0.000441
0.000440
0.000445
0.000440
0.000440
0.000439
0.000440
0.000440
0.000439
0.000440
0.000440
0.000442
0.000442
0.000443
0.000443
0.000439
0.000438
0.000441
0.000440
0.000440
0.000443
0.000440
0.000439
0.000438
0.000441
0.000437
0.000437
0.000442
0.000440
0.000444
0.000442
0.000441
0.000443
0.000441
0.000441
0.000442
0.000441
0.000442
0.000440
0.000438
0.000442
0.000441
0.000442
0.000440
0.000441
0.000439
0.000440
0.000442
0.000439
0.000440
0.000441
0.000442
0.000440
0.000441
0.000441
0.000442
0.000441
0.000440
0.000441
0.000440
0.000436
0.000438
0.000438
0.000448
0.000439
0.000441
0.000443
0.000437
0.000439
0.000438
0.000440
0.000436
0.000440
0.000438
0.000440
0.000458
0.000439
0.000442
0.000439
0.000444
0.000439
0.000440
0.000440
0.000438
0.000444
0.000441
0.000437
0.000440
0.000437
0.000439
0.000441
0.000442
0.000438
0.000443
0.000438
0.000441
0.000439
0.000441
0.000442
0.000439
0.000438
0.000441
0.000443
0.000440
0.000439
0.000438
0.000436
0.000437
0.000439
0.000440
0.000440
0.000443
0.000440
0.000439
0.000438
0.000438
0.000439
0.000437
0.000438
0.000440
0.000445
0.000438
0.000440
0.000440
0.000439
0.000440
0.000439
0.000440
0.000441
0.000477
0.000452
0.000464
0.000440
0.000438
0.000440
0.000440
0.000440
0.000439
0.000441
0.000440
0.000441
0.000437
0.000439
0.000440
0.000439
0.000439
0.000439
0.000441
0.000440
0.000440
0.000442
0.000441
0.000441
0.000442
0.000440
0.000439
0.000441
0.000440
0.000439
0.000439
0.000438
0.000441
0.000440
0.000439
0.000440
0.000443
0.000440
0.000438
0.000440
0.000440
0.000440
0.000438
0.000440
0.000440
0.000440
0.000439
0.000442
0.000441
0.000440
0.000439
0.000440
0.000439
0.000438
0.000442
0.000441
0.000440
0.000439
0.000437
0.000440
0.000441
0.000462
0.000455
0.000455
0.000450
0.000453
0.000456
0.000441
0.000441
0.000440
0.000440
0.000441
0.000443
0.000471
0.000452
0.000463
0.000438
0.000442
0.000439
0.000439
0.000442
0.000454
0.000439
0.000440
0.000439
0.000457
0.000452
0.000456
0.000454
0.000439
0.000460
0.000451
0.000454
0.000458
0.000441
0.000438
0.000441
0.000439
0.000440
0.000443
0.000436
0.000442
0.000448
0.000439
0.000441
0.000437
0.000438
0.000439
0.000461
0.000451
0.000454
0.000457
0.000442
0.000439
0.000439
0.000437
0.000439
0.000441
0.000439
0.000440
0.000440
0.000439
0.000440
0.000440
0.000440
0.000438
0.000447
0.000438
0.000442
0.000440
0.000442
0.000438
0.000438
0.000440
0.000439
0.000441
0.000439
0.000440
0.000439
0.000440
