0.008122
0.005807
0.005452
0.005228
0.005182
0.005080
0.005093
0.005029
0.005025
0.005032
0.004935
0.004932
0.004933
0.004932
0.004934
0.004933
0.005015
0.004964
0.004942
0.004930
0.004931
0.004935
0.004935
0.004935
0.004932
0.004931
0.004928
0.004932
0.004932
0.004985
0.004940
0.004934
0.004931
0.004928
0.004932
0.004939
0.004927
0.004928
0.004933
0.004931
0.004930
0.004926
0.004928
0.004936
0.004928
0.004927
0.005017
0.004931
0.004935
0.004933
0.004934
0.005014
0.004929
0.004928
0.004923
0.004927
0.004929
0.004923
0.004926
0.004924
0.004933
0.004923
0.004924
0.004928
0.004924
0.004928
0.005035
0.004932
0.004930
0.004929
0.004925
0.004926
0.004925
0.004933
0.004923
0.004928
0.004926
0.004925
0.004927
0.004927
0.004927
0.004927
0.004932
0.004925
0.004927
0.004923
0.004929
0.004920
0.004927
0.004925
0.004926
0.004930
0.004923
0.004922
0.004926
0.004927
0.004925
0.004932
0.004927
0.004932
0.004929
0.004925
0.004925
0.004929
0.004926
0.004927
0.004924
0.004928
0.004924
0.004927
0.004926
0.004920
0.004929
0.004923
0.004927
0.004924
0.005039
0.004928
0.004927
0.005082
0.004941
0.004922
0.004924
0.004923
0.004926
0.004925
0.004924
0.004924
0.004925
0.004932
0.004925
0.004925
0.004925
0.004927
0.004931
0.004923
0.004924
0.004927
0.004926
0.004929
0.004927
0.004929
0.004932
0.004927
0.004930
0.004926
0.004926
0.004927
0.004923
0.004919
0.004926
0.004928
0.004925
0.004924
0.004928
0.004928
0.004921
0.004924
0.004923
0.004956
0.004925
0.004926
0.004924
0.004933
0.004929
0.004942
0.005021
0.004935
0.004925
0.004923
0.004923
0.004923
0.004924
0.004923
0.004923
0.004924
0.004927
0.004926
0.004924
0.004922
0.004923
0.004924
0.004926
0.004927
0.004926
0.004925
0.004923
0.004926
0.004924
0.004932
0.004926
0.004924
0.004923
0.004931
0.005086
0.004933
0.004927
0.004923
0.004930
0.004930
0.004923
0.004928
0.004927
0.004924
0.004931
0.004927
0.004929
0.004924
0.004926
0.004924
0.004930
0.004923
0.004928
0.004923
0.004926
0.005017
0.004949
0.004924
0.004927
0.004926
0.004925
0.004923
0.004922
0.004931
0.004926
0.004925
0.004924
0.004917
0.004929
0.004922
0.004924
0.004927
0.004925
0.004924
0.004925
0.004926
0.004930
0.004926
0.004925
0.004927
0.004926
0.004925
0.004926
0.004923
0.004927
0.004933
0.004925
0.004928
0.004924
0.004930
0.004926
0.004921
0.004921
0.004930
0.004928
0.004923
0.004923
0.004924
0.004926
0.004924
0.004923
0.004920
0.004931
0.004926
0.004932
0.005030
0.004931
0.004927
0.004924
0.004927
0.004928
0.004933
0.004927
0.004924
0.004928
0.004927
0.004926
0.004926
0.004924
0.004926
0.004921
0.004921
0.004985
0.004924
0.004931
0.004927
0.004926
0.004925
0.004929
0.004924
0.004922
0.004928
0.004927
0.004928
0.004926
0.004926
0.004927
0.004920
0.004922
0.004921
0.004925
0.004932
0.004920
0.004930
0.004925
0.004932
0.004925
0.004923
0.004925
0.004928
0.004924
0.004924
0.004924
0.004924
0.004929
0.005036
0.004925
0.004923
0.004925
0.004931
0.004923
0.004925
0.004930
0.004922
0.004925
0.004926
0.004921
0.004933
0.004926
0.004928
0.004928
0.004926
0.004923
0.004924
0.004921
0.004924
0.004924
0.004929
0.004924
0.004919
0.004928
0.004920
0.004924
0.004922
0.004927
0.004925
0.004922
0.004926
0.004930
0.004922
0.004927
0.004921
0.004928
0.004924
0.004923
0.004919
0.004923
0.004926
0.004924
0.004924
0.004922
0.004929
0.004923
0.004924
0.004923
0.005046
0.004929
0.004927
0.004926
0.004923
0.004927
0.004924
0.004924
0.004927
0.004928
0.004919
0.005155
0.004962
0.004943
0.004928
0.004925
0.004927
0.004929
0.004928
0.004929
0.004926
0.004927
0.004932
0.004927
0.004923
0.004927
0.004927
0.004923
0.004923
0.004926
0.004926
0.004925
0.004926
0.004921
0.004925
0.005016
0.004922
0.004922
0.004923
0.004930
0.004923
0.004923
0.004925
0.004927
0.004926
0.004925
0.004925
0.004927
0.004923
0.004985
0.004969
0.004929
0.004929
0.004924
0.004926
0.004928
0.004925
0.004926
0.004924
0.004924
0.004925
0.004927
0.004924
0.004928
0.004928
0.004931
0.004924
0.004922
0.004931
0.004929
0.004924
0.004926
0.004922
0.004929
0.004928
0.004924
0.004923
0.004927
0.004923
0.004925
0.004925
0.004926
0.004929
0.004927
0.004924
0.004925
0.004966
0.004983
0.004928
0.004922
0.004931
0.004930
0.004924
0.004920
0.004929
0.004924
0.004926
0.004922
0.004926
0.005052
0.004930
0.004925
0.004926
0.004930
0.004923
0.004923
0.004927
0.004931
0.004927
0.004923
0.004926
0.004923
0.004926
0.004924
0.004927
0.004923
0.004930
0.004929
0.004927
0.004925
0.004934
0.004930
0.004929
0.004930
0.004928
0.004931
0.004931
0.004926
0.004929
0.004931
0.004923
0.004929
0.004932
0.004926
0.004923
0.004926
0.004925
0.004928
0.004928
0.004926
0.004924
0.004925
0.004930
0.004923
0.004927
0.004929
0.004926
0.004927
0.004926
0.005035
0.004932
0.004939
0.004926
0.004925
0.004928
0.004927
0.004926
0.004930
0.004937
0.004930
0.004924
0.004928
0.004929
0.004927
0.004931
0.004926
0.004924
0.004924
0.004927
0.004922
0.004926
0.005015
0.004934
0.004925
0.004928
0.004926
0.004924
0.004926
0.004925
0.004925
0.004926
0.004925
0.004923
0.004925
0.004923
0.004934
0.004923
0.004932
0.004927
0.004930
0.004925
0.004932
0.004924
0.004928
0.004923
0.004930
0.004925
0.004926
0.004933
0.005037
0.004927
0.004923
0.004934
0.004927
0.004925
0.004929
0.004929
0.004923
0.004923
0.004923
0.004928
0.004920
0.004924
0.004926
0.004925
0.004926
0.004927
0.004921
0.004931
0.004930
0.004929
0.004924
0.004926
0.005127
0.004934
0.004932
0.004927
0.004927
0.004929
0.004925
0.004924
0.004926
0.004926
0.004924
0.004926
0.004922
0.004926
0.004927
0.004924
0.004925
0.005001
0.004922
0.004923
0.004924
0.004926
0.004926
0.004926
0.004924
0.004986
0.005130
0.005763
0.005912
0.005660
0.005413
0.005609
0.005359
0.005176
0.005228
0.005198
0.005279
0.005363
0.005466
0.005327
0.005282
0.005204
0.005237
0.005242
0.005088
0.005191
0.005180
0.005163
0.005213
0.005189
0.005149
0.005165
0.005153
0.005224
0.005187
0.005123
0.005155
0.005174
0.005203
0.005182
0.005196
0.005185
0.005185
0.005151
0.005158
0.005183
0.005214
0.005217
0.005210
0.005196
0.005182
0.005187
0.005289
0.005220
0.005216
0.005217
0.005212
0.005257
0.005212
0.005219
0.005213
0.005214
0.005217
0.005217
0.005209
0.005210
0.005206
0.005213
0.005208
0.005213
0.005214
0.005213
0.005210
0.005212
0.005212
0.005250
0.005158
0.005151
0.005193
0.005176
0.005146
0.005209
0.005216
0.005218
0.005213
0.005216
0.005213
0.005215
0.005208
0.005152
0.005178
0.005154
0.005205
0.005154
0.005217
0.005167
0.005184
0.005190
0.005156
0.005279
0.005186
0.005182
0.005217
0.005220
0.005211
0.005209
0.005213
0.005217
0.005211
0.005212
0.005216
0.005214
0.005210
0.005216
0.005122
0.005181
0.005169
0.005205
0.005195
0.005195
0.005188
0.005156
0.005164
0.005195
0.005181
0.005213
0.005213
0.005212
0.005096
0.005178
0.005176
0.005104
0.005235
0.005187
0.005114
0.004928
0.004926
0.004924
0.004928
0.004926
0.004925
0.004922
0.004926
0.004923
0.004924
0.004923
0.004926
0.005067
0.004928
0.004924
0.004928
0.004924
0.004925
0.004927
0.004927
0.004931
0.004921
0.004925
0.005126
0.004937
0.004928
0.004924
0.004924
0.004927
0.004923
0.004928
0.004925
0.004924
0.004931
0.004922
0.004926
0.004923
0.004927
0.004925
0.004925
0.004928
0.004929
0.004926
0.004922
0.004923
0.004927
0.004926
0.004929
0.004927
0.004931
0.004925
0.004926
0.004923
0.004927
0.004923
0.004923
0.004920
0.004926
0.005014
0.004926
0.004924
0.004928
0.005037
0.004934
0.004929
0.004929
0.004925
0.004933
0.004925
0.004923
0.004924
0.004930
0.004924
0.004927
0.004927
0.004929
0.004928
0.004926
0.004924
0.004923
0.004928
0.004929
0.004923
0.004924
0.004932
0.004927
0.004920
0.004926
0.005002
0.004925
0.004927
0.004928
0.004927
0.004927
0.004928
0.004926
0.004925
0.004932
0.004924
0.004924
0.004928
0.004928
0.004926
0.004922
0.004924
0.004920
0.005019
0.004923
0.004927
0.004931
0.004976
0.005053
0.005037
0.004929
0.004931
0.004926
0.004930
0.004925
0.004928
0.004923
0.004927
0.004925
0.004930
0.004924
0.004928
0.004928
0.004925
0.004926
0.004922
0.004923
0.004930
0.004930
0.004922
0.004924
0.004923
0.005097
0.004931
0.004924
0.004926
0.004928
0.004927
0.004921
0.004927
0.004928
0.004931
0.004920
0.004927
0.004922
0.004928
0.004922
0.004924
0.004926
0.004929
0.004921
0.004925
0.004926
0.004925
0.004929
0.004924
0.004922
0.004921
0.005012
0.004954
0.004926
0.004928
0.004926
0.004927
0.004919
0.004926
0.004925
0.004928
0.004925
0.004924
0.004924
0.004930
0.004921
0.004925
0.004928
0.004930
0.004923
0.004926
0.004944
0.004926
0.004926
0.004923
0.004924
0.004929
0.004927
0.004924
0.004925
0.004925
0.004932
0.004924
0.004924
0.004924
0.004928
0.004922
0.004924
0.004921
0.004924
0.004922
0.004922
0.004921
0.004925
0.004928
0.004924
0.004925
0.004923
0.004924
0.004926
0.004922
0.005035
0.004924
0.004933
0.004925
0.004924
0.004923
0.004932
0.004926
0.004926
0.004944
0.004933
0.004922
0.004928
0.004924
0.004931
0.004926
0.004922
0.004923
0.004925
0.004926
0.004921
0.004928
0.004927
0.004930
0.004925
0.004925
0.004923
0.004929
0.004922
0.004927
0.004926
0.004925
0.004926
0.004921
0.004920
0.004925
0.004929
0.004939
0.004922
0.004929
0.004927
0.004927
0.004924
0.004927
0.004922
0.004927
0.004925
0.004926
0.004923
0.004929
0.005036
0.004929
0.005003
0.004932
0.004926
0.004924
0.004923
0.004928
0.004923
0.004920
0.004923
0.004923
0.004928
0.004924
0.004928
0.004922
0.004930
0.004923
0.004923
0.004925
0.004923
0.004928
0.004924
0.004925
0.004927
0.004925
0.004925
0.004925
0.004922
0.004925
0.004922
0.004924
0.004923
0.005191
0.004942
0.004972
0.004929
0.004925
0.004925
0.004925
0.004928
0.004926
0.004926
0.004928
0.004924
0.004925
0.004929
0.004924
0.004922
0.004927
0.005036
0.004928
0.004924
0.004926
0.004926
0.004922
0.004926
0.004920
0.004920
0.004929
0.004918
0.004926
0.004925
0.004929
0.004924
0.004920
0.004927
0.004924
0.004923
0.004919
0.004925
0.004923
0.004926
0.004923
0.004930
0.004928
0.004928
0.004925
0.004924
0.004924
0.004928
0.004923
0.004963
0.004927
0.004928
0.004927
0.004925
0.004920
0.004925
0.004927
0.004923
0.004923
0.004928
0.004929
0.004926
0.004922
0.004921
0.004929
0.004923
0.004987
0.004976
0.004925
0.004934
0.004922
0.004924
0.004923
0.004928
0.004924
0.004928
0.004925
0.004927
0.004922
0.004925
0.004924
0.004926
0.004929
0.004925
0.004925
0.004924
0.004927
0.004924
0.004921
0.004923
0.004924
0.004922
0.004924
0.004928
0.004925
0.004933
0.004927
0.004927
0.004927
0.004927
0.004925
0.004926
0.004922
0.004925
0.004924
0.004924
0.004925
0.004927
0.004930
0.004925
0.004926
0.004925
0.004926
0.004927
0.004928
0.004924
0.005038
0.004928
0.004925
0.004924
0.004925
0.004928
0.004925
0.004923
0.004922
0.004926
0.004921
0.004924
0.004931
0.004926
0.004922
0.004921
0.004927
0.004929
0.004927
0.004930
0.004926
0.004930
0.004931
0.004923
0.004923
0.004924
0.004925
0.004926
0.004926
0.004924
0.004923
0.004925
0.004924
0.004926
0.004925
0.004933
0.004924
0.004925
0.004927
0.004930
0.004923
0.004924
0.004924
0.004923
0.004921
0.004923
0.004924
0.004923
0.004930
0.004922
0.005040
0.004930
0.004931
0.004923
0.004928
0.004923
0.004927
0.004993
0.004924
0.004922
0.004932
0.004921
0.004923
0.004924
0.004924
0.004927
0.004923
0.004924
0.004922
0.004928
0.004924
0.004925
0.004925
0.004926
0.004926
0.004925
0.004926
0.004924
0.004931
0.004923
0.005055
0.004968
0.004928
0.004928
0.004926
0.004926
0.004929
0.004925
0.004920
0.004925
0.004931
0.004924
0.004925
0.004927
0.004923
0.004926
0.004922
0.004926
0.004920
0.004930
0.005047
0.004924
0.004982
0.004930
0.004920
0.004927
0.004925
0.004923
0.004931
0.004925
0.004921
0.004928
0.004925
0.004924
0.004919
0.004923
0.004931
0.004926
0.004924
0.004926
0.004921
0.004925
0.004926
0.004927
0.004923
0.004922
0.004925
0.004923
0.004926
0.004933
0.004928
0.004919
0.004923
0.004927
0.004925
0.004928
0.004928
0.004927
0.004930
0.004926
0.004924
0.004924
0.004927
0.004924
0.004924
0.004923
0.004929
0.004936
0.004924
0.004928
0.005036
0.004929
0.004924
0.004923
0.004929
0.004931
0.004926
0.004922
0.004926
0.004932
0.004925
0.004926
0.004927
0.004924
0.004925
0.004923
0.004919
0.004919
0.004925
0.004925
0.004926
0.004925
0.004926
0.004936
0.004924
0.004925
0.004924
0.004929
0.004930
0.004921
0.004927
0.004926
0.004922
0.004919
0.004926
0.004927
0.004929
0.004920
0.004928
0.004923
0.004927
0.004928
0.004924
0.004926
0.004931
0.005188
0.004947
0.004938
0.004933
0.005022
0.004945
0.004970
0.004932
0.004926
0.004929
0.004926
0.004928
0.004922
0.004924
0.004926
0.004923
0.004933
0.004918
0.004927
0.004922
0.004930
0.004926
0.004922
0.004925
0.004935
0.004930
0.004925
0.004925
0.004928
0.004928
0.004923
0.004928
0.004923
0.004927
0.004925
0.004923
0.004926
0.004930
0.004923
0.004926
0.004925
0.004923
0.004926
0.004926
0.004929
0.004927
0.004923
0.004925
0.004924
0.004924
0.004923
0.004926
0.004927
0.004922
0.005039
0.004924
0.004929
0.004923
0.004924
0.004931
0.004927
0.004918
0.004924
0.004932
0.004926
0.004926
0.004923
0.004995
0.004929
0.004925
0.004921
0.004931
0.004926
0.004924
0.004925
0.004925
0.004927
0.004924
0.004923
0.004926
0.004926
0.004922
0.004925
0.004922
0.004928
0.004929
0.004922
0.004926
0.004925
0.004931
0.004926
0.004926
0.004929
0.004928
0.004923
0.004927
0.004928
0.004927
0.004924
0.004927
0.004926
0.004922
0.004926
0.004925
0.005036
0.004925
0.004928
0.004926
0.004924
0.004928
0.004931
0.004928
0.004929
0.004923
0.004927
0.004921
0.004927
0.004919
0.004917
0.004929
0.004923
0.004927
0.004921
0.004927
0.004923
0.004924
0.004922
0.004944
0.004924
0.004926
0.004921
0.004924
0.004929
0.004927
0.004927
0.004920
0.004925
0.004924
0.004923
0.004926
0.004924
0.004926
0.004922
0.004927
0.004926
0.004927
0.004922
0.004923
0.004923
0.004929
0.004923
0.004927
0.004922
0.004932
0.005033
0.004926
0.004929
0.004922
0.004927
0.004920
0.004925
0.004923
0.004930
0.004923
0.004924
0.004928
0.004930
0.004924
0.004926
0.004929
0.004924
0.004927
0.004927
0.004924
0.004925
0.004925
0.004924
0.004926
0.004924
0.004928
0.004923
0.004922
0.004924
0.004927
0.004920
0.004923
0.004933
0.004926
0.004934
0.004925
0.004927
0.004922
0.004925
0.004926
0.004925
0.004921
0.004925
0.004918
0.004924
0.004924
0.004927
0.004928
0.004922
0.005013
0.004978
0.004927
0.004926
0.004928
0.004927
0.004929
0.004925
0.004924
0.004932
0.004928
0.004928
0.004927
0.004923
0.004926
0.004927
0.004924
0.004929
0.004922
0.004927
0.004924
0.004924
0.004928
0.004926
0.004926
0.004926
0.004922
0.004923
0.004925
0.004924
0.004924
0.004923
0.004928
0.004921
0.004922
0.004920
0.004929
0.004926
0.004923
0.004926
0.004926
0.004928
0.004924
0.004927
0.004923
0.004929
0.004926
0.004925
0.004927
0.004928
0.005039
0.004925
0.004929
0.004928
0.004930
0.004923
0.004930
0.004925
0.004931
0.004926
0.004923
0.004925
0.004924
0.004922
0.004925
0.004924
0.004928
0.004925
0.004979
0.004998
0.005583
0.005827
0.005788
0.005568
0.005485
0.005305
0.005236
0.005308
0.005386
0.005391
0.005329
0.005353
0.005405
0.005312
0.005325
0.005383
0.005215
0.005239
0.005231
0.005232
0.005227
0.005061
0.005185
0.005177
0.005228
0.005158
0.005175
0.005169
0.005268
0.005219
0.005215
0.005219
0.005216
0.005146
0.005245
0.005210
0.005191
0.005189
0.005216
0.005225
0.005221
0.005276
0.005218
0.005212
0.005214
0.005215
0.005179
0.005191
0.005219
0.005214
0.005230
0.005181
0.005216
0.005216
0.005216
0.005216
0.005209
0.005223
0.005206
0.005211
0.005218
0.005209
0.005212
0.005215
0.005220
0.005195
0.005211
0.005218
0.005218
0.005211
0.005221
0.005208
0.005219
0.005218
0.005216
0.005261
0.005216
0.005245
0.005210
0.005208
0.005211
0.005204
0.005214
0.005216
0.005209
0.005211
0.005208
0.005214
0.005211
0.005212
0.005216
0.005210
0.005212
0.005219
0.005210
0.005212
0.005219
0.005212
0.005207
0.005215
0.005214
0.005211
0.005212
0.005220
0.005211
0.005212
0.005212
0.005226
0.005212
0.005212
0.005209
0.005212
0.005214
0.005215
0.005210
0.005213
0.005214
0.005209
0.005212
0.005211
0.005210
0.005215
0.005266
0.005219
0.005212
0.005183
0.005213
0.005216
0.005212
0.005214
0.005213
0.005215
0.005216
0.005221
0.005210
0.005211
0.005218
0.005218
0.005209
0.005220
0.005208
0.005210
0.005216
0.005210
0.005271
0.005213
0.005185
0.005188
0.005211
0.005219
0.005214
0.005163
0.005226
0.005126
0.005213
0.005161
0.005230
0.005212
0.005214
0.005187
0.005224
0.005184
0.005180
0.005217
0.005214
0.005116
0.004965
0.004925
0.004930
0.005036
0.004933
0.004928
0.004926
0.004925
0.004927
0.004925
0.004924
0.004925
0.004926
0.004930
0.004926
0.004924
0.004923
0.004931
0.004923
0.004928
0.004925
0.004928
0.004927
0.004925
0.004922
0.004924
0.005012
0.004924
0.004922
0.004923
0.004929
0.004922
0.004921
0.004925
0.004924
0.004925
0.004927
0.004925
0.004926
0.004925
0.004926
0.004927
0.004927
0.004930
0.004924
0.004929
0.004924
0.004932
0.004925
0.004925
0.004926
0.004925
0.004921
0.005032
0.004922
0.004929
0.004927
0.004921
0.004925
0.004927
0.004925
0.004924
0.004927
0.004925
0.004932
0.004920
0.004927
0.004924
0.004927
0.004932
0.004923
0.004926
0.004926
0.004930
0.004929
0.004927
0.004923
0.004929
0.004932
0.004930
0.004930
0.004936
0.004926
0.004928
0.004927
0.004929
0.004925
0.004929
0.004925
0.004924
0.004924
0.004924
0.004923
0.004921
0.004923
0.005159
0.004987
0.004930
0.004926
0.004925
0.004927
0.004925
0.004943
0.005021
0.004928
0.004928
0.004926
0.004935
0.004925
0.004930
0.004927
0.004929
0.004924
0.004925
0.004926
0.004927
0.004926
0.004926
0.004926
0.004924
0.004929
0.004926
0.004923
0.004922
0.004928
0.004930
0.004927
0.004927
0.004932
0.004923
0.004924
0.004927
0.004925
0.004929
0.004927
0.004923
0.004926
0.004931
0.004924
0.004926
0.004929
0.004931
0.004928
0.004925
0.004925
0.004924
0.004933
0.004927
0.004933
0.004927
0.004933
0.004927
0.005009
0.004948
0.004931
0.004922
0.004927
0.004926
0.004929
0.004924
0.004927
0.004926
0.004920
0.004930
0.004925
0.004927
0.004925
0.004928
0.004923
0.004927
0.004922
0.004927
0.004929
0.004926
0.004926
0.004926
0.004930
0.004926
0.004923
0.004928
0.004927
0.004923
0.004930
0.004926
0.005088
0.005061
0.004935
0.004925
0.004929
0.004927
0.004927
0.004928
0.004925
0.004932
0.004926
0.004927
0.004926
0.004932
0.004927
0.004927
0.004924
0.004926
0.005033
0.004928
0.005021
0.004931
0.004925
0.004923
0.004925
0.004921
0.004926
0.004922
0.004922
