0.017781
0.008035
0.007708
0.007703
0.007705
0.007696
0.007693
0.007708
0.007697
0.007692
0.007758
0.007696
0.007714
0.007716
0.007715
0.007723
0.007686
0.007698
0.007705
0.007714
0.007718
0.007700
0.007697
0.007704
0.007718
0.007747
0.007755
0.007737
0.007713
0.007721
0.007698
0.007687
0.007734
0.007726
0.007718
0.007727
0.007746
0.007725
0.007725
0.007747
0.007734
0.007725
0.007753
0.007756
0.007719
0.007746
0.007706
0.007746
0.007720
0.007720
0.007703
0.007718
0.007708
0.007719
0.007718
0.007721
0.007753
0.007738
0.007747
0.007703
0.007742
0.007697
0.007725
0.007698
0.007710
0.007715
0.007720
0.007715
0.007721
0.007734
0.007700
0.007715
0.007703
0.007709
0.007696
0.007719
0.007697
0.007714
0.007713
0.007742
0.007709
0.007755
0.007734
0.007729
0.007720
0.007717
0.007738
0.007737
0.007724
0.007697
0.007714
0.007725
0.007716
0.007737
0.007695
0.007722
0.007753
0.007765
0.007737
0.007700
0.007705
0.007731
0.007720
0.007708
0.007694
0.007718
0.007696
0.007721
0.007734
0.007725
0.007723
0.007740
0.007728
0.007726
0.007746
0.007751
0.007734
0.007708
0.007700
0.007701
0.007823
0.007705
0.007732
0.007708
0.007739
0.007731
0.007709
0.007725
0.007756
0.007770
0.007758
0.007764
0.007751
0.007705
0.007692
0.007732
0.007695
0.007734
0.007736
0.007704
0.007730
0.007738
0.007738
0.007721
0.007773
0.007744
0.007736
0.007721
0.007731
0.007694
0.007714
0.007709
0.007709
0.007721
0.007729
0.007753
0.007711
0.007730
0.007730
0.011082
0.007705
0.007722
0.007726
0.007723
0.007707
0.007734
0.007700
0.007715
0.007755
0.007717
0.007741
0.007738
0.007735
0.007704
0.007729
0.007687
0.007696
0.007678
0.007695
0.007726
0.007704
0.007696
0.007731
0.007728
0.007738
0.007714
0.011222
0.007713
0.007696
0.007750
0.007748
0.007711
0.007697
0.007716
0.007770
0.007713
0.007689
0.007734
0.007735
0.007778
0.007735
0.007708
0.007715
0.007710
0.007723
0.007711
0.007706
0.007693
0.007727
0.007742
0.007734
0.007715
0.007728
0.007734
0.007713
0.007711
0.007690
0.007717
0.007725
0.007718
0.007726
0.007724
0.007731
0.007735
0.007713
0.007724
0.007706
0.007751
0.007735
0.007719
0.007728
0.007702
0.007683
0.007725
0.007702
0.007729
0.007695
0.007726
0.007694
0.007754
0.007738
0.007735
0.007737
0.007720
0.007752
0.007705
0.007720
0.007698
0.007711
0.007715
0.007715
0.007729
0.007710
0.007729
0.007723
0.007740
0.007750
0.007840
0.039807
0.007941
0.007900
0.007890
0.007840
0.007884
0.007879
0.007846
0.007825
0.007848
0.007866
0.007893
0.007872
0.007846
0.007803
0.007851
0.007816
0.007831
0.007844
0.007845
0.007890
0.007859
0.007857
0.007848
0.007872
0.007887
0.007854
0.007885
0.007952
0.007876
0.007936
0.007863
0.007863
0.007869
0.007850
0.007822
0.007836
0.007853
0.007864
0.007847
0.007840
0.007813
0.007870
0.007888
0.007885
0.007876
0.007860
0.007874
0.007852
0.007870
0.007866
0.007878
0.007895
0.007896
0.007875
0.007839
0.007894
0.007862
0.009930
0.007906
0.007855
0.007884
0.007867
0.007876
0.007872
0.007903
0.007889
0.007923
0.007918
0.007893
0.007866
0.007907
0.007936
0.007867
0.007892
0.007855
0.007841
0.007867
0.007915
0.007855
0.007862
0.007884
0.007883
0.008007
0.007884
0.007837
0.008103
0.009160
0.012943
0.017531
0.013810
0.017544
0.017788
0.013310
0.013310
0.014890
0.018025
0.012860
0.012832
0.014885
0.011458
0.017599
0.014432
0.022810
0.008181
0.016084
0.018151
0.022585
0.007768
0.013792
0.023107
0.018598
0.008196
0.017502
0.013287
0.017895
0.014714
0.016430
0.022520
0.007774
0.022602
0.012358
0.013096
0.013888
0.023055
0.007967
0.014124
0.014955
0.017712
0.012957
0.014154
0.014848
0.017742
0.012972
0.014614
0.015198
0.008226
0.008243
0.008258
0.008257
0.008258
0.008220
0.008224
0.008228
0.008204
0.008209
0.008249
0.008213
0.008228
0.008213
0.008228
0.008221
0.008256
0.008176
0.008280
0.008244
0.008210
0.008264
0.008219
0.008228
0.010324
0.008199
0.008226
0.008229
0.008214
0.008189
0.008220
0.008157
0.017839
0.014914
0.017723
0.015435
0.017667
0.013271
0.013350
0.017317
0.022985
0.008072
0.015519
0.013130
0.017401
0.013171
0.014367
0.017959
0.013770
0.013127
0.008074
0.007979
0.007971
0.008048
0.008052
0.008047
0.008006
0.008004
0.007968
0.008005
0.008023
0.007973
0.007955
0.008003
0.008087
0.007996
0.007998
0.008059
0.008006
0.008007
0.008049
0.007994
0.007986
0.008033
0.008056
0.008050
0.007968
0.008023
0.008011
0.008515
0.007971
0.007999
0.008003
0.008004
0.008050
0.008054
0.008019
0.008082
0.008053
0.008045
0.008040
0.008079
0.008029
0.007998
0.013049
0.008022
0.008061
0.008047
0.008057
0.008047
0.008031
0.008020
0.008023
0.007993
0.008033
0.008032
0.008031
0.009928
0.008074
0.011979
0.008022
0.008043
0.008047
0.008014
0.008040
0.008008
0.008050
0.008009
0.008014
0.008060
0.008070
0.008061
0.011483
0.008069
0.008092
0.008037
0.008021
0.008040
0.008048
0.008052
0.008018
0.008053
0.008034
0.015985
0.013041
0.015484
0.014308
0.017551
0.013219
0.013226
0.008274
0.014550
0.015812
0.017850
0.017936
0.012928
0.012959
0.014122
0.013082
0.015414
0.013057
0.007987
0.007982
0.007995
0.008003
0.007972
0.008540
0.007985
0.007975
0.007946
0.008001
0.007974
0.008011
0.007951
0.007979
0.007974
0.007973
0.007990
0.007955
0.007974
0.007980
0.007966
0.007963
0.007994
0.007963
0.008031
0.007957
0.007975
0.008071
0.007982
0.007985
0.008043
0.008001
0.007960
0.007968
0.007951
0.008003
0.007950
0.008046
0.007994
0.007987
0.007989
0.007991
0.008001
0.007966
0.008014
0.007959
0.007969
0.007991
0.008015
0.007976
0.007959
0.007983
0.008002
0.014837
0.023084
0.007813
0.007834
0.007826
0.007820
0.007852
0.007839
0.007839
0.007862
0.007823
0.007891
0.007871
0.007860
0.007832
0.007843
0.007848
0.007829
0.007858
0.007842
0.007868
0.007845
0.007838
0.007834
0.007821
0.007854
0.007840
0.007847
0.007871
0.007882
0.007889
0.007908
0.007793
0.007833
0.007873
0.011221
0.007875
0.007852
0.007821
0.007822
0.007845
0.007841
0.007848
0.007851
0.007870
0.007849
0.007846
0.007844
0.007844
0.007858
0.010077
0.007857
0.007854
0.007858
0.007834
0.007834
0.007853
0.007848
0.007880
0.007850
0.007846
0.007838
0.007866
0.007870
0.007833
0.007852
0.007846
0.007839
0.007862
0.007850
0.007869
0.007871
0.007856
0.007900
0.007889
0.007832
0.007852
0.007844
0.007864
0.007857
0.007860
0.007849
0.007852
0.007863
0.007846
0.007838
0.007833
0.007850
0.007880
0.007862
0.007840
0.007828
0.007838
0.007838
0.007848
0.007877
0.007856
0.007974
0.007865
0.007899
0.007821
0.007849
0.007866
0.007852
0.007868
0.011501
0.007854
0.007864
0.007851
0.007853
0.007857
0.007860
0.007858
0.007858
0.007860
0.007855
0.007854
0.007848
0.007841
0.007833
0.007847
0.007860
0.007865
0.007862
0.007870
0.007835
0.007846
0.007848
0.007837
0.007860
0.007869
0.007861
0.007864
0.007896
0.007863
0.007864
0.007875
0.007836
0.007852
0.007875
0.007839
0.007875
0.007833
0.007857
0.007850
0.007855
0.007860
0.007840
0.007842
0.007876
0.007848
0.007851
0.007829
0.007831
0.007852
0.013049
0.007869
0.007849
0.010094
0.007872
0.007849
0.007861
0.007858
0.007852
0.007847
0.007870
0.007836
0.007852
0.007853
0.007871
0.007838
0.007833
0.007865
0.007864
0.007863
0.007865
0.007835
0.007865
0.007855
0.007799
0.007880
0.007843
0.007887
0.007828
0.007800
0.007863
0.007898
0.007873
0.007855
0.007845
0.007896
0.007858
0.008604
0.007873
0.007868
0.007880
0.007886
0.007846
0.007854
0.007845
0.007880
0.007860
0.007877
0.007846
0.007847
0.007845
0.007843
0.007845
0.007845
0.007857
0.007865
0.007875
0.007852
0.007871
0.007808
0.007874
0.007854
0.007854
0.007856
0.007883
0.007883
0.007892
0.007869
0.007996
0.007885
0.007866
0.007839
0.007880
0.007869
0.007870
0.007868
0.007839
0.007850
0.007847
0.007856
0.007869
0.007840
0.007866
0.007868
0.007863
0.007873
0.007826
0.007872
0.007842
0.007848
0.007806
0.007861
0.007857
0.007875
0.007897
0.007857
0.007856
0.007866
0.007855
0.007859
0.007882
0.007878
0.007870
0.007898
0.007884
0.007867
0.007852
0.007847
0.007886
0.007865
0.007856
0.007893
0.007851
0.007856
0.007865
0.007861
0.007860
0.007881
0.007874
0.007864
0.007832
0.007840
0.007863
0.007897
0.007872
0.007875
0.007892
0.007867
0.007880
0.007881
0.007883
0.007879
0.007892
0.007887
0.007855
0.007861
0.007855
0.007868
0.009878
0.011655
0.012919
0.007886
0.007875
0.008143
0.012952
0.009699
0.007899
0.007884
0.007876
0.007855
0.007850
0.007865
0.007859
0.007872
0.007873
0.007872
0.007852
0.007873
0.007826
0.014950
0.007915
0.007925
0.010766
0.007875
0.007847
0.007877
0.007867
0.007875
0.007868
0.007864
0.007899
0.007872
0.007885
0.007870
0.007858
0.007886
0.009606
0.007869
0.007876
0.007888
0.007956
0.007963
0.007962
0.007948
0.007957
0.007941
0.007932
0.007935
0.007920
0.007952
0.007966
0.008092
0.007956
0.007949
0.007951
0.007943
0.007967
0.007947
0.007955
0.007952
0.007936
0.007946
0.007956
0.007925
0.007914
0.007929
0.007930
0.007911
0.007979
0.007949
0.007926
0.007913
0.007952
0.007967
0.007938
0.007952
0.007959
0.007960
0.007937
0.007939
0.007949
0.007944
0.007928
0.007932
0.007942
0.007945
0.007944
0.007960
0.007929
0.007960
0.007956
0.007940
0.010861
0.007931
0.007949
0.007939
0.007928
0.007980
0.007941
0.007948
0.007952
0.007931
0.007947
0.007948
0.007929
0.007934
0.007916
0.007945
0.008110
0.007964
0.007960
0.007934
0.007956
0.007954
0.007979
0.007948
0.007933
0.007917
0.007931
0.007893
0.007944
0.007933
0.007918
0.007920
0.007955
0.007943
0.007962
0.007930
0.007943
0.007917
0.007958
0.007951
0.007955
0.007942
0.007947
0.007945
0.007935
0.007939
0.007950
0.007931
0.007934
0.007953
0.007960
0.007947
0.007948
0.007952
0.010647
0.007964
0.007967
0.007966
0.007936
0.007958
0.007955
0.007961
0.007958
0.007940
0.007947
0.007943
0.007945
0.007958
0.007944
0.007948
0.007955
0.007936
0.007934
0.007966
0.007956
0.007940
0.007975
0.007954
0.007961
0.007952
0.007955
0.007976
0.007942
0.007946
0.008063
0.007987
0.007946
0.007960
0.007945
0.007931
0.007968
0.007942
0.007945
0.007952
0.007947
0.007945
0.007947
0.007931
0.007927
0.007945
0.007945
0.007946
0.007922
0.007963
0.007964
0.007952
0.007984
0.007984
0.007948
0.007968
0.007976
0.007952
0.007951
0.007947
0.007939
0.007953
0.007986
0.007960
0.007970
0.007951
0.007952
0.007952
0.015694
0.012968
0.007943
0.007943
0.007952
0.007963
0.007958
0.007933
0.007940
0.007964
0.007934
0.007964
0.007926
0.008013
0.007962
0.007950
0.007935
0.007947
0.007938
0.007929
0.007926
0.007950
0.007961
0.007954
0.007913
0.007936
0.008137
0.007930
0.007943
0.007985
0.007945
0.008009
0.011174
0.007952
0.007964
0.007963
0.007940
0.007952
0.007958
0.007965
0.007966
0.007967
0.007936
0.007972
0.007959
0.007944
0.007968
0.007944
0.007959
0.007929
0.007943
0.007954
0.007959
0.007963
0.007939
0.007974
0.007922
0.007930
0.007937
0.007940
0.007951
0.007987
0.007937
0.007946
0.007955
0.007949
0.007943
0.007947
0.007958
0.007992
0.007928
0.007959
0.007960
0.007962
0.007967
0.007962
0.007941
0.007937
0.007947
0.007952
0.007942
0.007950
0.007935
0.007923
0.010204
0.007984
0.008058
0.007964
0.007967
0.007953
0.007973
0.007990
0.007976
0.007960
0.007942
0.007955
0.007955
0.007972
0.007973
0.007968
0.007985
0.007957
0.007965
0.007977
0.007946
0.007985
0.007986
0.007934
0.007972
0.007936
0.007960
0.007951
0.007967
0.007947
0.007947
0.007976
0.007941
0.007952
0.007937
0.007959
0.007967
0.007954
0.007949
0.007959
0.007953
0.008019
0.007964
0.007991
0.007947
0.007947
0.007982
0.007955
0.007960
0.007950
0.007952
0.007986
0.007949
0.007961
0.007975
0.007951
0.007946
0.007947
0.007934
0.007956
0.007954
0.007946
0.007946
0.007937
0.007941
0.008100
0.020046
0.009904
0.008122
0.008135
0.008080
0.008127
0.008185
0.008057
0.008059
0.008049
0.008073
0.008077
0.008150
0.008088
0.008048
0.008088
0.008088
0.008136
0.008047
0.008051
0.008044
0.008043
0.008046
0.008036
0.008032
0.008057
0.008052
0.008063
0.008098
0.008048
0.008041
0.008040
0.008045
0.008055
0.008056
0.008080
0.008140
0.008064
0.008059
0.008071
0.008139
0.008040
0.008052
0.008067
0.008061
0.008058
0.008058
0.008052
0.008069
0.008060
0.008071
0.008155
0.008054
0.008089
0.008074
0.008076
0.008057
0.008180
0.008181
0.008099
0.008053
0.008040
0.008064
0.008068
0.008066
0.008078
0.008051
0.008063
0.008079
0.008167
0.008080
0.008044
0.008047
0.008064
0.008055
0.008079
0.008049
0.010729
0.013575
0.013985
0.014584
0.012927
0.013791
0.013887
0.012480
0.013988
0.017115
0.017820
0.011511
0.008094
0.008047
0.008040
0.008040
0.008054
0.008024
0.008056
0.008073
0.008043
0.008011
0.008027
0.008040
0.008057
0.008039
0.008042
0.008043
0.008089
0.008043
0.008077
0.008077
0.008037
0.008077
0.008042
0.008054
0.008055
0.010271
0.008070
0.008143
0.008070
0.008071
0.008056
0.008073
0.008064
0.008077
0.008047
0.008023
0.008038
0.008050
0.008042
0.008029
0.008058
0.008055
0.008052
0.008038
0.008028
0.008039
0.008046
0.008040
0.008041
0.008042
0.008049
0.008035
0.008050
0.008041
0.008093
0.008081
0.008077
0.008066
0.008093
0.008062
0.008082
0.008070
0.008073
0.008082
0.008082
0.008022
0.008072
0.008052
0.008073
0.008030
0.008082
0.008095
0.008062
0.008079
0.008089
0.008099
0.008075
0.008090
0.008079
0.008090
0.008086
0.008066
0.008083
0.008093
0.008148
0.008132
0.008056
0.008036
0.008064
0.008068
0.008055
0.008017
0.008067
0.008052
0.008034
0.008069
0.008055
0.008046
0.008068
0.008073
0.008086
0.008038
0.008100
0.008074
0.008067
0.008115
0.008064
0.008096
0.008065
0.008099
0.008096
0.008046
0.008089
0.008082
0.008077
0.008101
0.008073
0.008086
0.008115
0.008069
0.008090
0.008108
0.008104
0.008108
0.008065
0.008066
0.008094
0.008059
0.008088
0.008075
0.008132
0.008083
0.008061
0.008087
0.008052
0.008116
0.008133
0.008101
0.008058
0.008054
0.008072
0.008051
0.008058
0.008075
0.008070
0.008081
0.008093
0.008072
0.008103
0.008091
0.008092
0.008093
0.008104
0.013827
0.013878
0.014102
0.015105
0.013138
0.009892
0.008068
0.008083
0.008079
0.008097
0.008074
0.008042
0.008067
0.008084
0.008097
0.013206
0.008105
0.013183
0.008096
0.008010
0.008073
0.013973
0.008067
0.008112
0.008109
0.008082
0.008116
0.008091
0.008097
0.008030
0.008038
0.008079
0.008073
0.008110
0.008108
0.008099
0.008108
0.008120
0.008069
0.008069
0.008058
0.009033
0.008109
0.008113
0.008076
0.008109
0.008124
0.008117
0.008089
0.008204
0.008109
0.008113
0.008110
0.008123
0.008111
0.008137
0.008109
0.008151
0.008036
0.008106
0.008101
0.008136
0.008093
0.014582
0.014598
0.017012
0.017802
0.012849
0.010663
0.007910
0.007922
0.018054
0.008180
0.013925
0.014032
0.013905
0.017811
0.013267
0.012496
0.013251
0.008278
0.016218
0.016679
0.013351
0.008290
0.008287
0.008249
0.008261
0.008343
0.008250
0.008317
0.008280
0.008276
0.008270
0.008307
0.008327
0.008344
0.008243
0.008317
0.008248
0.008222
0.008299
0.015047
0.011387
0.008290
0.008287
0.008326
0.008279
0.008354
0.008306
0.008307
0.008282
0.008280
0.008270
0.008263
0.008283
0.008279
0.008275
0.008251
0.008289
0.008307
0.008216
0.008272
0.008278
0.008302
0.008296
0.008306
0.008286
0.008283
0.008282
0.008280
0.008307
0.008814
0.008227
0.008312
0.008252
0.008280
0.008271
0.008309
0.008271
0.008302
0.008290
0.008309
0.008289
0.008290
0.008314
0.008301
0.008252
0.016709
0.013337
0.013237
0.008321
0.008279
0.008277
0.008286
0.008277
0.008298
0.008287
0.008299
0.008256
0.008267
0.008302
0.008599
0.008299
0.008309
0.008305
0.008266
0.008297
0.008316
0.008284
0.008251
0.010179
0.008310
0.008300
0.008243
0.008283
0.008306
0.008272
0.008268
0.008295
0.008305
0.008295
0.008285
0.008275
0.008295
0.008268
0.008260
0.008295
0.008244
0.008247
0.008311
0.008307
0.008285
0.009985
0.008291
0.008245
0.008276
0.008288
0.008338
0.008288
0.008292
0.008267
0.008286
0.008277
0.008303
0.008242
0.008254
0.008309
0.008266
0.008301
0.008302
0.008260
0.008328
0.008291
0.008286
0.008264
0.008300
0.008273
0.008269
0.008267
0.008272
0.008287
0.008272
0.008303
0.008327
0.008317
0.008284
0.008252
0.008267
0.008252
0.008289
0.008294
0.008259
0.008261
0.008301
0.008278
0.008313
0.008290
0.008323
0.008295
0.008256
0.008322
0.008264
0.008273
0.008291
0.008270
0.008263
0.008281
0.008301
0.008287
0.008309
0.008255
0.008316
0.008290
0.008306
0.008284
0.008313
0.008303
0.008259
0.008275
0.008279
0.008262
0.008341
0.011993
0.008340
0.008313
0.008303
0.008287
0.008323
0.008299
0.008292
0.008305
0.008298
0.008280
0.008313
0.008295
0.008274
0.008234
0.008308
0.008287
0.008297
0.008313
0.008297
0.008273
0.008291
0.008289
0.008307
0.008312
0.008280
0.008277
0.008259
0.008309
0.008308
0.008316
0.008297
0.008310
0.008339
0.008302
0.008309
0.008297
0.008308
0.009101
0.008272
0.008295
0.008300
0.008304
0.008304
0.008282
0.008264
0.008283
0.008359
0.008303
0.008306
0.008358
0.011498
0.007713
0.007710
0.007713
0.007728
0.007704
0.007716
0.007706
0.007718
0.007701
0.007710
0.007702
0.007714
0.007715
0.007684
0.007718
0.007708
0.007665
0.014658
0.016663
0.012785
0.008645
0.007751
0.007824
0.007755
0.007751
0.007762
0.007751
0.007732
0.007754
0.007734
0.007767
0.007752
0.007701
0.010882
0.007754
0.007739
0.007766
0.007761
0.007765
0.007751
0.007760
0.007726
0.007732
0.007730
0.007763
0.007701
0.007711
0.007743
0.007725
0.007758
0.007717
0.007765
0.007760
0.007766
0.007743
0.007735
0.007772
0.007797
0.007766
0.007744
0.007776
0.007688
0.007742
0.007730
0.013080
0.012851
0.007745
0.007759
0.007793
0.007747
0.007769
0.007758
0.007749
0.007738
0.007693
0.007738
0.007743
0.007761
0.007751
0.007785
0.007744
0.007774
0.007743
0.007783
0.007743
0.010059
0.007754
0.007718
0.007777
0.007747
0.007726
0.007749
0.007799
0.007749
0.007753
0.007745
0.007761
0.007715
0.007769
0.007780
0.007727
0.007747
0.007745
0.007740
0.007749
0.007776
0.007733
0.007728
0.007759
0.007778
0.007758
0.007750
0.007744
0.007821
0.007761
0.007764
0.007791
0.007725
0.007738
0.007719
0.007757
0.007724
0.007741
0.007742
0.007737
0.007750
0.007757
0.007743
0.007769
0.007757
0.007767
0.007749
0.007784
0.007723
0.007764
0.007747
0.007759
0.007732
0.007762
0.007730
0.007777
0.007734
0.007748
0.007731
0.007761
0.007754
0.007815
0.007742
0.007786
0.007809
0.007692
0.007775
0.007722
0.007716
0.007767
0.007761
0.007738
0.007753
0.007765
0.007788
0.007731
0.007756
0.007754
0.007708
0.007769
0.007769
0.007760
0.007752
0.007724
0.007711
0.007739
0.007802
0.007751
0.007792
0.007742
0.009537
0.007740
0.007727
0.007758
0.007758
0.007748
0.007755
0.007787
0.007761
0.007745
0.007754
