0.001158
0.000085
0.000084
0.000084
0.000082
0.000083
0.000084
0.000084
0.000085
0.000084
0.000083
0.000113
0.000084
0.000083
0.000084
0.000084
0.000084
0.000092
0.000082
0.000083
0.000083
0.000082
0.000083
0.000082
0.000082
0.000083
0.000083
0.000082
0.000083
0.000083
0.000083
0.000083
0.000083
0.000083
0.000082
0.000083
0.000083
0.000083
0.000083
0.000084
0.000083
0.000083
0.000083
0.000085
0.000084
0.000084
0.000083
0.000082
0.000083
0.000084
0.000084
0.000084
0.000081
0.000083
0.000084
0.000084
0.000082
0.000083
0.000084
0.000083
0.000084
0.000082
0.000082
0.000083
0.000082
0.000088
0.000083
0.000083
0.000084
0.000085
0.000084
0.000082
0.000084
0.000083
0.000085
0.000083
0.000084
0.000083
0.000084
0.000083
0.000084
0.000084
0.000083
0.000081
0.000083
0.000083
0.000084
0.000083
0.000084
0.000085
0.000084
0.000082
0.000084
0.000082
0.000082
0.000083
0.000082
0.000082
0.000084
0.000082
0.000084
0.000084
0.000083
0.000083
0.000082
0.000084
0.000084
0.000084
0.000084
0.000083
0.000084
0.000083
0.000087
0.000082
0.000083
0.000084
0.000083
0.000084
0.000083
0.000085
0.000082
0.000082
0.000083
0.000083
0.000083
0.000084
0.000083
0.000084
0.000083
0.000084
0.000083
0.000083
0.000083
0.000083
0.000084
0.000083
0.000083
0.000084
0.000084
0.000083
0.000083
0.000083
0.000083
0.000084
0.000082
0.000084
0.000083
0.000082
0.000085
0.000085
0.000083
0.000083
0.000083
0.000082
0.000083
0.000083
0.000084
0.000085
0.000083
0.000082
0.000094
0.000084
0.000085
0.000082
0.000083
0.000085
0.000083
0.000083
0.000083
0.000083
0.000084
0.000083
0.000083
0.000083
0.000084
0.000084
0.000083
0.000084
0.000084
0.000081
0.000083
0.000082
0.000082
0.000083
0.000082
0.000083
0.000083
0.000084
0.000083
0.000083
0.000084
0.000083
0.000086
0.000083
0.000082
0.000083
0.000083
0.000083
0.000084
0.000084
0.000083
0.000084
0.000083
0.000083
0.000083
0.000083
0.000083
0.000088
0.000083
0.000083
0.000084
0.000083
0.000084
0.000083
0.000084
0.000083
0.000084
0.000083
0.000083
0.000083
0.000084
0.000083
0.000084
0.000083
0.000083
0.000085
0.000083
0.000082
0.000083
0.000082
0.000084
0.000083
0.000084
0.000083
0.000083
0.000084
0.000084
0.000083
0.000082
0.000084
0.000083
0.000084
0.000084
0.000082
0.000084
0.000082
0.000083
0.000082
0.000084
0.000083
0.000084
0.000083
0.000085
0.000091
0.000083
0.000087
0.000085
0.000083
0.000085
0.000085
0.000084
0.000083
0.000082
0.000083
0.000082
0.000083
0.000083
0.000083
0.000083
0.000083
0.000084
0.000085
0.000084
0.000083
0.000084
0.000084
0.000084
0.000083
0.000084
0.000084
0.000083
0.000083
0.000084
0.000082
0.000083
0.000083
0.000084
0.000084
0.000084
0.000083
0.000085
0.000084
0.000084
0.000084
0.000084
0.000084
0.000083
0.000084
0.000084
0.000084
0.000083
0.000083
0.000087
0.000084
0.000084
0.000083
0.000083
0.000098
0.000083
0.000083
0.000083
0.000084
0.000084
0.000084
0.000083
0.000084
0.000084
0.000082
0.000082
0.000083
0.000083
0.000083
0.000083
0.000083
0.000084
0.000083
0.000083
0.000083
0.000083
0.000082
0.000084
0.000084
0.000083
0.000083
0.000084
0.000084
0.000085
0.000084
0.000082
0.000083
0.000083
0.000084
0.000083
0.000084
0.000083
0.000084
0.000083
0.000083
0.000085
0.000082
0.000086
0.000083
0.000084
0.000084
0.000083
0.000083
0.000084
0.000084
0.000086
0.000083
0.000083
0.000081
0.000083
0.000085
0.000083
0.000082
0.000082
0.000083
0.000084
0.000084
0.000084
0.000083
0.000084
0.000084
0.000083
0.000085
0.000083
0.000085
0.000083
0.000083
0.000084
0.000084
0.000084
0.000084
0.000082
0.000083
0.000085
0.000083
0.000083
0.000083
0.000083
0.000083
0.000083
0.000084
0.000083
0.000083
0.000084
0.000087
0.000085
0.000083
0.000084
0.000083
0.000082
0.000083
0.000083
0.000083
0.000084
0.000084
0.000082
0.000084
0.000084
0.000083
0.000085
0.000082
0.000083
0.000083
0.000084
0.000085
0.000084
0.000084
0.000084
0.000084
0.000083
0.000085
0.000084
0.000084
0.000082
0.000084
0.000083
0.000083
0.000083
0.000083
0.000084
0.000084
0.000084
0.000083
0.000085
0.000084
0.000084
0.000084
0.000084
0.000084
0.000084
0.000084
0.000082
0.000087
0.000085
0.000084
0.000084
0.000083
0.000085
0.000084
0.000084
0.000083
0.000085
0.000084
0.000082
0.000082
0.000083
0.000084
0.000084
0.000083
0.000083
0.000084
0.000084
0.000082
0.000083
0.000084
0.000085
0.000086
0.000084
0.000082
0.000083
0.000083
0.000084
0.000083
0.000083
0.000084
0.000083
0.000084
0.000083
0.000099
0.000083
0.000083
0.000083
0.000084
0.000083
0.000083
0.000083
0.000085
0.000084
0.000084
0.000087
0.000083
0.000084
0.000084
0.000084
0.000083
0.000083
0.000083
0.000083
0.000083
0.000084
0.000081
0.000085
0.000082
0.000082
0.000084
0.000085
0.000083
0.000084
0.000083
0.000081
0.000083
0.000082
0.000084
0.000082
0.000083
0.000084
0.000084
0.000083
0.000084
0.000083
0.000083
0.000083
0.000083
0.000082
0.000083
0.000084
0.000085
0.000084
0.000083
0.000083
0.000083
0.000083
0.000085
0.000084
0.000085
0.000085
0.000087
0.000083
0.000084
0.000083
0.000084
0.000083
0.000084
0.000084
0.000083
0.000083
0.000084
0.000083
0.000083
0.000084
0.000083
0.000083
0.000084
0.000083
0.000083
0.000083
0.000083
0.000084
0.000084
0.000084
0.000082
0.000083
0.000083
0.000082
0.000084
0.000083
0.000085
0.000083
0.000085
0.000083
0.000083
0.000083
0.000084
0.000084
0.000084
0.000084
0.000083
0.000083
0.000084
0.000084
0.000084
0.000084
0.000083
0.000084
0.000088
0.000084
0.000084
0.000084
0.000083
0.000083
0.000085
0.000082
0.000084
0.000084
0.000084
0.000082
0.000084
0.000085
0.000084
0.000083
0.000084
0.000084
0.000084
0.000083
0.000082
0.000083
0.000085
0.000084
0.000084
0.000084
0.000082
0.000083
0.000083
0.000084
0.000082
0.000082
0.000084
0.000084
0.000083
0.000084
0.000084
0.000084
0.000084
0.000084
0.000083
0.000084
0.000083
0.000084
0.000084
0.000084
0.000084
0.000084
0.000086
0.000083
0.000083
0.000084
0.000083
0.000083
0.000083
0.000083
0.000083
0.000083
0.000084
0.000084
0.000084
0.000082
0.000082
0.000085
0.000083
0.000084
0.000083
0.000083
0.000082
0.000084
0.000083
0.000083
0.000084
0.000083
0.000083
0.000083
0.000083
0.000083
0.000083
0.000084
0.000082
0.000083
0.000084
0.000084
0.000083
0.000083
0.000083
0.000084
0.000085
0.000083
0.000085
0.000083
0.000082
0.000083
0.000084
0.000091
0.000082
0.000082
0.000083
0.000082
0.000084
0.000084
0.000084
0.000085
0.000083
0.000083
0.000084
0.000084
0.000082
0.000082
0.000084
0.000083
0.000084
0.000084
0.000084
0.000083
0.000083
0.000083
0.000083
0.000083
0.000084
0.000082
0.000084
0.000083
0.000082
0.000084
0.000084
0.000084
0.000085
0.000084
0.000084
0.000083
0.000083
0.000084
0.000084
0.000106
0.000084
0.000082
0.000083
0.000083
0.000082
0.000083
0.000085
0.000088
0.000084
0.000085
0.000084
0.000085
0.000083
0.000084
0.000084
0.000084
0.000083
0.000083
0.000083
0.000083
0.000084
0.000085
0.000084
0.000084
0.000082
0.000083
0.000084
0.000083
0.000083
0.000084
0.000085
0.000085
0.000083
0.000084
0.000082
0.000083
0.000085
0.000084
0.000083
0.000082
0.000083
0.000084
0.000083
0.000085
0.000084
0.000084
0.000082
0.000083
0.000083
0.000082
0.000084
0.000084
0.000084
0.000082
0.000086
0.000083
0.000084
0.000083
0.000085
0.000083
0.000084
0.000084
0.000083
0.000083
0.000084
0.000083
0.000083
0.000083
0.000083
0.000084
0.000082
0.000085
0.000083
0.000082
0.000083
0.000082
0.000082
0.000084
0.000084
0.000082
0.000082
0.000084
0.000084
0.000083
0.000084
0.000083
0.000083
0.000082
0.000082
0.000085
0.000083
0.000083
0.000084
0.000081
0.000083
0.000083
0.000084
0.000081
0.000083
0.000083
0.000083
0.000084
0.000092
0.000083
0.000083
0.000084
0.000084
0.000084
0.000084
0.000085
0.000084
0.000083
0.000082
0.000084
0.000084
0.000084
0.000084
0.000083
0.000083
0.000082
0.000083
0.000083
0.000083
0.000084
0.000083
0.000085
0.000083
0.000084
0.000084
0.000082
0.000083
0.000082
0.000084
0.000084
0.000084
0.000083
0.000083
0.000083
0.000085
0.000083
0.000082
0.000083
0.000084
0.000082
0.000083
0.000084
0.000083
0.000084
0.000084
0.000088
0.000083
0.000084
0.000084
0.000082
0.000084
0.000085
0.000083
0.000084
0.000085
0.000084
0.000084
0.000083
0.000085
0.000082
0.000083
0.000083
0.000082
0.000085
0.000084
0.000085
0.000083
0.000083
0.000084
0.000084
0.000083
0.000084
0.000085
0.000084
0.000084
0.000082
0.000083
0.000085
0.000083
0.000084
0.000084
0.000084
0.000082
0.000085
0.000084
0.000083
0.000082
0.000083
0.000083
0.000084
0.000082
0.000083
0.000083
0.000086
0.000083
0.000083
0.000082
0.000084
0.000082
0.000083
0.000083
0.000082
0.000084
0.000083
0.000084
0.000083
0.000083
0.000085
0.000084
0.000083
0.000083
0.000084
0.000083
0.000083
0.000081
0.000083
0.000084
0.000084
0.000083
0.000085
0.000083
0.000082
0.000085
0.000083
0.000083
0.000083
0.000083
0.000082
0.000084
0.000083
0.000084
0.000084
0.000083
0.000084
0.000085
0.000083
0.000106
0.000085
0.000083
0.000083
0.000087
0.000083
0.000084
0.000083
0.000082
0.000083
0.000083
0.000084
0.000083
0.000084
0.000083
0.000083
0.000083
0.000083
0.000083
0.000084
0.000085
0.000083
0.000081
0.000084
0.000082
0.000084
0.000084
0.000084
0.000085
0.000084
0.000082
0.000084
0.000083
0.000083
0.000084
0.000082
0.000084
0.000083
0.000083
0.000083
0.000083
0.000084
0.000084
0.000083
0.000083
0.000083
0.000083
0.000084
0.000084
0.000083
0.000082
0.000083
0.000088
0.000083
0.000085
0.000084
0.000083
0.000083
0.000084
0.000083
0.000084
0.000083
0.000084
0.000084
0.000084
0.000083
0.000083
0.000084
0.000084
0.000083
0.000084
0.000084
0.000084
0.000720
0.000085
0.000083
0.000083
0.000083
0.000083
0.000083
0.000084
0.000085
0.000085
0.000084
0.000082
0.000083
0.000083
0.000083
0.000083
0.000082
0.000084
0.000083
0.000089
0.000154
0.000084
0.000084
0.000500
0.000084
0.000084
0.000084
0.000083
0.000082
0.000082
0.000084
0.000083
0.000169
0.000085
0.000084
0.000083
0.000084
0.000084
0.000083
0.000084
0.000084
0.000083
0.000084
0.000084
0.000083
0.000084
0.000084
0.000082
0.000084
0.000082
0.000084
0.000084
0.000084
0.000083
0.000083
0.000083
0.000082
0.000083
0.000084
0.000084
0.000088
0.000083
0.000082
0.000084
0.000084
0.000084
0.000084
0.000083
0.000084
0.000083
0.000084
0.000084
0.000084
0.000083
0.000082
0.000082
0.000083
0.000084
0.000084
0.000084
0.000083
0.000084
0.000083
0.000083
0.000083
0.000084
0.000083
0.000083
0.000084
0.000084
0.000084
0.000084
0.010116
0.010150
0.010098
0.010144
0.008931
0.005536
0.000180
0.000084
0.000085
0.000085
0.000084
0.000084
0.000083
0.000084
0.000085
0.000083
0.000083
0.000084
0.000083
0.000083
0.000086
0.000084
0.000083
0.000084
0.000083
0.000084
0.000084
0.000085
0.000084
0.000083
0.000084
0.000083
0.000087
0.000083
0.000083
0.000083
0.000083
0.000084
0.000082
0.000083
0.000083
0.000084
0.000083
0.000084
0.000083
0.000084
0.000083
0.000083
0.000083
0.000083
0.000084
0.000084
0.000083
0.000083
0.000083
0.000084
0.000085
0.000084
0.000083
0.000084
0.000083
0.000084
0.000083
0.000084
0.000084
0.000084
0.000085
0.000084
0.000085
0.000084
0.000084
0.000084
0.000084
0.000084
0.000083
0.000084
0.000084
0.000085
0.000084
0.000084
0.000087
0.000084
0.000461
0.000083
0.000084
0.000084
0.000084
0.000084
0.000084
0.000084
0.000084
0.000083
0.000084
0.000082
0.000083
0.000083
0.000085
0.000085
0.000084
0.000083
0.000083
0.000082
0.000084
0.000084
0.000083
0.000083
0.000082
0.000084
0.000083
0.000083
0.000084
0.000083
0.000083
0.000084
0.000084
0.000082
0.000084
0.000084
0.000085
0.000085
0.000101
0.000084
0.000087
0.000084
0.000084
0.000084
0.000084
0.000084
0.000083
0.000084
0.000084
0.000084
0.000083
0.000083
0.000083
0.000083
0.000084
0.000084
0.000086
0.000083
0.000084
0.000083
0.000083
0.000084
0.000083
0.000084
0.000084
0.000085
0.000084
0.000083
0.000083
0.000085
0.010174
0.010230
0.010121
0.010130
0.010145
0.004046
0.000082
0.000084
0.000083
0.000084
0.000083
0.000085
0.000083
0.000083
0.000085
0.000083
0.000083
0.000083
0.000083
0.000084
0.000084
0.000090
0.000082
0.000085
0.000083
0.000084
0.000083
0.000083
0.000082
0.000085
0.000084
0.000085
0.000122
0.000084
0.000084
0.000084
0.000084
0.000086
0.000083
0.000083
0.000083
0.000083
0.000083
0.000085
0.000083
0.000085
0.000084
0.000084
0.000083
0.000084
0.000083
0.000084
0.000083
0.000084
0.000085
0.000083
0.000082
0.000083
0.000084
0.000083
0.000084
0.000084
0.000084
0.000084
0.000084
0.000083
0.000083
0.000083
0.000083
0.000084
0.000083
0.000084
0.000085
0.000084
0.000084
0.000084
0.000083
0.000083
0.000084
0.000083
0.000083
0.000084
0.000084
0.000083
0.000088
0.000084
0.000083
0.000084
0.000085
0.000085
0.000084
0.000085
0.000084
0.000084
0.000083
0.000083
0.000083
0.000084
0.000084
0.000083
0.000083
0.000083
0.000084
0.000084
0.000084
0.000084
0.000083
0.000083
0.000084
0.000083
0.000083
0.000084
0.000085
0.000083
0.000083
0.000084
0.000084
0.000084
0.000083
0.000085
0.000084
0.000084
0.000084
0.000084
0.000084
0.000083
0.000084
0.000083
0.000085
0.000083
0.000082
0.000083
0.000089
0.000114
0.000084
0.000084
0.000085
0.000082
0.000084
0.000083
0.000084
0.000083
0.000083
0.000083
0.000083
0.000083
0.000083
0.000083
0.000084
0.000082
0.000084
0.000085
0.000084
0.000084
0.000083
0.000084
0.000085
0.000083
0.000083
0.000083
0.000084
0.000084
0.000083
0.000083
0.000085
0.000083
0.000082
0.000083
0.000084
0.000082
0.000084
0.000084
0.000083
0.000084
0.000083
0.000084
0.000084
0.000082
0.000084
0.000088
0.000083
0.000083
0.000084
0.000083
0.000083
0.000083
0.000085
0.000082
0.000082
0.000084
0.000083
0.000084
0.000084
0.000083
0.000083
0.000084
0.000084
0.000083
0.000084
0.000084
0.000084
0.000083
0.000083
0.000083
0.000084
0.000084
0.000084
0.000083
0.000084
0.000084
0.000083
0.000083
0.000084
0.000084
0.000084
0.000084
0.000084
0.000084
0.000084
0.000083
0.000085
0.000083
0.000085
0.000083
0.000085
0.000085
0.000086
0.000084
0.000083
0.000084
0.000083
0.000084
0.000083
0.000083
0.000084
0.000085
0.000084
0.000083
0.000083
0.000083
0.000083
0.000084
0.000084
0.000084
0.000084
0.000085
0.000083
0.000084
0.000082
0.000083
0.000083
0.000084
0.000084
0.000083
0.000084
0.000084
0.000083
0.000085
0.000082
0.000083
0.000082
0.000084
0.000083
0.000082
0.000084
0.000084
0.000085
0.000084
0.000083
0.000083
0.000083
0.000084
0.000083
0.000083
0.000087
0.000083
0.000083
0.000084
0.000083
0.000086
0.000082
0.000084
0.000083
0.000084
0.000084
0.000083
0.000085
0.000082
0.000083
0.000082
0.000083
0.000082
0.000083
0.000084
0.000083
0.000083
0.000084
0.000084
0.000085
0.000084
0.000084
0.000084
0.000083
0.000083
0.000084
0.000082
0.000084
0.000083
0.000084
0.000082
0.000084
0.000083
0.000083
0.000084
0.000083
0.000084
0.000082
0.000083
0.000083
0.000084
0.000083
0.000087
0.000084
0.000084
0.000084
0.000083
0.000084
0.000084
0.000084
0.000083
0.000083
0.000084
0.000083
0.000084
0.000084
0.000084
0.000083
0.000083
0.000083
0.000084
0.000084
0.000083
0.000085
0.000085
0.000083
0.000084
0.000084
0.000084
0.000083
0.000083
0.000085
0.000084
0.000084
0.000082
0.000084
0.000083
0.000083
0.000083
0.000085
0.000084
0.000085
0.000083
0.000084
0.000084
0.000083
0.000084
0.000083
0.000082
0.000085
0.000088
0.000084
0.000082
0.000083
0.000084
0.000082
0.000083
0.000084
0.000083
0.000084
0.000084
0.000084
0.000084
0.000083
0.000083
0.000084
0.000084
0.000084
0.000084
0.000084
0.000084
0.000084
0.000083
0.000083
0.000083
0.000082
0.000084
0.000083
0.000084
0.000083
0.000083
0.000083
0.000085
0.000083
0.000083
0.000083
0.000083
0.000084
0.000083
0.000083
0.000084
0.000084
0.000083
0.000083
0.000085
0.000083
0.000083
0.000086
0.000083
0.000083
0.000085
0.000085
0.000084
0.000084
0.000084
0.000084
0.000083
0.000083
0.000082
0.000081
0.000083
0.000083
0.000085
0.000083
0.000083
0.000085
0.000084
0.000083
0.000083
0.000084
0.000084
0.000083
0.000084
0.000083
0.000084
0.000082
0.000084
0.000083
0.000083
0.000083
0.000083
0.000084
0.000084
0.000083
0.000084
0.000084
0.000082
0.000083
0.000084
0.000083
0.000083
0.000083
0.000084
0.000083
0.000084
0.000087
0.000083
0.000084
0.000084
0.000082
0.000083
0.000083
0.000082
0.000084
0.000083
0.000083
0.000083
0.000083
0.000081
0.000083
0.000084
0.000084
0.000083
0.000084
0.000084
0.000082
0.000083
0.000083
0.000083
0.000083
0.000083
0.000083
0.000083
0.000082
0.000084
0.000083
0.000085
0.000083
0.000083
0.000082
0.000083
0.000083
0.000082
0.000084
0.000084
0.000083
0.000083
0.000083
0.000082
0.000083
0.000085
0.000084
0.000082
0.000086
0.000084
0.000083
0.000083
0.000084
0.000083
0.000083
0.000083
0.000084
0.000084
0.000085
0.000083
0.000084
0.000084
0.000084
0.000084
0.000082
0.000085
0.000083
0.000082
0.000083
0.000083
0.000083
0.000081
0.000084
0.000082
0.000083
0.000083
0.000083
0.000082
0.000084
0.000082
0.000083
0.000083
0.000082
0.000083
0.000083
0.000084
0.000083
0.000084
0.000084
0.000084
0.000084
0.000084
0.000083
0.000082
0.000083
0.000086
0.000083
0.000083
0.000083
0.000083
0.000083
0.000083
0.000082
0.000082
0.000084
0.000082
0.000082
0.000083
0.000083
0.000083
0.000083
0.000084
0.000083
0.000083
0.000084
0.000083
0.000084
0.000083
0.000083
0.000084
0.000083
0.000083
0.000083
0.000084
0.000082
0.000084
0.000084
0.000083
0.000084
0.000083
0.000085
0.000084
0.000083
0.000082
0.000083
0.000084
0.000084
0.000083
0.000083
0.000100
0.000084
0.000083
0.000083
0.000087
0.000083
0.000083
0.000083
0.000082
0.000083
0.000084
0.000082
0.000084
0.000083
0.000084
0.000083
0.000083
0.000084
0.000083
0.000102
0.000085
0.000084
0.000083
0.000083
0.000083
0.000104
0.000083
0.000083
0.000083
0.000082
0.000083
0.000082
0.000084
0.000084
0.000084
0.000082
0.000082
0.000083
0.000084
0.000084
0.000083
0.000083
0.000082
0.000082
0.000083
0.000084
0.000084
0.000084
0.000084
0.000083
0.000083
0.000087
0.000083
0.000082
0.000084
0.000084
0.000082
0.000084
0.000084
0.000083
0.000085
0.000083
0.000085
0.000083
0.000084
0.000083
0.000084
0.000082
0.000084
0.000084
0.000084
0.000083
0.000083
0.000084
0.000083
0.000084
0.000082
0.000083
0.000083
0.000083
0.000083
0.000083
0.000082
0.000082
0.000082
0.000083
0.000083
0.000085
0.000083
0.000084
0.000083
0.000083
0.000083
0.000084
0.000082
0.000083
0.000084
0.000084
0.000081
0.000086
0.000083
0.000083
0.000082
0.000082
0.000084
0.000084
0.000083
0.000084
0.000083
0.000083
0.000083
0.000082
0.000083
0.000082
0.000083
0.000083
0.000083
