0.006875
0.004829
0.004758
0.004731
0.004707
0.004704
0.004670
0.004713
0.004633
0.004727
0.004623
0.004725
0.004640
0.004717
0.004631
0.004680
0.004649
0.004676
0.004641
0.004649
0.004702
0.004687
0.004744
0.004666
0.004704
0.004665
0.004712
0.004615
0.004709
0.004611
0.004669
0.004635
0.004684
0.004638
0.004649
0.004644
0.004619
0.004687
0.004602
0.004682
0.004599
0.004708
0.004664
0.004705
0.004686
0.004701
0.004633
0.004671
0.004637
0.004631
0.004657
0.004605
0.004685
0.004603
0.004735
0.004626
0.004700
0.004599
0.004673
0.004632
0.004667
0.004618
0.004650
0.004706
0.004673
0.004708
0.004687
0.004687
0.004673
0.004692
0.004607
0.004684
0.004595
0.004672
0.004579
0.004658
0.004636
0.004619
0.004639
0.004632
0.004673
0.004584
0.004681
0.004698
0.004696
0.004718
0.004692
0.004690
0.004727
0.004670
0.004680
0.004631
0.004629
0.004633
0.004628
0.004654
0.004596
0.004685
0.004603
0.004676
0.004639
0.004698
0.004607
0.004678
0.004591
0.004640
0.004695
0.004673
0.004695
0.004682
0.004655
0.004673
0.004673
0.004595
0.004689
0.004591
0.004687
0.004598
0.004648
0.004619
0.004650
0.004623
0.004620
0.004649
0.004603
0.004683
0.004598
0.004708
0.004654
0.004691
0.004695
0.004713
0.004606
0.004676
0.004609
0.004633
0.004666
0.004656
0.004752
0.004626
0.004664
0.004589
0.004679
0.004582
0.004674
0.004582
0.004674
0.004578
0.004659
0.004672
0.004652
0.004695
0.004654
0.004664
0.004694
0.004669
0.004601
0.004687
0.004595
0.004668
0.004703
0.004708
0.004677
0.004648
0.004636
0.004616
0.004654
0.004619
0.004641
0.004593
0.004693
0.004656
0.004721
0.004667
0.004709
0.004649
0.004685
0.004586
0.004655
0.004645
0.004653
0.004633
0.004602
0.004667
0.004583
0.004724
0.004607
0.004678
0.004642
0.004737
0.004579
0.004713
0.004697
0.004662
0.004683
0.004696
0.004666
0.004669
0.004673
0.004601
0.004661
0.004591
0.004683
0.004592
0.004689
0.004612
0.004656
0.004592
0.004646
0.004637
0.004619
0.004658
0.004602
0.004687
0.004659
0.004884
0.008191
0.004797
0.004721
0.004669
0.004675
0.004673
0.004640
0.004682
0.004613
0.004705
0.004616
0.004723
0.004603
0.004703
0.004611
0.004677
0.004642
0.004660
0.004692
0.004669
0.004716
0.004685
0.004681
0.004633
0.004726
0.004615
0.004732
0.004634
0.004688
0.004611
0.004698
0.004613
0.004656
0.004633
0.004626
0.004670
0.004636
0.004664
0.004603
0.004699
0.004669
0.004734
0.004691
0.004723
0.004603
0.004681
0.004597
0.004660
0.004638
0.004625
0.004641
0.004614
0.004724
0.004609
0.004702
0.004591
0.004678
0.004601
0.004699
0.004655
0.004671
0.004704
0.004695
0.004713
0.004707
0.004669
0.004630
0.004670
0.004588
0.004699
0.004600
0.004696
0.004602
0.004695
0.004601
0.004655
0.004625
0.004724
0.004641
0.004684
0.004711
0.004595
0.004694
0.004665
0.004728
0.004689
0.004700
0.004667
0.004714
0.004621
0.004669
0.004607
0.004661
0.004618
0.004631
0.004663
0.004608
0.004677
0.004606
0.004698
0.004605
0.004695
0.004633
0.004745
0.004674
0.004694
0.004676
0.004707
0.004654
0.004639
0.004670
0.004635
0.004694
0.004600
0.004699
0.004591
0.004706
0.004611
0.004673
0.004601
0.004677
0.004637
0.004647
0.004646
0.004636
0.004672
0.004686
0.004726
0.004673
0.004760
0.004656
0.004697
0.004669
0.004703
0.004604
0.004668
0.004765
0.004727
0.004757
0.004688
0.004668
0.004633
0.004680
0.004611
0.004711
0.004620
0.004722
0.004673
0.004711
0.004722
0.004723
0.004728
0.004730
0.004611
0.004649
0.004744
0.004718
0.004723
0.004719
0.004728
0.004725
0.004675
0.004605
0.004714
0.004724
0.004716
0.004715
0.004727
0.004681
0.004681
0.004725
0.004715
0.004723
0.004725
0.004733
0.004706
0.004667
0.004608
0.004733
0.004715
0.004710
0.004591
0.004733
0.004613
0.004712
0.004717
0.004664
0.004724
0.004720
0.004723
0.004709
0.004712
0.004689
0.004727
0.004667
0.004729
0.004736
0.004722
0.004721
0.004726
0.004641
0.004696
0.004744
0.004728
0.004721
0.004713
0.004668
0.004654
0.004722
0.004609
0.004721
0.004668
0.004747
0.004687
0.004717
0.004669
0.004707
0.004743
0.004733
0.004732
0.004740
0.004618
0.004660
0.004736
0.004666
0.004726
0.004725
0.004720
0.004718
0.004680
0.004598
0.004727
0.004754
0.004715
0.004733
0.004719
0.004691
0.004676
0.004728
0.004721
0.004749
0.004729
0.004713
0.004722
0.004667
0.004603
0.004731
0.004731
0.004729
0.004715
0.004709
0.004607
0.004688
0.004705
0.004699
0.004736
0.004720
0.004726
0.004730
0.004645
0.004624
0.004736
0.004730
0.004728
0.004723
0.004729
0.004640
0.004715
0.004739
0.004724
0.004719
0.004726
0.004724
0.004712
0.004688
0.004677
0.004732
0.004722
0.004728
0.004741
0.004769
0.004639
0.004711
0.004604
0.004697
0.004609
0.004709
0.004653
0.004663
0.004682
0.004651
0.004660
0.004668
0.004677
0.004598
0.004709
0.004677
0.004731
0.004694
0.004729
0.004680
0.004728
0.004671
0.004661
0.004622
0.004666
0.004652
0.004636
0.004676
0.004615
0.004674
0.004609
0.004698
0.004620
0.004720
0.004624
0.004679
0.004695
0.004691
0.004686
0.004709
0.004703
0.004674
0.004675
0.004643
0.004676
0.004602
0.004694
0.004614
0.004686
0.004604
0.004720
0.004607
0.004678
0.004664
0.004643
0.004662
0.004649
0.004720
0.004724
0.004747
0.004746
0.004714
0.004689
0.004715
0.004626
0.004701
0.004616
0.004690
0.004643
0.004683
0.004623
0.004643
0.004664
0.004594
0.004718
0.004609
0.004714
0.004607
0.004721
0.004680
0.004710
0.004693
0.004723
0.004640
0.004668
0.004648
0.004637
0.004669
0.004607
0.004677
0.004617
0.004718
0.004610
0.004716
0.004616
0.004676
0.004621
0.004705
0.004622
0.004659
0.004701
0.004686
0.004731
0.004684
0.004691
0.004812
0.005342
0.005327
0.005081
0.004956
0.004968
0.004908
0.004855
0.004810
0.004833
0.004819
0.004819
0.004784
0.004907
0.004913
0.004882
0.004853
0.004844
0.004843
0.004807
0.004782
0.004777
0.004804
0.004805
0.004748
0.004779
0.004753
0.004882
0.004852
0.004777
0.004691
0.004658
0.004670
0.004735
0.004843
0.004725
0.004732
0.004767
0.005841
0.006310
0.004712
0.004645
0.004740
0.004602
0.004661
0.004717
0.004727
0.004713
0.004719
0.004714
0.004719
0.004640
0.004644
0.004701
0.004700
0.004584
0.004762
0.004744
0.004645
0.004642
0.004587
0.004704
0.004704
0.004710
0.004696
0.004693
0.004700
0.004697
0.004580
0.004638
0.004574
0.004607
0.004704
0.004662
0.004712
0.004693
0.004713
0.004698
0.004709
0.004692
0.004708
0.004707
0.004694
0.004580
0.004630
0.004708
0.004672
0.004703
0.004702
0.004695
0.004702
0.004703
0.004718
0.004673
0.004588
0.004661
0.004581
0.004654
0.004593
0.004650
0.004679
0.004619
0.004636
0.004709
0.004640
0.004583
0.004657
0.004591
0.004684
0.004584
0.004653
0.004593
0.004676
0.004583
0.004645
0.004625
0.004603
0.004635
0.004577
0.004662
0.004571
0.004653
0.004583
0.004673
0.004580
0.004660
0.004583
0.004610
0.004610
0.004584
0.004665
0.004617
0.004679
0.004585
0.004661
0.004598
0.004656
0.004593
0.004659
0.004598
0.004626
0.004613
0.004612
0.004631
0.004601
0.004660
0.004583
0.004661
0.004589
0.004659
0.004598
0.004659
0.004656
0.004650
0.004611
0.004614
0.004632
0.004578
0.004658
0.004639
0.004668
0.004658
0.004652
0.004592
0.004651
0.004582
0.004671
0.004603
0.004614
0.004624
0.004583
0.004645
0.004580
0.004658
0.004591
0.004662
0.004584
0.004675
0.004599
0.004655
0.004583
0.004629
0.004610
0.004606
0.004639
0.004581
0.004667
0.004578
0.004652
0.004584
0.004646
0.004584
0.004643
0.004589
0.004616
0.004620
0.004579
0.004654
0.004571
0.004654
0.004577
0.004656
0.004583
0.004660
0.004582
0.004639
0.004598
0.004629
0.004617
0.004631
0.004618
0.004580
0.004662
0.004582
0.004721
0.004592
0.004658
0.004582
0.004645
0.004583
0.004628
0.004613
0.004602
0.004638
0.004583
0.004638
0.004582
0.004642
0.004584
0.004657
0.004584
0.004675
0.004582
0.004630
0.004614
0.004611
0.004635
0.004579
0.004644
0.004570
0.004653
0.004573
0.004670
0.004592
0.004652
0.004585
0.004630
0.004601
0.004613
0.004620
0.004585
0.004653
0.004582
0.004671
0.004578
0.004673
0.004576
0.004656
0.004584
0.004625
0.004595
0.004596
0.004631
0.004575
0.004647
0.004580
0.004657
0.004621
0.004690
0.004585
0.004668
0.004582
0.004645
0.004630
0.004628
0.004627
0.004579
0.004687
0.004593
0.004657
0.004572
0.004661
0.004584
0.004644
0.004575
0.004636
0.004602
0.004783
0.004643
0.004682
0.004630
0.004590
0.004662
0.004588
0.004663
0.004580
0.004659
0.004590
0.004650
0.004595
0.004635
0.004599
0.004597
0.004624
0.004583
0.004656
0.004596
0.004706
0.004616
0.004679
0.004585
0.004651
0.004574
0.004613
0.004604
0.004594
0.004646
0.004614
0.004665
0.004589
0.004686
0.004603
0.004652
0.004582
0.004662
0.004586
0.004638
0.004592
0.004613
0.004622
0.004587
0.004667
0.004588
0.004665
0.004585
0.004672
0.004590
0.004658
0.004601
0.004680
0.004598
0.004614
0.004627
0.004590
0.004673
0.004580
0.004653
0.004589
0.004658
0.004591
0.004661
0.004595
0.004632
0.004664
0.004622
0.004635
0.004614
0.004639
0.004583
0.004656
0.004592
0.004682
0.004596
0.004666
0.004584
0.004651
0.004569
0.004638
0.004610
0.004592
0.004638
0.004580
0.004657
0.004615
0.004727
0.004601
0.004657
0.004572
0.004636
0.004578
0.004632
0.004612
0.004616
0.004644
0.004570
0.004646
0.004568
0.004651
0.004578
0.004652
0.004580
0.004664
0.004591
0.004629
0.004594
0.004603
0.004617
0.004589
0.004657
0.004576
0.004665
0.004594
0.004665
0.004579
0.004649
0.004581
0.004618
0.004612
0.004615
0.004635
0.004571
0.004674
0.004578
0.004655
0.004589
0.004644
0.004575
0.004647
0.004577
0.004631
0.004603
0.004598
0.004633
0.004571
0.004651
0.004582
0.004706
0.004636
0.004670
0.004598
0.004652
0.004581
0.004641
0.004604
0.004620
0.004616
0.004577
0.004673
0.004582
0.004642
0.004568
0.004669
0.004578
0.004640
0.004579
0.004632
0.004606
0.004619
0.004630
0.004578
0.004671
0.004588
0.004656
0.004580
0.004653
0.004589
0.004696
0.004652
0.004658
0.004624
0.004629
0.004627
0.004664
0.004647
0.004689
0.004666
0.004574
0.004670
0.004645
0.004666
0.004686
0.004680
0.004641
0.004620
0.004585
0.004603
0.004613
0.004561
0.004651
0.004592
0.004666
0.004583
0.004637
0.004574
0.004646
0.004578
0.004614
0.004596
0.004600
0.004621
0.004610
0.004644
0.004579
0.004642
0.004567
0.004646
0.004577
0.004640
0.004573
0.004626
0.004582
0.004584
0.004592
0.004572
0.004632
0.004561
0.004642
0.004577
0.004639
0.004566
0.004635
0.004570
0.004635
0.004596
0.004596
0.004619
0.004583
0.004644
0.004587
0.004647
0.004570
0.004634
0.004571
0.004632
0.004645
0.004627
0.004603
0.004568
0.004654
0.004584
0.004648
0.004573
0.004650
0.004641
0.004665
0.004581
0.004626
0.004591
0.004616
0.004612
0.004582
0.004611
0.004576
0.004643
0.004564
0.004649
0.004568
0.004636
0.004567
0.004629
0.004564
0.004599
0.004612
0.004565
0.004644
0.004576
0.004662
0.004569
0.004631
0.004563
0.004645
0.004575
0.004637
0.004588
0.004611
0.004602
0.004572
0.004619
0.004571
0.004633
0.004571
0.004641
0.004571
0.004636
0.004580
0.004669
0.004603
0.004626
0.004619
0.004589
0.004606
0.004564
0.004635
0.004578
0.004640
0.004560
0.004652
0.004579
0.004641
0.004579
0.004610
0.004613
0.004577
0.004644
0.004578
0.004673
0.004594
0.004656
0.004571
0.004658
0.004584
0.004619
0.004589
0.004598
0.004612
0.004560
0.004638
0.004578
0.004642
0.004574
0.004650
0.004561
0.004640
0.004579
0.004613
0.004587
0.004607
0.004611
0.004567
0.004631
0.004569
0.004674
0.004573
0.004654
0.004581
0.004644
0.004570
0.004629
0.004599
0.004599
0.004621
0.004571
0.004642
0.004574
0.004645
0.004572
0.004637
0.004561
0.004637
0.004753
0.004929
0.004724
0.004686
0.004641
0.004624
0.004627
0.004585
0.004643
0.004590
0.004656
0.004573
0.004647
0.004574
0.004651
0.004580
0.004623
0.004595
0.004599
0.004632
0.004576
0.004653
0.004574
0.004649
0.004567
0.004663
0.004576
0.004638
0.004576
0.004616
0.004609
0.004566
0.004651
0.004577
0.004715
0.004586
0.004641
0.004564
0.004637
0.004581
0.004625
0.004587
0.004615
0.004664
0.004662
0.004637
0.006587
0.006071
0.004733
0.004619
0.004649
0.004657
0.004619
0.004672
0.004609
0.004613
0.004559
0.004636
0.004564
0.004635
0.004546
0.004626
0.004549
0.004615
0.004574
0.004584
0.004576
0.004568
0.004615
0.004554
0.004623
0.004557
0.004609
0.004557
0.004612
0.004546
0.004594
0.004581
0.004561
0.004601
0.004553
0.004621
0.004545
0.004630
0.004550
0.004605
0.004553
0.004608
0.004568
0.004583
0.004594
0.004551
0.004618
0.004551
0.004621
0.004551
0.004622
0.004552
0.004612
0.004535
0.004587
0.004633
0.004590
0.004593
0.004549
0.004622
0.004606
0.004627
0.004552
0.004617
0.004542
0.004614
0.004535
0.004585
0.004576
0.004558
0.004609
0.004532
0.004624
0.004531
0.004610
0.004537
0.004605
0.004546
0.004594
0.004566
0.004559
0.004594
0.004540
0.004619
0.004545
0.004620
0.004539
0.004643
0.004559
0.004608
0.004568
0.004588
0.004600
0.004559
0.004612
0.004543
0.004634
0.004546
0.004621
0.004545
0.004627
0.004540
0.004595
0.004690
0.004640
0.004608
0.004560
0.004638
0.004561
0.004683
0.004577
0.004618
0.004556
0.004620
0.004571
0.004609
0.004572
0.004576
0.004594
0.004539
0.004612
0.004548
0.004624
0.004555
0.004620
0.004642
0.004614
0.004553
0.004575
0.004599
0.004574
0.004627
0.004616
0.004618
0.004539
0.004614
0.004546
0.004619
0.004543
0.004598
0.004580
0.004585
0.004582
0.004542
0.004612
0.004537
0.004620
0.004547
0.004605
0.004559
0.004610
0.004537
0.004613
0.004573
0.004553
0.004591
0.004537
0.004623
0.004545
0.004608
0.004548
0.004604
0.004543
0.004597
0.004548
0.004581
0.004580
0.004610
0.004609
0.004554
0.004621
0.004554
0.004618
0.004556
0.004632
0.004548
0.004578
0.004575
0.004549
0.004615
0.004540
0.004612
0.004538
0.004602
0.004547
0.004619
0.004547
0.004590
0.004575
0.004577
0.004577
0.004544
0.004615
0.004550
0.004624
0.004538
0.004631
0.004543
0.004594
0.004572
0.004585
0.004574
0.004567
0.004594
0.004552
0.004623
0.004543
0.004626
0.004554
0.004606
0.004545
0.004600
0.004567
0.004573
0.004597
0.004541
0.004620
0.004540
0.004626
0.004540
0.004652
0.004577
0.004610
0.004621
0.004588
0.004578
0.004545
0.004625
0.004539
0.004604
0.004538
0.004612
0.004536
0.004613
0.004549
0.004588
0.004561
0.004568
0.004594
0.004574
0.004620
0.004547
0.004621
0.004547
0.004631
0.004556
0.004602
0.004572
0.004599
0.004576
0.004572
0.004591
0.004543
0.004617
0.004545
0.004625
0.004552
0.004614
0.004539
0.004606
0.004537
0.004593
0.004596
0.004539
0.004625
0.004542
0.004619
0.004548
0.004630
0.004553
0.004611
0.004543
0.004575
0.004638
0.004615
0.004637
0.004546
0.004629
0.004541
0.004615
0.004543
0.004615
0.004543
0.004609
0.004581
0.004576
0.004589
0.004547
0.004615
0.004548
0.004618
0.004539
0.004619
0.004569
0.004611
0.004550
0.004588
0.004567
0.004563
0.004590
0.004544
0.004620
0.004547
0.004627
0.004542
0.004645
0.004551
0.004611
0.004548
0.004571
0.004589
0.004543
0.004636
0.004567
0.004637
0.004556
0.004625
0.004553
0.004608
0.004567
0.004585
0.004586
0.004563
0.004606
0.004550
0.004611
0.004540
0.004687
0.004577
0.004617
0.004555
0.004611
0.004576
0.004583
0.004608
0.004594
0.004597
0.004554
0.004623
0.004545
0.004613
0.004546
0.004618
0.004544
0.004594
0.004579
0.004586
0.004614
0.004575
0.004619
0.004541
0.004614
0.004539
0.004617
0.004553
0.004612
0.004573
0.004599
0.004564
0.004545
0.004624
0.004541
0.004618
0.004545
0.004612
0.004545
0.004597
0.004536
0.004588
0.004576
0.004576
0.004588
0.004539
0.004611
0.004531
0.004620
0.004535
0.004609
0.004552
0.004593
0.004558
0.004643
0.004585
0.004541
0.004618
0.004536
0.004614
0.004532
0.004624
0.004536
0.004610
0.004547
0.004626
0.004560
0.004567
0.004583
0.004682
0.005133
0.005197
0.005030
0.004908
0.004814
0.004869
0.004815
0.004826
0.004797
0.004774
0.004777
0.004745
0.004749
0.004758
0.004766
0.004762
0.004756
0.004792
0.004776
0.004755
0.004770
0.004776
0.004821
0.004777
0.004728
0.004740
0.004719
0.004710
0.004709
0.004759
0.004746
0.004713
0.004700
0.004700
0.004695
0.004744
0.004749
0.004745
0.004735
0.004727
0.004742
0.004762
0.004729
0.004699
0.004721
0.004706
0.004722
0.004721
0.004702
0.004692
0.004694
0.004694
0.004696
0.004695
0.004699
0.004709
0.004697
0.004703
0.004706
0.004707
0.004693
0.004700
0.004690
0.004694
0.004700
0.004703
0.004695
0.004690
0.004705
0.004704
0.004700
0.004692
0.004687
0.004680
0.004691
0.004678
0.004693
0.004683
0.004730
0.004689
0.004705
0.004698
0.004696
0.004683
0.004693
0.004710
0.004695
0.004686
0.004689
0.004686
0.004683
0.004695
0.004696
0.004689
0.004690
0.004689
0.004690
0.004717
0.004690
0.004699
0.004677
0.004690
0.004707
0.004686
0.004688
0.004677
0.004683
0.004697
0.004691
0.004697
0.004692
0.004690
0.004689
0.004682
0.004690
0.004693
0.004697
0.004685
0.004677
0.004688
0.004683
0.004699
0.004683
0.004684
0.004678
0.004693
0.004682
0.004690
0.004674
0.004683
0.004693
0.004701
0.004691
0.004678
0.004679
0.004634
0.004554
0.004627
0.004584
0.004591
0.004646
0.004589
0.004639
0.004654
0.004668
0.004617
0.004646
0.004615
0.004645
0.004551
0.004620
0.004562
0.004582
0.004603
0.004591
0.004599
0.004576
0.004628
0.004558
0.004647
0.004549
0.004639
0.004547
0.004647
0.004669
0.004634
0.004667
0.004622
0.004626
0.004567
0.004624
0.004545
0.004637
0.004542
0.004627
0.004544
0.004610
0.004608
0.004618
0.004600
0.004546
0.004616
0.004546
0.004648
0.004545
0.004658
0.004617
0.004649
0.004635
0.004691
0.004588
0.004613
0.004677
0.004577
0.004618
0.004561
0.004619
0.004544
0.004622
0.004543
0.004613
0.004558
0.004613
0.004561
0.004577
0.004604
0.004544
0.004640
0.004616
0.004697
0.004621
0.004644
0.004613
0.004618
0.004621
0.004592
0.004575
0.004587
0.004607
0.004538
0.004642
0.004540
0.004625
0.004556
0.004640
0.004551
0.004611
0.004576
0.004580
0.004651
0.004614
0.004648
0.004615
0.004628
0.004595
0.004667
0.004597
0.004644
0.004556
0.004633
0.004549
0.004599
0.004587
0.004560
0.004600
0.004533
0.004638
0.004625
0.004654
0.004550
0.004634
0.004617
0.004639
0.004598
0.004641
0.004624
0.004609
0.004633
0.004555
0.004635
0.004543
0.004604
0.004560
0.004625
0.004549
0.004593
0.004580
0.004657
0.004689
0.004644
0.004685
0.004611
0.004631
0.004601
0.004665
0.004634
0.004642
0.004607
0.004657
0.004634
0.004628
0.004626
0.004589
0.004618
0.004540
0.004610
0.004603
0.004706
0.004548
0.004553
0.004490
0.004530
0.004499
0.004490
0.004518
0.004488
0.004549
0.004463
0.004549
0.004462
0.004549
0.004486
0.004498
0.004500
0.004463
0.004555
0.004463
0.004547
0.004486
0.004538
0.004468
0.004530
0.004489
0.004492
0.004510
0.004466
