0.013577
0.010446
0.010447
0.010427
0.010433
0.010417
0.010409
0.010516
0.010474
0.012093
0.012148
0.011611
0.010855
0.010363
0.010042
0.009937
0.010055
0.010008
0.009968
0.009870
0.009888
0.009849
0.009884
0.009960
0.009887
0.009872
0.010081
0.010111
0.009925
0.009858
0.009847
0.009945
0.010027
0.009866
0.009842
0.009954
0.009976
0.010072
0.009847
0.009877
0.009844
0.009834
0.009791
0.009842
0.009764
0.009787
0.010093
0.010124
0.009961
0.009870
0.009829
0.009805
0.009880
0.009787
0.009811
0.009864
0.009898
0.009889
0.009920
0.009843
0.009846
0.010035
0.010295
0.009980
0.009858
0.009820
0.009842
0.009921
0.009932
0.009796
0.009781
0.009811
0.009759
0.009851
0.009848
0.009775
0.009754
0.009949
0.009819
0.009782
0.009762
0.009772
0.009816
0.009710
0.009736
0.009640
0.009696
0.009816
0.009875
0.009747
0.009665
0.009890
0.009691
0.009761
0.009719
0.009810
0.009732
0.009860
0.009981
0.009747
0.021501
0.016270
0.009977
0.009669
0.009370
0.009387
0.009512
0.009394
0.009278
0.009240
0.009190
0.009157
0.009295
0.009151
0.009230
0.009330
0.009324
0.009312
0.009317
0.009173
0.009182
0.009185
0.009146
0.009097
0.009176
0.009089
0.009204
0.009272
0.009321
0.009296
0.009202
0.009163
0.009166
0.009146
0.009235
0.009167
0.009081
0.009328
0.009226
0.009132
0.009135
0.009101
0.009104
0.009087
0.009093
0.009090
0.009100
0.009003
0.008956
0.009179
0.009104
0.009103
0.009075
0.009070
0.009415
0.009114
0.009127
0.009050
0.009029
0.008955
0.009206
0.009197
0.009075
0.009168
0.009186
0.009091
0.009182
0.009097
0.009344
0.009170
0.009124
0.009132
0.009150
0.009035
0.009189
0.009164
0.009219
0.009065
0.009026
0.009094
0.009027
0.008986
0.009120
0.009054
0.009044
0.009053
0.009043
0.009070
0.009058
0.009042
0.009101
0.009136
0.008985
0.009070
0.009145
0.009069
0.009183
0.009153
0.009062
0.009057
0.009053
0.009046
0.009065
0.008954
0.009119
0.009180
0.009076
0.009047
0.009040
0.009054
0.009040
0.009033
0.009023
0.008979
0.008990
0.009137
0.009139
0.009144
0.009058
0.008997
0.009054
0.009036
0.009038
0.009056
0.009008
0.008997
0.009154
0.009084
0.009132
0.009047
0.009047
0.009020
0.009037
0.009016
0.009108
0.009133
0.008910
0.009176
0.009305
0.009080
0.009050
0.009042
0.009087
0.009059
0.009147
0.009008
0.008916
0.009031
0.009155
0.009193
0.009105
0.009110
0.009044
0.009053
0.009055
0.009023
0.009014
0.008907
0.008943
0.009121
0.009196
0.009133
0.010445
0.010646
0.010463
0.010077
0.010108
0.009916
0.009982
0.010353
0.009944
0.009973
0.009795
0.009654
0.009602
0.009478
0.009588
0.009651
0.009501
0.009808
0.009874
0.009834
0.009637
0.009800
0.009623
0.009687
0.009655
0.009601
0.009565
0.009585
0.009608
0.009564
0.009549
0.009552
0.009509
0.009521
0.009549
0.009566
0.009427
0.009555
0.009542
0.009554
0.009488
0.009507
0.009548
0.009485
0.009450
0.009585
0.009505
0.009500
0.009534
0.009484
0.009536
0.009443
0.009502
0.009407
0.013720
0.009952
0.009558
0.009614
0.009571
0.009536
0.009553
0.009494
0.009573
0.009512
0.009542
0.009520
0.009473
0.009510
0.009583
0.009510
0.009524
0.009547
0.009560
0.009577
0.009528
0.009519
0.009548
0.009640
0.009541
0.009482
0.009550
0.009545
0.009593
0.009574
0.009490
0.009283
0.009162
0.009168
0.008991
0.009131
0.009235
0.009180
0.009164
0.009118
0.008998
0.008936
0.008875
0.008977
0.008998
0.009013
0.009036
0.009070
0.009212
0.009114
0.009122
0.008991
0.008984
0.008962
0.009222
0.009165
0.009030
0.009038
0.009094
0.009222
0.009126
0.009112
0.008999
0.009007
0.008961
0.009000
0.009027
0.009025
0.009031
0.009087
0.009188
0.009137
0.009096
0.008997
0.008887
0.009002
0.009016
0.009035
0.009025
0.009052
0.009043
0.009221
0.009134
0.009081
0.008909
0.008992
0.009013
0.009227
0.009454
0.009336
0.009231
0.009207
0.009235
0.009246
0.009276
0.009094
0.008979
0.009233
0.008973
0.009031
0.009048
0.009073
0.009054
0.009192
0.009138
0.009027
0.009005
0.008875
0.008899
0.008992
0.009099
0.008970
0.009047
0.009042
0.009254
0.009104
0.009026
0.008904
0.008981
0.008990
0.009053
0.009131
0.009052
0.009019
0.009052
0.009189
0.009158
0.008970
0.008989
0.008976
0.008991
0.009028
0.009157
0.008984
0.008981
0.009046
0.009301
0.009207
0.008940
0.008912
0.009071
0.009075
0.009155
0.009042
0.009060
0.008979
0.009240
0.009179
0.009230
0.009018
0.008890
0.008992
0.009025
0.009037
0.009035
0.009040
0.008994
0.009045
0.009136
0.009117
0.008924
0.008960
0.009028
0.009049
0.008994
0.009040
0.009045
0.009030
0.009027
0.009112
0.009035
0.008979
0.008955
0.009028
0.009035
0.009018
0.009023
0.009001
0.009015
0.009043
0.009058
0.009119
0.009026
0.009044
0.009055
0.009055
0.009027
0.008987
0.009063
0.009022
0.008991
0.009048
0.009022
0.008999
0.009029
0.008976
0.009044
0.009018
0.009022
0.009036
0.008963
0.008873
0.009131
0.009123
0.009033
0.009014
0.009093
0.009016
0.009024
0.009014
0.009043
0.008920
0.008910
0.009105
0.009120
0.009032
0.009022
0.009018
0.009010
0.009054
0.008970
0.008961
0.008905
0.008975
0.009136
0.009168
0.009041
0.009020
0.009011
0.009053
0.008980
0.008923
0.008913
0.008949
0.009056
0.009134
0.009121
0.009127
0.009000
0.009009
0.009026
0.008990
0.008917
0.009101
0.008997
0.009111
0.009120
0.009155
0.009112
0.009020
0.013591
0.010307
0.009860
0.009755
0.009781
0.009830
0.009800
0.009804
0.009819
0.009791
0.009817
0.009744
0.009735
0.009733
0.009737
0.009744
0.009747
0.009888
0.009720
0.009811
0.009715
0.009748
0.009745
0.009695
0.009823
0.009859
0.009767
0.009752
0.009800
0.009790
0.009769
0.009755
0.009754
0.009750
0.009737
0.009742
0.009720
0.009851
0.009741
0.009781
0.009807
0.009761
0.009744
0.009753
0.009789
0.009717
0.009697
0.009744
0.009819
0.009728
0.009690
0.009734
0.009745
0.009706
0.009703
0.009737
0.009711
0.009735
0.009843
0.009723
0.009814
0.009734
0.009731
0.009699
0.009849
0.009690
0.009716
0.009756
0.009792
0.009735
0.009741
0.009747
0.009758
0.009767
0.009688
0.009731
0.009712
0.009714
0.009791
0.009750
0.009715
0.009717
0.009726
0.009785
0.009741
0.009726
0.009725
0.009708
0.009761
0.009751
0.009799
0.009701
0.009786
0.009686
0.009719
0.009745
0.009757
0.009853
0.009755
0.009822
0.009733
0.009765
0.009715
0.009705
0.009747
0.009766
0.009751
0.009754
0.009868
0.009777
0.009780
0.009732
0.009789
0.009824
0.009740
0.009780
0.009714
0.009765
0.009687
0.009828
0.009769
0.009741
0.009708
0.009747
0.009718
0.009730
0.009724
0.009731
0.009758
0.009807
0.009737
0.009749
0.009695
0.009722
0.009716
0.009746
0.009717
0.009717
0.009731
0.009736
0.009855
0.009734
0.009701
0.009739
0.009767
0.009738
0.009748
0.009756
0.009747
0.009927
0.009818
0.009784
0.009770
0.009795
0.009756
0.009746
0.009774
0.009689
0.009760
0.009696
0.009742
0.009755
0.009739
0.009724
0.009717
0.009736
0.009738
0.009775
0.009743
0.009721
0.009754
0.009768
0.009717
0.009715
0.009714
0.009713
0.009772
0.009718
0.009732
0.009747
0.009723
0.009804
0.009786
0.009738
0.009716
0.009740
0.009717
0.009782
0.009770
0.009754
0.009796
0.009759
0.009747
0.009713
0.009758
0.009803
0.009730
0.009722
0.009718
0.009758
0.009802
0.009764
0.009773
0.009696
0.009716
0.009765
0.009721
0.009749
0.009753
0.009715
0.009797
0.009787
0.009738
0.009755
0.009713
0.009761
0.009708
0.009750
0.009740
0.009715
0.009794
0.009719
0.009814
0.009706
0.010451
0.011194
0.010792
0.010818
0.010572
0.010567
0.010708
0.010407
0.010401
0.010373
0.010145
0.010357
0.010143
0.010071
0.010201
0.010170
0.010060
0.010211
0.010298
0.010204
0.010159
0.010092
0.010143
0.015173
0.010642
0.010410
0.010196
0.010216
0.010235
0.010212
0.010149
0.010121
0.010031
0.010108
0.010125
0.009990
0.010158
0.010073
0.010098
0.010129
0.010077
0.010067
0.010044
0.010058
0.010167
0.010022
0.010129
0.010171
0.010069
0.010109
0.010099
0.010037
0.009968
0.009949
0.009901
0.009989
0.010062
0.010085
0.009932
0.009936
0.009982
0.009950
0.009996
0.009914
0.009937
0.009937
0.010107
0.010045
0.009929
0.009893
0.009945
0.009896
0.009985
0.009969
0.009952
0.009940
0.010164
0.010021
0.010050
0.010074
0.010129
0.010049
0.010079
0.010034
0.010010
0.010162
0.010074
0.010087
0.010038
0.009956
0.009917
0.009994
0.009915
0.010050
0.009988
0.010114
0.010018
0.010029
0.009966
0.009960
0.009982
0.010029
0.009982
0.009915
0.009919
0.009927
0.010021
0.010025
0.009939
0.010032
0.009982
0.009927
0.009936
0.009863
0.009901
0.009911
0.010051
0.009974
0.009962
0.009856
0.009945
0.009998
0.009963
0.009857
0.009941
0.009891
0.009974
0.009955
0.009909
0.009850
0.009987
0.009970
0.010083
0.010021
0.009921
0.009866
0.010033
0.009962
0.009867
0.009881
0.009857
0.009944
0.009904
0.009850
0.009828
0.009879
0.009920
0.010044
0.009833
0.009915
0.009869
0.009938
0.009819
0.010009
0.009834
0.009881
0.009981
0.009992
0.009871
0.009865
0.009866
0.009925
0.009883
0.009866
0.009865
0.009951
0.009909
0.009955
0.009930
0.009888
0.009947
0.009957
0.009982
0.009922
0.009936
0.009886
0.009987
0.009979
0.010019
0.009885
0.009942
0.009936
0.010001
0.009872
0.009907
0.009929
0.010049
0.009989
0.010044
0.009886
0.009937
0.009972
0.009966
0.009903
0.009923
0.009974
0.009970
0.009995
0.009990
0.009989
0.009922
0.009889
0.009874
0.009897
0.009900
0.009965
0.009951
0.010119
0.010023
0.010026
0.010126
0.009989
0.010020
0.009911
0.009944
0.009935
0.010056
0.010004
0.009935
0.009947
0.009918
0.009998
0.009870
0.009978
0.009875
0.009917
0.009880
0.010073
0.009850
0.009975
0.009850
0.009877
0.009866
0.009886
0.009884
0.009857
0.009862
0.009969
0.009902
0.009903
0.009873
0.009923
0.009903
0.009889
0.009949
0.009903
0.010009
0.009967
0.009993
0.009911
0.009945
0.009902
0.009935
0.009889
0.009944
0.009906
0.009882
0.009991
0.010005
0.009890
0.009913
0.009906
0.009862
0.009869
0.009908
0.009913
0.009897
0.010032
0.009962
0.009860
0.009876
0.009938
0.009859
0.009846
0.009899
0.010030
0.009864
0.010015
0.009956
0.009925
0.009824
0.009999
0.009894
0.009922
0.009850
0.010007
0.009922
0.010020
0.014364
0.011363
0.010561
0.010439
0.010441
0.010360
0.010336
0.010370
0.010399
0.010467
0.010452
0.010329
0.010369
0.010349
0.010385
0.010378
0.010401
0.010417
0.010413
0.010461
0.010334
0.010274
0.010341
0.010310
0.010327
0.010315
0.010340
0.010368
0.010377
0.010380
0.010280
0.010369
0.010301
0.010306
0.010262
0.010264
0.010423
0.010370
0.010435
0.010349
0.010293
0.010315
0.010294
0.010325
0.010395
0.010300
0.010433
0.010446
0.010443
0.010320
0.010303
0.010373
0.010264
0.010297
0.010279
0.010296
0.010390
0.010375
0.010383
0.010261
0.010311
0.010309
0.010310
0.010278
0.010310
0.010365
0.010379
0.010476
0.010400
0.010275
0.010311
0.010270
0.010325
0.010310
0.010363
0.010355
0.010421
0.010459
0.010284
0.010292
0.010315
0.010223
0.010324
0.010317
0.010279
0.010283
0.010399
0.010374
0.010257
0.010355
0.010334
0.010425
0.010297
0.010259
0.010377
0.010341
0.010431
0.010298
0.010351
0.010332
0.010282
0.010269
0.010230
0.010343
0.010343
0.010420
0.010444
0.010258
0.010303
0.010282
0.010289
0.010340
0.010225
0.010319
0.010252
0.010439
0.010387
0.010399
0.010301
0.010226
0.010341
0.010277
0.010261
0.010273
0.010305
0.010382
0.010250
0.010281
0.010253
0.010298
0.010278
0.010252
0.010331
0.010281
0.010389
0.010426
0.010348
0.010350
0.010326
0.010286
0.010265
0.010294
0.010291
0.010236
0.010398
0.010307
0.010280
0.010347
0.010289
0.010288
0.010243
0.010316
0.010246
0.010347
0.010367
0.010501
0.010330
0.010254
0.010324
0.010259
0.010298
0.010284
0.010228
0.010370
0.010371
0.010308
0.010296
0.010345
0.010329
0.010293
0.010330
0.010286
0.010295
0.010388
0.010349
0.010285
0.010223
0.010314
0.010262
0.010341
0.010289
0.010230
0.010333
0.010349
0.010441
0.010303
0.010265
0.010270
0.010349
0.010342
0.010243
0.010383
0.010371
0.010392
0.010376
0.010304
0.010387
0.010362
0.010346
0.010391
0.010305
0.010338
0.010342
0.010382
0.010709
0.011319
0.011116
0.011161
0.010938
0.010804
0.010865
0.010905
0.010858
0.010826
0.010731
0.010669
0.010573
0.010646
0.010798
0.010606
0.010874
0.011113
0.010931
0.010778
0.010757
0.010682
0.010657
0.010595
0.010651
0.010604
0.010644
0.010577
0.010554
0.010591
0.010562
0.010524
0.010575
0.010505
0.010596
0.010595
0.010588
0.010678
0.010609
0.010508
0.010511
0.010522
0.010483
0.010488
0.010514
0.010529
0.010477
0.010470
0.010505
0.010467
0.010480
0.010400
0.010282
0.010334
0.010399
0.010429
0.010394
0.010331
0.010334
0.010336
0.010357
0.010376
0.010387
0.010340
0.010398
0.010420
0.010319
0.010237
0.010396
0.010295
0.010382
0.010362
0.010347
0.010381
0.010447
0.010382
0.010297
0.010228
0.010302
0.010319
0.010313
0.010264
0.010418
0.010345
0.010222
0.010326
0.010304
0.010323
0.010371
0.010276
0.010395
0.010333
0.010325
0.010316
0.010285
0.010309
0.010208
0.012932
0.011183
0.010278
0.010137
0.010199
0.010128
0.010261
0.010141
0.010198
0.010241
0.010171
0.010200
0.010154
0.010223
0.010161
0.010184
0.010166
0.010259
0.010241
0.010170
0.010166
0.010152
0.010201
0.010111
0.010174
0.010155
0.010170
0.010112
0.010132
0.010088
0.010153
0.010261
0.010130
0.010227
0.010093
0.010176
0.010109
0.010166
0.010182
0.010184
0.010105
0.010259
0.010156
0.010114
0.010157
0.010165
0.010161
0.010198
0.010171
0.010109
0.010201
0.010100
0.010136
0.010150
0.010151
0.010160
0.010065
0.010133
0.010113
0.010149
0.010093
0.010151
0.010083
0.010179
0.010132
0.010179
0.010153
0.010162
0.010109
0.010141
0.010122
0.010187
0.010234
0.010128
0.010182
0.010146
0.010156
0.010065
0.010178
0.010121
0.010202
0.010140
0.010153
0.010203
0.010113
0.010253
0.010068
0.010164
0.010100
0.010170
0.010119
0.010249
0.010100
0.010145
0.010139
0.010130
0.010131
0.010072
0.010121
0.010080
0.010132
0.010111
0.010154
0.010088
0.010183
0.010094
0.010157
0.010188
0.010160
0.010096
0.010129
0.010093
0.010074
0.010150
0.010101
0.010151
0.010098
0.010134
0.010095
0.010165
0.010097
0.010153
0.010090
0.010143
0.010121
0.010139
0.010071
0.010115
0.010107
0.010132
0.010189
0.010077
0.010127
0.010110
0.010201
0.010057
0.010139
0.010134
0.010157
0.010089
0.010119
0.010106
0.010172
0.010134
0.010083
0.010118
0.010088
0.010123
0.010098
0.010139
0.010088
0.010154
0.010085
0.010191
0.010252
0.010171
0.010258
0.010155
0.010193
0.010109
0.010167
0.010119
0.010174
0.010124
0.010163
0.010123
0.010162
0.010107
0.010121
0.010115
0.010222
0.010109
0.010085
0.010172
0.010098
0.010148
0.010093
0.010155
0.010093
0.010253
0.010089
0.010137
0.010194
0.010229
0.010139
0.010089
0.010195
0.010117
0.010145
0.010110
0.010168
0.010088
0.010213
0.010150
0.010173
0.010193
0.010147
0.010153
0.010083
0.010142
0.010100
0.010154
0.010115
0.010176
0.010113
0.010153
0.010107
0.010171
0.010292
0.010145
0.010115
0.010133
0.010148
0.010095
0.010141
0.010118
0.010172
0.010110
0.010147
0.010058
0.010191
0.010129
0.010162
0.010115
0.010131
0.010096
0.010140
0.010133
0.010029
0.010132
0.010111
0.010142
0.010129
0.010162
0.010103
0.010164
0.010176
0.010135
0.010100
0.010129
0.010099
0.010113
0.010126
0.010122
0.010113
0.010079
0.010233
0.010081
0.010131
0.010072
0.010152
0.010103
0.010185
0.010092
0.010143
0.010097
0.010176
0.010123
0.010083
0.010116
0.010091
0.010142
0.010120
0.010148
0.010088
0.010163
0.010077
0.010173
0.010130
0.010151
0.010102
0.010210
0.010150
0.010110
0.010116
0.010072
0.010200
0.010165
0.010169
0.010105
0.010216
0.010144
0.010165
0.010096
0.010121
0.010091
0.010144
0.013707
0.011425
0.010260
0.010068
0.010096
0.010021
0.010096
0.009984
0.010003
0.010047
0.010024
0.009966
0.010012
0.009975
0.010033
0.009976
0.010008
0.009952
0.010003
0.009955
0.009978
0.009955
0.010060
0.009962
0.010009
0.009962
0.010020
0.009946
0.010009
0.009957
0.010069
0.009933
0.009990
0.009961
0.010045
0.009959
0.009995
0.009959
0.009995
0.009938
0.010018
0.009957
0.010000
0.009915
0.010048
0.009936
0.010027
0.010009
0.010015
0.009954
0.010064
0.009940
0.009996
0.009960
0.010065
0.009948
0.010024
0.010124
0.010058
0.009961
0.010025
0.009967
0.010018
0.009958
0.010020
0.009953
0.010000
0.009942
0.010012
0.009944
0.009994
0.010010
0.010021
0.009935
0.010080
0.009944
0.009997
0.009957
0.009996
0.009954
0.010021
0.009952
0.010096
0.009983
0.010041
0.009950
0.009990
0.009963
0.010019
0.009941
0.010073
0.009972
0.010018
0.010020
0.010058
0.009944
0.010002
0.009946
0.010024
0.009951
0.010014
0.009939
0.010077
0.009951
0.010035
0.009971
0.010662
0.010954
0.010700
0.010667
0.010610
0.010526
0.010542
0.010532
0.010659
0.010429
0.010388
0.011049
0.010724
0.010523
0.010460
0.010383
0.010412
0.010571
0.010543
0.010281
0.010445
0.010318
0.010265
0.010172
0.010177
0.010248
0.010210
0.010213
0.010106
0.010148
0.010099
0.010162
0.010092
0.010145
0.010099
0.010093
0.010168
0.010141
0.010156
0.010103
0.010181
0.010103
0.010089
0.010059
0.010130
0.010158
0.010190
0.010150
0.010088
0.009998
0.010044
0.010079
0.010195
0.010093
0.010077
0.010089
0.010135
0.010110
0.010074
0.010118
0.010058
0.010118
0.010033
0.010120
0.010075
0.010110
0.010133
0.010099
0.010071
0.010102
0.010023
0.010076
0.010053
0.010102
0.010242
0.010049
0.010154
0.010094
0.010061
0.009980
0.010058
0.009956
0.010120
0.009967
0.010060
0.010041
0.010167
0.010012
0.010075
0.010024
0.010070
0.010012
0.010072
0.010003
0.010067
0.010010
0.010208
0.010033
0.010041
0.010004
0.010018
0.009995
0.010041
0.010009
0.010046
0.010003
0.010220
0.010101
0.010027
0.010105
0.009965
0.010039
0.010010
0.010022
0.010012
0.010099
0.010089
0.010115
0.010063
0.010071
0.009970
0.010047
0.009994
0.010054
0.009974
0.010060
0.010041
0.010155
0.010007
0.010066
0.010015
0.010083
0.010145
0.010068
0.010003
0.010065
0.010080
0.010080
0.009987
0.010084
0.010009
0.009986
0.010001
0.010045
0.010012
0.010082
0.010095
0.010003
0.010045
0.009959
0.009987
0.010012
0.010053
0.010100
0.010196
0.010192
0.010184
0.009979
0.010059
0.009957
0.010024
0.009994
0.010053
0.010014
0.010067
0.010052
0.010196
0.009989
0.010124
0.009985
0.010033
0.010000
0.010099
0.009974
0.010071
0.010058
0.010204
0.009976
0.010014
0.010002
0.009991
0.010045
0.010039
0.009978
0.010053
0.010114
0.010087
0.010006
0.010058
0.010028
0.010003
0.010010
0.009981
0.010007
0.009995
0.010092
0.010081
0.010036
0.010041
0.010062
0.009997
0.010011
0.009956
0.010025
0.010040
0.010097
0.010022
0.010026
0.009963
0.010110
0.010006
0.009997
0.009984
0.010036
0.010286
0.010145
0.010076
0.010027
0.010034
0.010039
0.010088
0.010024
0.010015
0.010011
0.010022
0.010066
0.010078
0.010025
