0.005361
0.003306
0.003173
0.003094
0.003020
0.002959
0.002871
0.002944
0.002880
0.002736
0.002785
0.002901
0.002764
0.002764
0.002861
0.002834
0.002741
0.002814
0.002877
0.002726
0.002717
0.002768
0.002768
0.002717
0.002722
0.002815
0.002722
0.002726
0.002756
0.002840
0.002723
0.002815
0.002718
0.002818
0.002725
0.002714
0.002807
0.002717
0.002716
0.002716
0.002809
0.002716
0.002715
0.002743
0.002783
0.002717
0.002720
0.002811
0.002716
0.002720
0.002720
0.002815
0.002718
0.002722
0.002764
0.002769
0.002725
0.002722
0.002814
0.002722
0.002724
0.002740
0.002798
0.002724
0.002719
0.002843
0.002745
0.002716
0.002715
0.002808
0.002715
0.002712
0.002763
0.002768
0.002719
0.002721
0.002840
0.002716
0.002719
0.002720
0.002809
0.002720
0.002721
0.002789
0.002745
0.002724
0.002717
0.002812
0.002722
0.002720
0.002728
0.002817
0.002724
0.002719
0.002815
0.002768
0.002833
0.002720
0.002822
0.002753
0.002791
0.002830
0.002830
0.002717
0.002720
0.002787
0.002791
0.002764
0.002829
0.002794
0.002717
0.002815
0.002789
0.002747
0.002720
0.002815
0.002812
0.002725
0.002723
0.002768
0.002770
0.002724
0.002722
0.002810
0.002724
0.002719
0.002718
0.002814
0.002724
0.002721
0.002790
0.002749
0.002722
0.002721
0.002817
0.002722
0.002819
0.002785
0.002817
0.002714
0.002717
0.002753
0.002775
0.002717
0.002716
0.002810
0.002718
0.002716
0.002713
0.002812
0.002716
0.002715
0.002768
0.002762
0.002714
0.002716
0.002813
0.002722
0.002715
0.002748
0.002790
0.002718
0.002722
0.002787
0.002747
0.002725
0.002725
0.002814
0.002725
0.002723
0.002768
0.002768
0.002726
0.002721
0.002860
0.002716
0.002715
0.002742
0.002783
0.002718
0.002711
0.002782
0.002748
0.002712
0.002717
0.002876
0.002723
0.002714
0.002719
0.002824
0.002720
0.002723
0.002814
0.002722
0.002723
0.002721
0.002813
0.002723
0.002722
0.002720
0.002818
0.002724
0.002721
0.002815
0.002719
0.002719
0.002713
0.002814
0.002721
0.002716
0.002796
0.002785
0.002716
0.002717
0.002814
0.002784
0.002721
0.002815
0.002818
0.002718
0.002720
0.002770
0.002762
0.002723
0.002721
0.002811
0.002726
0.002720
0.002744
0.002778
0.002717
0.002711
0.002785
0.002743
0.002721
0.002719
0.002816
0.002723
0.002722
0.002768
0.002772
0.002720
0.002722
0.002818
0.002721
0.002722
0.002760
0.002829
0.002718
0.002715
0.002783
0.002740
0.002718
0.002719
0.002810
0.002724
0.002720
0.002720
0.002815
0.002723
0.002717
0.002817
0.002727
0.002717
0.002717
0.002811
0.002717
0.002713
0.002718
0.002809
0.002716
0.002717
0.002761
0.002767
0.002792
0.002826
0.002837
0.002719
0.002720
0.002752
0.002783
0.002723
0.002720
0.002846
0.002741
0.002723
0.002811
0.002801
0.002720
0.002718
0.002781
0.002759
0.002718
0.002724
0.002817
0.002725
0.002717
0.002767
0.002776
0.002720
0.002717
0.002796
0.002725
0.002717
0.002713
0.002806
0.002715
0.002716
0.002711
0.002810
0.002729
0.002714
0.002811
0.002720
0.002718
0.002714
0.002811
0.002722
0.002718
0.002767
0.002813
0.002715
0.002719
0.002813
0.002718
0.002718
0.002719
0.002812
0.002720
0.002719
0.002751
0.002778
0.002723
0.002720
0.002813
0.002723
0.002722
0.002719
0.002816
0.002725
0.002719
0.002770
0.002762
0.002715
0.002715
0.002814
0.002717
0.002713
0.002748
0.002787
0.002717
0.002719
0.002787
0.002745
0.002722
0.002718
0.002857
0.002725
0.002722
0.002767
0.002767
0.002721
0.002719
0.002831
0.002792
0.002722
0.002717
0.002818
0.002723
0.002720
0.002792
0.002745
0.002720
0.002723
0.002813
0.002718
0.002715
0.002716
0.002808
0.002714
0.002717
0.002806
0.002717
0.002719
0.002716
0.002808
0.002720
0.002718
0.002712
0.002811
0.002717
0.002716
0.002860
0.002763
0.002720
0.002716
0.002815
0.002721
0.002939
0.003063
0.003371
0.003116
0.003024
0.003009
0.002959
0.002869
0.002975
0.003285
0.003089
0.003037
0.002817
0.002921
0.002970
0.002809
0.002937
0.003008
0.002993
0.002912
0.002906
0.002918
0.002943
0.002939
0.002916
0.002945
0.002988
0.002894
0.003012
0.003173
0.002924
0.002872
0.002943
0.002953
0.002923
0.002955
0.002911
0.002946
0.002890
0.002986
0.002946
0.002810
0.002890
0.002869
0.002876
0.002945
0.002890
0.002880
0.002967
0.002929
0.002946
0.002947
0.002976
0.002879
0.002924
0.002938
0.002897
0.002938
0.002942
0.002943
0.002954
0.002930
0.002956
0.002946
0.002919
0.002906
0.002947
0.002955
0.002885
0.002872
0.002936
0.002873
0.002869
0.002876
0.002874
0.002874
0.002872
0.002876
0.002878
0.002870
0.002878
0.002877
0.002876
0.002874
0.002879
0.002879
0.002875
0.002875
0.002878
0.002879
0.002876
0.002883
0.002878
0.002885
0.002875
0.002876
0.002872
0.002869
0.002875
0.002875
0.002874
0.002869
0.002877
0.002924
0.002886
0.002875
0.002941
0.002879
0.002875
0.002882
0.002878
0.002880
0.002876
0.002882
0.002880
0.002878
0.002881
0.002881
0.002880
0.002877
0.002882
0.002879
0.002876
0.002873
0.002873
0.002876
0.002868
0.002872
0.002872
0.002839
0.002849
0.002876
0.002884
0.002830
0.002887
0.002915
0.002941
0.002848
0.002876
0.002918
0.002885
0.002847
0.002941
0.002849
0.002878
0.002879
0.002878
0.002844
0.002948
0.002877
0.002878
0.002874
0.002877
0.002877
0.002877
0.002876
0.002880
0.002876
0.002875
0.002879
0.002881
0.002880
0.002877
0.002883
0.002848
0.002875
0.002874
0.002894
0.002849
0.002871
0.002841
0.002975
0.002935
0.002937
0.002936
0.002874
0.002870
0.002876
0.002935
0.002876
0.002869
0.002938
0.002878
0.002872
0.002876
0.002877
0.002873
0.002872
0.002878
0.002874
0.002870
0.002877
0.002880
0.002877
0.002874
0.002879
0.002875
0.002875
0.002851
0.002878
0.002877
0.002830
0.002866
0.002871
0.002854
0.002831
0.002867
0.002880
0.002879
0.002891
0.002861
0.002848
0.002846
0.002832
0.002756
0.002766
0.002728
0.002723
0.002721
0.002724
0.002723
0.002795
0.002760
0.002718
0.002714
0.002720
0.002791
0.002717
0.002712
0.002719
0.002718
0.002713
0.002716
0.002720
0.002716
0.002721
0.002717
0.002716
0.002722
0.002716
0.002715
0.002717
0.002717
0.002716
0.002720
0.002721
0.002717
0.002720
0.002720
0.002720
0.002716
0.002719
0.002748
0.002760
0.002721
0.002719
0.002716
0.002726
0.002722
0.002720
0.002721
0.002722
0.002712
0.002718
0.002716
0.002716
0.002718
0.002720
0.002713
0.002718
0.002720
0.002715
0.002719
0.002722
0.002723
0.002716
0.002722
0.002721
0.002719
0.002725
0.002726
0.002717
0.002721
0.002723
0.002720
0.002726
0.002725
0.002717
0.002724
0.002724
0.002720
0.002722
0.002723
0.002712
0.002716
0.002794
0.002798
0.002715
0.002720
0.002838
0.002760
0.002722
0.002720
0.002766
0.002724
0.002719
0.002718
0.002722
0.002720
0.002717
0.002812
0.002859
0.002749
0.002717
0.002720
0.002721
0.002718
0.002721
0.002767
0.002799
0.002722
0.002721
0.002718
0.002723
0.002725
0.002814
0.002723
0.002724
0.002723
0.002723
0.002726
0.002721
0.002759
0.002724
0.002722
0.002718
0.002723
0.002723
0.002718
0.002725
0.002724
0.002716
0.002715
0.002719
0.002717
0.002720
0.002719
0.002782
0.002721
0.002722
0.002800
0.002793
0.002722
0.002720
0.002818
0.002722
0.002721
0.002721
0.002723
0.002723
0.002717
0.002721
0.002724
0.002715
0.002720
0.002725
0.002720
0.002722
0.002722
0.002718
0.002723
0.002722
0.002829
0.002775
0.002722
0.002722
0.002758
0.002719
0.002719
0.002712
0.002719
0.002714
0.002714
0.002717
0.002717
0.002714
0.002722
0.002722
0.002713
0.002720
0.002718
0.002714
0.002719
0.002718
0.002717
0.002715
0.002722
0.002721
0.002717
0.002721
0.002721
0.002832
0.002724
0.002725
0.002719
0.002722
0.002724
0.002720
0.002723
0.002724
0.002720
0.002723
0.002723
0.002710
0.002716
0.002716
0.002715
0.002756
0.002718
0.002719
0.002880
0.002754
0.002721
0.002766
0.002830
0.002721
0.002713
0.002821
0.002721
0.002718
0.002725
0.002722
0.002717
0.002712
0.002715
0.002715
0.002712
0.002714
0.002714
0.002710
0.002717
0.002716
0.002716
0.002718
0.002721
0.002716
0.002720
0.002720
0.002717
0.002722
0.002720
0.002719
0.002721
0.002725
0.002719
0.002724
0.002814
0.002842
0.002782
0.002813
0.002778
0.002758
0.002724
0.002724
0.002813
0.002724
0.002723
0.002712
0.002716
0.002717
0.002711
0.002714
0.002717
0.002720
0.002714
0.002718
0.002717
0.002790
0.002830
0.002722
0.002715
0.002722
0.002720
0.002717
0.002720
0.002720
0.002718
0.002719
0.002720
0.002717
0.002724
0.002829
0.002723
0.002719
0.002723
0.002726
0.002720
0.002725
0.002723
0.002720
0.002721
0.002723
0.002720
0.002725
0.002723
0.002712
0.002717
0.002715
0.002717
0.002721
0.002721
0.002794
0.002799
0.002721
0.002723
0.002817
0.002724
0.002721
0.002779
0.002814
0.002722
0.002720
0.002782
0.002725
0.002721
0.002722
0.002716
0.002715
0.002720
0.002717
0.002716
0.002720
0.002720
0.002720
0.002714
0.002776
0.002721
0.002715
0.002720
0.002719
0.002716
0.002720
0.002721
0.002716
0.002720
0.002721
0.002719
0.002722
0.002722
0.002721
0.002723
0.002721
0.002715
0.002717
0.002718
0.002715
0.002719
0.002715
0.002716
0.002713
0.002719
0.002717
0.002718
0.002722
0.002722
0.002716
0.002721
0.002723
0.002716
0.002721
0.002722
0.002716
0.002723
0.002721
0.002720
0.002722
0.002722
0.002829
0.002782
0.002723
0.002723
0.002882
0.002726
0.002724
0.002762
0.002756
0.002721
0.002714
0.002717
0.002717
0.002713
0.002718
0.002719
0.002716
0.002719
0.002720
0.002716
0.002720
0.002719
0.002719
0.002719
0.002810
0.002721
0.002715
0.002723
0.002720
0.002716
0.002723
0.002722
0.002720
0.002758
0.002720
0.002716
0.002721
0.002722
0.002718
0.002722
0.002724
0.002760
0.002724
0.002725
0.002723
0.002721
0.002725
0.002722
0.002722
0.002723
0.002719
0.002713
0.002717
0.002717
0.002713
0.002717
0.002718
0.002716
0.002717
0.002719
0.002715
0.002719
0.002714
0.002715
0.002719
0.002718
0.002716
0.002720
0.002722
0.002721
0.002719
0.002723
0.002722
0.002717
0.002717
0.002717
0.002711
0.002717
0.002715
0.002712
0.002721
0.002716
0.002712
0.002717
0.002718
0.002713
0.002720
0.002721
0.002719
0.002723
0.002726
0.002719
0.002845
0.002807
0.002881
0.002721
0.002725
0.002777
0.002752
0.002767
0.002830
0.002733
0.002888
0.002809
0.002719
0.002712
0.002716
0.002718
0.002712
0.002718
0.002717
0.002713
0.002716
0.002719
0.002714
0.002720
0.002722
0.002715
0.002722
0.002722
0.002717
0.002722
0.002721
0.002719
0.002722
0.002720
0.002721
0.002718
0.002719
0.002723
0.002719
0.002722
0.002723
0.002719
0.002722
0.002721
0.002720
0.002724
0.002723
0.002718
0.002725
0.002743
0.002721
0.002723
0.002723
0.002722
0.002727
0.002723
0.002716
0.002725
0.002720
0.002723
0.002715
0.002715
0.002720
0.002714
0.002716
0.002736
0.002857
0.002719
0.002719
0.002774
0.002819
0.002723
0.002717
0.002878
0.002723
0.002724
0.002719
0.002725
0.002725
0.002718
0.002721
0.002725
0.002719
0.002724
0.002720
0.002715
0.002717
0.002715
0.002714
0.002718
0.002715
0.002753
0.002834
0.002721
0.002712
0.002773
0.002718
0.002718
0.002713
0.002719
0.002718
0.002712
0.002717
0.002717
0.002714
0.002736
0.002722
0.002720
0.002722
0.002720
0.002715
0.002722
0.002719
0.002716
0.002724
0.002722
0.002720
0.002727
0.002721
0.002722
0.002725
0.002724
0.002722
0.002715
0.002715
0.002716
0.002715
0.002718
0.002719
0.002717
0.002720
0.002721
0.002717
0.002722
0.002720
0.002717
0.002719
0.002724
0.002718
0.002722
0.002722
0.002719
0.002721
0.002725
0.002724
0.002717
0.002725
0.002722
0.002720
0.002720
0.002722
0.002720
0.002723
0.002721
0.002714
0.002722
0.002725
0.002718
0.002721
0.002724
0.002716
0.002716
0.002715
0.002710
0.002715
0.002719
0.002712
0.002718
0.002715
0.002718
0.002713
0.002716
0.002717
0.002716
0.002720
0.002715
0.002718
0.002720
0.002719
0.002717
0.002721
0.002739
0.002811
0.002720
0.002720
0.002717
0.002721
0.002721
0.002718
0.002721
0.002723
0.002717
0.002722
0.002722
0.002720
0.002716
0.002720
0.002723
0.002721
0.002722
0.002721
0.002720
0.002722
0.002722
0.002721
0.002724
0.002723
0.002719
0.002722
0.002717
0.002713
0.002717
0.002716
0.002712
0.002718
0.002718
0.002713
0.002719
0.002718
0.002717
0.002713
0.002719
0.002719
0.002714
0.002717
0.002722
0.002714
0.002722
0.002720
0.002716
0.002719
0.002718
0.002714
0.002774
0.002721
0.002714
0.002720
0.002718
0.002715
0.002721
0.002722
0.002717
0.002718
0.002720
0.002720
0.002719
0.002721
0.002723
0.002721
0.002726
0.002723
0.002721
0.002724
0.002724
0.002719
0.002725
0.002720
0.002717
0.002722
0.002725
0.002709
0.002719
0.002718
0.002714
0.002720
0.002720
0.002717
0.002716
0.002721
0.002718
0.002717
0.002720
0.002828
0.002720
0.002724
0.002722
0.002719
0.002721
0.002721
0.002720
0.002720
0.002722
0.002718
0.002724
0.002731
0.002717
0.002723
0.002724
0.002720
0.002722
0.002716
0.002716
0.002714
0.002718
0.002719
0.002714
0.002718
0.002720
0.002714
0.002723
0.002718
0.002714
0.002722
0.002722
0.002718
0.002722
0.002722
0.002717
0.002720
0.002724
0.002718
0.002718
0.002724
0.002724
0.002719
0.002723
0.002722
0.002718
0.002722
0.002758
0.002776
0.002724
0.002722
0.002719
0.002725
0.002723
0.002719
0.002725
0.002724
0.002722
0.002725
0.002723
0.002718
0.002721
0.002725
0.002725
0.002718
0.002725
0.002723
0.002721
0.002724
0.002718
0.002712
0.002715
0.002716
0.002712
0.002716
0.002716
0.002711
0.002716
0.002716
0.002715
0.002717
0.002717
0.002716
0.002719
0.002721
0.002715
0.002721
0.002723
0.002717
0.002721
0.002830
0.002720
0.002719
0.002720
0.002721
0.002722
0.002723
0.002722
0.002717
0.002723
0.002723
0.002717
0.002722
0.002722
0.002718
0.002722
0.002718
0.002713
0.002789
0.002718
0.002721
0.002717
0.002720
0.002725
0.002718
0.002722
0.002722
0.002716
0.002724
0.002723
0.002720
0.002724
0.002725
0.002718
0.002723
0.002733
0.002721
0.002726
0.002724
0.002714
0.002720
0.002719
0.002715
0.002721
0.002719
0.002720
0.002716
0.002718
0.002721
0.002717
0.002719
0.002719
0.002721
0.002721
0.002719
0.002715
0.002720
0.002722
0.002719
0.002722
0.002719
0.002712
0.002716
0.002717
0.002714
0.002722
0.002719
0.002714
0.002721
0.002721
0.002720
0.002714
0.002720
0.002719
0.002719
0.002722
0.002722
0.002717
0.002721
0.002723
0.002719
0.002723
0.002723
0.002718
0.002723
0.002724
0.002718
0.002724
0.002722
0.002722
0.002839
0.002721
0.002713
0.002714
0.002798
0.002715
0.002709
0.002718
0.002719
0.002711
0.002715
0.002715
0.002715
0.002719
0.002721
0.002716
0.002724
0.002720
0.002716
0.002724
0.002723
0.002726
0.002724
0.002726
0.002716
0.002717
0.002715
0.002718
0.002713
0.002720
0.002718
0.002714
0.002720
0.002803
0.002716
0.002723
0.002721
0.002744
0.002785
0.002718
0.002718
0.002719
0.002809
0.002718
0.002720
0.002722
0.002783
0.002740
0.002718
0.002719
0.002719
0.002839
0.002720
0.002717
0.002722
0.002723
0.002718
0.002723
0.002723
0.002717
0.002725
0.002721
0.002719
0.002725
0.002717
0.002713
0.002717
0.002719
0.002716
0.002713
0.002722
0.002720
0.002713
0.002717
0.002717
0.002713
0.002721
0.002716
0.002715
0.002718
0.002718
0.002715
0.002721
0.002720
0.002716
0.002720
0.002725
0.002717
0.002722
0.002722
0.002817
0.002720
0.002722
0.002721
0.002719
0.002723
0.002724
0.002719
0.002722
0.002724
0.002720
0.002722
0.002722
0.002722
0.002725
0.002725
0.002719
0.002723
0.002726
0.002718
0.002717
0.002717
0.002713
0.002717
0.002718
0.002718
0.002715
0.002719
0.002717
0.002712
0.002720
0.002719
0.002715
0.002719
0.002719
0.002716
0.002723
0.002721
0.002716
0.002720
0.002720
0.002720
0.002721
0.002720
0.002717
0.002721
0.002724
0.002718
0.002723
0.002726
0.002724
0.002718
0.002723
0.002720
0.002719
0.002725
0.002716
0.002713
0.002772
0.002718
0.002714
0.002719
0.002715
0.002711
0.002716
0.002717
0.002715
0.002720
0.002716
0.002715
0.002718
0.002720
0.002713
0.002718
0.002715
0.002718
0.002714
0.002719
0.002720
0.002716
0.002721
0.002724
0.002720
0.002723
0.002724
0.002717
0.002724
0.002722
0.002718
0.002722
0.002790
0.002746
0.002716
0.002715
0.002714
0.002719
0.002717
0.002719
0.002715
0.002719
0.002718
0.002715
0.002717
0.002717
0.002714
0.002720
0.002719
0.002718
0.002721
0.002720
0.002718
0.002719
0.002721
0.002713
0.002719
0.002719
0.002716
0.002726
0.002723
0.002720
0.002722
0.002725
0.002722
0.002718
0.002724
0.002722
0.002719
0.002720
0.002722
0.002718
0.002759
0.002724
0.002718
0.002721
0.002716
0.002713
0.002719
0.002718
0.002714
0.002720
0.002718
0.002713
0.002722
0.002722
0.002715
0.002721
0.002719
0.002719
0.002714
0.002721
0.002718
0.002716
0.002719
0.002719
0.002717
0.002722
0.002720
0.002718
0.002721
0.002723
0.002719
0.002721
0.002722
0.002717
0.002724
0.002723
0.002717
0.002722
0.002721
0.002718
0.002723
0.002723
0.002723
0.002723
0.002723
0.002723
0.002717
0.002715
0.002715
0.002710
0.002759
0.002770
0.002714
0.002717
0.002714
0.002712
0.002717
0.002715
0.002717
0.002720
0.002718
0.002713
0.002718
0.002717
0.002713
0.002717
0.002721
0.002721
0.002720
0.002721
0.002716
0.002713
0.002718
0.002719
0.002715
0.002717
0.002721
0.002717
0.002781
0.002719
0.002715
0.002719
0.002721
0.002715
0.002720
0.002720
0.002714
0.002718
0.002719
0.002718
0.002715
0.002722
0.002722
0.002716
0.002724
0.002720
0.002720
0.002722
0.002725
0.002723
0.002725
0.002724
0.002718
0.002722
0.002724
0.002717
0.002738
0.002724
0.002719
0.002723
0.002717
0.002710
0.002716
0.002718
0.002720
0.002711
0.002717
0.002716
0.002713
0.002720
0.002723
0.002718
0.002723
0.002721
0.002719
0.002724
0.002724
0.002720
0.002723
0.002724
0.002718
0.002721
0.002725
0.002721
0.002722
0.002716
0.002709
0.002717
0.002718
0.002720
0.002712
0.002812
0.002722
0.002720
0.002722
0.002718
0.002717
0.002722
0.002720
0.002716
0.002721
0.002723
0.002716
0.002723
0.002721
0.002716
0.002720
0.002722
0.002718
0.002723
0.002726
0.002718
0.002713
0.002714
0.002717
0.002715
0.002720
0.002719
0.002720
0.002723
0.002720
0.002716
0.002719
0.002721
0.002716
0.002720
0.002719
0.002713
0.002720
0.002722
0.002716
0.002721
0.002721
0.002716
0.002719
0.002718
0.002717
0.002718
0.002724
0.002722
0.002718
0.002723
0.002722
0.002717
0.002724
0.002723
0.002712
0.002718
0.002717
0.002713
0.002718
0.002718
0.002714
0.002720
0.002719
0.002714
0.002722
0.002719
0.002715
0.002717
0.002719
0.002717
0.002717
0.002720
0.002720
0.002716
0.002721
0.002720
0.002718
0.002721
0.002721
0.002715
0.002723
0.002720
0.002721
0.002724
0.002719
0.002712
0.002717
0.002721
0.002717
0.002814
0.002722
0.002717
0.002721
0.002722
0.002720
0.002715
0.002719
0.002721
0.002718
0.002722
0.002721
0.002720
0.002724
0.002725
0.002719
0.002717
0.002716
0.002713
0.002718
0.002714
0.002711
0.002718
0.002716
0.002712
0.002718
0.002718
0.002712
0.002719
0.002716
