0.019106
0.012394
0.012392
0.012389
0.012354
0.012398
0.012421
0.012486
0.012393
0.012393
0.012436
0.012348
0.012425
0.012414
0.012388
0.012415
0.012390
0.012429
0.012383
0.012390
0.012369
0.012407
0.012416
0.012390
0.012409
0.012411
0.012409
0.012493
0.012358
0.012382
0.012360
0.012402
0.012441
0.012379
0.012393
0.012397
0.012425
0.012420
0.012414
0.012349
0.012396
0.012386
0.014183
0.013694
0.013820
0.012977
0.012996
0.012937
0.012923
0.013655
0.013897
0.012973
0.013058
0.012903
0.013036
0.013408
0.012999
0.012863
0.012951
0.013016
0.013034
0.013057
0.013012
0.012963
0.013093
0.013187
0.012998
0.013022
0.012942
0.012982
0.012996
0.013064
0.012945
0.012975
0.013064
0.013036
0.012953
0.013040
0.012998
0.013013
0.013067
0.012769
0.012388
0.012359
0.012539
0.012366
0.012340
0.012421
0.012420
0.012384
0.012476
0.012363
0.012345
0.012380
0.012516
0.012374
0.012367
0.012349
0.012444
0.012413
0.012417
0.012380
0.012591
0.012534
0.012402
0.012409
0.012404
0.012432
0.012456
0.012408
0.012421
0.012391
0.012437
0.012373
0.012430
0.012360
0.012373
0.012410
0.012424
0.012349
0.012415
0.012388
0.012398
0.012445
0.012422
0.012470
0.012425
0.012362
0.012396
0.012425
0.012366
0.012407
0.012421
0.012429
0.012418
0.012406
0.012405
0.012355
0.012356
0.012404
0.012562
0.012569
0.012356
0.012522
0.012379
0.012437
0.012461
0.012646
0.012553
0.012585
0.012493
0.012576
0.012867
0.012529
0.012468
0.012546
0.012470
0.012472
0.012498
0.012562
0.012527
0.012452
0.012499
0.012607
0.012553
0.012449
0.012499
0.012568
0.012468
0.012476
0.012470
0.012518
0.012480
0.012466
0.012475
0.012576
0.012494
0.012465
0.012555
0.012581
0.012538
0.012449
0.012614
0.012685
0.012472
0.012459
0.012741
0.012541
0.012505
0.012496
0.012539
0.012595
0.012442
0.012458
0.012528
0.012541
0.012510
0.012470
0.012502
0.012572
0.012461
0.012442
0.012591
0.012622
0.012442
0.012489
0.012517
0.012598
0.012481
0.012592
0.012486
0.012568
0.012510
0.012560
0.012829
0.012713
0.012602
0.012481
0.012640
0.012539
0.012494
0.012536
0.012601
0.012568
0.012489
0.012431
0.012547
0.012553
0.012507
0.012435
0.012599
0.012517
0.012483
0.012795
0.012479
0.012507
0.012475
0.012497
0.012627
0.012500
0.012541
0.012585
0.012622
0.012439
0.012467
0.012491
0.012662
0.012450
0.012450
0.012494
0.012628
0.012484
0.012462
0.012505
0.012664
0.012572
0.012531
0.012600
0.012574
0.012454
0.012570
0.012467
0.012640
0.012478
0.012477
0.012559
0.012588
0.012469
0.012541
0.012452
0.012591
0.012437
0.012663
0.012615
0.012470
0.012477
0.012533
0.012475
0.012612
0.012509
0.012548
0.012514
0.012548
0.012503
0.012500
0.012485
0.012642
0.012508
0.012466
0.012531
0.012540
0.012415
0.012450
0.012548
0.012565
0.012436
0.012457
0.012526
0.012553
0.012486
0.012710
0.012663
0.012705
0.012495
0.012453
0.012552
0.012534
0.012490
0.012468
0.012516
0.012548
0.012453
0.012430
0.012889
0.012539
0.012507
0.012467
0.012554
0.012584
0.012563
0.012474
0.012582
0.012484
0.012465
0.012445
0.012559
0.012507
0.012460
0.012449
0.012555
0.012501
0.012457
0.012445
0.012534
0.012642
0.012463
0.012481
0.012558
0.012492
0.012579
0.012474
0.012593
0.012549
0.012483
0.012455
0.012541
0.012453
0.012501
0.012489
0.012586
0.012552
0.012470
0.012447
0.012547
0.012438
0.012480
0.012521
0.012675
0.012841
0.012488
0.012506
0.012566
0.012506
0.012471
0.012476
0.012528
0.012562
0.012492
0.012460
0.012559
0.012436
0.012479
0.012552
0.012543
0.012599
0.012432
0.012514
0.012543
0.012610
0.012497
0.012533
0.012526
0.012487
0.012464
0.012481
0.012584
0.012483
0.012479
0.012539
0.012535
0.012507
0.012477
0.012460
0.012538
0.012830
0.012475
0.012508
0.012556
0.012704
0.012505
0.012658
0.012500
0.012443
0.012461
0.012545
0.012507
0.012572
0.012465
0.012526
0.012496
0.012463
0.012486
0.012489
0.012513
0.012608
0.012503
0.012560
0.012583
0.012447
0.012524
0.012587
0.012484
0.012520
0.012479
0.012560
0.012439
0.012462
0.012486
0.012565
0.012491
0.012532
0.012499
0.012568
0.012478
0.012538
0.012489
0.012529
0.012582
0.012562
0.012869
0.014076
0.013902
0.013168
0.013071
0.013063
0.013396
0.012777
0.012764
0.012489
0.012606
0.012500
0.012605
0.012540
0.012988
0.012687
0.012391
0.012534
0.012493
0.012405
0.012554
0.012411
0.012384
0.012372
0.012462
0.012409
0.012355
0.012398
0.012394
0.012396
0.012379
0.012378
0.012378
0.012390
0.012426
0.012694
0.012432
0.012350
0.012401
0.012387
0.012457
0.012386
0.012423
0.012397
0.012362
0.012388
0.012362
0.012433
0.012349
0.012375
0.012383
0.012387
0.012403
0.012453
0.012361
0.012367
0.012483
0.012360
0.012386
0.012383
0.012372
0.012382
0.012378
0.012422
0.012371
0.012388
0.012438
0.012442
0.012582
0.012455
0.012370
0.012434
0.012373
0.012421
0.012406
0.012429
0.012428
0.012409
0.012389
0.012406
0.012368
0.012380
0.012414
0.012397
0.012384
0.012410
0.012369
0.012441
0.012401
0.012373
0.012421
0.012382
0.012419
0.012401
0.012428
0.012343
0.012567
0.012452
0.012498
0.012380
0.012453
0.012346
0.012397
0.012387
0.012387
0.012376
0.012418
0.012522
0.012518
0.012434
0.012391
0.012384
0.012413
0.012380
0.012380
0.012395
0.012788
0.012362
0.012374
0.012394
0.012391
0.012447
0.012371
0.012416
0.012361
0.012436
0.012343
0.012408
0.012393
0.012451
0.012379
0.012364
0.012411
0.012453
0.012351
0.012549
0.012548
0.012390
0.012391
0.012355
0.012381
0.012389
0.012361
0.012396
0.012402
0.012409
0.012340
0.012396
0.012437
0.012339
0.012392
0.012403
0.012375
0.012394
0.012371
0.012476
0.012339
0.012397
0.012411
0.012455
0.012370
0.012391
0.012414
0.012363
0.012356
0.012391
0.012400
0.012431
0.012324
0.012383
0.012429
0.012325
0.012401
0.012356
0.012380
0.012470
0.012388
0.012400
0.012422
0.012398
0.012410
0.012385
0.012377
0.012405
0.012396
0.012402
0.012405
0.012445
0.012369
0.012414
0.012415
0.012349
0.012374
0.012397
0.012372
0.012490
0.012395
0.012699
0.012378
0.012414
0.012428
0.012422
0.012397
0.012405
0.012374
0.012358
0.012402
0.012383
0.012366
0.012412
0.012366
0.012398
0.012392
0.012372
0.012421
0.012414
0.012426
0.012351
0.012411
0.012371
0.012380
0.012380
0.012407
0.012399
0.012366
0.012374
0.012427
0.012358
0.012404
0.012418
0.012405
0.012407
0.012386
0.012348
0.012512
0.012342
0.012394
0.012394
0.012416
0.012381
0.012377
0.012399
0.012385
0.012377
0.012397
0.012339
0.012385
0.012418
0.012398
0.012415
0.012401
0.012378
0.012420
0.012378
0.012476
0.012326
0.012374
0.012374
0.012377
0.012425
0.012540
0.012432
0.012377
0.012409
0.012373
0.012417
0.012386
0.012387
0.012427
0.012399
0.012386
0.012392
0.012359
0.012416
0.012442
0.012361
0.012417
0.012372
0.012367
0.012729
0.012417
0.012434
0.012474
0.012410
0.012391
0.012431
0.012388
0.012428
0.012404
0.012378
0.012436
0.012338
0.012406
0.012381
0.012444
0.012401
0.012431
0.012405
0.012400
0.012402
0.012379
0.012429
0.012370
0.012418
0.012423
0.012415
0.012393
0.012396
0.012401
0.012369
0.012399
0.012394
0.012418
0.012452
0.012395
0.012423
0.012406
0.012414
0.012361
0.012380
0.012418
0.012360
0.012366
0.012424
0.012384
0.012371
0.012425
0.012374
0.012405
0.012342
0.012477
0.012376
0.012396
0.012450
0.012424
0.012411
0.012419
0.012435
0.012345
0.012355
0.012412
0.012432
0.012364
0.012385
0.012408
0.012373
0.012420
0.012380
0.012377
0.012349
0.012370
0.012369
0.012384
0.012482
0.012442
0.012420
0.012382
0.012373
0.012413
0.012380
0.012752
0.012358
0.012381
0.012366
0.012441
0.012366
0.012393
0.012388
0.012341
0.012409
0.012413
0.012431
0.012385
0.012452
0.012385
0.012419
0.012364
0.012406
0.012399
0.012399
0.012389
0.012349
0.012422
0.012427
0.012406
0.012403
0.012375
0.012441
0.012406
0.012360
0.012367
0.012374
0.012392
0.012456
0.012390
0.012429
0.012353
0.012410
0.012406
0.012435
0.012390
0.012396
0.012367
0.013845
0.013779
0.013555
0.013081
0.013047
0.012859
0.013642
0.013227
0.012803
0.012688
0.012508
0.012536
0.012492
0.013105
0.012882
0.012928
0.012890
0.012793
0.012492
0.012424
0.012457
0.012573
0.012494
0.012454
0.012481
0.012434
0.012425
0.012488
0.012488
0.012539
0.012495
0.012449
0.012500
0.012505
0.012508
0.012585
0.012561
0.012982
0.012541
0.012735
0.012551
0.012594
0.012581
0.012574
0.012574
0.012760
0.012620
0.012666
0.012699
0.012624
0.012454
0.012452
0.012475
0.012425
0.012530
0.012451
0.012449
0.012495
0.012472
0.012540
0.012488
0.012424
0.012385
0.012394
0.012431
0.012387
0.012422
0.012454
0.012393
0.012426
0.012387
0.012359
0.012374
0.012376
0.012385
0.012409
0.012390
0.012411
0.012392
0.012376
0.012462
0.012374
0.012356
0.012373
0.012381
0.012354
0.012358
0.012507
0.012339
0.012359
0.012386
0.012369
0.012372
0.012432
0.012383
0.012366
0.012367
0.012364
0.012409
0.012646
0.012549
0.012404
0.012391
0.012396
0.012362
0.012444
0.012726
0.012549
0.012473
0.012562
0.012602
0.012471
0.012460
0.012461
0.012614
0.012452
0.012521
0.012562
0.012875
0.012501
0.012501
0.012436
0.012599
0.012458
0.012476
0.012531
0.012527
0.012441
0.012460
0.012459
0.012592
0.012448
0.012485
0.012637
0.012522
0.012496
0.012501
0.012570
0.012598
0.012422
0.012466
0.012590
0.012522
0.012496
0.012500
0.012532
0.012602
0.012507
0.012515
0.012546
0.012493
0.012507
0.012468
0.012487
0.012555
0.012511
0.012454
0.012643
0.012555
0.012455
0.012483
0.012551
0.012528
0.012439
0.012665
0.012636
0.012577
0.012460
0.012585
0.012609
0.012498
0.012452
0.012522
0.012647
0.012486
0.012467
0.012465
0.012581
0.012545
0.012462
0.012471
0.012639
0.012491
0.012475
0.012520
0.012631
0.012433
0.012477
0.012489
0.012598
0.012488
0.012454
0.012468
0.012571
0.012478
0.012497
0.012458
0.012606
0.012758
0.012595
0.012494
0.012566
0.012471
0.012469
0.012463
0.012712
0.012465
0.012481
0.012506
0.012555
0.012479
0.012454
0.012505
0.012605
0.012477
0.012509
0.012476
0.012557
0.012496
0.012493
0.012439
0.012644
0.012509
0.012450
0.012626
0.012510
0.012463
0.012485
0.012484
0.012652
0.012512
0.012486
0.012539
0.012779
0.012504
0.012508
0.012519
0.012522
0.012497
0.012458
0.012508
0.012554
0.012483
0.012497
0.012576
0.012591
0.012478
0.012503
0.012594
0.012461
0.012467
0.012526
0.012507
0.012568
0.012496
0.012459
0.012563
0.012459
0.012457
0.012497
0.012544
0.012566
0.012540
0.012434
0.012656
0.012485
0.012496
0.012489
0.012524
0.012538
0.012506
0.012481
0.012611
0.012456
0.012492
0.012478
0.012544
0.012512
0.012493
0.012862
0.012556
0.012488
0.012454
0.012516
0.012534
0.012568
0.012461
0.012519
0.012575
0.012501
0.012458
0.012466
0.012563
0.012534
0.012440
0.012488
0.012637
0.012477
0.012475
0.012483
0.012545
0.012530
0.012445
0.012495
0.012585
0.012554
0.012481
0.012564
0.012531
0.012458
0.012473
0.012467
0.012603
0.012481
0.012485
0.012510
0.012504
0.012548
0.012483
0.012508
0.012570
0.012461
0.012552
0.012468
0.012597
0.012520
0.012406
0.012522
0.012536
0.012504
0.012495
0.012534
0.012558
0.012644
0.012675
0.012655
0.012593
0.012492
0.012480
0.012519
0.012490
0.012571
0.012448
0.012525
0.012531
0.012472
0.012489
0.012528
0.012516
0.012547
0.012485
0.012547
0.012480
0.012479
0.012461
0.012533
0.012525
0.012511
0.012530
0.012962
0.012532
0.012509
0.012490
0.012559
0.012461
0.012564
0.012505
0.012549
0.012492
0.012453
0.012496
0.012552
0.012455
0.012547
0.012511
0.012627
0.012412
0.012503
0.012496
0.012542
0.012508
0.012606
0.012522
0.012538
0.012490
0.012473
0.012487
0.012525
0.012488
0.012502
0.012445
0.012612
0.012481
0.012496
0.012468
0.012529
0.012455
0.012563
0.013620
0.014447
0.013826
0.013239
0.013298
0.013231
0.013358
0.013543
0.012927
0.013161
0.012979
0.012967
0.012974
0.013085
0.013400
0.013283
0.013029
0.013140
0.013116
0.013450
0.013170
0.013050
0.013024
0.012979
0.013074
0.013022
0.013022
0.013047
0.013025
0.013055
0.013045
0.012966
0.013058
0.013015
0.012988
0.012877
0.012932
0.012938
0.013041
0.012987
0.013292
0.013022
0.013033
0.012871
0.013008
0.012945
0.012853
0.012954
0.013024
0.012989
0.013014
0.012936
0.013053
0.013031
0.013010
0.013009
0.013082
0.013046
0.012713
0.012510
0.012555
0.012425
0.012565
0.012582
0.012468
0.012458
0.012584
0.012497
0.012545
0.012454
0.012504
0.012499
0.012472
0.012478
0.012510
0.012506
0.012546
0.012512
0.012678
0.012489
0.012489
0.012486
0.012523
0.012549
0.012528
0.012459
0.012588
0.012521
0.012472
0.012484
0.012593
0.012499
0.012610
0.012498
0.012577
0.012584
0.012482
0.012480
0.012595
0.012498
0.012582
0.012484
0.012565
0.012480
0.012545
0.012710
0.012575
0.012516
0.012559
0.012504
0.012598
0.012523
0.012504
0.012569
0.012526
0.012471
0.012595
0.012616
0.012514
0.012829
0.012418
0.012585
0.012514
0.012512
0.012560
0.012539
0.012511
0.012498
0.012480
0.012528
0.012497
0.012479
0.012556
0.012493
0.012503
0.012480
0.012474
0.012593
0.012535
0.012511
0.012542
0.012585
0.012458
0.012463
0.012520
0.012533
0.012540
0.012475
0.012518
0.012555
0.012473
0.012499
0.012460
0.012561
0.012489
0.012477
0.012543
0.012554
0.012479
0.012472
0.012612
0.012516
0.012493
0.012508
0.012506
0.012573
0.012447
0.012652
0.012519
0.012643
0.012505
0.012447
0.012505
0.012567
0.012502
0.012492
0.012542
0.012559
0.012481
0.012465
0.012601
0.012563
0.012435
0.012481
0.012490
0.012549
0.012467
0.012496
0.012529
0.012557
0.012484
0.012451
0.012493
0.012535
0.012438
0.012471
0.012555
0.012579
0.012457
0.012505
0.012851
0.012564
0.012451
0.012496
0.012603
0.012478
0.012513
0.012457
0.012436
0.012542
0.012483
0.012513
0.012597
0.012577
0.012488
0.012484
0.012494
0.012556
0.012445
0.012487
0.012529
0.012527
0.012445
0.012484
0.012478
0.012555
0.012433
0.012464
0.012550
0.012537
0.012491
0.012477
0.012572
0.012515
0.012495
0.012506
0.012569
0.012521
0.012545
0.012484
0.012517
0.012508
0.012491
0.012500
0.012533
0.012528
0.012487
0.012480
0.012562
0.012539
0.012429
0.012510
0.012624
0.012711
0.012531
0.013069
0.012661
0.012491
0.012513
0.012549
0.012547
0.012473
0.012505
0.012463
0.012537
0.012481
0.012489
0.012504
0.012645
0.012472
0.012445
0.012499
0.012567
0.012463
0.012476
0.012561
0.012607
0.012540
0.012494
0.012483
0.012896
0.012479
0.012507
0.012537
0.012542
0.012485
0.012454
0.012517
0.012511
0.012672
0.012587
0.012562
0.012560
0.012478
0.012556
0.012575
0.012468
0.012528
0.012503
0.012557
0.012555
0.012497
0.012502
0.012535
0.012501
0.012489
0.012497
0.012594
0.012477
0.012464
0.012486
0.012538
0.012542
0.012459
0.012505
0.012537
0.012472
0.012492
0.012465
0.012549
0.012482
0.012512
0.012449
0.012616
0.012477
0.012480
0.012468
0.012551
0.012551
0.012520
0.012481
0.012601
0.012514
0.012545
0.012474
0.012550
0.012431
0.012489
0.012467
0.012651
0.012423
0.012472
0.012475
0.012520
0.012472
0.012478
0.012510
0.012553
0.012486
0.012464
0.012461
0.012582
0.012455
0.012457
0.012482
0.012585
0.012480
0.012483
0.012439
0.012542
0.012482
0.012809
0.012473
0.012578
0.012501
0.012450
0.012492
0.012568
0.012483
0.012456
0.012458
0.012658
0.012563
0.012532
0.012471
0.012564
0.012469
0.012491
0.012467
0.012638
0.012496
0.012458
0.012481
0.012560
0.012448
0.012515
0.012459
0.012626
0.012510
0.012494
0.012492
0.012553
0.012437
0.012502
0.012494
0.012645
0.012464
0.014160
0.013583
0.013661
0.013264
0.013279
0.013439
0.013552
0.013358
0.013155
0.012770
0.012809
0.012850
0.012597
0.013341
0.013137
0.012964
0.012714
0.012878
0.012689
0.012630
0.012488
0.012675
0.012504
0.012464
0.012495
0.012494
0.012476
0.012503
0.012461
0.012639
0.012517
0.012467
0.012515
0.012677
0.012432
0.012466
0.012477
0.012541
0.012488
0.012774
0.012515
0.012546
0.012501
0.012767
0.012504
0.012526
0.012480
0.012461
0.012589
0.012455
0.012464
0.012465
0.012532
0.012619
0.012635
0.012761
0.012555
0.012640
0.012500
0.012464
0.012670
0.012558
0.012477
0.012459
0.012611
0.012517
0.012565
0.012595
0.012590
0.012513
0.012490
0.012514
0.012692
0.012442
0.012390
0.012412
0.012365
0.012363
0.012362
0.012403
0.012421
0.012365
0.012391
0.012364
0.012383
0.012414
0.012396
0.012367
0.012383
0.012341
0.012360
0.012402
0.012474
0.012421
0.012332
0.012359
0.012405
0.012408
0.012371
0.012424
0.012435
0.012405
0.012322
0.012396
0.012401
0.012410
0.012803
0.012566
0.012505
0.012354
0.012393
0.012385
0.012484
0.012379
0.012361
0.012393
0.012368
0.012428
0.012354
0.012373
0.012433
0.012395
0.012601
0.012439
0.012676
0.012360
0.012371
0.012392
0.012399
0.012395
0.012422
0.012441
0.012362
0.012393
0.012405
0.012412
0.012396
0.012390
0.012391
0.012462
0.012351
0.012419
0.012417
0.012400
0.012338
0.012405
0.012390
0.012449
0.012426
0.012383
0.012370
0.012497
0.012377
0.012428
0.012366
0.012367
0.012403
0.012363
0.012380
0.012404
0.012397
0.012396
0.012415
0.012461
0.012358
0.012366
0.012413
0.012385
0.012407
0.012386
0.012433
0.012555
0.012374
0.012579
0.012556
0.012704
0.012497
0.012565
0.012505
0.012546
0.012455
0.012496
0.012532
0.012613
0.012655
0.012494
0.012478
0.012562
0.012480
0.012550
0.012639
0.012610
0.012465
0.012441
0.012527
0.012560
0.012442
0.012487
0.012547
0.012646
0.012437
0.012460
0.012489
0.012573
0.012460
0.012802
0.012669
0.012823
0.012540
0.012484
0.012687
0.012493
0.012535
0.012526
0.012581
0.012505
0.012431
0.012568
0.012548
0.012489
0.012510
0.012559
0.012594
0.012434
0.012490
0.012598
0.012432
0.012424
0.012374
0.012421
0.012539
0.012401
0.012378
0.012337
0.012426
0.012361
0.012393
0.012522
0.012379
0.012361
0.012449
0.012362
0.012414
0.012405
0.012372
0.012386
0.012393
0.012390
0.012354
0.012405
0.012422
0.012386
0.012434
0.012454
0.012410
0.012412
0.012398
0.012395
0.012413
0.012380
0.012475
0.012479
0.012687
0.012412
0.012385
0.012386
0.012432
0.012391
0.012391
0.012547
0.012360
0.012410
0.013075
0.012490
0.012557
0.012393
0.012391
0.012350
0.012396
0.012414
0.012376
0.012395
0.012420
0.012397
0.012392
0.012370
0.012757
0.012391
0.012362
0.012480
0.012393
0.012408
0.012408
0.012382
0.012372
0.012401
0.012378
0.012409
0.012450
0.012569
0.012490
0.012386
0.012376
0.012422
0.012343
0.012374
0.012380
0.012418
0.012469
0.012447
0.012374
0.012386
0.012386
0.012397
0.012420
0.012370
0.012400
0.012391
0.012361
0.012365
0.012360
0.012437
0.012354
0.012370
0.012387
0.012373
0.012412
0.012395
0.012412
0.012469
0.012372
0.012362
0.012367
0.012373
0.012393
0.012554
0.012476
0.012468
0.012413
0.012397
0.012410
0.012426
0.012400
0.012395
0.012391
0.012352
0.012352
0.012368
0.012445
0.012409
0.012381
0.012396
0.012400
0.012392
0.012397
0.012379
0.012442
0.012331
0.012415
0.012365
0.012458
0.012436
0.012373
