0.077802
0.051525
0.053532
0.054248
0.054652
0.054302
0.054365
0.054072
0.054118
0.053864
0.053243
0.051571
0.051430
0.051633
0.051484
0.051435
0.051486
0.051437
0.051986
0.051743
0.051620
0.051906
0.051712
0.051700
0.051466
0.052113
0.051702
0.052013
0.051811
0.051652
0.051370
0.052766
0.051693
0.051747
0.052085
0.051991
0.052043
0.051980
0.052243
0.051846
0.051792
0.052130
0.051838
0.051867
0.051549
0.051576
0.052009
0.051418
0.051493
0.051394
0.051535
0.052853
0.051498
0.051395
0.051418
0.051544
0.051717
0.051499
0.051463
0.051545
0.051531
0.051507
0.051320
0.051445
0.051558
0.051703
0.051419
0.051429
0.051413
0.051654
0.052734
0.051491
0.051444
0.051620
0.051489
0.051782
0.051525
0.051384
0.051412
0.051522
0.051512
0.051444
0.051539
0.051298
0.051665
0.051458
0.051655
0.051374
0.051619
0.051677
0.052681
0.051548
0.051334
0.051513
0.051688
0.051661
0.051421
0.051543
0.052023
0.055787
0.054836
0.052294
0.052741
0.051751
0.051420
0.051591
0.051384
0.051372
0.051626
0.052679
0.051461
0.051452
0.051457
0.051788
0.051375
0.051556
0.051377
0.051713
0.051495
0.051567
0.051433
0.051408
0.051587
0.051574
0.051771
0.051429
0.051488
0.051667
0.051420
0.052576
0.051495
0.051385
0.051814
0.051549
0.051433
0.051585
0.051619
0.051402
0.051405
0.051491
0.051516
0.051589
0.051444
0.051323
0.051381
0.051613
0.051449
0.051412
0.052877
0.051519
0.051366
0.051732
0.051638
0.051437
0.051493
0.051530
0.051372
0.051434
0.051358
0.051346
0.051701
0.051399
0.051500
0.051439
0.051530
0.051530
0.051527
0.051542
0.052542
0.051455
0.051698
0.051626
0.051417
0.051516
0.051606
0.051752
0.051417
0.051445
0.051554
0.051824
0.051747
0.051412
0.051447
0.051339
0.051538
0.051510
0.051569
0.052606
0.051375
0.051470
0.051499
0.051410
0.051549
0.051576
0.051456
0.053470
0.055221
0.054335
0.054425
0.054249
0.053805
0.053964
0.053921
0.053902
0.053606
0.053726
0.055084
0.053971
0.053931
0.053752
0.053925
0.052082
0.051770
0.051502
0.051390
0.051628
0.051506
0.051458
0.051545
0.051410
0.052024
0.051641
0.051470
0.051452
0.051629
0.051499
0.052782
0.051412
0.051573
0.051487
0.051495
0.051697
0.051385
0.051584
0.051387
0.051579
0.051564
0.051423
0.051365
0.051431
0.051571
0.051533
0.051563
0.051513
0.051417
0.052822
0.051463
0.051669
0.051472
0.051508
0.051611
0.051280
0.051458
0.051352
0.051588
0.051772
0.051761
0.051827
0.051449
0.051554
0.051630
0.051488
0.051720
0.051485
0.051537
0.052558
0.051423
0.051573
0.051387
0.051529
0.051511
0.051407
0.051419
0.051573
0.051685
0.051512
0.051494
0.051490
0.051473
0.051487
0.051416
0.051402
0.051614
0.051694
0.052720
0.051509
0.051588
0.051441
0.051552
0.051597
0.051509
0.053109
0.055015
0.054333
0.052512
0.053713
0.053116
0.052920
0.052382
0.052056
0.052334
0.052544
0.052640
0.052150
0.053814
0.052553
0.052672
0.052272
0.052034
0.051861
0.051956
0.052032
0.052075
0.051929
0.052094
0.051958
0.052120
0.052059
0.051923
0.051886
0.051920
0.052023
0.051963
0.053229
0.051958
0.051857
0.051883
0.051986
0.052000
0.051902
0.051906
0.051910
0.051929
0.052299
0.052019
0.052125
0.051796
0.051903
0.051831
0.052315
0.051843
0.051861
0.053080
0.052031
0.052258
0.052242
0.051922
0.052165
0.052062
0.051974
0.051970
0.051864
0.051836
0.051961
0.052030
0.051930
0.051865
0.051905
0.052293
0.051794
0.051794
0.051880
0.053000
0.052196
0.052142
0.051895
0.051901
0.051885
0.052092
0.051961
0.051852
0.051966
0.051927
0.051962
0.051955
0.051889
0.051860
0.051921
0.052158
0.051949
0.051790
0.053225
0.052023
0.051863
0.051869
0.051876
0.051871
0.055157
0.054805
0.054785
0.054290
0.054148
0.053914
0.053722
0.054076
0.053845
0.054006
0.053660
0.053578
0.053889
0.054968
0.053914
0.053815
0.052783
0.051883
0.052035
0.051947
0.051914
0.051879
0.052360
0.052067
0.051972
0.051943
0.051577
0.051352
0.051670
0.051500
0.051380
0.051536
0.052866
0.051452
0.051471
0.051317
0.051478
0.051493
0.051519
0.051608
0.051594
0.051881
0.051410
0.051548
0.051520
0.051389
0.051526
0.051545
0.051582
0.051439
0.051421
0.051736
0.052781
0.051441
0.051481
0.051579
0.051676
0.051440
0.051464
0.051458
0.051515
0.051534
0.051589
0.051507
0.051473
0.051472
0.051503
0.051743
0.051408
0.051465
0.051767
0.052828
0.051568
0.051381
0.051319
0.051654
0.051484
0.051435
0.051495
0.051668
0.051504
0.051487
0.051542
0.051437
0.051535
0.051419
0.051607
0.051490
0.051403
0.051506
0.051647
0.052630
0.051618
0.051400
0.051723
0.051459
0.054719
0.056487
0.055405
0.052300
0.052761
0.051835
0.051894
0.052004
0.051841
0.051805
0.052133
0.051870
0.052002
0.052056
0.053220
0.052166
0.052119
0.051924
0.051877
0.051931
0.052033
0.052021
0.051863
0.051897
0.051909
0.051989
0.051916
0.051485
0.051497
0.051516
0.051500
0.051618
0.051371
0.052665
0.051683
0.051591
0.051438
0.051388
0.051350
0.051329
0.051583
0.051409
0.051971
0.052050
0.051877
0.051915
0.051940
0.051787
0.051923
0.051923
0.052418
0.051917
0.051934
0.053231
0.051818
0.051412
0.051532
0.051449
0.051817
0.051838
0.051554
0.051588
0.051450
0.051659
0.051718
0.051627
0.051627
0.051595
0.051459
0.051623
0.051523
0.051562
0.052939
0.051647
0.051514
0.051562
0.051536
0.051530
0.051592
0.051519
0.051543
0.051807
0.051577
0.051668
0.051676
0.051525
0.051614
0.051659
0.051701
0.051548
0.051651
0.051509
0.052862
0.051543
0.051581
0.051523
0.052522
0.056990
0.054439
0.051400
0.052930
0.051530
0.051944
0.052156
0.051694
0.051489
0.051810
0.051537
0.051462
0.051470
0.051548
0.052777
0.051390
0.051616
0.051382
0.051563
0.051465
0.051414
0.051462
0.051617
0.051560
0.051624
0.051526
0.051380
0.051747
0.051833
0.051461
0.051509
0.051449
0.051571
0.051688
0.052723
0.051726
0.051563
0.051480
0.051613
0.051581
0.051509
0.051557
0.051432
0.051605
0.051447
0.051543
0.051563
0.051497
0.051578
0.051564
0.051596
0.051420
0.051516
0.052789
0.051483
0.051534
0.051530
0.051566
0.051599
0.051611
0.051578
0.051607
0.051779
0.051521
0.051525
0.051459
0.051547
0.051489
0.051453
0.051616
0.051512
0.051617
0.051631
0.052717
0.051489
0.051576
0.051535
0.051479
0.051529
0.051449
0.051551
0.051581
0.051552
0.051635
0.051447
0.051670
0.051527
0.051545
0.051609
0.051521
0.051569
0.051672
0.052790
0.051717
0.051566
0.051588
0.054699
0.054106
0.052079
0.052145
0.052932
0.051936
0.051875
0.052347
0.052182
0.051984
0.052315
0.052410
0.052077
0.052205
0.052138
0.053513
0.051498
0.051493
0.051610
0.051408
0.051558
0.051531
0.051729
0.051537
0.051662
0.051459
0.052205
0.051937
0.051852
0.051904
0.051890
0.051908
0.052096
0.051916
0.052080
0.053146
0.051992
0.051938
0.051827
0.051815
0.052003
0.051953
0.052200
0.051908
0.052023
0.051838
0.051943
0.051971
0.052208
0.051873
0.051845
0.051906
0.051881
0.051907
0.053156
0.052026
0.052104
0.051925
0.052001
0.051752
0.051969
0.051816
0.052034
0.052143
0.051839
0.052138
0.051876
0.052101
0.051803
0.051888
0.052064
0.051908
0.051954
0.051921
0.053233
0.051916
0.052121
0.052063
0.051887
0.052041
0.051789
0.051939
0.051863
0.051451
0.051702
0.051453
0.051490
0.051597
0.051442
0.051604
0.051427
0.051460
0.051532
0.052908
0.051502
0.051410
0.054159
0.055620
0.054706
0.054106
0.054038
0.053690
0.053779
0.053831
0.053931
0.053752
0.052253
0.052319
0.052087
0.052252
0.051808
0.051775
0.052801
0.051742
0.051586
0.051501
0.051552
0.051805
0.051698
0.051891
0.051581
0.051667
0.051879
0.051453
0.051702
0.051662
0.051768
0.051394
0.051683
0.051414
0.051698
0.051659
0.052967
0.051423
0.051503
0.051544
0.051626
0.051379
0.051836
0.051900
0.052024
0.051888
0.052210
0.051844
0.052066
0.052058
0.051936
0.051999
0.051957
0.052025
0.052048
0.053263
0.051867
0.051994
0.051938
0.052150
0.051894
0.052125
0.052080
0.052094
0.051817
0.052181
0.051949
0.052131
0.051867
0.052206
0.051895
0.051842
0.052016
0.052076
0.053065
0.051787
0.051953
0.051866
0.051980
0.051800
0.051924
0.051838
0.052200
0.051916
0.052005
0.051930
0.052210
0.051980
0.051952
0.051813
0.052199
0.051839
0.052054
0.051902
0.053208
0.051815
0.055685
0.054752
0.054696
0.054778
0.054173
0.054145
0.053547
0.054088
0.053944
0.054097
0.053900
0.054099
0.053866
0.054166
0.054079
0.053985
0.055252
0.053607
0.051637
0.051502
0.051577
0.051503
0.051687
0.051729
0.051721
0.052166
0.051597
0.051645
0.051749
0.051409
0.051583
0.051618
0.051606
0.051593
0.051697
0.051697
0.052607
0.051735
0.051596
0.051688
0.051520
0.051815
0.051369
0.051589
0.051488
0.051667
0.051535
0.051728
0.051570
0.051725
0.051396
0.051608
0.051731
0.051527
0.051656
0.052866
0.051978
0.051555
0.051379
0.051630
0.051562
0.051456
0.051498
0.051665
0.051631
0.051511
0.051541
0.051640
0.051665
0.051394
0.051621
0.051593
0.051601
0.051631
0.051410
0.052754
0.051644
0.051442
0.051607
0.051539
0.051666
0.051681
0.051764
0.051456
0.051503
0.051473
0.051618
0.051544
0.051570
0.051540
0.051599
0.051434
0.051591
0.051585
0.052804
0.051487
0.054984
0.056125
0.052670
0.052683
0.052963
0.052745
0.051884
0.052383
0.051955
0.052282
0.051873
0.051874
0.051941
0.051975
0.052022
0.052333
0.052114
0.053616
0.052094
0.051889
0.052189
0.051818
0.052047
0.052016
0.052071
0.052512
0.052814
0.051574
0.051752
0.051836
0.051776
0.051747
0.051622
0.051512
0.051678
0.051539
0.051829
0.052903
0.051651
0.051686
0.051799
0.051837
0.051587
0.051699
0.051739
0.051609
0.051571
0.051673
0.051658
0.051711
0.051671
0.051688
0.051509
0.051729
0.051661
0.051888
0.052857
0.051735
0.051617
0.051718
0.051807
0.051795
0.051772
0.051677
0.051597
0.051629
0.051628
0.051710
0.051606
0.051734
0.051968
0.051674
0.051778
0.051475
0.051852
0.051460
0.052994
0.051491
0.051907
0.051535
0.051719
0.051540
0.051728
0.051667
0.051716
0.051627
0.051698
0.051572
0.051746
0.051790
0.051706
0.051530
0.051823
0.051634
0.051800
0.052803
0.054402
0.054936
0.055020
0.054966
0.054305
0.054271
0.054201
0.054099
0.053931
0.054012
0.053894
0.053856
0.053923
0.054149
0.054200
0.053959
0.053474
0.051518
0.052783
0.051431
0.051530
0.051602
0.051461
0.051479
0.051786
0.052224
0.051497
0.051498
0.051615
0.051527
0.051554
0.051586
0.051550
0.051402
0.051912
0.051603
0.051433
0.052817
0.051489
0.051586
0.051530
0.051614
0.051927
0.051616
0.051574
0.051717
0.051628
0.051609
0.051726
0.051663
0.051799
0.051769
0.051636
0.051789
0.051739
0.051689
0.051546
0.053041
0.051650
0.051551
0.051530
0.051582
0.051766
0.051617
0.051576
0.051629
0.051665
0.051770
0.051623
0.051619
0.051599
0.051747
0.051980
0.051679
0.051541
0.051617
0.052908
0.051673
0.051613
0.051630
0.051672
0.051625
0.051573
0.051613
0.051573
0.051522
0.051889
0.051602
0.051559
0.051637
0.051577
0.051735
0.051500
0.051662
0.051565
0.051730
0.056174
0.055745
0.054515
0.054942
0.054333
0.054260
0.053914
0.054318
0.053909
0.054281
0.054211
0.054175
0.054096
0.053962
0.054057
0.054135
0.054432
0.054017
0.055326
0.053580
0.052615
0.051954
0.052775
0.051903
0.051890
0.052530
0.052103
0.052347
0.052041
0.052155
0.052024
0.052051
0.052059
0.051890
0.051801
0.052244
0.052025
0.052049
0.053127
0.051912
0.051895
0.052287
0.051877
0.052119
0.051875
0.052065
0.052149
0.051886
0.051894
0.051889
0.052179
0.052035
0.051979
0.051866
0.051940
0.052023
0.052099
0.053078
0.052094
0.051850
0.052301
0.051967
0.051963
0.051938
0.051934
0.052073
0.052245
0.051909
0.051883
0.051841
0.052023
0.051931
0.051893
0.051896
0.052047
0.052472
0.053747
0.053301
0.052744
0.053363
0.054183
0.053584
0.052700
0.052808
0.052737
0.053494
0.055010
0.053769
0.053640
0.052493
0.052548
0.052886
0.052409
0.052457
0.052841
0.058155
0.055632
0.055344
0.056346
0.055807
0.055378
0.054659
0.053158
0.052721
0.052716
0.052020
0.052401
0.055500
0.053636
0.052948
0.052033
0.052328
0.051892
0.052148
0.053109
0.052898
0.055269
0.053702
0.053280
0.052421
0.052919
0.052501
0.052376
0.051808
0.052048
0.052728
0.052343
0.051904
0.052297
0.055172
0.053453
0.053392
0.051561
0.053655
0.052637
0.052547
0.052876
0.052977
0.052817
0.052730
0.052274
0.051626
0.051701
0.051760
0.051662
0.051575
0.051635
0.051684
0.051743
0.051593
0.051625
0.051517
0.052853
0.051738
0.051596
0.051520
0.051558
0.051829
0.051658
0.051511
0.051577
0.051710
0.051704
0.051606
0.051645
0.051493
0.051638
0.051703
0.051387
0.051660
0.052135
0.051748
0.052966
0.051634
0.051727
0.052154
0.051587
0.051589
0.051477
0.051615
0.051808
0.051663
0.051393
0.051566
0.051599
0.051931
0.051629
0.051530
0.051635
0.051577
0.055252
0.056048
0.053987
0.053972
0.052493
0.053085
0.052053
0.052717
0.052126
0.052503
0.052278
0.052338
0.052270
0.052431
0.052317
0.052552
0.052144
0.051861
0.051977
0.051981
0.053159
0.051869
0.051986
0.051867
0.052082
0.052315
0.051959
0.051876
0.051923
0.052179
0.052128
0.051912
0.052152
0.051826
0.052156
0.051833
0.051982
0.051933
0.051955
0.051970
0.053209
0.052005
0.051913
0.051939
0.051823
0.052020
0.051867
0.051973
0.052040
0.052027
0.051805
0.051920
0.051949
0.051853
0.051817
0.051760
0.051723
0.052199
0.051792
0.053429
0.051861
0.052260
0.051947
0.051940
0.052028
0.051752
0.052253
0.052189
0.051927
0.051947
0.051927
0.052162
0.052041
0.051940
0.052067
0.051860
0.052054
0.051898
0.051997
0.053014
0.051842
0.051998
0.051915
0.051930
0.051867
0.051975
0.052069
0.051806
0.052016
0.051941
0.052143
0.052045
0.051906
0.052221
0.051933
0.052150
0.056498
0.054441
0.053751
0.053879
0.052936
0.052676
0.052336
0.052653
0.052210
0.052439
0.052241
0.052486
0.052292
0.052864
0.052395
0.052128
0.052696
0.051926
0.051934
0.051926
0.051815
0.053169
0.052380
0.051947
0.052033
0.052140
0.051931
0.051877
0.051875
0.051934
0.051817
0.052006
0.051955
0.051973
0.052021
0.052084
0.052090
0.051961
0.051958
0.052090
0.053204
0.052382
0.051583
0.051642
0.051490
0.051486
0.051583
0.052414
0.052341
0.051544
0.051746
0.051534
0.051448
0.051719
0.051527
0.051817
0.051763
0.051466
0.051509
0.051498
0.052962
0.051526
0.051488
0.051498
0.051703
0.051523
0.051733
0.051490
0.051561
0.051601
0.051680
0.051389
0.051738
0.051797
0.051872
0.051477
0.051668
0.051337
0.051569
0.052879
0.051550
0.051568
0.051691
0.051427
0.051697
0.051372
0.051916
0.051460
0.051595
0.051396
0.051635
0.051760
0.051434
0.051804
0.051512
0.051663
0.056133
0.055111
0.053515
0.055365
0.053227
0.054111
0.053932
0.051622
0.051462
0.051628
0.051423
0.051530
0.051485
0.051505
0.051958
0.051624
0.051698
0.051316
0.051600
0.051576
0.051732
0.051576
0.052859
0.051583
0.051735
0.051961
0.052032
0.052007
0.052032
0.052038
0.052052
0.051843
0.052119
0.051774
0.051949
0.051966
0.052125
0.051851
0.051848
0.051922
0.052168
0.053109
0.051427
0.051550
0.051551
0.051549
0.051509
0.051760
0.051592
0.051733
0.051507
0.051731
0.051461
0.051649
0.051420
0.051669
0.051456
0.051701
0.051543
0.051594
0.051672
0.052554
0.051856
0.051838
0.051530
0.051548
0.051476
0.051667
0.051718
0.051572
0.051799
0.051424
0.051611
0.051634
0.051581
0.051455
0.051633
0.051655
0.051657
0.051381
0.052879
0.051422
0.051610
0.051370
0.051546
0.051408
0.051556
0.051644
0.051654
0.051435
0.051478
0.051506
0.051805
0.051472
0.051451
0.051401
0.054719
0.055130
0.054820
0.054433
0.055861
0.053873
0.053741
0.053910
0.053601
0.054156
0.053647
0.053996
0.053695
0.053876
0.054163
0.053736
0.053852
0.053948
0.052161
0.051549
0.051478
0.051426
0.051616
0.052872
0.051819
0.051953
0.051501
0.051448
0.051675
0.051589
0.051474
0.051440
0.051416
0.051774
0.051867
0.051560
0.051471
0.051597
0.051500
0.051491
0.051397
0.051654
0.053043
0.051963
0.051375
0.051614
0.051509
0.051719
0.051496
0.051674
0.051929
0.051586
0.051663
0.051679
0.051425
0.051689
0.051628
0.051688
0.051400
0.051522
0.051421
0.051691
0.052587
0.051707
0.051460
0.051634
0.051620
0.051677
0.051495
0.051598
0.051526
0.051804
0.051629
0.051390
0.051581
0.051651
0.051753
0.051567
0.051563
0.051509
0.051900
0.053374
0.051362
0.051481
0.051603
0.051697
0.051807
0.051507
0.051593
0.051526
0.051603
0.051731
0.051595
0.051496
0.051790
0.051475
0.055269
0.055110
0.054407
0.054691
0.055666
0.054199
0.053852
0.054116
0.053994
0.054050
0.054054
0.054017
0.053877
0.053817
0.053934
0.054044
0.053937
0.053685
0.054169
0.051451
0.051714
0.051575
0.051869
0.052734
0.051901
0.051889
0.052162
0.052147
0.052017
0.051897
0.052227
0.052161
0.051868
0.052075
0.051904
0.052352
0.052044
0.051965
0.051987
0.051975
0.051932
0.052188
0.051909
0.053316
0.051893
0.052250
0.051920
0.052178
0.051930
0.052024
0.051963
0.052112
0.051774
0.052051
0.052052
0.052004
0.051995
0.051831
0.052156
0.052181
0.052054
0.052778
0.053075
0.051854
0.052146
0.051848
0.051950
0.052007
0.052260
0.051871
0.052065
0.051848
0.051991
0.052123
0.051966
0.051767
0.051984
0.051833
0.052113
0.052034
0.051919
0.053057
0.051788
0.052107
0.051978
0.052013
0.052007
0.052119
0.051903
0.052048
0.051844
0.052092
0.052037
0.052078
0.051980
0.054379
0.055576
0.053095
0.052838
0.053909
0.052729
0.051448
0.051728
0.051566
0.051521
0.051619
0.051560
0.051718
0.051525
0.051506
0.051556
0.051641
0.051403
0.051564
0.051503
0.051533
0.051441
0.051525
0.051386
0.051696
0.052920
0.051560
0.051591
0.051552
0.051615
0.051674
0.051598
0.051459
0.051538
0.051527
0.051538
0.051472
0.051637
0.051499
0.051539
0.051587
0.051553
0.051625
0.051580
0.052828
0.051455
0.051483
0.051563
0.051457
0.051619
0.051372
0.051575
0.051506
0.051463
0.051464
0.051515
0.051634
0.051963
0.051412
0.051636
0.051599
0.051438
0.051505
0.051577
0.052727
0.051554
0.051486
0.051541
0.051702
0.051348
0.051549
0.051534
0.051510
0.051585
0.051584
0.051565
0.051579
0.051682
0.051590
0.051488
0.051506
0.051565
0.051542
0.051525
0.052786
0.051476
0.051501
0.051605
0.051375
0.051483
0.051489
0.051789
0.051750
0.051360
0.051480
0.051421
0.051549
0.055329
0.054318
0.051503
0.051808
0.051573
0.051597
0.052734
0.051552
0.051500
0.051642
0.051658
0.051534
0.051596
0.051550
0.051513
0.051325
0.051690
0.051730
0.051758
0.051486
0.051554
0.051464
0.051425
0.051744
0.051595
0.052840
0.051623
0.051530
0.051454
0.051533
0.051394
0.051482
0.051531
0.051495
0.051407
0.051551
0.051622
0.051600
0.051495
0.051437
0.051486
0.051420
0.051597
0.051457
0.051631
0.052703
0.051422
0.051568
0.051500
0.051471
0.051470
0.051584
0.051493
0.051489
0.051552
0.051478
0.051445
0.051520
0.051431
0.051561
0.051540
0.051573
0.051441
0.051542
0.051667
0.052746
0.051474
0.051455
0.051584
0.051498
0.051532
0.051617
0.051568
0.051361
0.051506
0.051566
0.051504
0.051556
