0.235279
0.279342
0.280220
0.280456
0.298708
0.295539
0.292337
0.288675
0.288031
0.287983
0.285788
0.284849
0.284653
0.285555
0.283630
0.283739
0.284182
0.284207
0.283548
0.282522
0.282514
0.289212
0.296027
0.294350
0.291032
0.287615
0.286992
0.286903
0.284871
0.283815
0.284566
0.282518
0.282719
0.282135
0.282151
0.281410
0.280603
0.281818
0.280437
0.294588
0.291163
0.290996
0.288321
0.287854
0.286379
0.285031
0.285295
0.284976
0.285824
0.285624
0.285067
0.286618
0.286127
0.285363
0.284788
0.284682
0.290234
0.293535
0.292807
0.289955
0.287847
0.287723
0.288456
0.286944
0.286976
0.287471
0.286535
0.285431
0.285817
0.286899
0.285083
0.285386
0.285336
0.285365
0.299802
0.295123
0.291051
0.288629
0.287416
0.286766
0.285764
0.284540
0.284853
0.288313
0.287493
0.286944
0.286917
0.286045
0.285976
0.284714
0.285269
0.294655
0.295900
0.294656
0.291897
0.290215
0.288709
0.289192
0.285942
0.284786
0.285938
0.285388
0.285362
0.284842
0.285942
0.284002
0.283646
0.284666
0.291617
0.299979
0.294806
0.291390
0.289527
0.289359
0.288073
0.286959
0.285006
0.285410
0.285733
0.284399
0.284318
0.285661
0.284879
0.284082
0.284204
0.285086
0.298865
0.296054
0.295705
0.292229
0.289643
0.288152
0.288629
0.286594
0.285390
0.286944
0.285465
0.284806
0.284521
0.286518
0.284288
0.284507
0.284327
0.295060
0.296453
0.290943
0.289921
0.287792
0.288560
0.288808
0.286324
0.284809
0.283629
0.288602
0.287368
0.285889
0.287811
0.286899
0.286559
0.284788
0.291417
0.298681
0.294341
0.291396
0.288870
0.288661
0.287631
0.289932
0.287689
0.286483
0.287377
0.286028
0.285122
0.284658
0.286411
0.284600
0.283517
0.284932
0.297171
0.293233
0.290761
0.290331
0.287914
0.286267
0.287116
0.285871
0.286659
0.289051
0.289643
0.286881
0.286201
0.286922
0.285402
0.285286
0.284748
0.295401
0.295389
0.290239
0.289769
0.287963
0.287267
0.285837
0.286876
0.284931
0.284314
0.285779
0.284547
0.283658
0.283035
0.284492
0.283200
0.282493
0.281394
0.297203
0.291583
0.290365
0.288652
0.287487
0.286259
0.285864
0.284699
0.283223
0.282798
0.283285
0.282102
0.281671
0.281966
0.282723
0.280674
0.280620
0.293965
0.292349
0.289172
0.287023
0.287307
0.286377
0.285993
0.286658
0.284730
0.283857
0.284245
0.285684
0.283282
0.283326
0.283998
0.282058
0.282095
0.285050
0.301856
0.295355
0.291071
0.290209
0.289103
0.287913
0.286763
0.286796
0.285101
0.284987
0.285015
0.283031
0.283431
0.282802
0.283669
0.282312
0.281396
0.294124
0.294342
0.290470
0.288900
0.290162
0.288140
0.287332
0.288162
0.287728
0.286860
0.287186
0.287962
0.286314
0.286255
0.286752
0.285299
0.284464
0.290290
0.295093
0.291168
0.287818
0.287545
0.286739
0.285794
0.285441
0.285989
0.284147
0.286564
0.286162
0.284964
0.284195
0.283303
0.284739
0.282271
0.281603
0.300369
0.293851
0.292706
0.291291
0.290660
0.288031
0.287116
0.285923
0.285686
0.284504
0.285156
0.286020
0.284649
0.284315
0.285279
0.284019
0.284067
0.293218
0.296775
0.292749
0.289668
0.288684
0.286575
0.286173
0.286429
0.287541
0.285280
0.284959
0.286150
0.284464
0.284205
0.284247
0.284557
0.282932
0.286370
0.298387
0.292890
0.289646
0.287011
0.289221
0.287103
0.285694
0.285892
0.284252
0.279792
0.280765
0.281848
0.280197
0.280624
0.280943
0.282665
0.280921
0.290090
0.294951
0.290720
0.287781
0.286927
0.289022
0.286680
0.285261
0.286376
0.284087
0.283296
0.284021
0.284196
0.282545
0.283320
0.284483
0.282463
0.284146
0.291598
0.291159
0.286494
0.282949
0.285146
0.284148
0.283107
0.283499
0.284975
0.283581
0.283426
0.284357
0.283564
0.283870
0.283439
0.283891
0.282519
0.293668
0.294180
0.289431
0.288695
0.286508
0.287466
0.286337
0.286168
0.286016
0.286532
0.286752
0.284851
0.285663
0.283746
0.283919
0.282995
0.283937
0.285706
0.296061
0.292504
0.288873
0.287556
0.288161
0.282879
0.283434
0.284059
0.285852
0.283892
0.283174
0.280191
0.280504
0.280657
0.281497
0.281741
0.281154
0.294774
0.295102
0.292416
0.287696
0.286338
0.285730
0.284172
0.284279
0.283819
0.284956
0.283764
0.283257
0.284105
0.283120
0.283811
0.283166
0.283933
0.283842
0.293423
0.290956
0.289234
0.287888
0.286955
0.287399
0.286238
0.285011
0.285386
0.284465
0.283642
0.283949
0.284886
0.283878
0.283617
0.283743
0.282748
0.293607
0.293477
0.291112
0.286106
0.285825
0.290238
0.287610
0.285442
0.285041
0.285316
0.284394
0.284342
0.285042
0.284591
0.283865
0.283236
0.284681
0.288168
0.293599
0.289655
0.289751
0.287353
0.286778
0.286537
0.284235
0.284147
0.282926
0.284409
0.282756
0.281690
0.283531
0.282534
0.281893
0.281356
0.282415
0.294378
0.294278
0.289933
0.285343
0.283853
0.285468
0.286845
0.284409
0.284540
0.287300
0.287774
0.286868
0.285865
0.287367
0.285461
0.284973
0.281059
0.285904
0.298212
0.294594
0.291894
0.288198
0.287436
0.287353
0.286440
0.285368
0.285469
0.287194
0.285654
0.284569
0.286413
0.284623
0.284478
0.282377
0.284259
0.295645
0.292969
0.290437
0.288512
0.288276
0.287209
0.288515
0.286558
0.285677
0.285774
0.284946
0.283827
0.283582
0.285548
0.283362
0.283294
0.284334
0.290544
0.297062
0.293779
0.291830
0.286569
0.285860
0.284783
0.284583
0.283273
0.283496
0.285143
0.283380
0.282430
0.282455
0.281760
0.281628
0.281245
0.282671
0.295754
0.292230
0.290798
0.285913
0.285102
0.285027
0.285416
0.284094
0.284499
0.284135
0.286094
0.283359
0.283120
0.285380
0.283813
0.285041
0.284174
0.292688
0.294827
0.290142
0.289954
0.287658
0.288391
0.286580
0.289871
0.286761
0.286310
0.286742
0.285291
0.284208
0.284449
0.286220
0.283966
0.283726
0.284695
0.296610
0.289974
0.288619
0.288981
0.286592
0.286625
0.287523
0.285956
0.286768
0.290490
0.289169
0.287632
0.287198
0.288109
0.282655
0.283390
0.282540
0.296746
0.294870
0.291966
0.290960
0.288696
0.288764
0.288469
0.288450
0.286310
0.286892
0.286543
0.285318
0.284584
0.283810
0.285211
0.283825
0.283530
0.288852
0.299129
0.292262
0.287674
0.288643
0.288002
0.287787
0.288401
0.285458
0.283998
0.284891
0.286528
0.284810
0.284631
0.285521
0.283681
0.283527
0.282954
0.299616
0.295620
0.288571
0.288988
0.286913
0.286496
0.285741
0.287470
0.285229
0.285034
0.284124
0.282599
0.281749
0.282216
0.284207
0.282261
0.282230
0.291406
0.293002
0.292741
0.289546
0.287178
0.286165
0.284131
0.284501
0.283168
0.281756
0.282106
0.283402
0.281055
0.280661
0.281846
0.280267
0.280155
0.280669
0.297150
0.291286
0.288954
0.286838
0.288481
0.286424
0.285614
0.287035
0.284703
0.284320
0.283116
0.284216
0.282128
0.282558
0.283073
0.281544
0.281376
0.286347
0.297845
0.294115
0.291541
0.289760
0.288083
0.286929
0.286253
0.287092
0.287001
0.288625
0.288029
0.286284
0.285630
0.285108
0.281632
0.281157
0.281754
0.299431
0.294531
0.288708
0.288807
0.288184
0.285956
0.284268
0.285558
0.283941
0.283577
0.282012
0.283445
0.281854
0.282053
0.282452
0.281862
0.280912
0.290146
0.296233
0.293786
0.288672
0.288339
0.286214
0.284489
0.284988
0.286028
0.283293
0.284057
0.284850
0.283200
0.283508
0.282925
0.283862
0.282282
0.281953
0.295427
0.290833
0.289615
0.287310
0.287183
0.285122
0.284461
0.284973
0.283552
0.278411
0.278234
0.281307
0.279602
0.279961
0.279519
0.280869
0.279263
0.287979
0.291856
0.288445
0.287058
0.284624
0.287074
0.284170
0.283946
0.284295
0.283167
0.283765
0.283266
0.282818
0.281418
0.281988
0.283033
0.281588
0.281235
0.291735
0.289521
0.287085
0.285758
0.285770
0.285061
0.283087
0.282681
0.283773
0.281914
0.280771
0.281432
0.282142
0.280916
0.280558
0.281158
0.279707
0.285048
0.294589
0.291406
0.289016
0.287261
0.288042
0.286555
0.285558
0.285940
0.287353
0.288683
0.285922
0.285907
0.283428
0.283218
0.282210
0.283259
0.281547
0.292346
0.294791
0.289800
0.287679
0.287352
0.287502
0.286073
0.285813
0.283742
0.283192
0.283181
0.282864
0.284311
0.282145
0.282760
0.283479
0.283168
0.286173
0.295780
0.291497
0.288787
0.287003
0.287781
0.286438
0.285617
0.285533
0.286449
0.284469
0.284838
0.284580
0.283523
0.282113
0.282074
0.282826
0.281639
0.294113
0.291602
0.289988
0.287642
0.287091
0.287457
0.285904
0.285992
0.285828
0.286884
0.285664
0.285555
0.284594
0.284218
0.284401
0.283395
0.283655
0.288576
0.291595
0.289780
0.283501
0.282396
0.282227
0.283082
0.282194
0.281693
0.282856
0.280961
0.281297
0.280940
0.282017
0.281139
0.280330
0.281820
0.280739
0.290683
0.288756
0.288026
0.286481
0.286029
0.287411
0.285620
0.285277
0.285179
0.285389
0.284061
0.282900
0.282473
0.284086
0.282457
0.282049
0.282794
0.282710
0.297496
0.290903
0.288485
0.285579
0.285442
0.285413
0.283338
0.282063
0.281214
0.288041
0.284781
0.283494
0.283518
0.282502
0.282460
0.281531
0.282343
0.290692
0.292636
0.289671
0.288337
0.288055
0.286955
0.287488
0.285758
0.285171
0.286770
0.286479
0.285574
0.285078
0.285967
0.284342
0.283548
0.284022
0.285555
0.297408
0.292282
0.291970
0.288498
0.286620
0.286003
0.284167
0.282452
0.280968
0.282566
0.280780
0.280855
0.280591
0.280811
0.280754
0.279979
0.281179
0.291242
0.294080
0.291070
0.289934
0.288280
0.286299
0.286697
0.285177
0.285360
0.285946
0.287213
0.285578
0.285170
0.285754
0.284450
0.283667
0.283708
0.287208
0.296676
0.292615
0.290790
0.288795
0.288589
0.288031
0.287908
0.286041
0.285647
0.286575
0.286165
0.284950
0.284191
0.285920
0.285267
0.284384
0.285174
0.297169
0.296890
0.293255
0.291586
0.288683
0.287845
0.289511
0.289044
0.287545
0.287069
0.287837
0.285917
0.284791
0.282213
0.282546
0.282771
0.282606
0.291149
0.296746
0.292007
0.291372
0.288402
0.288725
0.287758
0.287329
0.286442
0.288557
0.290013
0.287626
0.287530
0.287048
0.287234
0.285503
0.285471
0.286649
0.299008
0.293399
0.290483
0.292582
0.289875
0.288963
0.289859
0.288044
0.287987
0.287467
0.288847
0.286839
0.286376
0.287228
0.285426
0.285588
0.284546
0.296865
0.295129
0.291024
0.291123
0.289873
0.288759
0.288249
0.286852
0.286192
0.284599
0.287389
0.285292
0.283715
0.284197
0.286257
0.284219
0.283986
0.291361
0.298507
0.295680
0.292505
0.289039
0.288478
0.287322
0.288130
0.286130
0.285328
0.286570
0.285039
0.284480
0.284199
0.285654
0.284866
0.284149
0.284019
0.302823
0.297848
0.293029
0.291290
0.290346
0.288661
0.289683
0.288407
0.287000
0.286588
0.288612
0.282799
0.282557
0.284778
0.284360
0.283412
0.283956
0.298684
0.297634
0.290293
0.289196
0.288411
0.288304
0.286293
0.287812
0.285772
0.285405
0.284853
0.284633
0.284830
0.285357
0.285816
0.283549
0.284057
0.288876
0.298758
0.289988
0.288821
0.289098
0.288148
0.288748
0.288524
0.286084
0.287632
0.290471
0.290226
0.287599
0.286068
0.286719
0.284848
0.284506
0.284322
0.299929
0.296074
0.295015
0.292351
0.289280
0.287187
0.286564
0.287958
0.287121
0.287225
0.287865
0.286369
0.286266
0.285728
0.286679
0.284977
0.285116
0.294737
0.287267
0.285442
0.284244
0.287086
0.284676
0.283635
0.284113
0.284564
0.283572
0.283090
0.284583
0.283197
0.282937
0.283192
0.284147
0.282578
0.284120
0.299395
0.295018
0.291790
0.287784
0.289698
0.286608
0.285856
0.286232
0.284587
0.284574
0.284029
0.285347
0.283399
0.281887
0.282561
0.280335
0.279319
0.293567
0.292693
0.287739
0.285837
0.286684
0.286303
0.285031
0.285030
0.286040
0.284366
0.284190
0.284873
0.282876
0.282634
0.283398
0.284302
0.282569
0.287274
0.300099
0.295064
0.290282
0.286609
0.287338
0.286063
0.285572
0.287308
0.285662
0.285637
0.285447
0.285849
0.283780
0.283707
0.284428
0.283583
0.282970
0.297169
0.298370
0.294594
0.288903
0.288113
0.285813
0.285602
0.285211
0.287212
0.289077
0.287572
0.287858
0.286567
0.286065
0.285658
0.285900
0.284533
0.289958
0.296197
0.291037
0.289825
0.289474
0.290195
0.289046
0.287448
0.287202
0.285611
0.284609
0.284448
0.285940
0.284499
0.284615
0.282074
0.282705
0.282639
0.296683
0.291408
0.288044
0.287025
0.287858
0.286527
0.286018
0.284527
0.285032
0.283896
0.284746
0.283853
0.284805
0.282710
0.282672
0.282455
0.281507
0.292939
0.297829
0.296677
0.289118
0.287649
0.290183
0.288009
0.287022
0.286604
0.288077
0.285890
0.285837
0.286735
0.285576
0.284208
0.283305
0.284326
0.286306
0.298131
0.296387
0.291024
0.289234
0.289109
0.288281
0.286896
0.286322
0.287330
0.285645
0.285292
0.285049
0.286527
0.284259
0.283736
0.285015
0.284863
0.296395
0.293573
0.291195
0.288215
0.287635
0.289322
0.287955
0.287335
0.287178
0.288156
0.286811
0.286472
0.287851
0.286877
0.285294
0.284534
0.285996
0.290488
0.297618
0.296179
0.291441
0.287717
0.287443
0.288772
0.286629
0.286405
0.289463
0.289791
0.288162
0.287591
0.288746
0.287307
0.286533
0.287971
0.288563
0.299662
0.294586
0.290612
0.289089
0.289034
0.288413
0.286503
0.285246
0.286651
0.285446
0.285569
0.284565
0.286307
0.284944
0.284073
0.283698
0.286285
0.297747
0.292850
0.291153
0.288818
0.288051
0.287433
0.286051
0.286158
0.285146
0.285677
0.283750
0.284407
0.283597
0.284984
0.283440
0.283453
0.284511
0.289102
0.296590
0.291992
0.290266
0.287959
0.288693
0.289266
0.287113
0.287028
0.286414
0.287806
0.286190
0.286125
0.287148
0.284959
0.283306
0.283485
0.283764
0.299035
0.294349
0.290133
0.288036
0.286493
0.286369
0.286466
0.284343
0.284258
0.285020
0.284437
0.283560
0.282599
0.284955
0.283969
0.284938
0.285264
0.293056
0.292422
0.290591
0.290519
0.286945
0.286699
0.286573
0.286604
0.284851
0.284310
0.285415
0.283765
0.282355
0.283749
0.282302
0.281392
0.280174
0.282787
0.298084
0.293729
0.293373
0.289507
0.288776
0.288077
0.288250
0.287095
0.287205
0.291915
0.289399
0.287727
0.286924
0.287913
0.285402
0.285754
0.285954
0.296520
0.297291
0.295836
0.291621
0.289716
0.288707
0.289305
0.286466
0.286099
0.285373
0.285991
0.284719
0.284763
0.285121
0.283823
0.282957
0.282932
0.292265
0.294142
0.291857
0.291074
0.288721
0.287932
0.287113
0.287971
0.286297
0.285358
0.285384
0.284890
0.284070
0.283597
0.283790
0.283195
0.282541
0.283682
0.296931
0.293074
0.291136
0.290751
0.289123
0.287958
0.288397
0.287338
0.286281
0.285614
0.286575
0.285525
0.283822
0.285662
0.283784
0.283700
0.280240
0.295185
0.297809
0.294565
0.291032
0.287749
0.286089
0.285390
0.286476
0.285988
0.284752
0.285768
0.284973
0.284188
0.283709
0.285330
0.283741
0.283592
0.288168
0.298075
0.290379
0.289201
0.289819
0.286696
0.285564
0.285784
0.285674
0.285111
0.284747
0.286172
0.284259
0.285039
0.285657
0.283914
0.283906
0.284206
0.299314
0.296653
0.294752
0.291944
0.289390
0.288779
0.286698
0.287641
0.285764
0.288691
0.288539
0.286908
0.285580
0.285983
0.287541
0.285818
0.284985
0.292773
0.295510
0.292456
0.292394
0.290909
0.289278
0.288317
0.288531
0.287582
0.287924
0.287297
0.288141
0.285355
0.286178
0.286701
0.285561
0.284219
0.286226
0.298567
0.291855
0.290015
0.289978
0.288765
0.288024
0.287463
0.288168
0.285314
0.285915
0.286483
0.285883
0.285366
0.284953
0.285977
0.283616
0.283956
0.294654
0.289201
0.288049
0.286058
0.288035
0.285300
0.284540
0.285234
0.283420
0.282936
0.282889
0.284049
0.281881
0.282698
0.282546
0.284147
0.281978
0.286535
0.298665
0.292824
0.288670
0.285399
0.285959
0.283502
0.282884
0.283104
0.282009
0.281571
0.282464
0.283909
0.280583
0.281211
0.281568
0.280475
0.280657
0.290996
0.296859
0.289561
0.287850
0.287769
0.286915
0.285263
0.284825
0.287340
0.285435
0.284621
0.286425
0.284803
0.285074
0.284200
0.286078
0.284435
0.288791
0.294740
0.290099
0.288479
0.287322
0.288853
0.286798
0.286524
0.286557
0.284709
0.286004
0.285760
0.286250
0.283689
0.284173
0.284538
0.283057
0.282782
0.294345
0.292231
0.285476
0.285266
0.285552
0.284245
0.283059
0.282908
0.283535
0.282399
0.281778
0.280950
0.281947
0.280349
0.279283
0.281057
0.280053
0.282261
0.292954
0.290517
0.287863
0.287012
0.288565
0.286632
0.284886
0.285501
0.286223
0.284699
0.285997
0.285604
0.283959
0.283999
0.284171
0.285255
0.284359
0.295008
0.294699
0.293042
0.289086
0.288398
0.289610
0.286960
0.286273
0.286770
0.285329
0.285065
0.284866
0.285012
0.284178
0.283970
0.285037
0.283470
0.289238
0.293951
0.291804
0.287766
0.287077
0.289755
0.285981
0.285276
0.285756
0.285661
0.284265
0.284793
0.285144
0.283754
0.284381
0.282978
0.284291
0.282914
0.295567
0.294400
0.289265
0.288019
0.286709
0.288180
0.286447
0.285851
0.285911
0.285478
0.284579
0.284219
0.284749
0.284271
0.284011
0.283476
0.282421
0.288453
0.295880
0.293222
0.289945
0.286604
0.286499
0.284543
0.283921
0.282511
0.284358
0.286586
0.286352
0.284284
0.285937
0.284554
0.284462
0.285942
0.283943
0.295629
0.290175
0.289776
0.289074
0.286589
0.285915
0.284773
0.284227
0.282970
0.283394
0.282529
0.282521
0.283234
0.281018
0.281014
0.281063
0.282295
0.288739
0.297651
0.296159
0.292063
0.289699
0.288941
0.288369
0.287284
0.286100
0.285891
0.285500
0.285296
0.284315
0.284840
0.284255
0.283904
0.284319
0.284033
0.299700
0.293672
0.291264
0.288668
0.288124
0.287322
0.285430
0.285119
0.286004
0.287770
0.285812
0.285176
0.285598
0.284364
0.283528
0.284207
0.285045
0.293975
0.295013
0.292866
0.288294
0.285582
0.286235
0.287198
0.285437
0.285132
0.285962
0.284898
0.284620
0.284142
0.285822
0.284239
0.284815
0.284766
0.287860
0.296169
0.293591
0.287704
0.285366
0.284362
0.284030
0.284466
0.285082
0.284068
0.285187
0.283405
0.282763
0.282808
0.281984
0.281280
0.280760
0.282283
0.293385
0.291864
0.289781
0.290473
0.287913
0.286898
0.286910
0.285098
0.284476
0.287577
0.287540
0.285215
0.284022
0.284915
0.283412
0.282070
0.281801
0.287510
0.297609
0.291234
0.289762
0.289760
0.288410
0.287640
0.288201
0.286359
0.285739
0.286402
0.285383
0.284392
0.283896
0.284926
0.284090
0.283754
0.285324
0.296461
0.293754
0.289454
0.288942
0.287345
0.287637
0.287520
0.286038
0.284712
0.283645
0.285489
0.283681
0.283376
0.284162
0.282891
0.282252
0.282777
0.289632
0.295273
0.293603
0.293541
0.287961
0.287200
0.285729
0.286187
0.283730
0.283446
0.284004
0.282208
0.282328
0.281672
0.283518
0.282010
0.281797
0.282737
0.295741
0.291669
0.289593
0.288284
0.287255
0.286617
0.287188
0.285565
0.283005
0.282386
0.284501
0.282002
0.282165
0.282873
0.281473
0.281334
0.280709
0.291457
0.296648
0.291807
0.290074
0.287968
0.287714
0.286396
0.287406
0.285833
0.285999
0.285454
0.286529
0.284189
0.284594
0.285887
0.284229
0.283137
0.283414
0.297175
0.293397
0.292785
0.291094
0.288194
0.287246
0.286691
0.287990
0.285186
0.288551
0.288396
0.286589
0.285982
0.285738
0.286674
0.284885
0.284824
0.294374
0.293912
0.291479
0.288628
0.289070
0.288099
0.286694
0.287960
0.286227
0.285906
0.286210
0.287311
0.285164
0.284072
0.285878
0.284005
0.284108
0.287804
0.295905
0.291388
0.290750
0.289208
0.287010
0.285696
0.285740
0.285667
