0.010163
0.007086
0.006831
0.006786
0.006803
0.006766
0.006736
0.006698
0.006681
0.006740
0.006699
0.006736
0.006801
0.006719
0.006661
0.006721
0.006721
0.006694
0.006715
0.006787
0.006653
0.006729
0.006743
0.006647
0.006732
0.006728
0.006741
0.006778
0.006723
0.006646
0.006725
0.006710
0.006639
0.006736
0.006729
0.006632
0.006708
0.006712
0.006626
0.006718
0.006717
0.006727
0.006800
0.006746
0.006653
0.006533
0.006506
0.006389
0.006467
0.006491
0.006409
0.006499
0.006457
0.006395
0.006551
0.006488
0.006459
0.006646
0.006429
0.006437
0.006489
0.006399
0.006487
0.006471
0.006401
0.006480
0.006493
0.006401
0.006474
0.006479
0.006418
0.006490
0.006462
0.006474
0.006454
0.006415
0.006468
0.006504
0.006396
0.006462
0.006481
0.006399
0.006505
0.006472
0.006400
0.006489
0.006444
0.006437
0.006507
0.006415
0.006450
0.006497
0.006471
0.006539
0.006529
0.006397
0.006500
0.006482
0.006396
0.006478
0.006474
0.006396
0.006480
0.006452
0.006464
0.006639
0.006455
0.006439
0.006511
0.006405
0.006466
0.006492
0.006393
0.006489
0.006536
0.006418
0.006532
0.006488
0.006412
0.006529
0.006457
0.006415
0.006497
0.006438
0.006474
0.006472
0.006384
0.006484
0.006601
0.006415
0.006554
0.006482
0.006387
0.006462
0.006530
0.006400
0.006494
0.006450
0.006416
0.006451
0.006383
0.006443
0.006465
0.006394
0.006470
0.006446
0.006390
0.006447
0.006461
0.006397
0.006481
0.006452
0.006408
0.006443
0.006418
0.006441
0.006462
0.006395
0.006442
0.006477
0.006467
0.006463
0.006467
0.006386
0.006442
0.006446
0.006393
0.006472
0.006475
0.006444
0.006498
0.006386
0.006468
0.006466
0.006401
0.006464
0.006473
0.006385
0.006467
0.006483
0.006400
0.006455
0.006449
0.006430
0.006461
0.006414
0.006444
0.006478
0.006385
0.006514
0.006469
0.006400
0.006467
0.006479
0.006410
0.006461
0.006464
0.006420
0.006460
0.006447
0.006435
0.006475
0.006421
0.006453
0.006463
0.006380
0.006525
0.006497
0.006409
0.006466
0.006480
0.006413
0.006603
0.006435
0.006408
0.006467
0.006394
0.006457
0.006449
0.006406
0.006462
0.006449
0.006409
0.006440
0.006448
0.006403
0.006456
0.006455
0.006442
0.006478
0.006429
0.006431
0.006473
0.006387
0.006484
0.006466
0.006473
0.006459
0.006489
0.006394
0.006466
0.006479
0.006390
0.006555
0.006514
0.006479
0.006589
0.006469
0.006581
0.006513
0.006430
0.006467
0.006488
0.006398
0.006500
0.006455
0.006531
0.006530
0.006619
0.006429
0.006553
0.006565
0.006477
0.006487
0.006541
0.006430
0.006499
0.006438
0.006432
0.006500
0.006395
0.006506
0.006474
0.006396
0.006500
0.006484
0.006398
0.006482
0.006474
0.006388
0.006492
0.006446
0.006533
0.006486
0.006432
0.006446
0.006479
0.006380
0.006484
0.006512
0.006399
0.006478
0.006483
0.006411
0.006475
0.006459
0.006435
0.006477
0.006447
0.006436
0.006495
0.006388
0.006497
0.006534
0.006507
0.006474
0.006481
0.006407
0.006491
0.006459
0.006397
0.006476
0.006469
0.006430
0.006482
0.006440
0.006432
0.006482
0.006396
0.006514
0.006618
0.006415
0.006494
0.006492
0.006393
0.006483
0.006480
0.006421
0.006480
0.006453
0.006416
0.006482
0.006431
0.006463
0.006480
0.006508
0.006468
0.006500
0.006398
0.006486
0.006467
0.006393
0.006625
0.006481
0.006422
0.006454
0.006467
0.006482
0.006475
0.006421
0.006453
0.006518
0.006487
0.006453
0.006490
0.006410
0.006503
0.006564
0.006492
0.006486
0.006494
0.006404
0.006459
0.006456
0.006410
0.006487
0.006519
0.006512
0.006487
0.006393
0.006499
0.006556
0.006397
0.006511
0.006471
0.006392
0.006466
0.006481
0.006397
0.006495
0.006446
0.006420
0.006514
0.006436
0.006451
0.006493
0.006419
0.006470
0.006487
0.006386
0.006489
0.006501
0.006401
0.006477
0.006472
0.006391
0.006573
0.006560
0.006478
0.006509
0.006446
0.006440
0.006484
0.006407
0.006493
0.006461
0.006403
0.006505
0.006501
0.006394
0.006481
0.006475
0.006439
0.006503
0.006448
0.006447
0.006483
0.006429
0.006431
0.006476
0.006389
0.006497
0.006467
0.006392
0.006469
0.006481
0.006401
0.006504
0.006488
0.006413
0.006487
0.006432
0.006437
0.006496
0.006512
0.006473
0.006476
0.006402
0.006494
0.006487
0.006396
0.006475
0.006488
0.006392
0.006513
0.006451
0.006437
0.006456
0.006441
0.006443
0.006494
0.006395
0.006490
0.006453
0.006419
0.006491
0.006510
0.006413
0.006491
0.006503
0.006469
0.006501
0.006460
0.006442
0.006474
0.006440
0.006431
0.006474
0.006408
0.006490
0.006484
0.006384
0.006558
0.006489
0.006396
0.006514
0.006546
0.006388
0.006493
0.006448
0.006431
0.006489
0.006437
0.006434
0.006489
0.006392
0.006490
0.006498
0.006399
0.006472
0.006494
0.006406
0.006500
0.006460
0.006425
0.006467
0.006437
0.006447
0.006501
0.006411
0.006444
0.006482
0.006423
0.006520
0.006507
0.006393
0.006577
0.006486
0.006409
0.006492
0.006553
0.006413
0.006531
0.006455
0.006423
0.006493
0.006441
0.006445
0.006484
0.006403
0.006482
0.006588
0.006386
0.006484
0.006465
0.006385
0.006484
0.006465
0.006430
0.006482
0.006440
0.006433
0.006487
0.006401
0.006489
0.006495
0.006409
0.006484
0.006498
0.006389
0.006490
0.006461
0.006398
0.006468
0.006448
0.006425
0.006484
0.006421
0.006515
0.006473
0.006395
0.006486
0.006520
0.006406
0.006479
0.006536
0.006408
0.006491
0.006457
0.006432
0.006462
0.006454
0.006441
0.006494
0.006438
0.006440
0.006477
0.006419
0.006488
0.006502
0.006388
0.006470
0.006469
0.006392
0.006481
0.006468
0.006431
0.006466
0.006430
0.006442
0.006503
0.006384
0.006506
0.006483
0.006407
0.006486
0.006574
0.006402
0.006518
0.006457
0.006405
0.006467
0.006449
0.006419
0.006490
0.006436
0.006431
0.006470
0.006437
0.006477
0.006497
0.006394
0.006476
0.006489
0.006384
0.006490
0.006467
0.006408
0.006477
0.006447
0.006432
0.006480
0.006421
0.006475
0.006476
0.006396
0.006554
0.006473
0.006409
0.006503
0.006464
0.006396
0.006476
0.006472
0.006498
0.006494
0.006435
0.006430
0.006484
0.006439
0.006469
0.006492
0.006402
0.006455
0.006493
0.006395
0.006494
0.006479
0.006424
0.006470
0.006462
0.006413
0.006489
0.006423
0.006473
0.006508
0.006398
0.006492
0.006490
0.006402
0.006505
0.006468
0.006390
0.006482
0.006474
0.006413
0.006467
0.006461
0.006438
0.006491
0.006428
0.006470
0.006573
0.006389
0.006593
0.006506
0.006396
0.006507
0.006474
0.006391
0.006502
0.006466
0.006428
0.006469
0.006464
0.006440
0.006632
0.006437
0.006469
0.006493
0.006396
0.006465
0.006489
0.006393
0.006508
0.006477
0.006396
0.006479
0.006476
0.006411
0.006494
0.006479
0.006437
0.006477
0.006719
0.007696
0.007157
0.006929
0.007057
0.006940
0.006790
0.006828
0.006889
0.006807
0.006832
0.006812
0.006820
0.006709
0.006945
0.006696
0.006646
0.006619
0.006659
0.006601
0.006438
0.006560
0.006449
0.006547
0.006544
0.006484
0.006883
0.006883
0.006707
0.006555
0.006583
0.006653
0.006603
0.006573
0.006497
0.006547
0.006570
0.006408
0.006511
0.006518
0.006376
0.006629
0.006753
0.006717
0.006652
0.006582
0.006412
0.006615
0.006620
0.006615
0.006608
0.006666
0.006379
0.006583
0.006605
0.006610
0.006562
0.006517
0.006496
0.006619
0.006634
0.006606
0.006511
0.006440
0.006614
0.006616
0.006602
0.006607
0.006537
0.006410
0.006606
0.006664
0.006607
0.006624
0.006556
0.006377
0.006707
0.006601
0.006603
0.006469
0.006622
0.006447
0.006684
0.006613
0.006609
0.006482
0.006484
0.006561
0.006587
0.006599
0.006613
0.006470
0.006419
0.006403
0.006459
0.006389
0.006461
0.006450
0.006381
0.006444
0.006441
0.006381
0.006449
0.006441
0.006386
0.006440
0.006419
0.006392
0.006437
0.006401
0.006412
0.006446
0.006376
0.006453
0.006437
0.006370
0.006445
0.006436
0.006477
0.006496
0.006590
0.006465
0.006456
0.006381
0.006422
0.006413
0.006376
0.006434
0.006423
0.006386
0.006425
0.006416
0.006378
0.006438
0.006492
0.006407
0.006417
0.006380
0.006459
0.006443
0.006384
0.006419
0.006420
0.006367
0.006434
0.006436
0.006380
0.006433
0.006373
0.006418
0.006441
0.006365
0.006426
0.006443
0.006374
0.006419
0.006502
0.006378
0.006432
0.006424
0.006385
0.006416
0.006404
0.006415
0.006435
0.006381
0.006440
0.006496
0.006395
0.006567
0.006598
0.006380
0.006469
0.006444
0.006374
0.006443
0.006415
0.006429
0.006452
0.006378
0.006452
0.006451
0.006375
0.006516
0.006478
0.006444
0.006488
0.006508
0.006372
0.006439
0.006425
0.006397
0.006435
0.006396
0.006495
0.006449
0.006375
0.006462
0.006437
0.006371
0.006426
0.006426
0.006373
0.006424
0.006413
0.006394
0.006627
0.006410
0.006434
0.006461
0.006380
0.006457
0.006475
0.006381
0.006462
0.006451
0.006395
0.006444
0.006483
0.006407
0.006474
0.006406
0.006419
0.006465
0.006384
0.006465
0.006457
0.006379
0.006478
0.006463
0.006374
0.006464
0.006623
0.006377
0.006495
0.006415
0.006416
0.006469
0.006385
0.006442
0.006464
0.006384
0.006477
0.006461
0.006369
0.006465
0.006443
0.006396
0.006442
0.006422
0.006405
0.006458
0.006375
0.006477
0.006447
0.006384
0.006498
0.006475
0.006369
0.006446
0.006460
0.006373
0.006459
0.006423
0.006427
0.006454
0.006396
0.006445
0.006473
0.006382
0.006539
0.006460
0.006375
0.006475
0.006453
0.006369
0.006446
0.006429
0.006403
0.006470
0.006454
0.006441
0.006463
0.006380
0.006462
0.006446
0.006383
0.006460
0.006462
0.006374
0.006556
0.006428
0.006387
0.006474
0.006409
0.006432
0.006448
0.006373
0.006455
0.006466
0.006370
0.006470
0.006445
0.006372
0.006473
0.006445
0.006413
0.006454
0.006497
0.006417
0.006484
0.006399
0.006427
0.006459
0.006382
0.006473
0.006481
0.006374
0.006449
0.006446
0.006386
0.006488
0.006403
0.006408
0.006464
0.006392
0.006448
0.006450
0.006376
0.006459
0.006461
0.006383
0.006468
0.006441
0.006378
0.006490
0.006436
0.006429
0.006442
0.006368
0.006460
0.006465
0.006378
0.006443
0.006470
0.006373
0.006516
0.006473
0.006377
0.006461
0.006419
0.006418
0.006491
0.006403
0.006439
0.006474
0.006377
0.006477
0.006438
0.006369
0.006468
0.006444
0.006391
0.006443
0.006424
0.006395
0.006461
0.006410
0.006453
0.006441
0.006378
0.006456
0.006471
0.006369
0.006444
0.006460
0.006377
0.006463
0.006419
0.006428
0.006507
0.006404
0.006442
0.006494
0.006422
0.006499
0.006506
0.006372
0.006545
0.006441
0.006384
0.006448
0.006443
0.006396
0.006433
0.006426
0.006415
0.006463
0.006410
0.006464
0.006447
0.006375
0.006456
0.006460
0.006376
0.006440
0.006441
0.006395
0.006477
0.006423
0.006410
0.006450
0.006495
0.006488
0.006477
0.006450
0.006455
0.006459
0.006372
0.006472
0.006442
0.006375
0.006455
0.006517
0.006404
0.006444
0.006410
0.006429
0.006456
0.006402
0.006483
0.006445
0.006371
0.006461
0.006459
0.006389
0.006481
0.006411
0.006398
0.006518
0.006436
0.006414
0.006456
0.006382
0.006518
0.006546
0.006377
0.006452
0.006464
0.006377
0.006475
0.006451
0.006379
0.006447
0.006417
0.006426
0.006475
0.006376
0.006447
0.006456
0.006371
0.006582
0.006485
0.006370
0.006464
0.006449
0.006395
0.006469
0.006419
0.006406
0.006464
0.006404
0.006462
0.006447
0.006371
0.006466
0.006480
0.006382
0.006439
0.006459
0.006364
0.006463
0.006423
0.006441
0.006442
0.006407
0.006444
0.006471
0.006371
0.006440
0.006447
0.006369
0.006484
0.006439
0.006452
0.006460
0.006427
0.006409
0.006467
0.006481
0.006417
0.006462
0.006376
0.006476
0.006446
0.006363
0.006465
0.006469
0.006394
0.006444
0.006441
0.006399
0.006465
0.006393
0.006440
0.006449
0.006382
0.006472
0.006474
0.006377
0.006445
0.006468
0.006377
0.006487
0.006441
0.006371
0.006465
0.006401
0.006428
0.006471
0.006368
0.006453
0.006472
0.006377
0.006467
0.006434
0.006380
0.006612
0.006454
0.006402
0.006451
0.006420
0.006411
0.006452
0.006369
0.006533
0.006449
0.006368
0.006464
0.006471
0.006381
0.006451
0.006446
0.006390
0.006489
0.006431
0.006396
0.006456
0.006397
0.006445
0.006473
0.006381
0.006452
0.006464
0.006383
0.006470
0.006444
0.006380
0.006457
0.006438
0.006410
0.006465
0.006371
0.006451
0.006469
0.006454
0.006476
0.006444
0.006379
0.006457
0.006443
0.006392
0.006450
0.006427
0.006398
0.006493
0.006393
0.006456
0.006436
0.006370
0.006461
0.006469
0.006377
0.006435
0.006451
0.006372
0.006452
0.006430
0.006398
0.006452
0.006473
0.006451
0.006473
0.006387
0.006439
0.006455
0.006371
0.006467
0.006447
0.006398
0.006446
0.006431
0.006404
0.006556
0.006397
0.006450
0.006488
0.006364
0.006448
0.006447
0.006377
0.006443
0.006464
0.006373
0.006471
0.006421
0.006394
0.006465
0.006405
0.006444
0.006450
0.006418
0.006443
0.006464
0.006369
0.006474
0.006444
0.006375
0.006461
0.006422
0.006406
0.006440
0.006413
0.006414
0.006464
0.006381
0.006476
0.006455
0.006375
0.006462
0.006461
0.006430
0.006487
0.006487
0.006380
0.006455
0.006403
0.006435
0.006451
0.006389
0.006438
0.006480
0.006383
0.006456
0.006452
0.006371
0.006461
0.006441
0.006407
0.006452
0.006427
0.006415
0.006480
0.006392
0.006428
0.006453
0.006367
0.006473
0.006492
0.006387
0.006442
0.006458
0.006391
0.006475
0.006419
0.006407
0.006448
0.006375
0.006455
0.006443
0.006450
0.006445
0.006462
0.006369
0.006477
0.006439
0.006381
0.006470
0.006420
0.006425
0.006443
0.006388
0.006510
0.006473
0.006384
0.006441
0.006450
0.006371
0.006470
0.006456
0.006398
0.006436
0.006426
0.006404
0.006474
0.006397
0.006426
0.006474
0.006386
0.006470
0.006450
0.006367
0.006455
0.006458
0.006371
0.006478
0.006427
0.006404
0.006576
0.006429
0.006448
0.006448
0.006379
0.006469
0.006456
0.006387
0.006459
0.006459
0.006367
0.006462
0.006441
0.006407
0.006441
0.006419
0.006426
0.006471
0.006375
0.006446
0.006452
0.006367
0.006459
0.006450
0.006382
0.006436
0.006456
0.006415
0.006517
0.006416
0.006411
0.006463
0.006364
0.006473
0.006435
0.006378
0.006466
0.006460
0.006449
0.006468
0.006443
0.006384
0.006460
0.006432
0.006436
0.006446
0.006619
0.007364
0.007126
0.006877
0.006942
0.006720
0.006691
0.006609
0.006566
0.006672
0.006597
0.006588
0.006652
0.006730
0.006755
0.006553
0.006607
0.006764
0.006631
0.006574
0.006563
0.006502
0.006639
0.006601
0.006575
0.006443
0.006642
0.006765
0.006603
0.006590
0.006633
0.006512
0.006512
0.006545
0.006481
0.006451
0.006379
0.006573
0.006578
0.006378
0.006599
0.006603
0.006600
0.006467
0.006496
0.006371
0.006570
0.006613
0.006618
0.006469
0.006432
0.006400
0.006522
0.006620
0.006605
0.006518
0.006403
0.006611
0.006500
0.006611
0.006601
0.006536
0.006380
0.006455
0.006473
0.006606
0.006648
0.006567
0.006441
0.006567
0.006502
0.006617
0.006607
0.006531
0.006373
0.006492
0.006380
0.006368
0.006375
0.006377
0.006433
0.006371
0.006378
0.006463
0.006371
0.006378
0.006379
0.006375
0.006371
0.006372
0.006370
0.006372
0.006379
0.006366
0.006366
0.006367
0.006375
0.006382
0.006372
0.006370
0.006374
0.006397
0.006394
0.006374
0.006372
0.006494
0.006448
0.006384
0.006374
0.006374
0.006370
0.006375
0.006368
0.006366
0.006368
0.006370
0.006463
0.006527
0.006381
0.006377
0.006377
0.006374
0.006374
0.006373
0.006380
0.006362
0.006374
0.006414
0.006371
0.006374
0.006375
0.006374
0.006370
0.006368
0.006379
0.006383
0.006461
0.006371
0.006377
0.006377
0.006374
0.006373
0.006369
0.006454
0.006371
0.006382
0.006374
0.006370
0.006378
0.006368
0.006375
0.006375
0.006365
0.006373
0.006378
0.006374
0.006382
0.006368
0.006381
0.006371
0.006367
0.006371
0.006376
0.006368
0.006367
0.006381
0.006370
0.006370
0.006381
0.006369
0.006373
0.006373
0.006366
0.006374
0.006368
0.006378
0.006367
0.006373
0.006375
0.006372
0.006380
0.006403
0.006470
0.006370
0.006372
0.006379
0.006375
0.006379
0.006367
0.006380
0.006370
0.006381
0.006370
0.006370
0.006447
0.006427
0.006379
0.006441
0.006377
0.006381
0.006371
0.006376
0.006376
0.006374
0.006367
0.006369
0.006372
0.006365
0.006543
0.006379
0.006376
0.006375
0.006382
0.006375
0.006377
0.006378
0.006371
0.006370
0.006373
0.006380
0.006453
0.006371
0.006551
0.006373
0.006375
0.006372
0.006369
0.006427
0.006383
0.006385
0.006377
0.006371
0.006371
0.006370
0.006382
0.006373
0.006362
0.006373
0.006366
0.006377
0.006448
0.006376
0.006369
0.006372
0.006371
0.006371
0.006376
0.006379
0.006365
0.006379
0.006366
0.006372
0.006379
0.006365
0.006381
0.006376
0.006371
0.006369
0.006475
0.006416
0.006376
0.006368
0.006377
0.006373
0.006379
0.006380
0.006373
0.006371
0.006371
0.006378
0.006371
0.006376
0.006371
0.006371
0.006373
0.006378
0.006385
0.006421
0.006375
0.006381
0.006375
0.006373
0.006380
0.006366
0.006366
0.006373
0.006379
0.006375
0.006373
0.006366
0.006378
0.006366
0.006422
0.006409
0.006374
0.006373
0.006369
0.006472
0.006369
0.006376
0.006378
0.006371
0.006368
0.006370
0.006382
0.006380
0.006373
0.006387
0.006372
0.006373
0.006370
0.006378
0.006393
0.006367
0.006373
0.006368
0.006379
0.006381
0.006372
0.006368
0.006370
0.006377
0.006378
0.006379
0.006377
0.006373
0.006372
0.006361
0.006370
0.006366
0.006366
0.006373
0.006368
0.006383
0.006371
0.006508
0.006394
0.006434
0.006380
0.006373
0.006364
0.006373
0.006374
0.006372
0.006381
0.006385
0.006382
0.006373
0.006381
0.006376
0.006367
0.006372
0.006381
0.006373
0.006377
0.006367
0.006373
0.006411
0.006371
0.006368
0.006369
0.006376
0.006373
0.006384
0.006369
0.006379
0.006371
0.006371
0.006378
0.006370
0.006370
0.006370
0.006379
0.006375
0.006456
0.006376
0.006375
0.006371
0.006370
0.006371
0.006367
0.006381
0.006380
0.006367
0.006367
0.006374
0.006368
0.006371
0.006367
0.006362
0.006374
0.006379
0.006380
0.006371
0.006370
0.006373
0.006365
0.006373
0.006432
0.006370
0.006370
0.006370
0.006372
0.006373
0.006379
0.006383
0.006381
0.006374
0.006368
0.006375
0.006370
0.006381
0.006459
0.006374
0.006373
0.006371
0.006370
0.006378
0.006374
0.006371
0.006370
0.006369
0.006375
0.006368
0.006369
0.006383
0.006377
0.006375
0.006376
0.006379
0.006379
0.006371
0.006362
0.006367
0.006374
0.006364
0.006366
0.006370
0.006417
0.006386
0.006367
0.006367
0.006384
0.006373
0.006373
0.006378
0.006372
0.006373
0.006370
0.006452
0.006388
0.006448
0.006418
0.006378
0.006378
0.006376
0.006469
0.006412
0.006389
0.006385
0.006379
0.006366
0.006385
0.006371
0.006368
0.006377
0.006375
0.006368
0.006373
0.006369
0.006367
0.006380
0.006377
0.006372
0.006380
0.006370
0.006384
0.006378
0.006367
0.006383
0.006366
0.006377
0.006384
0.006379
0.006376
0.006366
0.006368
0.006367
0.006374
0.006456
0.006379
0.006373
0.006377
0.006378
0.006370
0.006377
0.006379
0.006380
0.006368
0.006379
0.006371
0.006381
0.006366
0.006372
0.006377
0.006370
0.006379
0.006382
0.006378
0.006372
0.006377
0.006382
0.006399
0.006368
0.006376
0.006364
0.006373
0.006367
0.006374
0.006380
0.006371
0.006377
0.006371
0.006383
0.006375
0.006379
0.006378
0.006377
0.006493
0.006436
0.006373
0.006381
