0.040403
0.039726
0.037987
0.035852
0.037651
0.036200
0.037751
0.037512
0.037386
0.036546
0.037054
0.036284
0.036282
0.036151
0.038928
0.036970
0.037360
0.035798
0.036130
0.036863
0.037445
0.037112
0.037826
0.035885
0.037512
0.036150
0.037544
0.039001
0.036500
0.035890
0.036087
0.037551
0.037375
0.035647
0.037638
0.036094
0.036169
0.038540
0.037626
0.037248
0.035409
0.045763
0.040512
0.043703
0.039187
0.041241
0.040624
0.038786
0.038557
0.039874
0.037747
0.040189
0.037205
0.038029
0.037757
0.037537
0.037459
0.036969
0.037855
0.038955
0.036858
0.037841
0.039606
0.039735
0.036883
0.036766
0.040406
0.038518
0.036769
0.037376
0.040757
0.038692
0.037503
0.038771
0.036058
0.038185
0.041204
0.036282
0.038235
0.038001
0.035897
0.038586
0.036337
0.036353
0.038458
0.037868
0.037744
0.037519
0.040909
0.041186
0.036287
0.036950
0.038620
0.038551
0.036648
0.039133
0.040452
0.038833
0.036382
0.040654
0.035923
0.036752
0.036476
0.036702
0.037045
0.037444
0.036649
0.039833
0.038185
0.036519
0.038327
0.036396
0.036639
0.038777
0.036585
0.036981
0.036719
0.038658
0.037865
0.036305
0.039401
0.035990
0.038733
0.038410
0.036205
0.038603
0.038211
0.036391
0.036618
0.037341
0.040210
0.037484
0.036118
0.038027
0.037549
0.039452
0.036967
0.038689
0.038342
0.036060
0.036743
0.037460
0.036383
0.038507
0.037961
0.037871
0.035934
0.036638
0.036792
0.038004
0.036198
0.036165
0.038561
0.039233
0.037294
0.037455
0.037049
0.038851
0.035965
0.036566
0.037813
0.038421
0.038007
0.036067
0.036358
0.037831
0.036065
0.038198
0.036206
0.038862
0.036372
0.037854
0.038565
0.050978
0.041220
0.044584
0.038765
0.041157
0.039269
0.038918
0.040130
0.039093
0.037666
0.037721
0.037983
0.037479
0.038110
0.038950
0.038221
0.036627
0.037241
0.038666
0.036908
0.038706
0.038569
0.038921
0.037489
0.036640
0.038978
0.036420
0.036878
0.037932
0.036802
0.039510
0.036566
0.037644
0.038570
0.037710
0.039696
0.037002
0.037324
0.041284
0.036027
0.039085
0.036465
0.038561
0.037039
0.037027
0.037019
0.036926
0.037085
0.038723
0.036620
0.036837
0.039245
0.038138
0.036333
0.038595
0.038408
0.038923
0.038995
0.038773
0.036831
0.039367
0.036814
0.038299
0.038497
0.039339
0.036472
0.036852
0.040780
0.040953
0.040390
0.037040
0.039300
0.036850
0.039617
0.039542
0.037527
0.040551
0.039229
0.037994
0.036710
0.037180
0.040570
0.036055
0.037147
0.037045
0.040449
0.038150
0.036406
0.038779
0.038181
0.038295
0.038468
0.036558
0.038072
0.038396
0.037649
0.038181
0.036312
0.038936
0.036217
0.036713
0.037265
0.036902
0.037179
0.036692
0.038865
0.036513
0.038454
0.038370
0.039175
0.038232
0.040602
0.037758
0.037578
0.040603
0.036083
0.038848
0.036964
0.038326
0.036603
0.036818
0.038514
0.038310
0.040233
0.038439
0.036789
0.038414
0.041240
0.038233
0.038363
0.038833
0.046958
0.042542
0.040777
0.044066
0.045330
0.038034
0.040131
0.037026
0.037170
0.037451
0.039963
0.038154
0.038456
0.038131
0.036853
0.036557
0.038000
0.035679
0.036133
0.038136
0.037342
0.036086
0.036897
0.039639
0.037720
0.037913
0.038296
0.035853
0.038050
0.035925
0.038507
0.038256
0.037786
0.035790
0.040728
0.038104
0.038746
0.038033
0.036818
0.038295
0.036802
0.037243
0.038674
0.036374
0.038474
0.039462
0.035529
0.038304
0.038216
0.038693
0.035887
0.038024
0.039497
0.036039
0.036611
0.036295
0.036389
0.036773
0.036440
0.038394
0.039911
0.040219
0.038154
0.037902
0.037723
0.036324
0.038262
0.037951
0.036028
0.040450
0.035524
0.037656
0.035871
0.038879
0.036028
0.038536
0.040059
0.040215
0.037428
0.040005
0.035809
0.036719
0.038284
0.036162
0.036470
0.038411
0.036197
0.038425
0.036302
0.036723
0.036265
0.036224
0.036473
0.038159
0.036109
0.037639
0.036366
0.036725
0.036954
0.038500
0.040352
0.039962
0.035880
0.036272
0.036625
0.036631
0.038666
0.038331
0.037954
0.038031
0.035880
0.036559
0.038693
0.035899
0.037199
0.036309
0.039270
0.037386
0.036022
0.036728
0.038502
0.036304
0.038437
0.036343
0.039246
0.037947
0.036273
0.037020
0.036870
0.038966
0.036147
0.037513
0.048801
0.040947
0.043811
0.043819
0.040286
0.037923
0.038103
0.039781
0.039942
0.038940
0.039208
0.038513
0.037617
0.039481
0.037050
0.038112
0.037891
0.036436
0.036096
0.036629
0.038141
0.037028
0.036514
0.037468
0.036311
0.037896
0.037553
0.037700
0.036771
0.035966
0.037908
0.035938
0.036705
0.038084
0.036516
0.036636
0.036143
0.038756
0.038903
0.036969
0.037883
0.035959
0.038023
0.037666
0.037309
0.038895
0.036654
0.036182
0.036077
0.038204
0.036290
0.037546
0.035520
0.039566
0.035251
0.035917
0.037773
0.035565
0.037369
0.036113
0.036127
0.036018
0.035919
0.037594
0.036127
0.036032
0.036063
0.037866
0.035505
0.038555
0.038981
0.036871
0.036728
0.035972
0.035767
0.036004
0.038188
0.037322
0.035537
0.037585
0.035582
0.035977
0.036207
0.036039
0.036225
0.036526
0.035961
0.036359
0.039326
0.035131
0.036152
0.036588
0.035888
0.038315
0.037717
0.037557
0.037508
0.035183
0.037657
0.035605
0.039495
0.035876
0.037548
0.037710
0.035564
0.038155
0.035791
0.036756
0.035616
0.036265
0.035975
0.036110
0.036335
0.036224
0.037926
0.035568
0.036319
0.035945
0.035950
0.037388
0.037739
0.037435
0.037478
0.037006
0.037439
0.037616
0.035297
0.037820
0.037036
0.036775
0.037573
0.037526
0.038230
0.035700
0.051781
0.042220
0.047296
0.040554
0.038886
0.040141
0.038348
0.039146
0.037469
0.039551
0.038393
0.036869
0.039900
0.037982
0.037722
0.036971
0.036180
0.035966
0.036369
0.037943
0.036062
0.038903
0.036206
0.037414
0.036006
0.037673
0.035822
0.036033
0.039949
0.038799
0.034988
0.037925
0.037574
0.037897
0.037914
0.036193
0.037697
0.037513
0.035844
0.036220
0.036798
0.036599
0.038676
0.036101
0.037835
0.037537
0.037196
0.036988
0.035643
0.036320
0.037853
0.037121
0.035657
0.037812
0.035529
0.038959
0.036742
0.037702
0.035627
0.036355
0.036028
0.036026
0.037410
0.035896
0.035936
0.036153
0.035832
0.037852
0.036047
0.036151
0.038204
0.036148
0.036122
0.037456
0.035555
0.037605
0.035958
0.037678
0.037231
0.037030
0.035864
0.036151
0.038142
0.035499
0.036402
0.036260
0.036188
0.037643
0.037016
0.036238
0.037882
0.035588
0.037620
0.036948
0.035382
0.037513
0.037387
0.035787
0.037625
0.035437
0.036751
0.036149
0.035855
0.037014
0.039517
0.035317
0.036910
0.036719
0.035772
0.037370
0.037301
0.037448
0.035462
0.036560
0.037325
0.037004
0.036994
0.035361
0.036178
0.037134
0.035558
0.036029
0.037238
0.035820
0.037896
0.037275
0.035556
0.037125
0.036023
0.036061
0.037414
0.038021
0.037463
0.036553
0.039102
0.045282
0.038761
0.038040
0.038890
0.037511
0.038183
0.039484
0.036478
0.040859
0.036066
0.036838
0.038071
0.038146
0.036218
0.038293
0.037975
0.037573
0.035998
0.036409
0.036479
0.037871
0.035567
0.038612
0.035938
0.037722
0.036894
0.035924
0.037728
0.035576
0.036161
0.036774
0.038010
0.037733
0.037955
0.035607
0.037366
0.037076
0.038039
0.036795
0.038082
0.038053
0.035883
0.039487
0.037971
0.036195
0.040010
0.038663
0.037662
0.038734
0.036836
0.037634
0.036500
0.036744
0.039914
0.038482
0.036172
0.036861
0.038800
0.037847
0.038419
0.036160
0.038549
0.037561
0.039458
0.038435
0.037721
0.035822
0.036528
0.038884
0.036687
0.036712
0.036428
0.036645
0.039484
0.037429
0.039566
0.035980
0.037391
0.036564
0.037653
0.038771
0.035778
0.037851
0.037771
0.035959
0.037913
0.038047
0.035769
0.036246
0.038231
0.035661
0.037942
0.037725
0.039195
0.036538
0.038443
0.036560
0.036850
0.038427
0.038594
0.037702
0.042184
0.036084
0.038442
0.036258
0.038651
0.037787
0.038860
0.038164
0.037335
0.036713
0.036420
0.037521
0.036425
0.038095
0.039869
0.037055
0.036040
0.036484
0.037897
0.037864
0.038071
0.036290
0.036340
0.036361
0.039807
0.035600
0.038747
0.036947
0.038293
0.035986
0.037982
0.040017
0.049041
0.045030
0.039566
0.039566
0.038357
0.039682
0.037353
0.037174
0.037029
0.039063
0.036582
0.037138
0.037017
0.038911
0.036813
0.039477
0.038498
0.036312
0.038714
0.037288
0.036893
0.041219
0.037816
0.038124
0.036271
0.037844
0.038295
0.036738
0.036889
0.041091
0.036045
0.036528
0.038227
0.037906
0.039222
0.038118
0.037374
0.035863
0.038487
0.039274
0.034979
0.037694
0.039452
0.035835
0.035829
0.037520
0.037415
0.035435
0.036715
0.036252
0.037017
0.037063
0.036273
0.037137
0.037283
0.038918
0.038122
0.036979
0.036044
0.037896
0.035612
0.035967
0.036132
0.036202
0.039574
0.035510
0.037660
0.035730
0.036092
0.039148
0.035770
0.037711
0.035744
0.037950
0.035584
0.037904
0.037537
0.038052
0.038115
0.038946
0.036803
0.038938
0.038796
0.036851
0.036825
0.037416
0.037371
0.036056
0.035872
0.036077
0.038484
0.037030
0.035618
0.035906
0.035962
0.037596
0.036578
0.038416
0.035933
0.037643
0.035689
0.037665
0.039124
0.037840
0.037033
0.038317
0.037655
0.035576
0.037493
0.035460
0.036138
0.038092
0.037532
0.038548
0.035326
0.035915
0.035983
0.037883
0.035880
0.039103
0.035002
0.035840
0.036257
0.036338
0.036305
0.036206
0.038644
0.037043
0.038673
0.035479
0.037607
0.035794
0.038362
0.047428
0.039413
0.040107
0.038683
0.041712
0.040244
0.037221
0.039321
0.039200
0.036747
0.037222
0.037235
0.037049
0.036754
0.038587
0.038704
0.036541
0.037565
0.037479
0.037538
0.037295
0.037353
0.038171
0.035693
0.036740
0.037384
0.037286
0.035602
0.035771
0.037254
0.038216
0.036687
0.037635
0.037629
0.035643
0.038728
0.037845
0.037965
0.040603
0.039082
0.035288
0.036301
0.037914
0.036205
0.037956
0.037940
0.036143
0.037642
0.035911
0.038591
0.036113
0.037914
0.035656
0.038498
0.037077
0.035943
0.037711
0.037563
0.038121
0.039202
0.035569
0.037936
0.037293
0.037972
0.036163
0.040631
0.038405
0.036931
0.038523
0.039899
0.037664
0.037634
0.036983
0.036981
0.036694
0.038223
0.038850
0.036319
0.037087
0.038317
0.038515
0.038215
0.036239
0.037079
0.038409
0.038381
0.038456
0.036247
0.038713
0.036692
0.038342
0.037889
0.036338
0.039455
0.038755
0.039914
0.035740
0.038511
0.038756
0.038262
0.036270
0.036465
0.039193
0.038004
0.035988
0.036400
0.036313
0.036396
0.036485
0.038301
0.037195
0.037936
0.037949
0.039141
0.036695
0.036362
0.036619
0.037954
0.037497
0.037544
0.035974
0.037821
0.037528
0.037566
0.035981
0.039233
0.037448
0.037532
0.038916
0.036509
0.036692
0.038222
0.038839
0.045454
0.041498
0.039183
0.037287
0.038016
0.038669
0.037603
0.036855
0.038588
0.036554
0.038506
0.035811
0.036136
0.037724
0.035568
0.036254
0.037373
0.036157
0.036437
0.038630
0.036847
0.037974
0.036093
0.037034
0.037726
0.035827
0.038539
0.038106
0.037379
0.037257
0.035568
0.037813
0.035875
0.036229
0.036465
0.039115
0.036404
0.039245
0.036573
0.036795
0.039834
0.035944
0.039295
0.037357
0.037683
0.036710
0.036883
0.037976
0.036448
0.037551
0.038147
0.037715
0.038149
0.038207
0.040203
0.038251
0.036447
0.036508
0.036643
0.038371
0.036778
0.036924
0.038750
0.038555
0.038001
0.038686
0.038608
0.038186
0.036472
0.037882
0.038900
0.037721
0.036587
0.038175
0.038191
0.038356
0.037344
0.036106
0.037746
0.035913
0.036555
0.036892
0.036679
0.036755
0.037072
0.036718
0.038776
0.036380
0.038197
0.039648
0.037188
0.036049
0.038299
0.037929
0.036501
0.037624
0.037820
0.037887
0.037808
0.036509
0.038765
0.036655
0.036780
0.040073
0.036403
0.036613
0.038396
0.038251
0.036491
0.038478
0.036225
0.039484
0.037163
0.038323
0.040464
0.037718
0.039355
0.037541
0.036298
0.036615
0.036581
0.038560
0.038987
0.037658
0.038257
0.036090
0.037324
0.038710
0.036075
0.040284
0.037492
0.038016
0.043727
0.046927
0.040802
0.040526
0.037171
0.037343
0.038399
0.036114
0.036516
0.036342
0.036381
0.038854
0.037090
0.036102
0.037750
0.037738
0.035618
0.036062
0.036378
0.035833
0.036949
0.036214
0.037555
0.036024
0.037993
0.037574
0.035847
0.036057
0.036239
0.039527
0.036279
0.035894
0.039385
0.038483
0.037877
0.037666
0.039850
0.037190
0.035613
0.037987
0.035873
0.035884
0.036221
0.036002
0.037536
0.035718
0.035882
0.036449
0.037578
0.035407
0.036492
0.036484
0.037489
0.036163
0.035972
0.037894
0.035447
0.036381
0.036398
0.037690
0.035822
0.039109
0.037402
0.037532
0.037404
0.035291
0.036092
0.037505
0.037247
0.037919
0.035780
0.037805
0.036205
0.035892
0.036068
0.038480
0.035657
0.036194
0.037816
0.035785
0.038881
0.035930
0.037399
0.035712
0.038000
0.035829
0.036314
0.036194
0.037761
0.035955
0.038737
0.037062
0.035654
0.037768
0.036595
0.036957
0.037392
0.036922
0.035078
0.037646
0.036005
0.035994
0.036839
0.035952
0.037554
0.036106
0.036453
0.036370
0.039172
0.038282
0.035388
0.035865
0.035961
0.038005
0.035692
0.037422
0.036156
0.037664
0.035614
0.035774
0.037634
0.038809
0.036931
0.036206
0.035633
0.037096
0.037494
0.035923
0.037770
0.038701
0.035821
0.037484
0.037751
0.037576
0.035571
0.040237
0.049755
0.043416
0.037420
0.041321
0.036959
0.037898
0.039276
0.036862
0.040377
0.037241
0.038855
0.036609
0.038220
0.037995
0.036262
0.036989
0.038747
0.038391
0.038279
0.036261
0.037105
0.038387
0.038805
0.038301
0.036036
0.037435
0.037411
0.038544
0.037778
0.038107
0.038124
0.035730
0.039091
0.037608
0.037564
0.037069
0.035683
0.036061
0.037816
0.038342
0.035307
0.037427
0.037253
0.037819
0.035694
0.035957
0.037470
0.037817
0.035907
0.039449
0.036257
0.039446
0.034974
0.038599
0.037317
0.037157
0.039038
0.035315
0.035995
0.036364
0.037466
0.037227
0.035781
0.036017
0.036113
0.037689
0.037279
0.037573
0.039131
0.036948
0.038232
0.035537
0.036159
0.037049
0.036655
0.037661
0.037731
0.035859
0.036228
0.038826
0.036158
0.037223
0.037754
0.038610
0.035349
0.037561
0.037093
0.038399
0.035786
0.036220
0.038630
0.036069
0.036099
0.037628
0.038382
0.037362
0.035259
0.036080
0.039105
0.035142
0.036042
0.039260
0.036990
0.037364
0.035432
0.035771
0.038127
0.036203
0.036269
0.039258
0.035682
0.037321
0.035582
0.036776
0.037992
0.037690
0.036179
0.036062
0.035930
0.035837
0.037418
0.035607
0.036260
0.037246
0.035638
0.037470
0.035620
0.037144
0.037179
0.038011
0.037672
0.038591
0.036249
0.045836
0.041580
0.042133
0.037468
0.037823
0.041306
0.038909
0.038481
0.036452
0.038204
0.039289
0.037323
0.035981
0.036354
0.038215
0.037325
0.037419
0.036024
0.037868
0.036888
0.037619
0.035793
0.038049
0.036323
0.037731
0.038890
0.035026
0.037207
0.036061
0.036777
0.035892
0.037709
0.038314
0.036334
0.038067
0.036112
0.039164
0.038188
0.039594
0.035386
0.038722
0.036202
0.038210
0.037546
0.038076
0.038175
0.035992
0.038684
0.037363
0.038626
0.036727
0.038157
0.035777
0.038334
0.038181
0.036245
0.036868
0.036730
0.038090
0.036567
0.036559
0.038022
0.039358
0.039652
0.037722
0.037985
0.037797
0.036087
0.038619
0.037970
0.036010
0.036943
0.036428
0.039876
0.036322
0.037860
0.036979
0.039069
0.036736
0.036586
0.036597
0.038076
0.037980
0.035789
0.036378
0.039777
0.037536
0.037775
0.039630
0.036389
0.036368
0.036426
0.036612
0.038571
0.036046
0.036694
0.036364
0.036485
0.036278
0.038988
0.039839
0.036181
0.038830
0.039194
0.038857
0.040152
0.037903
0.038812
0.038242
0.038057
0.037426
0.036316
0.036480
0.036532
0.036448
0.036411
0.038340
0.037883
0.039148
0.037787
0.038088
0.037479
0.038981
0.038373
0.039584
0.035857
0.036695
0.036792
0.036899
0.040496
0.037520
0.037811
0.038347
0.043170
0.042110
0.044592
0.039147
0.039202
0.039770
0.039510
0.038999
0.040583
0.036704
0.038899
0.039136
0.037316
0.039092
0.038688
0.036899
0.037638
0.038955
0.038717
0.039572
0.037991
0.035804
0.039141
0.038404
0.037866
0.035790
0.036246
0.036247
0.036368
0.037222
0.037320
0.035876
0.038609
0.037548
0.036214
0.037665
0.036138
0.035994
0.037625
0.035947
0.038955
0.035748
0.035977
0.037999
0.035586
0.037562
0.037530
0.035549
0.037074
0.037944
0.037664
0.038032
0.037056
0.035496
0.036371
0.036222
0.037013
0.039295
0.037361
0.035722
0.038481
0.035461
0.038061
0.036997
0.035773
0.036220
0.038168
0.035651
0.037656
0.035589
0.036194
0.036518
0.037704
0.035982
0.039468
0.035264
0.036387
0.036799
0.038808
0.035936
0.035893
0.036092
0.037749
0.035735
0.037460
0.037863
0.037785
0.035646
0.037428
0.036156
0.037151
0.037460
0.035887
0.037311
0.038821
0.035791
0.035833
0.038839
0.037925
0.037914
0.035499
0.037465
0.035715
0.039689
0.037673
0.037482
0.035731
0.037441
0.037347
0.036423
0.035705
0.037754
0.037192
0.038331
0.035683
0.035970
0.035981
0.037713
0.037534
0.036861
0.037275
0.037156
0.036096
0.037023
0.036001
0.037904
0.037401
0.037048
0.036431
0.037228
0.037728
0.037956
0.037278
0.037510
0.046629
0.041001
0.040931
0.037155
0.042443
0.037481
0.037111
0.038831
0.036836
0.038566
0.036053
0.038247
0.035866
0.038404
0.039994
0.035566
0.038100
0.036382
0.036646
0.038204
0.035700
0.036295
0.038604
0.035967
0.036911
0.038159
0.035574
0.036145
0.037363
0.036100
0.036042
0.036022
0.037741
0.037915
0.037358
0.035908
0.036364
0.039698
0.038812
0.035659
0.037609
0.035590
0.037632
0.036091
0.036042
0.037390
0.035670
0.036241
0.036369
0.036558
0.036550
0.036438
0.036348
0.036626
0.037369
0.035726
0.036369
0.036187
0.036167
0.039014
0.035467
0.035860
0.037634
0.035982
0.036261
0.038479
0.035429
0.037409
0.036790
0.041718
0.038495
0.036948
0.038717
0.036035
0.037876
0.035882
0.036748
0.038210
0.039802
0.037062
0.035772
0.036643
0.036432
0.038080
0.038045
0.036051
0.037703
0.036339
0.037634
0.036631
0.036044
0.036292
0.037813
0.037415
0.035615
0.038038
0.037609
0.037702
0.038580
0.036076
0.037399
0.038886
0.037228
0.035823
0.036234
0.037900
0.037561
0.037187
0.035771
0.036064
0.036069
0.039125
0.037036
0.035551
0.037070
0.036007
0.037206
0.035809
0.038011
0.035460
0.037350
0.038417
0.037171
0.037496
0.035639
0.037630
0.037121
0.035341
0.036167
0.036214
0.037435
0.037881
0.037275
0.035834
0.042262
0.040869
0.045331
0.040828
0.041740
0.040855
0.039945
0.037754
0.040111
0.037353
0.037730
0.037471
0.039599
0.037589
0.040012
0.037502
0.037863
0.037828
0.039098
0.036358
0.037544
0.036632
0.036966
0.039785
0.037246
0.036648
0.040515
0.035991
0.037749
0.035729
0.036752
0.036447
0.037472
0.037960
0.039379
0.038849
0.037319
0.036513
0.038019
0.038208
0.036837
0.042143
0.037707
0.037207
0.036303
0.038885
0.036446
0.038028
0.036514
0.037427
0.036810
0.038859
0.038424
0.036218
0.036532
0.036406
0.038506
0.036347
0.036535
0.039360
0.036138
0.038487
0.036309
0.038191
0.036601
0.040795
0.035529
0.040557
0.039552
0.039315
0.036014
0.038091
0.036335
0.036624
0.036625
0.036474
0.038478
0.036157
0.041690
0.035272
0.038339
0.036180
0.036258
0.036466
0.038337
0.038433
0.036072
0.036536
0.038195
0.038418
0.036097
0.038351
0.036374
0.036483
