0.001968
0.001487
0.001488
0.001450
0.001428
0.001433
0.001381
0.001382
0.001383
0.001339
0.001337
0.001322
0.001253
0.001256
0.001261
0.001223
0.001226
0.001225
0.001206
0.001190
0.001190
0.001190
0.001164
0.001166
0.001167
0.001186
0.001136
0.001136
0.001142
0.001126
0.001110
0.001136
0.001138
0.001112
0.001160
0.001151
0.001107
0.001087
0.001116
0.001137
0.001088
0.001088
0.001137
0.001161
0.001101
0.001109
0.001143
0.001087
0.001090
0.001129
0.001124
0.001088
0.001122
0.001162
0.001106
0.001090
0.001092
0.001089
0.001090
0.001090
0.001093
0.001143
0.001106
0.001094
0.001088
0.001090
0.001089
0.001092
0.001088
0.001089
0.001129
0.001107
0.001087
0.001089
0.001092
0.001091
0.001088
0.001088
0.001090
0.001107
0.001113
0.001087
0.001092
0.001088
0.001088
0.001091
0.001089
0.001090
0.001130
0.001124
0.001089
0.001088
0.001090
0.001090
0.001089
0.001087
0.001093
0.001113
0.001118
0.001086
0.001089
0.001090
0.001088
0.001088
0.001091
0.001089
0.001087
0.001140
0.001091
0.001089
0.001090
0.001092
0.001088
0.001088
0.001088
0.001112
0.001131
0.001086
0.001091
0.001088
0.001090
0.001089
0.001091
0.001090
0.001104
0.001141
0.001088
0.001089
0.001088
0.001090
0.001091
0.001088
0.001089
0.001091
0.001134
0.001101
0.001093
0.001089
0.001091
0.001089
0.001090
0.001087
0.001136
0.001159
0.001109
0.001086
0.001087
0.001091
0.001088
0.001088
0.001089
0.001092
0.001141
0.001109
0.001090
0.001091
0.001089
0.001088
0.001094
0.001088
0.001088
0.001122
0.001111
0.001089
0.001089
0.001089
0.001092
0.001089
0.001088
0.001091
0.001105
0.001121
0.001090
0.001092
0.001086
0.001089
0.001088
0.001091
0.001087
0.001124
0.001129
0.001090
0.001090
0.001089
0.001091
0.001088
0.001090
0.001093
0.001112
0.001125
0.001087
0.001094
0.001088
0.001090
0.001090
0.001143
0.001112
0.001089
0.001142
0.001088
0.001089
0.001088
0.001090
0.001090
0.001088
0.001090
0.001114
0.001144
0.001089
0.001092
0.001089
0.001090
0.001088
0.001091
0.001090
0.001090
0.001147
0.001108
0.001090
0.001090
0.001091
0.001092
0.001088
0.001089
0.001113
0.001141
0.001086
0.001090
0.001088
0.001088
0.001087
0.001091
0.001088
0.001086
0.001146
0.001108
0.001088
0.001088
0.001091
0.001090
0.001088
0.001088
0.001093
0.001137
0.001115
0.001091
0.001090
0.001088
0.001088
0.001090
0.001087
0.001086
0.001142
0.001116
0.001089
0.001090
0.001090
0.001090
0.001087
0.001086
0.001093
0.001128
0.001122
0.001089
0.001091
0.001089
0.001087
0.001086
0.001090
0.001087
0.001121
0.001134
0.001090
0.001091
0.001090
0.001096
0.001089
0.001088
0.001089
0.001132
0.001127
0.001088
0.001102
0.001090
0.001091
0.001090
0.001093
0.001087
0.001117
0.001140
0.001090
0.001090
0.001089
0.001091
0.001088
0.001089
0.001089
0.001111
0.001136
0.001089
0.001092
0.001089
0.001089
0.001086
0.001090
0.001089
0.001113
0.001140
0.001091
0.001091
0.001088
0.001090
0.001088
0.001091
0.001088
0.001091
0.001150
0.001101
0.001086
0.001092
0.001087
0.001085
0.001090
0.001088
0.001089
0.001139
0.001119
0.001090
0.001088
0.001089
0.001088
0.001089
0.001088
0.001090
0.001130
0.001119
0.001088
0.001091
0.001087
0.001089
0.001092
0.001087
0.001090
0.001138
0.001119
0.001089
0.001089
0.001088
0.001090
0.001091
0.001087
0.001091
0.001128
0.001123
0.001088
0.001093
0.001088
0.001090
0.001088
0.001090
0.001086
0.001117
0.001137
0.001090
0.001087
0.001114
0.001139
0.001099
0.001090
0.001091
0.001152
0.001123
0.001089
0.001091
0.001091
0.001090
0.001090
0.001091
0.001089
0.001117
0.001137
0.001089
0.001089
0.001088
0.001094
0.001088
0.001089
0.001089
0.001110
0.001134
0.001089
0.001090
0.001088
0.001089
0.001089
0.001092
0.001088
0.001112
0.001140
0.001093
0.001089
0.001089
0.001093
0.001090
0.001090
0.001088
0.001093
0.001150
0.001104
0.001093
0.001088
0.001086
0.001090
0.001092
0.001089
0.001089
0.001140
0.001117
0.001089
0.001085
0.001090
0.001087
0.001092
0.001090
0.001092
0.001132
0.001113
0.001088
0.001090
0.001089
0.001087
0.001092
0.001089
0.001088
0.001141
0.001117
0.001088
0.001087
0.001089
0.001090
0.001088
0.001089
0.001093
0.001132
0.001125
0.001089
0.001091
0.001087
0.001089
0.001088
0.001092
0.001089
0.001118
0.001130
0.001089
0.001089
0.001091
0.001093
0.001088
0.001090
0.001090
0.001132
0.001124
0.001087
0.001091
0.001089
0.001089
0.001088
0.001090
0.001089
0.001117
0.001141
0.001088
0.001087
0.001086
0.001093
0.001089
0.001087
0.001088
0.001108
0.001147
0.001100
0.001090
0.001086
0.001089
0.001088
0.001088
0.001091
0.001090
0.001143
0.001111
0.001089
0.001090
0.001092
0.001088
0.001088
0.001089
0.001091
0.001126
0.001098
0.001091
0.001090
0.001089
0.001088
0.001091
0.001088
0.001090
0.001108
0.001117
0.001091
0.001086
0.001087
0.001093
0.001086
0.001086
0.001094
0.001132
0.001122
0.001088
0.001091
0.001088
0.001090
0.001090
0.001090
0.001089
0.001112
0.001136
0.001091
0.001089
0.001088
0.001091
0.001090
0.001088
0.001090
0.001089
0.001149
0.001089
0.001095
0.001087
0.001090
0.001091
0.001092
0.001089
0.001089
0.001150
0.001089
0.001087
0.001088
0.001093
0.001087
0.001090
0.001089
0.001093
0.001143
0.001089
0.001093
0.001090
0.001087
0.001090
0.001091
0.001087
0.001089
0.001137
0.001091
0.001090
0.001090
0.001092
0.001090
0.001105
0.001149
0.001118
0.001141
0.001086
0.001091
0.001088
0.001089
0.001089
0.001094
0.001088
0.001089
0.001141
0.001102
0.001089
0.001089
0.001092
0.001089
0.001088
0.001087
0.001092
0.001172
0.001135
0.001087
0.001091
0.001090
0.001088
0.001092
0.001090
0.001088
0.001135
0.001123
0.001089
0.001089
0.001087
0.001106
0.001088
0.001087
0.001091
0.001123
0.001115
0.001090
0.001093
0.001087
0.001087
0.001091
0.001090
0.001087
0.001118
0.001120
0.001089
0.001091
0.001091
0.001090
0.001088
0.001087
0.001091
0.001089
0.001143
0.001090
0.001093
0.001087
0.001088
0.001086
0.001092
0.001089
0.001089
0.001137
0.001089
0.001089
0.001088
0.001090
0.001090
0.001086
0.001091
0.001095
0.001151
0.001100
0.001094
0.001089
0.001090
0.001088
0.001089
0.001089
0.001088
0.001136
0.001090
0.001087
0.001087
0.001092
0.001087
0.001088
0.001087
0.001121
0.001137
0.001101
0.001088
0.001092
0.001088
0.001088
0.001089
0.001092
0.001089
0.001140
0.001117
0.001090
0.001091
0.001091
0.001089
0.001090
0.001088
0.001090
0.001145
0.001106
0.001088
0.001094
0.001088
0.001090
0.001091
0.001089
0.001089
0.001134
0.001120
0.001088
0.001087
0.001087
0.001091
0.001090
0.001089
0.001092
0.001124
0.001122
0.001090
0.001091
0.001089
0.001087
0.001086
0.001091
0.001090
0.001130
0.001126
0.001088
0.001088
0.001089
0.001092
0.001089
0.001088
0.001086
0.001121
0.001133
0.001087
0.001091
0.001089
0.001091
0.001091
0.001091
0.001089
0.001109
0.001146
0.001087
0.001089
0.001091
0.001092
0.001090
0.001089
0.001088
0.001093
0.001147
0.001105
0.001093
0.001092
0.001087
0.001089
0.001090
0.001090
0.001110
0.001141
0.001091
0.001088
0.001088
0.001092
0.001089
0.001086
0.001089
0.001092
0.001160
0.001106
0.001087
0.001092
0.001087
0.001089
0.001094
0.001087
0.001087
0.001135
0.001119
0.001089
0.001088
0.001091
0.001086
0.001087
0.001090
0.001091
0.001119
0.001127
0.001090
0.001093
0.001089
0.001091
0.001089
0.001090
0.001088
0.001090
0.001151
0.001090
0.001088
0.001089
0.001091
0.001086
0.001089
0.001092
0.001104
0.001131
0.001088
0.001092
0.001088
0.001089
0.001089
0.001090
0.001091
0.001090
0.001145
0.001088
0.001090
0.001089
0.001092
0.001089
0.001087
0.001089
0.001116
0.001158
0.001089
0.001091
0.001090
0.001123
0.001147
0.001093
0.001090
0.001110
0.001140
0.001089
0.001090
0.001090
0.001090
0.001086
0.001089
0.001090
0.001090
0.001147
0.001090
0.001090
0.001089
0.001089
0.001088
0.001091
0.001090
0.001088
0.001127
0.001109
0.001089
0.001087
0.001092
0.001089
0.001089
0.001090
0.001092
0.001143
0.001111
0.001090
0.001091
0.001087
0.001087
0.001093
0.001089
0.001089
0.001129
0.001126
0.001090
0.001090
0.001089
0.001092
0.001087
0.001089
0.001091
0.001142
0.001111
0.001089
0.001091
0.001089
0.001089
0.001091
0.001087
0.001089
0.001129
0.001126
0.001089
0.001090
0.001089
0.001093
0.001090
0.001089
0.001092
0.001122
0.001133
0.001088
0.001091
0.001087
0.001090
0.001090
0.001092
0.001088
0.001112
0.001145
0.001089
0.001090
0.001090
0.001091
0.001086
0.001088
0.001086
0.001089
0.001147
0.001105
0.001093
0.001087
0.001090
0.001091
0.001091
0.001087
0.001089
0.001137
0.001102
0.001088
0.001089
0.001094
0.001091
0.001089
0.001089
0.001115
0.001141
0.001087
0.001093
0.001091
0.001089
0.001087
0.001092
0.001087
0.001090
0.001121
0.001108
0.001087
0.001091
0.001093
0.001089
0.001089
0.001091
0.001092
0.001137
0.001103
0.001087
0.001091
0.001089
0.001089
0.001092
0.001093
0.001091
0.001135
0.001115
0.001089
0.001088
0.001090
0.001093
0.001086
0.001087
0.001092
0.001115
0.001122
0.001087
0.001089
0.001089
0.001087
0.001089
0.001092
0.001089
0.001088
0.001141
0.001089
0.001089
0.001089
0.001093
0.001088
0.001089
0.001089
0.001115
0.001134
0.001088
0.001092
0.001088
0.001089
0.001091
0.001089
0.001089
0.001086
0.001146
0.001090
0.001088
0.001087
0.001090
0.001087
0.001087
0.001091
0.001091
0.001137
0.001088
0.001092
0.001088
0.001088
0.001088
0.001091
0.001088
0.001089
0.001143
0.001103
0.001090
0.001091
0.001091
0.001089
0.001090
0.001090
0.001091
0.001137
0.001103
0.001091
0.001092
0.001089
0.001090
0.001090
0.001087
0.001089
0.001118
0.001115
0.001089
0.001088
0.001087
0.001091
0.001088
0.001087
0.001093
0.001128
0.001125
0.001090
0.001091
0.001090
0.001088
0.001089
0.001091
0.001090
0.001126
0.001176
0.001121
0.001090
0.001091
0.001092
0.001089
0.001088
0.001091
0.001133
0.001145
0.001088
0.001092
0.001089
0.001087
0.001090
0.001091
0.001088
0.001123
0.001132
0.001088
0.001088
0.001089
0.001091
0.001088
0.001086
0.001088
0.001113
0.001140
0.001090
0.001092
0.001091
0.001088
0.001088
0.001088
0.001090
0.001118
0.001137
0.001088
0.001089
0.001089
0.001089
0.001088
0.001090
0.001091
0.001114
0.001144
0.001092
0.001091
0.001090
0.001090
0.001091
0.001090
0.001088
0.001090
0.001148
0.001106
0.001090
0.001090
0.001091
0.001089
0.001090
0.001090
0.001107
0.001138
0.001102
0.001089
0.001092
0.001090
0.001088
0.001090
0.001089
0.001087
0.001140
0.001116
0.001087
0.001085
0.001088
0.001092
0.001088
0.001090
0.001091
0.001130
0.001132
0.001087
0.001093
0.001089
0.001087
0.001093
0.001089
0.001090
0.001121
0.001133
0.001090
0.001090
0.001090
0.001091
0.001090
0.001089
0.001091
0.001104
0.001121
0.001089
0.001092
0.001089
0.001089
0.001092
0.001090
0.001089
0.001086
0.001132
0.001089
0.001090
0.001090
0.001089
0.001089
0.001090
0.001089
0.001113
0.001143
0.001090
0.001091
0.001090
0.001087
0.001090
0.001093
0.001090
0.001089
0.001136
0.001108
0.001089
0.001091
0.001092
0.001089
0.001087
0.001089
0.001093
0.001119
0.001116
0.001091
0.001089
0.001089
0.001088
0.001092
0.001089
0.001087
0.001123
0.001113
0.001089
0.001088
0.001096
0.001089
0.001088
0.001090
0.001095
0.001123
0.001107
0.001088
0.001091
0.001088
0.001088
0.001091
0.001089
0.001090
0.001105
0.001122
0.001090
0.001088
0.001089
0.001092
0.001089
0.001089
0.001091
0.001123
0.001117
0.001088
0.001090
0.001087
0.001089
0.001088
0.001093
0.001089
0.001116
0.001130
0.001090
0.001089
0.001087
0.001091
0.001087
0.001089
0.001088
0.001090
0.001146
0.001087
0.001089
0.001088
0.001090
0.001090
0.001093
0.001088
0.001108
0.001139
0.001129
0.001091
0.001086
0.001091
0.001086
0.001090
0.001089
0.001094
0.001143
0.001102
0.001091
0.001090
0.001088
0.001091
0.001089
0.001090
0.001089
0.001141
0.001094
0.001086
0.001088
0.001092
0.001117
0.001138
0.001100
0.001092
0.001122
0.001102
0.001086
0.001092
0.001087
0.001089
0.001091
0.001088
0.001090
0.001139
0.001113
0.001089
0.001091
0.001088
0.001091
0.001089
0.001090
0.001092
0.001126
0.001113
0.001087
0.001089
0.001090
0.001088
0.001090
0.001087
0.001089
0.001106
0.001128
0.001089
0.001088
0.001088
0.001093
0.001088
0.001089
0.001094
0.001120
0.001132
0.001089
0.001089
0.001090
0.001089
0.001088
0.001091
0.001089
0.001110
0.001144
0.001089
0.001088
0.001086
0.001091
0.001087
0.001087
0.001087
0.001122
0.001134
0.001091
0.001094
0.001089
0.001088
0.001090
0.001091
0.001087
0.001109
0.001143
0.001091
0.001088
0.001086
0.001092
0.001088
0.001087
0.001089
0.001091
0.001146
0.001105
0.001092
0.001091
0.001086
0.001087
0.001089
0.001090
0.001103
0.001135
0.001105
0.001088
0.001090
0.001091
0.001090
0.001086
0.001089
0.001090
0.001139
0.001110
0.001088
0.001090
0.001089
0.001091
0.001091
0.001087
0.001089
0.001133
0.001117
0.001089
0.001090
0.001088
0.001091
0.001089
0.001091
0.001093
0.001137
0.001116
0.001090
0.001093
0.001089
0.001088
0.001087
0.001089
0.001091
0.001125
0.001130
0.001088
0.001088
0.001088
0.001092
0.001090
0.001088
0.001092
0.001177
0.001155
0.001088
0.001090
0.001089
0.001088
0.001089
0.001093
0.001089
0.001108
0.001149
0.001088
0.001091
0.001088
0.001091
0.001089
0.001090
0.001089
0.001091
0.001138
0.001088
0.001091
0.001089
0.001088
0.001090
0.001092
0.001089
0.001089
0.001129
0.001095
0.001088
0.001092
0.001091
0.001089
0.001089
0.001090
0.001094
0.001142
0.001107
0.001091
0.001088
0.001089
0.001087
0.001092
0.001090
0.001089
0.001125
0.001122
0.001087
0.001089
0.001093
0.001088
0.001088
0.001087
0.001093
0.001107
0.001127
0.001089
0.001095
0.001089
0.001089
0.001092
0.001089
0.001090
0.001114
0.001126
0.001089
0.001089
0.001088
0.001090
0.001086
0.001085
0.001092
0.001115
0.001120
0.001090
0.001092
0.001089
0.001091
0.001089
0.001090
0.001090
0.001087
0.001137
0.001089
0.001089
0.001090
0.001092
0.001092
0.001116
0.001136
0.001116
0.001137
0.001147
0.001122
0.001088
0.001086
0.001086
0.001092
0.001088
0.001112
0.001132
0.001088
0.001090
0.001087
0.001090
0.001089
0.001089
0.001088
0.001091
0.001146
0.001089
0.001091
0.001090
0.001087
0.001085
0.001089
0.001087
0.001087
0.001119
0.001108
0.001090
0.001088
0.001092
0.001090
0.001091
0.001089
0.001091
0.001139
0.001108
0.001087
0.001091
0.001087
0.001087
0.001091
0.001090
0.001088
0.001125
0.001108
0.001089
0.001090
0.001087
0.001088
0.001088
0.001088
0.001091
0.001105
0.001116
0.001087
0.001093
0.001089
0.001090
0.001089
0.001088
0.001089
0.001125
0.001125
0.001089
0.001088
0.001088
0.001090
0.001088
0.001089
0.001091
0.001114
0.001125
0.001089
0.001090
0.001089
0.001086
0.001088
0.001092
0.001087
0.001089
0.001144
0.001087
0.001089
0.001089
0.001092
0.001088
0.001090
0.001088
0.001112
0.001145
0.001090
0.001093
0.001088
0.001088
0.001085
0.001090
0.001088
0.001087
0.001144
0.001112
0.001089
0.001087
0.001090
0.001119
0.001144
0.001089
0.001141
0.001152
0.001136
0.001194
0.001140
0.001174
0.001195
0.001207
0.001204
0.001210
0.001200
0.001192
0.001138
0.001163
0.001208
0.001136
0.001121
0.001172
0.001188
0.001118
0.001150
0.001175
0.001130
0.001195
0.001203
0.001193
0.001173
0.001178
0.001174
0.001091
0.001146
0.001208
0.001134
0.001089
0.001148
0.001191
0.001136
0.001124
0.001204
0.001162
0.001109
0.001192
0.001187
0.001134
0.001150
0.001209
0.001137
0.001137
0.001202
0.001172
0.001137
0.001163
0.001204
0.001161
0.001123
0.001183
0.001183
0.001140
0.001137
0.001173
0.001131
0.001135
0.001206
0.001167
0.001138
0.001177
0.001190
0.001155
0.001138
0.001210
0.001204
0.001202
0.001195
0.001183
0.001162
0.001167
0.001165
0.001160
0.001161
0.001165
0.001163
0.001148
0.001163
0.001163
0.001153
0.001172
0.001167
0.001162
0.001164
0.001167
0.001163
0.001165
0.001171
0.001161
0.001163
0.001164
0.001167
0.001163
0.001162
0.001162
0.001169
0.001155
0.001169
0.001175
0.001164
0.001161
0.001161
0.001164
0.001135
0.001173
0.001178
0.001177
0.001170
0.001163
0.001135
0.001108
0.001144
0.001109
0.001173
0.001165
0.001137
0.001173
0.001160
0.001165
0.001172
0.001139
0.001136
0.001171
0.001176
0.001162
0.001167
0.001172
0.001136
0.001134
0.001140
0.001137
0.001135
0.001139
0.001168
0.001163
0.001132
0.001158
0.001130
0.001127
0.001140
0.001138
0.001154
0.001172
0.001160
0.001175
0.001163
0.001166
0.001187
0.001164
0.001162
0.001163
0.001166
0.001156
0.001168
0.001153
0.001134
0.001134
0.001183
0.001173
0.001163
0.001168
0.001160
0.001136
0.001154
0.001174
0.001138
0.001135
0.001141
0.001169
0.001160
0.001144
0.001175
0.001137
0.001135
0.001139
0.001137
0.001138
0.001182
0.001168
0.001150
0.001134
0.001174
0.001153
0.001132
0.001142
0.001183
0.001164
0.001146
0.001139
0.001135
0.001134
0.001136
0.001135
0.001154
0.001165
0.001171
0.001137
0.001134
0.001138
0.001136
0.001136
0.001136
0.001178
0.001163
0.001148
0.001170
0.001136
0.001173
0.001160
0.001177
0.001170
0.001162
0.001174
0.001136
0.001134
0.001135
0.001139
0.001136
0.001135
0.001157
0.001165
0.001170
0.001137
0.001138
0.001135
0.001137
0.001142
0.001154
0.001163
0.001166
0.001171
0.001136
0.001137
0.001169
0.001158
0.001136
0.001159
0.001165
0.001170
0.001136
0.001171
0.001156
0.001134
0.001182
0.001172
0.001143
0.001161
0.001168
0.001146
0.001126
0.001129
0.001131
0.001135
0.001136
0.001166
0.001164
0.001113
0.001149
0.001138
0.001137
0.001137
0.001138
0.001156
0.001162
0.001174
0.001136
0.001139
0.001136
0.001141
0.001138
0.001136
0.001161
0.001164
0.001168
0.001138
0.001136
0.001135
0.001134
0.001139
0.001136
0.001164
0.001173
0.001184
0.001136
0.001134
0.001139
0.001137
0.001121
0.001150
0.001165
0.001174
0.001110
0.001148
0.001110
0.001144
0.001136
0.001137
0.001145
0.001164
0.001173
0.001153
0.001116
0.001138
0.001124
0.001139
0.001134
0.001157
0.001162
0.001172
0.001136
0.001136
0.001135
0.001134
0.001137
0.001134
0.001153
0.001161
0.001166
0.001162
0.001159
0.001167
0.001163
0.001135
0.001155
0.001163
0.001169
0.001153
0.001167
0.001159
0.001135
0.001155
0.001173
0.001164
0.001163
0.001168
0.001138
0.001135
0.001140
0.001135
0.001137
0.001135
0.001164
0.001162
0.001165
0.001138
0.001137
0.001137
0.001136
0.001141
0.001160
0.001164
0.001174
0.001136
0.001136
0.001135
0.001136
0.001136
0.001134
0.001162
0.001163
0.001169
0.001136
0.001138
0.001137
0.001138
0.001139
0.001137
0.001162
0.001163
0.001170
0.001137
0.001137
0.001140
0.001137
0.001134
0.001133
0.001163
0.001172
0.001137
0.001141
0.001136
0.001136
0.001134
0.001139
0.001158
0.001162
0.001173
0.001135
0.001135
0.001136
0.001142
0.001136
0.001133
0.001160
0.001162
0.001168
0.001132
0.001136
0.001138
0.001136
0.001137
0.001137
0.001157
0.001164
0.001164
