0.000414
0.000123
0.000122
0.000128
0.000116
0.000120
0.000120
0.000119
0.000118
0.000126
0.000117
0.000121
0.000116
0.000138
0.000104
0.000109
0.000115
0.000109
0.000077
0.000078
0.000077
0.000079
0.000087
0.000079
0.000084
0.000079
0.000084
0.000080
0.000085
0.000084
0.000077
0.000078
0.000078
0.000078
0.000085
0.000080
0.000079
0.000078
0.000080
0.000090
0.000081
0.000084
0.000078
0.000085
0.000088
0.000080
0.000079
0.000085
0.000089
0.000081
0.000088
0.000081
0.000081
0.000075
0.000087
0.000078
0.000080
0.000080
0.000080
0.000079
0.000082
0.000082
0.000084
0.000081
0.000082
0.000085
0.000089
0.000078
0.000084
0.000080
0.000085
0.000081
0.000084
0.000078
0.000081
0.000088
0.000082
0.000088
0.000085
0.000080
0.000091
0.000078
0.000078
0.000084
0.000086
0.000081
0.000079
0.000081
0.000081
0.000081
0.000079
0.000077
0.000083
0.000077
0.000081
0.000078
0.000088
0.000078
0.000079
0.000081
0.000082
0.000082
0.000078
0.000082
0.000081
0.000078
0.000084
0.000082
0.000082
0.000096
0.000075
0.000079
0.000077
0.000083
0.000063
0.000074
0.000079
0.000072
0.000071
0.000077
0.000075
0.000076
0.000074
0.000069
0.000077
0.000077
0.000072
0.000073
0.000072
0.000071
0.000076
0.000073
0.000074
0.000072
0.000075
0.000072
0.000073
0.000075
0.000084
0.000071
0.000073
0.000075
0.000075
0.000070
0.000076
0.000093
0.000070
0.000072
0.000075
0.000072
0.000072
0.000077
0.000072
0.000074
0.000069
0.000070
0.000072
0.000072
0.000076
0.000072
0.000075
0.000071
0.000077
0.000081
0.000079
0.000081
0.000074
0.000090
0.000073
0.000079
0.000075
0.000076
0.000075
0.000072
0.000071
0.000070
0.000076
0.000073
0.000074
0.000074
0.000072
0.000074
0.000080
0.000078
0.000087
0.000071
0.000069
0.000074
0.000072
0.000070
0.000068
0.000075
0.000075
0.000069
0.000072
0.000074
0.000070
0.000075
0.000075
0.000077
0.000072
0.000072
0.000070
0.000073
0.000072
0.000072
0.000072
0.000081
0.000072
0.000073
0.000069
0.000075
0.000074
0.000073
0.000069
0.000070
0.000080
0.000076
0.000081
0.000079
0.000076
0.000073
0.000075
0.000073
0.000074
0.000074
0.000070
0.000072
0.000078
0.000076
0.000073
0.000072
0.000075
0.000075
0.000076
0.000077
0.000070
0.000071
0.000071
0.000073
0.000075
0.000073
0.000074
0.000067
0.000089
0.000077
0.000071
0.000071
0.000071
0.000072
0.000073
0.000069
0.000071
0.000077
0.000073
0.000070
0.000077
0.000067
0.000074
0.000069
0.000077
0.000073
0.000075
0.000075
0.000073
0.000070
0.000073
0.000069
0.000076
0.000071
0.000078
0.000071
0.000071
0.000068
0.000067
0.000068
0.000071
0.000072
0.000069
0.000069
0.000061
0.000068
0.000069
0.000070
0.000075
0.000070
0.000072
0.000083
0.000069
0.000067
0.000073
0.000068
0.000065
0.000065
0.000069
0.000069
0.000069
0.000073
0.000070
0.000077
0.000074
0.000083
0.000068
0.000072
0.000063
0.000073
0.000068
0.000072
0.000075
0.000067
0.000078
0.000078
0.000068
0.000075
0.000069
0.000070
0.000065
0.000073
0.000064
0.000064
0.000066
0.000066
0.000066
0.000065
0.000079
0.000071
0.000068
0.000075
0.000088
0.000080
0.000069
0.000066
0.000072
0.000085
0.000070
0.000083
0.000076
0.000068
0.000070
0.000067
0.000069
0.000080
0.000083
0.000076
0.000078
0.000075
0.000072
0.000070
0.000064
0.000067
0.000072
0.000069
0.000073
0.000071
0.000072
0.000073
0.000075
0.000066
0.000069
0.000069
0.000069
0.000074
0.000072
0.000078
0.000071
0.000073
0.000068
0.000072
0.000068
0.000074
0.000077
0.000075
0.000077
0.000078
0.000075
0.000070
0.000065
0.000069
0.000070
0.000075
0.000070
0.000071
0.000073
0.000072
0.000071
0.000074
0.000072
0.000068
0.000067
0.000083
0.000071
0.000070
0.000076
0.000074
0.000071
0.000073
0.000078
0.000078
0.000083
0.000085
0.000068
0.000068
0.000077
0.000071
0.000066
0.000072
0.000072
0.000072
0.000072
0.000069
0.000073
0.000070
0.000074
0.000069
0.000074
0.000069
0.000068
0.000075
0.000072
0.000069
0.000081
0.000078
0.000081
0.000070
0.000076
0.000073
0.000072
0.000070
0.000075
0.000074
0.000074
0.000077
0.000075
0.000073
0.000074
0.000070
0.000080
0.000077
0.000070
0.000065
0.000069
0.000068
0.000073
0.000070
0.000076
0.000072
0.000070
0.000068
0.000071
0.000070
0.000076
0.000068
0.000084
0.000074
0.000073
0.000073
0.000069
0.000071
0.000072
0.000073
0.000066
0.000083
0.000069
0.000071
0.000067
0.000067
0.000080
0.000071
0.000068
0.000073
0.000078
0.000076
0.000076
0.000070
0.000073
0.000068
0.000074
0.000073
0.000068
0.000070
0.000070
0.000073
0.000072
0.000067
0.000071
0.000070
0.000071
0.000068
0.000079
0.000073
0.000070
0.000071
0.000071
0.000080
0.000072
0.000065
0.000068
0.000068
0.000065
0.000071
0.000066
0.000064
0.000066
0.000068
0.000071
0.000068
0.000073
0.000063
0.000075
0.000074
0.000072
0.000066
0.000069
0.000070
0.000063
0.000067
0.000069
0.000067
0.000070
0.000065
0.000064
0.000069
0.000064
0.000066
0.000064
0.000071
0.000058
0.000068
0.000068
0.000065
0.000067
0.000064
0.000066
0.000067
0.000069
0.000068
0.000068
0.000066
0.000066
0.000063
0.000063
0.000068
0.000069
0.000065
0.000074
0.000069
0.000067
0.000069
0.000069
0.000072
0.000081
0.000073
0.000066
0.000070
0.000069
0.000064
0.000065
0.000067
0.000069
0.000076
0.000070
0.000066
0.000061
0.000067
0.000067
0.000075
0.000062
0.000081
0.000066
0.000066
0.000066
0.000067
0.000068
0.000065
0.000070
0.000068
0.000065
0.000070
0.000067
0.000069
0.000068
0.000065
0.000071
0.000068
0.000065
0.000065
0.000063
0.000068
0.000069
0.000066
0.000070
0.000065
0.000067
0.000069
0.000070
0.000070
0.000063
0.000069
0.000062
0.000067
0.000069
0.000060
0.000068
0.000066
0.000066
0.000065
0.000067
0.000066
0.000063
0.000088
0.000065
0.000075
0.000070
0.000070
0.000071
0.000066
0.000069
0.000073
0.000070
0.000074
0.000070
0.000072
0.000067
0.000073
0.000074
0.000087
0.000069
0.000068
0.000065
0.000070
0.000065
0.000066
0.000071
0.000063
0.000070
0.000072
0.000068
0.000065
0.000069
0.000068
0.000068
0.000070
0.000070
0.000071
0.000067
0.000066
0.000071
0.000071
0.000068
0.000064
0.000076
0.000066
0.000069
0.000066
0.000073
0.000068
0.000070
0.000065
0.000072
0.000063
0.000068
0.000067
0.000077
0.000079
0.000071
0.000067
0.000091
0.000071
0.000070
0.000068
0.000067
0.000073
0.000069
0.000068
0.000067
0.000075
0.000065
0.000071
0.000070
0.000072
0.000066
0.000067
0.000073
0.000077
0.000068
0.000066
0.000062
0.000071
0.000065
0.000070
0.000067
0.000062
0.000063
0.000062
0.000067
0.000071
0.000064
0.000067
0.000065
0.000065
0.000068
0.000066
0.000069
0.000070
0.000075
0.000069
0.000064
0.000069
0.000064
0.000077
0.000068
0.000063
0.000070
0.000067
0.000069
0.000064
0.000070
0.000068
0.000072
0.000072
0.000063
0.000065
0.000065
0.000068
0.000101
0.000071
0.000068
0.000074
0.000075
0.000067
0.000075
0.000067
0.000067
0.000069
0.000070
0.000075
0.000075
0.000068
0.000069
0.000076
0.000065
0.000076
0.000067
0.000071
0.000069
0.000072
0.000065
0.000069
0.000067
0.000069
0.000071
0.000071
0.000066
0.000070
0.000068
0.000067
0.000068
0.000076
0.000070
0.000068
0.000065
0.000066
0.000070
0.000072
0.000069
0.000069
0.000067
0.000074
0.000065
0.000066
0.000071
0.000071
0.000071
0.000066
0.000069
0.000071
0.000070
0.000071
0.000074
0.000068
0.000069
0.000083
0.000070
0.000070
0.000068
0.000078
0.000070
0.000072
0.000067
0.000073
0.000071
0.000068
0.000071
0.000069
0.000064
0.000070
0.000068
0.000071
0.000069
0.000069
0.000071
0.000068
0.000069
0.000065
0.000074
0.000069
0.000066
0.000066
0.000067
0.000071
0.000065
0.000074
0.000062
0.000066
0.000070
0.000067
0.000066
0.000069
0.000059
0.000068
0.000070
0.000065
0.000070
0.000063
0.000064
0.000079
0.000067
0.000069
0.000067
0.000068
0.000071
0.000067
0.000070
0.000076
0.000065
0.000064
0.000071
0.000062
0.000067
0.000099
0.000073
0.000069
0.000073
0.000067
0.000078
0.000065
0.000069
0.000068
0.000084
0.000072
0.000071
0.000077
0.000070
0.000066
0.000071
0.000074
0.000068
0.000068
0.000067
0.000071
0.000068
0.000066
0.000065
0.000071
0.000067
0.000070
0.000067
0.000075
0.000080
0.000074
0.000067
0.000076
0.000069
0.000070
0.000073
0.000068
0.000076
0.000074
0.000069
0.000071
0.000088
0.000070
0.000067
0.000068
0.000072
0.000070
0.000072
0.000078
0.000067
0.000068
0.000067
0.000066
0.000067
0.000081
0.000105
0.000069
0.000070
0.000065
0.000068
0.000068
0.000068
0.000077
0.000068
0.000059
0.000072
0.000065
0.000074
0.000066
0.000066
0.000070
0.000071
0.000073
0.000065
0.000066
0.000071
0.000067
0.000074
0.000067
0.000070
0.000068
0.000063
0.000075
0.000066
0.000068
0.000069
0.000070
0.000065
0.000080
0.000081
0.000068
0.000069
0.000078
0.000068
0.000067
0.000068
0.000074
0.000070
0.000076
0.000084
0.000074
0.000067
0.000076
0.000071
0.000074
0.000066
0.000076
0.000068
0.000064
0.000071
0.000074
0.000093
0.000071
0.000062
0.000076
0.000071
0.000063
0.000071
0.000069
0.000070
0.000076
0.000071
0.000075
0.000069
0.000069
0.000078
0.000074
0.000064
0.000079
0.000073
0.000062
0.000067
0.000072
0.000069
0.000073
0.000065
0.000070
0.000068
0.000071
0.000062
0.000064
0.000066
0.000068
0.000071
0.000064
0.000066
0.000067
0.000072
0.000061
0.000064
0.000068
0.000076
0.000070
0.000070
0.000063
0.000063
0.000062
0.000086
0.000065
0.000067
0.000066
0.000068
0.000070
0.000065
0.000064
0.000067
0.000071
0.000072
0.000068
0.000087
0.000068
0.000071
0.000072
0.000070
0.000071
0.000069
0.000074
0.000065
0.000069
0.000064
0.000068
0.000062
0.000068
0.000066
0.000075
0.000071
0.000078
0.000064
0.000069
0.000072
0.000068
0.000069
0.000065
0.000070
0.000069
0.000075
0.000071
0.000069
0.000069
0.000069
0.000074
0.000070
0.000071
0.000071
0.000070
0.000070
0.000072
0.000068
0.000075
0.000063
0.000073
0.000080
0.000066
0.000070
0.000064
0.000064
0.000069
0.000067
0.000067
0.000066
0.000065
0.000065
0.000066
0.000070
0.000067
0.000070
0.000086
0.000068
0.000065
0.000065
0.000072
0.000067
0.000067
0.000069
0.000068
0.000068
0.000066
0.000077
0.000063
0.000074
0.000067
0.000064
0.000066
0.000066
0.000077
0.000066
0.000068
0.000068
0.000072
0.000065
0.000067
0.000074
0.000062
0.000070
0.000065
0.000069
0.000071
0.000068
0.000069
0.000068
0.000064
0.000063
0.000065
0.000066
0.000071
0.000068
0.000065
0.000076
0.000069
0.000067
0.000068
0.000064
0.000070
0.000070
0.000066
0.000065
0.000070
0.000068
0.000070
0.000067
0.000076
0.000075
0.000070
0.000074
0.000085
0.000071
0.000067
0.000075
0.000068
0.000067
0.000066
0.000067
0.000066
0.000071
0.000067
0.000068
0.000071
0.000067
0.000073
0.000066
0.000070
0.000083
0.000070
0.000065
0.000069
0.000075
0.000066
0.000065
0.000065
0.000068
0.000069
0.000067
0.000079
0.000067
0.000068
0.000067
0.000072
0.000072
0.000074
0.000070
0.000066
0.000062
0.000075
0.000071
0.000068
0.000082
0.000065
0.000063
0.000067
0.000067
0.000070
0.000061
0.000066
0.000067
0.000072
0.000066
0.000072
0.000067
0.000070
0.000067
0.000066
0.000069
0.000085
0.000067
0.000076
0.000069
0.000068
0.000074
0.000063
0.000072
0.000065
0.000068
0.000068
0.000075
0.000063
0.000058
0.000065
0.000084
0.000070
0.000060
0.000075
0.000068
0.000072
0.000060
0.000066
0.000071
0.000058
0.000071
0.000061
0.000068
0.000066
0.000067
0.000067
0.000063
0.000066
0.000066
0.000067
0.000064
0.000068
0.000071
0.000072
0.000071
0.000063
0.000068
0.000072
0.000073
0.000063
0.000062
0.000065
0.000065
0.000075
0.000071
0.000066
0.000064
0.000070
0.000078
0.000071
0.000063
0.000069
0.000062
0.000069
0.000075
0.000070
0.000066
0.000068
0.000066
0.000065
0.000070
0.000066
0.000065
0.000072
0.000069
0.000066
0.000066
0.000071
0.000069
0.000062
0.000068
0.000068
0.000072
0.000068
0.000066
0.000067
0.000070
0.000073
0.000070
0.000062
0.000068
0.000066
0.000063
0.000063
0.000067
0.000064
0.000070
0.000066
0.000068
0.000066
0.000069
0.000068
0.000070
0.000066
0.000066
0.000068
0.000066
0.000070
0.000068
0.000069
0.000066
0.000068
0.000071
0.000070
0.000076
0.000068
0.000063
0.000066
0.000064
0.000067
0.000068
0.000060
0.000066
0.000072
0.000084
0.000065
0.000064
0.000064
0.000065
0.000064
0.000065
0.000068
0.000062
0.000068
0.000062
0.000069
0.000069
0.000068
0.000062
0.000063
0.000077
0.000063
0.000059
0.000068
0.000065
0.000073
0.000061
0.000069
0.000064
0.000067
0.000068
0.000065
0.000069
0.000071
0.000068
0.000067
0.000066
0.000070
0.000065
0.000062
0.000053
0.000068
0.000070
0.000065
0.000064
0.000071
0.000066
0.000065
0.000062
0.000068
0.000064
0.000064
0.000064
0.000069
0.000063
0.000064
0.000069
0.000061
0.000068
0.000074
0.000068
0.000070
0.000065
0.000065
0.000067
0.000067
0.000065
0.000071
0.000059
0.000067
0.000067
0.000074
0.000077
0.000069
0.000074
0.000075
0.000072
0.000064
0.000069
0.000067
0.000066
0.000066
0.000069
0.000065
0.000070
0.000074
0.000071
0.000073
0.000075
0.000070
0.000065
0.000068
0.000070
0.000073
0.000073
0.000071
0.000068
0.000065
0.000076
0.000078
0.000068
0.000078
0.000066
0.000072
0.000077
0.000073
0.000070
0.000073
0.000069
0.000078
0.000068
0.000067
0.000076
0.000070
0.000073
0.000076
0.000074
0.000072
0.000073
0.000069
0.000072
0.000069
0.000067
0.000070
0.000062
0.000065
0.000072
0.000071
0.000064
0.000065
0.000063
0.000068
0.000070
0.000066
0.000061
0.000068
0.000062
0.000067
0.000068
0.000070
0.000069
0.000069
0.000066
0.000069
0.000064
0.000066
0.000063
0.000067
0.000068
0.000064
0.000070
0.000076
0.000067
0.000071
0.000070
0.000066
0.000067
0.000071
0.000067
0.000065
0.000068
0.000074
0.000066
0.000058
0.000068
0.000074
0.000073
0.000069
0.000070
0.000065
0.000064
0.000068
0.000070
0.000072
0.000069
0.000070
0.000063
0.000087
0.000067
0.000067
0.000077
0.000071
0.000068
0.000070
0.000069
0.000066
0.000075
0.000071
0.000072
0.000066
0.000075
0.000065
0.000062
0.000070
0.000068
0.000067
0.000071
0.000063
0.000064
0.000069
0.000064
0.000068
0.000068
0.000072
0.000074
0.000065
0.000067
0.000068
0.000069
0.000071
0.000072
0.000071
0.000066
0.000064
0.000066
0.000067
0.000063
0.000072
0.000067
0.000068
0.000067
0.000071
0.000069
0.000065
0.000068
0.000066
0.000076
0.000065
0.000068
0.000068
0.000070
0.000065
0.000062
0.000066
0.000068
0.000070
0.000072
0.000067
0.000071
0.000069
0.000068
0.000064
0.000070
0.000067
0.000065
0.000070
0.000069
0.000064
0.000067
0.000071
0.000066
0.000070
0.000067
0.000067
0.000074
0.000068
0.000066
0.000076
0.000072
0.000065
0.000066
0.000068
0.000083
0.000067
0.000067
0.000071
0.000069
0.000063
0.000075
0.000065
0.000071
0.000069
0.000066
0.000071
0.000068
0.000068
0.000062
0.000071
0.000069
0.000070
0.000068
0.000063
0.000070
0.000071
0.000072
0.000070
0.000070
0.000074
0.000069
0.000067
0.000065
0.000065
0.000067
0.000078
0.000066
0.000070
0.000070
0.000067
0.000075
0.000068
0.000064
0.000067
0.000072
0.000065
0.000071
0.000066
0.000065
0.000066
0.000072
0.000067
0.000073
0.000068
0.000071
0.000071
0.000070
0.000073
0.000073
0.000070
0.000078
0.000069
0.000071
0.000073
0.000064
0.000071
0.000066
0.000073
0.000075
0.000073
0.000063
0.000074
0.000075
0.000073
0.000073
0.000075
0.000069
0.000070
0.000067
0.000072
0.000065
0.000066
0.000069
0.000075
0.000067
0.000074
0.000066
0.000072
0.000064
0.000072
0.000069
0.000072
0.000077
0.000065
0.000063
0.000064
0.000067
0.000064
0.000075
0.000067
0.000069
0.000075
0.000074
0.000074
0.000068
0.000064
0.000062
0.000068
0.000074
0.000073
0.000063
0.000063
0.000070
0.000065
0.000066
0.000063
0.000070
0.000063
0.000063
0.000078
0.000068
0.000071
0.000064
0.000065
0.000070
0.000067
0.000069
0.000067
0.000070
0.000068
0.000069
0.000071
0.000074
0.000067
0.000064
0.000071
0.000063
0.000068
0.000068
0.000069
0.000070
0.000067
0.000065
0.000068
0.000062
0.000065
0.000068
0.000063
0.000068
0.000068
0.000073
0.000074
0.000082
0.000065
0.000077
0.000067
0.000065
0.000062
0.000065
0.000067
0.000073
0.000064
0.000064
0.000062
0.000064
0.000067
0.000074
0.000071
0.000068
0.000064
0.000072
0.000065
0.000063
0.000064
0.000065
0.000069
0.000067
0.000071
0.000065
0.000067
0.000061
0.000066
0.000068
0.000062
0.000064
0.000067
0.000071
0.000064
0.000068
0.000070
0.000070
0.000068
0.000063
0.000071
0.000066
0.000063
0.000068
0.000061
0.000061
0.000066
0.000066
0.000066
0.000071
0.000064
0.000069
0.000066
0.000068
0.000064
0.000065
0.000081
0.000067
0.000076
0.000067
0.000069
0.000067
0.000075
0.000082
0.000063
0.000074
0.000065
0.000066
0.000064
0.000078
0.000065
0.000075
0.000062
0.000069
0.000062
0.000066
0.000063
0.000061
0.000062
0.000066
0.000065
0.000073
0.000071
0.000064
0.000068
0.000066
0.000078
0.000065
0.000067
0.000065
0.000064
0.000069
0.000062
0.000066
0.000071
0.000065
0.000065
0.000070
0.000067
0.000067
0.000062
0.000066
0.000069
0.000069
0.000065
0.000075
0.000074
0.000062
0.000066
0.000070
0.000069
0.000066
0.000065
0.000071
0.000067
0.000064
0.000059
0.000064
0.000069
0.000067
0.000062
0.000064
0.000068
0.000066
0.000064
0.000060
0.000080
0.000069
0.000067
0.000066
0.000064
0.000068
0.000063
0.000066
0.000066
0.000070
0.000071
0.000066
0.000070
0.000067
0.000065
0.000069
0.000084
0.000066
0.000071
0.000068
0.000063
0.000073
0.000074
0.000063
0.000066
0.000072
0.000067
0.000064
0.000068
0.000068
0.000063
0.000064
0.000064
0.000068
0.000074
0.000082
0.000064
0.000063
0.000062
0.000074
0.000065
0.000069
0.000070
0.000066
0.000072
0.000067
0.000073
0.000066
0.000068
0.000064
0.000064
0.000071
0.000060
0.000064
0.000074
0.000068
0.000067
0.000068
0.000068
0.000066
0.000071
0.000069
0.000069
0.000064
0.000067
0.000064
0.000070
0.000075
0.000065
0.000066
0.000063
0.000072
0.000071
0.000070
0.000063
0.000066
0.000078
0.000070
0.000073
0.000064
0.000063
0.000068
0.000063
0.000068
0.000066
0.000065
0.000065
0.000061
0.000054
0.000069
0.000074
0.000068
0.000068
0.000070
0.000071
0.000069
0.000070
0.000076
0.000069
0.000068
0.000075
0.000076
0.000065
0.000073
0.000070
0.000064
0.000066
0.000083
0.000080
0.000064
0.000069
0.000070
0.000068
0.000067
0.000069
0.000067
0.000069
0.000067
0.000071
0.000068
0.000063
0.000069
0.000063
0.000070
0.000072
0.000070
0.000067
0.000070
0.000069
0.000069
0.000071
0.000074
0.000068
0.000067
0.000068
0.000070
0.000066
0.000065
0.000068
0.000084
0.000070
0.000065
0.000068
0.000071
0.000070
0.000066
0.000069
0.000073
0.000067
0.000072
0.000071
0.000070
0.000074
0.000070
0.000069
0.000072
0.000068
0.000067
0.000068
0.000064
0.000064
0.000063
0.000070
0.000072
0.000071
0.000067
0.000062
