0.007188
0.002964
0.002987
0.002997
0.002885
0.002949
0.002998
0.002916
0.002896
0.002890
0.003009
0.002888
0.002849
0.002885
0.002884
0.002887
0.002889
0.002917
0.002921
0.002915
0.002893
0.002852
0.002891
0.002939
0.003025
0.002844
0.002853
0.002817
0.002793
0.002804
0.002878
0.002835
0.002799
0.002780
0.002791
0.002823
0.002819
0.002856
0.002822
0.002800
0.002956
0.002827
0.002835
0.002830
0.002835
0.002774
0.002879
0.002804
0.002849
0.002809
0.002806
0.002819
0.002798
0.002787
0.002804
0.002854
0.002783
0.002793
0.002821
0.002832
0.002797
0.002845
0.002821
0.002798
0.002819
0.002813
0.002823
0.002812
0.002806
0.002809
0.002781
0.002806
0.002805
0.002795
0.002791
0.002825
0.002817
0.002806
0.002783
0.002752
0.002755
0.002821
0.002802
0.002847
0.002814
0.002817
0.002782
0.002788
0.002811
0.002790
0.002774
0.002779
0.002822
0.002774
0.002740
0.002797
0.002764
0.002804
0.002771
0.002806
0.002793
0.002766
0.002847
0.002806
0.002812
0.002824
0.002754
0.002792
0.002806
0.002759
0.002827
0.002802
0.002789
0.002754
0.002820
0.002800
0.002740
0.002818
0.002804
0.002824
0.002847
0.002860
0.002797
0.002821
0.002844
0.002833
0.007778
0.010753
0.003170
0.003093
0.003525
0.003365
0.002976
0.003573
0.003049
0.002923
0.003051
0.002962
0.002970
0.002958
0.002923
0.002971
0.002935
0.002910
0.007887
0.009520
0.006722
0.003253
0.003125
0.003001
0.002950
0.002933
0.002947
0.002946
0.002981
0.002964
0.002908
0.002950
0.003168
0.002870
0.002921
0.003009
0.002868
0.002956
0.002847
0.002938
0.002905
0.002946
0.002885
0.002950
0.002982
0.002922
0.002944
0.002875
0.002945
0.002959
0.008283
0.002919
0.003238
0.002872
0.002796
0.002850
0.002892
0.002805
0.002808
0.002813
0.002765
0.002906
0.002823
0.002866
0.002792
0.002862
0.002764
0.002816
0.002765
0.002844
0.002815
0.002806
0.002824
0.002788
0.002797
0.002871
0.002780
0.002785
0.002737
0.002864
0.002861
0.002855
0.002806
0.002811
0.002791
0.002774
0.002713
0.002855
0.002781
0.002912
0.002919
0.002842
0.002853
0.002759
0.002784
0.002882
0.002822
0.002882
0.002848
0.002844
0.002796
0.002846
0.002833
0.002795
0.002718
0.002880
0.002759
0.002843
0.002728
0.002846
0.002766
0.002804
0.002753
0.002841
0.002792
0.002774
0.002796
0.002784
0.002783
0.002825
0.002860
0.002793
0.002818
0.002795
0.002853
0.002798
0.002828
0.002798
0.002875
0.002791
0.002783
0.002858
0.002815
0.002766
0.002766
0.002767
0.002866
0.002751
0.002742
0.002863
0.002752
0.002891
0.002776
0.002781
0.002868
0.002746
0.002798
0.002735
0.002859
0.002818
0.002871
0.002829
0.002830
0.002808
0.002773
0.002850
0.002785
0.002765
0.002787
0.002886
0.002747
0.002804
0.002857
0.002755
0.002891
0.002766
0.002862
0.002825
0.002880
0.002873
0.002762
0.002866
0.002738
0.002860
0.002768
0.002861
0.002810
0.002741
0.002782
0.002840
0.002766
0.002854
0.002775
0.002854
0.002774
0.002803
0.002841
0.002819
0.002830
0.002898
0.002836
0.002813
0.002772
0.002835
0.002760
0.002799
0.002777
0.002885
0.002818
0.002801
0.002784
0.002860
0.002764
0.002867
0.002806
0.002808
0.002796
0.002784
0.002771
0.002853
0.002812
0.002848
0.002771
0.002840
0.002777
0.002811
0.002801
0.002885
0.002786
0.002796
0.002781
0.002804
0.002857
0.002774
0.002796
0.002758
0.002823
0.002790
0.002796
0.002771
0.002806
0.002876
0.002822
0.002774
0.002854
0.002737
0.002820
0.002809
0.002825
0.002772
0.002809
0.002894
0.002822
0.002849
0.002796
0.002844
0.002761
0.002859
0.002814
0.002795
0.002830
0.002779
0.002825
0.002809
0.002793
0.002872
0.002787
0.002844
0.002720
0.002818
0.002735
0.002773
0.002835
0.002746
0.002839
0.002794
0.002846
0.002766
0.002760
0.002858
0.002763
0.002844
0.002797
0.002853
0.002851
0.002794
0.002740
0.002832
0.002776
0.002767
0.002789
0.002860
0.002720
0.002817
0.002786
0.002875
0.002721
0.002862
0.002878
0.002866
0.002784
0.002836
0.002745
0.002867
0.002825
0.002822
0.002783
0.002844
0.002760
0.002878
0.002767
0.002858
0.002730
0.002751
0.002847
0.002734
0.002858
0.002750
0.002776
0.002863
0.002755
0.002787
0.002871
0.002775
0.002779
0.002760
0.002755
0.002856
0.002783
0.002784
0.002821
0.002782
0.002826
0.002759
0.002871
0.002853
0.002882
0.002795
0.002871
0.002757
0.002891
0.002839
0.002755
0.002850
0.002811
0.002843
0.002850
0.002808
0.002852
0.002831
0.002853
0.002842
0.002772
0.002829
0.002784
0.002828
0.002849
0.002758
0.002839
0.002782
0.002813
0.002875
0.002779
0.002857
0.002799
0.002858
0.002740
0.002778
0.002793
0.002831
0.002795
0.002758
0.002848
0.002797
0.002874
0.002787
0.002775
0.002895
0.002732
0.002859
0.002821
0.002843
0.002856
0.002821
0.002879
0.002785
0.002829
0.002837
0.002792
0.002791
0.002756
0.002785
0.002829
0.002779
0.002844
0.002815
0.002778
0.002800
0.002860
0.002818
0.002758
0.002855
0.002745
0.002753
0.002741
0.002779
0.002807
0.002824
0.002818
0.002786
0.002859
0.002800
0.002793
0.002852
0.002751
0.002837
0.002858
0.002828
0.002894
0.002830
0.002791
0.002811
0.002785
0.002860
0.002823
0.002836
0.002768
0.002855
0.002798
0.002839
0.002783
0.002895
0.002775
0.002822
0.002747
0.002850
0.002761
0.002819
0.002808
0.002731
0.002757
0.002743
0.002828
0.002752
0.002862
0.002755
0.002868
0.002797
0.002856
0.002768
0.002871
0.002824
0.002864
0.002769
0.002827
0.002794
0.002827
0.002844
0.002870
0.002850
0.002821
0.002733
0.002825
0.002756
0.002833
0.002735
0.002853
0.002764
0.002819
0.002840
0.002858
0.002892
0.002936
0.002770
0.002829
0.002817
0.002853
0.002753
0.002780
0.002801
0.002759
0.002760
0.002829
0.002786
0.002786
0.002769
0.002813
0.002868
0.002814
0.002899
0.002828
0.002849
0.002827
0.002836
0.002764
0.002858
0.002807
0.002757
0.002770
0.002745
0.002811
0.002787
0.002776
0.002766
0.002841
0.002744
0.002781
0.002838
0.002757
0.002785
0.002853
0.002783
0.002765
0.002769
0.002788
0.002776
0.002864
0.002799
0.002824
0.002858
0.002781
0.002839
0.002767
0.002830
0.002798
0.002850
0.002763
0.002823
0.002794
0.002766
0.002739
0.002792
0.002804
0.002769
0.002848
0.002760
0.002827
0.002781
0.002779
0.002784
0.002822
0.002781
0.002766
0.002838
0.002735
0.002801
0.002800
0.002833
0.002763
0.002771
0.002837
0.002784
0.002846
0.002860
0.002766
0.002819
0.002886
0.002821
0.002857
0.002808
0.002892
0.002820
0.002772
0.002724
0.002804
0.002877
0.002814
0.002795
0.002846
0.002721
0.002832
0.002812
0.002764
0.002849
0.002759
0.002805
0.002768
0.002747
0.002792
0.002873
0.002812
0.029206
0.005023
0.002592
0.002401
0.002474
0.002439
0.002443
0.002451
0.002447
0.002471
0.002441
0.002459
0.002426
0.002408
0.002440
0.002435
0.002453
0.002424
0.002433
0.002446
0.002430
0.002429
0.002412
0.002442
0.002439
0.002448
0.002417
0.002469
0.002427
0.002417
0.002454
0.002455
0.002445
0.002414
0.002458
0.002408
0.002466
0.002439
0.002423
0.002461
0.002423
0.002446
0.002428
0.002424
0.002445
0.002428
0.002444
0.002435
0.002400
0.002432
0.002402
0.002427
0.002451
0.002439
0.002401
0.002450
0.002397
0.002414
0.002449
0.002416
0.002439
0.002421
0.002412
0.002428
0.002442
0.002414
0.002416
0.002454
0.002456
0.002401
0.002396
0.002396
0.002411
0.002413
0.002441
0.002430
0.002464
0.002420
0.002454
0.002412
0.002446
0.002450
0.002446
0.002444
0.002437
0.002412
0.002429
0.002438
0.002443
0.002426
0.002417
0.002437
0.002410
0.002445
0.002423
0.002458
0.002402
0.002406
0.002426
0.002426
0.002447
0.002442
0.002422
0.002434
0.002419
0.002441
0.002413
0.002403
0.002429
0.002437
0.002402
0.002437
0.002413
0.002431
0.002401
0.002389
0.002442
0.002408
0.002412
0.002429
0.002410
0.002411
0.002450
0.002432
0.002422
0.002400
0.002464
0.002390
0.002418
0.002409
0.002411
0.002407
0.002413
0.002433
0.002443
0.002411
0.002426
0.002418
0.002409
0.002416
0.002395
0.002421
0.002429
0.002388
0.002408
0.002425
0.002447
0.002432
0.002451
0.002445
0.002428
0.002448
0.002447
0.002437
0.002426
0.002442
0.002436
0.002433
0.002414
0.002445
0.002422
0.002409
0.002411
0.002439
0.002457
0.002441
0.002439
0.002423
0.002434
0.002419
0.002447
0.002444
0.002415
0.002448
0.002423
0.002439
0.002406
0.002461
0.002444
0.002430
0.002426
0.002422
0.002436
0.002415
0.002440
0.002410
0.002412
0.002440
0.002413
0.002409
0.002429
0.002406
0.002406
0.002447
0.002438
0.002431
0.002406
0.002426
0.002413
0.002396
0.002432
0.002407
0.002426
0.002386
0.002424
0.002404
0.002405
0.002406
0.002420
0.002418
0.002450
0.002429
0.002454
0.002422
0.002466
0.002425
0.002449
0.002457
0.002420
0.002425
0.002441
0.002439
0.002444
0.002429
0.002423
0.002431
0.002425
0.002460
0.002440
0.002428
0.002436
0.002429
0.002429
0.002439
0.002443
0.002442
0.002452
0.002413
0.002424
0.002410
0.002441
0.002405
0.002428
0.002425
0.002420
0.002410
0.002455
0.002421
0.002429
0.002461
0.002404
0.002419
0.002420
0.002457
0.002427
0.002445
0.002426
0.002397
0.002404
0.002397
0.002407
0.002407
0.002423
0.002421
0.002447
0.002424
0.002451
0.002418
0.002439
0.002444
0.002464
0.002433
0.002437
0.002428
0.002427
0.002407
0.002408
0.002431
0.002410
0.002417
0.002390
0.002436
0.002411
0.002411
0.002430
0.002436
0.002438
0.002435
0.002426
0.002409
0.002414
0.002437
0.002404
0.002425
0.002417
0.002440
0.002452
0.002430
0.002457
0.002423
0.002457
0.002432
0.002469
0.002411
0.002433
0.002412
0.002425
0.002427
0.002441
0.002429
0.002417
0.002452
0.002433
0.002411
0.002420
0.002403
0.002418
0.002386
0.002451
0.002429
0.002433
0.002430
0.002424
0.002408
0.002421
0.002422
0.002449
0.002439
0.002402
0.002424
0.002452
0.002419
0.002449
0.002426
0.002395
0.002429
0.002412
0.002438
0.002400
0.002402
0.002431
0.002432
0.002455
0.002423
0.002443
0.002416
0.002451
0.002444
0.002423
0.002417
0.002420
0.002422
0.002441
0.002453
0.002437
0.002419
0.002429
0.002447
0.002451
0.002425
0.002426
0.002448
0.002404
0.002433
0.002437
0.002393
0.002439
0.002433
0.002420
0.002439
0.002442
0.002454
0.002406
0.002402
0.002404
0.002427
0.002435
0.002413
0.002452
0.002414
0.006619
0.011343
0.010893
0.010856
0.002610
0.002472
0.002447
0.002473
0.002450
0.002437
0.002422
0.002409
0.002435
0.002453
0.002416
0.002412
0.002459
0.002423
0.002418
0.002462
0.002435
0.002421
0.002425
0.002464
0.002454
0.002471
0.002435
0.002426
0.002444
0.002441
0.002447
0.002461
0.002431
0.002461
0.002425
0.002451
0.002446
0.002434
0.002467
0.002434
0.002463
0.002412
0.002460
0.002463
0.002443
0.002451
0.002445
0.002443
0.002440
0.002476
0.002450
0.002464
0.002450
0.002423
0.002425
0.002471
0.002414
0.002473
0.002426
0.002427
0.002422
0.002423
0.002472
0.002423
0.002468
0.002414
0.002471
0.002469
0.002459
0.002467
0.002417
0.002440
0.002462
0.002412
0.002412
0.002435
0.002427
0.002460
0.002423
0.002460
0.002444
0.002424
0.002436
0.002425
0.002455
0.002445
0.002398
0.002473
0.002455
0.002479
0.002457
0.002426
0.002465
0.002689
0.002435
0.002462
0.002427
0.002444
0.002459
0.002472
0.002426
0.002450
0.002453
0.002456
0.002453
0.002431
0.002447
0.002433
0.002432
0.002430
0.002462
0.002422
0.002422
0.002472
0.002426
0.002469
0.002461
0.002425
0.002432
0.002458
0.002411
0.002426
0.002427
0.002414
0.002449
0.002437
0.002423
0.002407
0.002432
0.002428
0.002416
0.002415
0.002459
0.002456
0.002444
0.002420
0.002428
0.002402
0.002430
0.002454
0.002423
0.002453
0.002406
0.002551
0.002474
0.002423
0.002439
0.002427
0.002423
0.002449
0.002456
0.002458
0.002424
0.002435
0.002433
0.002454
0.002423
0.002436
0.002428
0.002432
0.002421
0.002425
0.002458
0.002438
0.002460
0.002426
0.002469
0.002447
0.002439
0.002412
0.002434
0.002418
0.002470
0.002462
0.002437
0.002419
0.002405
0.002446
0.002452
0.002420
0.002463
0.002462
0.002452
0.002441
0.002440
0.002478
0.002479
0.002426
0.002460
0.002427
0.002451
0.002425
0.002469
0.002442
0.002452
0.002408
0.002470
0.002430
0.002451
0.002457
0.002409
0.002426
0.002433
0.002452
0.002459
0.002445
0.002467
0.002453
0.002468
0.002437
0.002469
0.002434
0.002423
0.002436
0.002428
0.002449
0.002447
0.002442
0.002440
0.002461
0.002448
0.002441
0.002423
0.002447
0.002417
0.002420
0.002453
0.002418
0.002463
0.002461
0.002462
0.002449
0.002408
0.002470
0.002429
0.002427
0.002441
0.002464
0.002416
0.002455
0.002397
0.002437
0.002459
0.002436
0.002462
0.002424
0.002482
0.002496
0.002429
0.002459
0.002460
0.002490
0.002463
0.002418
0.002466
0.002419
0.002411
0.002461
0.002432
0.002437
0.002470
0.002455
0.002482
0.002433
0.002444
0.002456
0.002445
0.002474
0.002441
0.002469
0.002453
0.002463
0.002472
0.002429
0.002426
0.002465
0.002456
0.002461
0.002414
0.002421
0.002430
0.002439
0.002450
0.002459
0.002420
0.002421
0.002456
0.002425
0.002408
0.003104
0.002938
0.002557
0.002791
0.002807
0.002789
0.002817
0.002792
0.002791
0.002807
0.002781
0.002792
0.002780
0.002778
0.002797
0.002808
0.002786
0.002778
0.002787
0.002773
0.002768
0.002791
0.002798
0.002773
0.002806
0.002810
0.002777
0.002784
0.002803
0.002775
0.002775
0.002701
0.002716
0.002771
0.002781
0.002800
0.002776
0.002790
0.002777
0.002795
0.002797
0.002821
0.002818
0.002776
0.002785
0.002730
0.002736
0.002735
0.002730
0.002736
0.002719
0.002718
0.002744
0.002744
0.002726
0.002715
0.002729
0.002714
0.002730
0.002743
0.002721
0.002737
0.002721
0.002738
0.002719
0.002732
0.002768
0.002711
0.002735
0.002735
0.002741
0.002735
0.002744
0.002737
0.002752
0.002755
0.002737
0.002736
0.002727
0.002749
0.002739
0.002752
0.002762
0.002740
0.002734
0.002756
0.002717
0.002703
0.002749
0.002717
0.002730
0.002744
0.002718
0.002726
0.002732
0.002730
0.002750
0.002728
0.002735
0.002733
0.002746
0.002732
0.002725
0.002721
0.002732
0.002729
0.002718
0.002746
0.002721
0.002722
0.002752
0.002778
0.002651
0.002436
0.002441
0.002436
0.002458
0.002492
0.002445
0.002451
0.002429
0.002452
0.002481
0.002422
0.002461
0.002436
0.002488
0.002432
0.002451
0.002436
0.002438
0.002447
0.002492
0.002434
0.002485
0.002448
0.002427
0.002443
0.002443
0.002457
0.002430
0.002440
0.002494
0.002461
0.002434
0.002441
0.002480
0.002483
0.002423
0.002464
0.002443
0.002476
0.002447
0.002427
0.002457
0.002433
0.002421
0.002482
0.002407
0.002460
0.002450
0.002458
0.002447
0.002436
0.002466
0.002449
0.002413
0.002448
0.002428
0.002453
0.002458
0.002463
0.002457
0.002437
0.002428
0.002471
0.002440
0.002415
0.002447
0.002445
0.002442
0.002449
0.002432
0.002458
0.002460
0.002428
0.002448
0.002433
0.002462
0.002448
0.002469
0.002458
0.002423
0.002469
0.002439
0.002450
0.002445
0.002468
0.002458
0.002481
0.002450
0.002447
0.002426
0.002447
0.002432
0.002457
0.002431
0.002432
0.002443
0.002418
0.002436
0.002451
0.002395
0.002458
0.002444
0.002460
0.002437
0.002463
0.002413
0.002458
0.002435
0.002458
0.002422
0.002460
0.002411
0.002469
0.002434
0.002445
0.002455
0.002441
0.002431
0.002460
0.002452
0.002457
0.002430
0.002437
0.002455
0.002455
0.002426
0.002453
0.002425
0.002436
0.002447
0.002455
0.002436
0.002460
0.002433
0.002436
0.002419
0.002477
0.002432
0.002436
0.002476
0.002465
0.002430
0.002443
0.002454
0.002437
0.002445
0.002430
0.002432
0.002430
0.002461
0.002447
0.002427
0.002471
0.002419
0.002441
0.002457
0.002419
0.002480
0.002444
0.002436
0.002430
0.002431
0.002435
0.002434
0.002427
0.002494
0.002413
0.002457
0.002463
0.002442
0.002465
0.002456
0.002433
0.002447
0.002436
0.002455
0.002437
0.002457
0.002446
0.002439
0.002488
0.002462
0.002445
0.002455
0.002446
0.002433
0.002461
0.002436
0.002426
0.002444
0.002439
0.002458
0.002447
0.002437
0.002465
0.002443
0.002452
0.002450
0.002451
0.002422
0.002483
0.002454
0.002428
0.002442
0.002428
0.002461
0.002410
0.002448
0.002472
0.002442
0.002436
0.002475
0.002436
0.002456
0.002434
0.002464
0.002436
0.002466
0.002454
0.002457
0.002448
0.002414
0.002465
0.002433
0.002443
0.002463
0.002427
0.002451
0.002433
0.002439
0.002444
0.002446
0.002438
0.002410
0.002485
0.002422
0.002444
0.002451
0.002499
0.002423
0.002470
0.002435
0.002464
0.002447
0.002457
0.002436
0.002432
0.002461
0.002431
0.002449
0.002452
0.002439
0.002445
0.002465
0.002437
0.002472
0.002443
0.002451
0.002442
0.002431
0.002445
0.002449
0.002439
0.002476
0.002418
0.002431
0.002431
0.002431
0.002418
0.002442
0.002441
0.002472
0.002425
0.002420
0.002477
0.002454
0.002442
0.002456
0.002398
0.002456
0.002413
0.002469
0.002414
0.002455
0.002426
0.002451
0.002424
0.002433
0.002432
0.002448
0.002432
0.002462
0.002433
0.002432
0.002419
0.002450
0.002439
0.002455
0.002424
0.002479
0.002412
0.002453
0.002422
0.002459
0.002435
0.002468
0.002443
0.002438
0.002442
0.002455
0.002450
0.002429
0.002472
0.002430
0.002441
0.002452
0.002454
0.002448
0.002465
0.002417
0.002465
0.002456
0.002434
0.002441
0.002437
0.002468
0.002441
0.002424
0.002445
0.002427
0.002448
0.002411
0.002466
0.002454
0.002453
0.002464
0.002428
0.002465
0.002439
0.002433
0.002475
0.002456
0.002437
0.002450
0.002421
0.002455
0.002441
0.002436
0.002463
0.002449
0.002442
0.002466
0.002450
0.002409
0.002463
0.002418
0.002456
0.002458
0.002441
0.002467
0.002444
0.002464
0.002439
0.002442
0.002440
0.002436
0.002476
0.002450
0.002423
0.002442
0.002446
0.002434
0.002434
0.002426
0.002470
0.002435
0.002435
0.002460
0.002452
0.002449
0.002433
0.002424
0.002475
0.002432
0.002462
0.002457
0.002420
0.002467
0.002414
0.002467
0.002425
0.002439
0.002444
0.002481
0.002442
0.002466
0.002425
0.002445
0.002456
0.002446
0.002468
0.002452
0.002431
0.002470
0.002464
0.002462
0.002477
0.002455
0.002438
0.002429
0.002472
0.002430
0.002451
0.002459
0.002461
0.002463
0.002436
0.002412
0.002470
0.002440
0.002456
0.002393
0.002452
0.002459
0.002449
0.002411
0.002448
0.002408
0.002463
0.002411
0.002464
0.002429
0.002408
0.002446
0.002453
0.002434
0.002454
0.002404
0.002428
0.002425
0.002439
0.002457
0.002416
0.002425
0.002428
0.002449
0.002433
0.002429
0.002461
0.002420
0.002463
0.002470
0.002404
0.002433
0.002406
0.002446
0.002445
0.002428
0.002460
0.002414
0.002422
0.002452
0.002453
0.002412
0.002420
0.002478
0.002417
0.002485
0.002442
0.002436
0.002467
0.002445
0.002424
0.002434
0.002419
0.002428
0.002435
0.002420
0.002426
0.002436
0.002453
0.002426
0.002457
0.002443
0.002428
0.002475
0.002414
0.002476
0.002411
0.002464
0.002437
0.002430
0.002465
0.002426
0.002438
0.002442
0.002441
0.002584
0.002475
0.002418
0.002473
0.002416
0.002458
0.002410
0.002482
0.002445
0.002424
0.002472
0.002452
0.002398
0.002442
0.002472
0.002429
0.002435
0.002431
0.002415
0.002456
0.002418
0.002427
0.002454
0.002420
