0.036390
0.026791
0.026788
0.026569
0.026108
0.026308
0.026689
0.026892
0.026719
0.027558
0.027871
0.026023
0.026210
0.025940
0.026076
0.025404
0.025455
0.026050
0.026093
0.028055
0.027070
0.026828
0.026339
0.026298
0.026677
0.027745
0.028023
0.027743
0.028131
0.027581
0.027666
0.027266
0.027190
0.026807
0.027407
0.027207
0.027568
0.039871
0.024132
0.026432
0.025565
0.024575
0.024572
0.025223
0.025475
0.025487
0.029779
0.024380
0.025256
0.025182
0.025147
0.024704
0.025351
0.024204
0.024710
0.024155
0.025125
0.024298
0.024369
0.024701
0.024838
0.024169
0.024981
0.024810
0.023766
0.024268
0.024401
0.024808
0.027528
0.026392
0.025007
0.025400
0.024519
0.024497
0.024389
0.025236
0.053073
0.028080
0.025753
0.024638
0.025742
0.025559
0.025974
0.026144
0.025147
0.027259
0.026721
0.026418
0.026961
0.026648
0.027280
0.026814
0.028099
0.027539
0.027267
0.026684
0.028280
0.027559
0.027809
0.028136
0.027764
0.027036
0.025753
0.025045
0.025663
0.025222
0.029210
0.028170
0.028310
0.027449
0.028519
0.028400
0.027763
0.028243
0.027810
0.027770
0.027992
0.029150
0.025021
0.025646
0.025363
0.024761
0.025991
0.024842
0.025297
0.023802
0.025333
0.026323
0.025836
0.025237
0.025876
0.024815
0.025342
0.025267
0.026188
0.026211
0.025962
0.025244
0.026341
0.025711
0.025169
0.025258
0.024897
0.026249
0.026286
0.026795
0.026272
0.025621
0.025859
0.026263
0.025998
0.026392
0.025186
0.025751
0.025283
0.026334
0.040372
0.027374
0.029856
0.028379
0.028886
0.029235
0.028827
0.029147
0.028557
0.028445
0.029460
0.029238
0.029189
0.029285
0.027405
0.027246
0.028434
0.027243
0.028660
0.026855
0.028629
0.029492
0.029389
0.028679
0.026934
0.026374
0.026224
0.025458
0.025201
0.026662
0.026218
0.026406
0.025701
0.026341
0.025455
0.025891
0.025897
0.025961
0.025164
0.025224
0.025131
0.025824
0.025797
0.025684
0.025914
0.025170
0.026163
0.026355
0.026346
0.026400
0.026484
0.026435
0.026435
0.026879
0.026487
0.026381
0.026802
0.025946
0.025558
0.026167
0.025464
0.026226
0.025539
0.025944
0.025657
0.025295
0.025950
0.025910
0.028195
0.032011
0.029153
0.028101
0.029100
0.028152
0.050570
0.030230
0.028942
0.029745
0.030099
0.030822
0.031140
0.029820
0.026453
0.026115
0.026462
0.026367
0.026502
0.025660
0.026908
0.026461
0.027132
0.027263
0.027591
0.027242
0.027634
0.027524
0.028836
0.029711
0.028440
0.027684
0.027171
0.026650
0.027452
0.027671
0.026583
0.026703
0.025946
0.025077
0.025456
0.025422
0.025757
0.025967
0.025352
0.025747
0.026106
0.025529
0.025173
0.025340
0.026945
0.027422
0.026558
0.028037
0.027818
0.027662
0.028023
0.028375
0.027563
0.027050
0.027013
0.027579
0.027195
0.026970
0.026822
0.026994
0.026834
0.027223
0.027391
0.027066
0.026892
0.027263
0.027335
0.026584
0.025432
0.026086
0.027345
0.027143
0.027639
0.027467
0.028292
0.027967
0.029768
0.029128
0.030656
0.030092
0.029166
0.032411
0.031279
0.031691
0.030159
0.030987
0.029344
0.031930
0.030812
0.031490
0.030458
0.031690
0.029201
0.030502
0.031609
0.031056
0.027294
0.026813
0.027118
0.030063
0.029915
0.028920
0.030615
0.029430
0.029171
0.029876
0.028972
0.030645
0.028298
0.029950
0.039381
0.025397
0.025192
0.025266
0.025095
0.023994
0.024073
0.024644
0.024651
0.024624
0.024587
0.024659
0.024059
0.024080
0.024415
0.024549
0.023657
0.023486
0.024375
0.024525
0.024226
0.023993
0.023816
0.024266
0.024106
0.024145
0.024211
0.023936
0.024748
0.022983
0.023008
0.023174
0.023314
0.023284
0.023636
0.024037
0.025718
0.025213
0.025512
0.025630
0.024051
0.022613
0.022300
0.022156
0.022912
0.025443
0.025480
0.025105
0.024491
0.024456
0.025576
0.026097
0.025226
0.025109
0.025656
0.025661
0.025802
0.026416
0.026317
0.025332
0.025425
0.024633
0.024215
0.023852
0.024477
0.025234
0.024771
0.026098
0.024806
0.023914
0.023562
0.028150
0.023499
0.023729
0.022733
0.022894
0.023065
0.023301
0.023165
0.023240
0.023679
0.023438
0.023743
0.023757
0.024144
0.023172
0.022724
0.022400
0.023988
0.022814
0.022505
0.022884
0.022979
0.023529
0.023531
0.023150
0.022714
0.023079
0.023667
0.023678
0.024062
0.024152
0.023765
0.023515
0.025009
0.023676
0.023174
0.023282
0.022948
0.022588
0.022901
0.023493
0.024781
0.024436
0.024045
0.024378
0.026209
0.026927
0.026606
0.026236
0.026071
0.026426
0.026768
0.026311
0.025915
0.026123
0.025941
0.026758
0.026122
0.025864
0.023308
0.023199
0.023027
0.023408
0.023587
0.024519
0.024652
0.024997
0.024304
0.024294
0.023211
0.022688
0.023383
0.023891
0.023846
0.023925
0.023512
0.023560
0.022981
0.022940
0.022437
0.023132
0.043178
0.024382
0.023645
0.023430
0.023631
0.023494
0.024293
0.024706
0.025645
0.025566
0.025000
0.025468
0.025340
0.024976
0.025623
0.025460
0.025334
0.025390
0.024891
0.025537
0.023825
0.023836
0.023860
0.023790
0.023749
0.023448
0.024077
0.026256
0.025663
0.025912
0.029739
0.026072
0.026556
0.025899
0.025607
0.026685
0.026042
0.030162
0.026718
0.025747
0.025937
0.023622
0.023675
0.024410
0.024429
0.024436
0.024586
0.024732
0.024691
0.024553
0.024657
0.024688
0.024605
0.024362
0.024114
0.024062
0.025166
0.024702
0.024906
0.024894
0.024728
0.023729
0.025152
0.025041
0.025426
0.025440
0.025643
0.026428
0.025691
0.024964
0.025398
0.025254
0.025045
0.024056
0.024682
0.024781
0.026207
0.026338
0.025613
0.025736
0.025302
0.025100
0.024855
0.024984
0.026619
0.026157
0.026479
0.025816
0.025806
0.025670
0.025702
0.026229
0.025564
0.025427
0.025281
0.024593
0.025046
0.025264
0.025240
0.025367
0.025402
0.025683
0.025478
0.025349
0.024851
0.025255
0.025959
0.024967
0.025960
0.025667
0.026033
0.025798
0.025334
0.025623
0.025666
0.025693
0.025712
0.026123
0.026266
0.026192
0.025953
0.025367
0.025452
0.025081
0.025880
0.025801
0.025796
0.025875
0.025621
0.024797
0.024998
0.025659
0.026126
0.025813
0.025839
0.025652
0.026272
0.024998
0.025407
0.025046
0.025579
0.025471
0.025204
0.025866
0.026074
0.025027
0.025495
0.025601
0.025647
0.025853
0.025522
0.025536
0.024489
0.023914
0.024431
0.024640
0.024762
0.024991
0.024641
0.024871
0.025101
0.024578
0.024220
0.024818
0.024606
0.024551
0.024825
0.024658
0.024811
0.024867
0.024806
0.024611
0.024250
0.024064
0.024882
0.024367
0.024481
0.024091
0.023016
0.024896
0.024290
0.024805
0.024823
0.024346
0.024749
0.024766
0.024188
0.024674
0.024498
0.024729
0.024668
0.024472
0.023879
0.024295
0.025329
0.024440
0.023831
0.024210
0.024544
0.024466
0.024993
0.024623
0.025007
0.024929
0.023633
0.023729
0.024559
0.024323
0.023604
0.025043
0.024563
0.024790
0.024617
0.024976
0.023879
0.023331
0.024455
0.024063
0.024590
0.023663
0.024005
0.023309
0.023130
0.023644
0.023610
0.023381
0.023418
0.024124
0.023112
0.024385
0.023527
0.023628
0.023695
0.023904
0.023792
0.023518
0.022755
0.022472
0.022924
0.022662
0.023905
0.023183
0.023409
0.022851
0.023101
0.023143
0.023726
0.023798
0.024881
0.023102
0.024482
0.023474
0.023736
0.023705
0.023276
0.023452
0.023240
0.022869
0.023041
0.022586
0.023366
0.023263
0.025513
0.024819
0.025321
0.025640
0.026564
0.026472
0.026283
0.025344
0.025378
0.024521
0.023634
0.024724
0.024345
0.024167
0.023439
0.023598
0.023332
0.023094
0.023108
0.023138
0.023501
0.023584
0.023667
0.023330
0.023110
0.024007
0.024726
0.025022
0.024035
0.023351
0.023735
0.024861
0.023459
0.024513
0.024296
0.023604
0.023531
0.023681
0.023644
0.023530
0.024364
0.024481
0.024457
0.023552
0.024346
0.023932
0.024025
0.024514
0.023620
0.024369
0.024081
0.023884
0.025373
0.025387
0.026593
0.025606
0.026893
0.027734
0.027506
0.025861
0.025830
0.025610
0.027239
0.027163
0.026037
0.026249
0.026172
0.026337
0.038098
0.025183
0.023790
0.027451
0.022975
0.023691
0.023326
0.023140
0.022828
0.022928
0.023260
0.022158
0.023155
0.022884
0.022670
0.023255
0.022760
0.023118
0.022647
0.022804
0.022748
0.022540
0.022494
0.022934
0.022947
0.024014
0.023945
0.024047
0.024282
0.025864
0.025240
0.024372
0.024591
0.025197
0.025815
0.025715
0.025322
0.024172
0.025150
0.025348
0.022874
0.025746
0.026419
0.026305
0.025891
0.026096
0.026499
0.026820
0.026775
0.027507
0.025404
0.025171
0.025046
0.025189
0.025026
0.025137
0.026242
0.024638
0.025944
0.025584
0.025907
0.024621
0.024165
0.023534
0.024506
0.024394
0.025256
0.024086
0.025409
0.023804
0.024459
0.024231
0.023761
0.023188
0.023119
0.025502
0.024749
0.024247
0.023740
0.024500
0.023826
0.026219
0.024817
0.023794
0.023925
0.023730
0.025608
0.026282
0.027244
0.026412
0.025220
0.027063
0.026234
0.026436
0.026216
0.025394
0.026036
0.026298
0.026156
0.026683
0.026866
0.026465
0.025174
0.025160
0.025448
0.025250
0.025517
0.026234
0.025771
0.024921
0.025145
0.025459
0.025628
0.025789
0.025794
0.026077
0.026428
0.025632
0.025418
0.024934
0.024836
0.024850
0.024878
0.024218
0.025222
0.024202
0.024412
0.023453
0.023933
0.023181
0.023705
0.023406
0.023259
0.023604
0.022865
0.023823
0.024541
0.023462
0.024617
0.024555
0.025287
0.024868
0.024925
0.024526
0.025116
0.024903
0.024635
0.024711
0.024344
0.024917
0.024837
0.024627
0.024153
0.024760
0.024625
0.023768
0.024622
0.024190
0.024120
0.023686
0.024079
0.023889
0.023889
0.023979
0.023883
0.024171
0.024079
0.023579
0.023861
0.023818
0.022995
0.023629
0.023228
0.023261
0.024768
0.025760
0.025959
0.026283
0.025875
0.025976
0.026312
0.026482
0.026646
0.026499
0.026306
0.026330
0.026292
0.025860
0.025747
0.026131
0.026215
0.026449
0.027338
0.027114
0.026756
0.026943
0.026111
0.025652
0.025954
0.025672
0.026204
0.025708
0.025407
0.025413
0.024975
0.025169
0.024977
0.024870
0.024915
0.025350
0.025336
0.025050
0.025442
0.025431
0.024919
0.025403
0.025255
0.025166
0.025038
0.024850
0.024421
0.024686
0.026608
0.025742
0.031244
0.029484
0.026594
0.025385
0.025506
0.025050
0.025190
0.025410
0.025927
0.026892
0.027058
0.026739
0.027796
0.027248
0.027426
0.026478
0.027333
0.026665
0.025889
0.026532
0.032883
0.028092
0.028578
0.029148
0.033429
0.027944
0.029342
0.028593
0.029226
0.028612
0.029048
0.027462
0.027387
0.027299
0.033041
0.028327
0.028400
0.027729
0.028303
0.027318
0.025664
0.026168
0.025475
0.025070
0.025188
0.026409
0.027504
0.026275
0.026896
0.029796
0.029206
0.029007
0.030015
0.029518
0.029669
0.029351
0.029810
0.030030
0.028225
0.028197
0.027746
0.028403
0.028698
0.030186
0.027256
0.028146
0.027586
0.027900
0.027743
0.027642
0.027967
0.027483
0.026978
0.027789
0.027315
0.027789
0.027440
0.028339
0.028172
0.027087
0.027363
0.026917
0.027037
0.027056
0.026726
0.026043
0.027253
0.027145
0.026760
0.025962
0.026828
0.026653
0.027777
0.027445
0.027157
0.026982
0.026952
0.029600
0.028595
0.027714
0.028630
0.027990
0.029767
0.029601
0.029509
0.029701
0.028993
0.028034
0.028576
0.028719
0.028956
0.027493
0.029150
0.028943
0.028313
0.028448
0.029215
0.027451
0.027297
0.028588
0.027962
0.028407
0.027891
0.027642
0.027435
0.028763
0.029020
0.028704
0.028493
0.028991
0.028987
0.029252
0.028809
0.029107
0.028928
0.028745
0.029280
0.028394
0.029011
0.028728
0.028433
0.027868
0.029141
0.028728
0.028708
0.028271
0.027968
0.029007
0.029032
0.027124
0.027867
0.027640
0.028639
0.027886
0.027379
0.026427
0.026907
0.027535
0.026509
0.028092
0.028698
0.027172
0.026483
0.039092
0.027000
0.026139
0.025926
0.026199
0.026903
0.026626
0.026346
0.025578
0.025466
0.025819
0.026091
0.028277
0.030224
0.027491
0.028303
0.028747
0.031150
0.028118
0.026795
0.028203
0.030024
0.028828
0.033431
0.031043
0.033899
0.031391
0.031662
0.030686
0.030299
0.028392
0.028242
0.028276
0.031050
0.030868
0.029667
0.029192
0.029880
0.030059
0.028510
0.030721
0.028521
0.028948
0.028161
0.026240
0.025774
0.026370
0.026854
0.027362
0.026843
0.025795
0.026042
0.027144
0.025968
0.026546
0.026550
0.026829
0.026503
0.025717
0.026321
0.025430
0.025898
0.025897
0.026077
0.025834
0.026265
0.026017
0.026849
0.031818
0.028097
0.028644
0.028179
0.028790
0.028450
0.028473
0.028401
0.028503
0.028638
0.028678
0.028349
0.026467
0.026933
0.026695
0.026624
0.026821
0.026506
0.026289
0.024761
0.024641
0.026555
0.023938
0.024774
0.024229
0.024248
0.024717
0.024467
0.024442
0.024981
0.023624
0.024226
0.023944
0.024381
0.024364
0.024114
0.025249
0.024763
0.024366
0.023997
0.023949
0.023970
0.023678
0.025159
0.025395
0.024269
0.024902
0.025576
0.026445
0.024271
0.025413
0.024903
0.024395
0.024650
0.024007
0.024692
0.024699
0.024241
0.025037
0.024828
0.024617
0.024369
0.024941
0.024505
0.025175
0.024335
0.023909
0.024933
0.024008
0.024510
0.025309
0.026609
0.023454
0.025414
0.025066
0.026473
0.024568
0.025005
0.025153
0.023720
0.025389
0.024448
0.025547
0.023885
0.024932
0.028318
0.026645
0.027825
0.025354
0.026697
0.027033
0.027632
0.026087
0.025402
0.027424
0.028087
0.026385
0.023520
0.023586
0.023336
0.024472
0.023332
0.023207
0.023234
0.023598
0.023525
0.023477
0.023272
0.023221
0.023149
0.023502
0.023386
0.023320
0.023042
0.023139
0.023414
0.023114
0.023111
0.023774
0.023323
0.023473
0.023730
0.023802
0.023730
0.023506
0.023875
0.024060
0.023914
0.023408
0.023781
0.023697
0.023989
0.024018
0.024020
0.023866
0.024082
0.023896
0.024008
0.024019
0.024556
0.024207
0.023801
0.024702
0.026154
0.025115
0.024193
0.025936
0.024251
0.024354
0.023401
0.024965
0.025933
0.024728
0.025776
0.025853
0.025485
0.024977
0.025886
0.025470
0.026175
0.024266
0.024001
0.022995
0.023666
0.023717
0.023242
0.025804
0.025574
0.025822
0.024698
0.025817
0.024605
0.024511
0.023387
0.024326
0.023686
0.024127
0.023793
0.023749
0.024077
0.023762
0.024886
0.024403
0.024523
0.023974
0.024675
0.024871
0.024208
0.024276
0.024439
0.025888
0.025532
0.025439
0.025695
0.024565
0.024862
0.025343
0.025683
0.025548
0.025174
0.025444
0.024772
0.025248
0.025123
0.025406
0.026147
0.024046
0.024640
0.024624
0.024294
0.023985
0.024465
0.024259
0.024590
0.024491
0.023762
0.024339
0.024496
0.024319
0.024134
0.024114
0.024254
0.023655
0.024507
0.024161
0.024889
0.024948
0.024121
0.024350
0.025319
0.024606
0.024553
0.024356
0.024530
0.024026
0.024123
0.023478
0.023037
0.023109
0.023285
0.022946
0.022771
0.028327
0.024478
0.024589
0.024012
0.024699
0.025373
0.025272
0.024457
0.023329
0.023819
0.023983
0.024300
0.023481
0.024349
0.024128
0.024111
0.023843
0.024065
0.023816
0.023892
0.023368
0.022787
0.023331
0.023244
0.024442
0.023840
0.024350
0.025323
0.025004
0.024335
0.024002
0.027101
0.023690
0.024000
0.023952
0.024127
0.024083
0.024077
0.023831
0.023704
0.024214
0.023807
0.023476
0.024055
0.023642
0.024302
0.024211
0.024200
0.023493
0.024090
0.022449
0.022767
0.022625
0.022993
0.024165
0.023102
0.023900
0.024036
0.024054
0.023650
0.025591
0.025031
0.025358
0.024681
0.025805
0.025174
0.024913
0.024324
0.025598
0.025091
0.024876
0.024947
0.025575
0.025801
0.024653
0.025445
0.025714
0.025131
0.024546
0.024171
0.024897
0.024272
0.024274
0.024281
0.023310
0.023619
0.023405
0.023109
0.024194
0.024874
0.024276
0.024816
0.024322
0.024870
0.023962
0.023704
0.024257
0.024660
0.024466
0.024615
0.025199
0.024076
0.024631
0.025291
0.024208
0.028449
0.023516
0.024544
0.023740
0.024156
0.023673
0.024802
0.024154
0.022991
0.024272
0.024299
0.024486
0.024441
0.024622
0.024806
0.025071
0.025066
0.025740
0.024626
0.025348
0.026206
0.026137
0.025499
0.025925
0.025620
0.025426
0.025843
0.025564
0.024335
0.024250
0.024736
0.024512
0.024566
0.024406
0.024915
0.024932
0.024926
0.023844
0.024395
0.024893
0.024799
0.025059
0.024942
0.024546
0.024360
0.024733
0.024688
0.024363
0.025477
0.025251
0.024763
0.024710
0.026011
0.025011
0.024885
0.025201
0.025017
0.023997
0.024783
0.025263
0.025390
0.025874
0.025921
0.025456
0.025123
0.025646
0.025373
0.025441
0.024478
0.024577
0.026313
0.026671
0.029349
0.027087
0.027133
0.030480
0.030454
0.031259
0.031140
0.030762
0.030856
0.030798
0.030022
0.030044
0.032418
0.031306
0.030854
0.031166
0.029959
0.029761
0.032334
0.031313
0.030526
0.027737
0.030854
0.031002
0.030070
0.029739
0.030418
0.030656
0.030271
0.028340
0.029751
0.029432
0.027625
0.027674
0.029077
0.028201
0.029588
0.025736
0.023882
0.025015
0.023847
0.024594
0.024148
0.026202
0.025526
0.024573
0.025515
0.025782
0.026347
0.024565
0.025569
0.026756
0.026442
0.027267
0.026691
0.026220
0.026440
0.026083
0.027102
0.026173
0.027874
0.030505
0.029230
0.028862
0.028653
0.027445
0.028993
0.028610
0.027257
0.027315
0.027558
0.026305
0.027544
0.028302
0.028613
0.025940
0.026073
0.025903
0.025698
0.025872
0.025761
0.025633
0.025028
0.025428
0.026240
0.027356
0.027824
0.028826
0.027907
0.027093
0.027324
0.027110
0.027442
0.027748
0.027474
0.028399
0.029231
0.029377
0.028504
0.026020
0.025308
0.026386
0.026308
0.025485
0.026100
0.025444
0.026180
0.024930
0.025900
0.027983
0.026979
0.027112
0.027231
0.026972
0.027412
0.027822
0.028564
0.029796
0.029170
0.027334
0.026809
0.028250
0.030403
0.028877
0.030811
0.030532
0.028499
0.026759
0.026922
0.026511
0.026669
0.027231
0.027360
0.026776
0.026801
0.027313
0.027029
0.025554
0.026905
0.026769
0.030956
0.029162
0.028507
0.026841
0.028066
0.030565
0.029752
0.028898
0.029036
0.027921
0.028104
0.028836
0.028770
0.029283
0.027394
0.029605
0.029078
0.029132
0.028951
0.028211
0.028114
0.028355
0.028463
0.029054
0.029027
0.029058
0.028749
0.028305
0.028399
0.027943
0.028826
0.028172
0.028791
0.028710
0.029260
0.029052
0.028824
0.029097
0.028781
0.028817
0.027593
0.028690
0.026610
0.026210
0.026520
0.027075
0.026902
0.027175
0.030243
0.030980
0.027239
0.029359
0.026618
0.028597
0.027227
0.028832
0.027013
0.027216
0.028421
0.026360
0.028665
0.025641
0.025482
0.025014
0.023947
0.025616
0.025584
0.025448
0.024921
0.025114
0.025718
0.024992
0.025157
0.024639
0.025828
0.025584
0.027247
0.023582
0.023729
0.024110
0.023493
0.023783
0.023090
0.024826
0.024278
0.024813
0.024414
0.024561
0.024832
0.023915
0.023648
0.023760
0.024330
0.024073
0.023489
0.024189
0.024304
0.024337
0.023974
0.024101
0.023972
0.023864
0.023984
0.025865
0.024567
0.023980
0.025656
0.026482
0.025532
0.025928
0.024641
0.024003
0.025459
0.025129
0.025007
0.023767
0.024646
0.025540
0.026857
0.025641
0.026725
0.023112
0.023527
0.023046
0.023794
0.024133
0.023402
0.024042
0.024661
0.024460
0.024050
0.024632
0.024122
0.024490
0.024521
0.024637
0.025471
0.024389
0.024053
0.024376
0.024638
0.025404
0.024432
0.024352
0.024203
0.035467
0.023894
0.023727
0.023879
0.024093
0.023810
0.024904
0.024566
0.024239
0.024497
0.024107
0.025008
0.025166
0.025130
0.023730
0.024073
0.024632
0.023522
0.023395
