0.002259
0.000650
0.000628
0.000620
0.000618
0.000618
0.000617
0.000614
0.000607
0.000605
0.000602
0.000604
0.000601
0.000618
0.000598
0.000601
0.000597
0.000595
0.000596
0.000592
0.000600
0.000595
0.000592
0.000590
0.000596
0.000598
0.000603
0.000609
0.000571
0.000560
0.000552
0.000546
0.000544
0.000544
0.000552
0.000535
0.000535
0.000539
0.000529
0.000506
0.000493
0.000509
0.000482
0.000483
0.000485
0.000483
0.000478
0.000485
0.000483
0.000507
0.000492
0.000476
0.000477
0.000477
0.000476
0.000474
0.000477
0.000473
0.000482
0.000467
0.000472
0.000451
0.000445
0.000433
0.000428
0.000426
0.000425
0.000444
0.000421
0.000420
0.000423
0.000411
0.000408
0.000408
0.000406
0.000406
0.000427
0.000406
0.000405
0.000408
0.000406
0.000405
0.000405
0.000410
0.000397
0.000397
0.000454
0.000402
0.000402
0.000409
0.000397
0.000398
0.000395
0.000397
0.000397
0.000396
0.000418
0.000402
0.000400
0.000409
0.000395
0.000392
0.000394
0.000393
0.000413
0.000397
0.000401
0.000399
0.000399
0.000404
0.000389
0.000388
0.000388
0.000388
0.000388
0.000389
0.000413
0.000395
0.000393
0.000403
0.000388
0.000389
0.000386
0.000385
0.000384
0.000386
0.000391
0.000384
0.000385
0.000403
0.000390
0.000389
0.000388
0.000399
0.000386
0.000385
0.000384
0.000388
0.000388
0.000385
0.000385
0.000384
0.000386
0.000386
0.000388
0.000384
0.000385
0.000389
0.000384
0.000409
0.000391
0.000390
0.000400
0.000389
0.000389
0.000403
0.000391
0.000396
0.000391
0.000399
0.000383
0.000382
0.000383
0.000382
0.000383
0.000393
0.000386
0.000388
0.000386
0.000383
0.000386
0.000383
0.000384
0.000384
0.000383
0.000408
0.000394
0.000390
0.000399
0.000389
0.000387
0.000402
0.000393
0.000393
0.000402
0.000410
0.000407
0.000413
0.000408
0.000415
0.000396
0.000394
0.000393
0.000392
0.000390
0.000387
0.000406
0.000391
0.000395
0.000401
0.000386
0.000387
0.000386
0.000383
0.000404
0.000391
0.000389
0.000391
0.000392
0.000389
0.000398
0.000385
0.000386
0.000385
0.000386
0.000386
0.000386
0.000385
0.000389
0.000385
0.000384
0.000383
0.000384
0.000384
0.000384
0.000384
0.000383
0.000382
0.000385
0.000387
0.000383
0.000404
0.000389
0.000389
0.000390
0.000390
0.000389
0.000393
0.000382
0.000385
0.000386
0.000382
0.000382
0.000385
0.000385
0.000382
0.000385
0.000384
0.000384
0.000388
0.000383
0.000382
0.000383
0.000382
0.000380
0.000381
0.000380
0.000398
0.000391
0.000390
0.000391
0.000391
0.000389
0.000396
0.000384
0.000401
0.000400
0.000402
0.000399
0.000399
0.000404
0.000397
0.000406
0.000402
0.000398
0.000410
0.000397
0.000391
0.000408
0.000394
0.000398
0.000394
0.000395
0.000392
0.000392
0.000391
0.000392
0.000389
0.000391
0.000391
0.000400
0.000395
0.000393
0.000399
0.000402
0.000392
0.000388
0.000388
0.000388
0.000390
0.000408
0.000390
0.000390
0.000398
0.000388
0.000389
0.000387
0.000403
0.000388
0.000388
0.000391
0.000391
0.000390
0.000388
0.000401
0.000390
0.000386
0.000407
0.000392
0.000389
0.000413
0.000387
0.000388
0.000396
0.000384
0.000386
0.000386
0.000385
0.000385
0.000386
0.000384
0.000404
0.000385
0.000384
0.000385
0.000383
0.000384
0.000385
0.000386
0.000390
0.000387
0.000400
0.000388
0.000384
0.000391
0.000383
0.000383
0.000384
0.000385
0.000387
0.000395
0.000388
0.000384
0.000392
0.000392
0.000387
0.000384
0.000406
0.000389
0.000403
0.000390
0.000388
0.000390
0.000388
0.000388
0.000396
0.000384
0.000384
0.000386
0.000385
0.000386
0.000384
0.000402
0.000384
0.000385
0.000390
0.000384
0.000383
0.000383
0.000384
0.000394
0.000387
0.000387
0.000384
0.000385
0.000386
0.000385
0.000384
0.000393
0.000384
0.000383
0.000385
0.000384
0.000401
0.000385
0.000383
0.000387
0.000384
0.000385
0.000382
0.000382
0.000382
0.000384
0.000398
0.000383
0.000384
0.000389
0.000382
0.000384
0.000385
0.000384
0.000382
0.000395
0.000388
0.000382
0.000384
0.000389
0.000381
0.000383
0.000380
0.000381
0.000382
0.000381
0.000380
0.000402
0.000380
0.000382
0.000387
0.000383
0.000383
0.000383
0.000381
0.000383
0.000395
0.000402
0.000400
0.000391
0.000383
0.000382
0.000381
0.000381
0.000381
0.000382
0.000380
0.000388
0.000383
0.000384
0.000383
0.000382
0.000382
0.000383
0.000380
0.000379
0.000381
0.000381
0.000387
0.000382
0.000381
0.000380
0.000380
0.000380
0.000381
0.000382
0.000382
0.000382
0.000385
0.000381
0.000383
0.000385
0.000383
0.000382
0.000383
0.000383
0.000382
0.000381
0.000380
0.000384
0.000382
0.000380
0.000381
0.000383
0.000380
0.000380
0.000382
0.000381
0.000382
0.000385
0.000382
0.000382
0.000391
0.000383
0.000382
0.000382
0.000381
0.000382
0.000381
0.000383
0.000386
0.000381
0.000381
0.000383
0.000382
0.000384
0.000382
0.000384
0.000383
0.000384
0.000383
0.000382
0.000381
0.000379
0.000381
0.000381
0.000381
0.000382
0.000393
0.000386
0.000385
0.000384
0.000384
0.000384
0.000384
0.000382
0.000384
0.000382
0.000384
0.000381
0.000382
0.000386
0.000386
0.000384
0.000383
0.000385
0.000383
0.000381
0.000383
0.000383
0.000383
0.000386
0.000384
0.000384
0.000381
0.000382
0.000382
0.000380
0.000382
0.000381
0.000381
0.000381
0.000386
0.000383
0.000383
0.000383
0.000384
0.000382
0.000382
0.000383
0.000383
0.000383
0.000384
0.000379
0.000382
0.000385
0.000383
0.000380
0.000384
0.000381
0.000386
0.000384
0.000381
0.000387
0.000380
0.000380
0.000381
0.000382
0.000383
0.000380
0.000380
0.000384
0.000381
0.000390
0.000382
0.000382
0.000382
0.000380
0.000381
0.000383
0.000380
0.000383
0.000380
0.000381
0.000382
0.000380
0.000386
0.000378
0.000380
0.000378
0.000378
0.000379
0.000378
0.000381
0.000379
0.000379
0.000378
0.000377
0.000379
0.000378
0.000378
0.000380
0.000380
0.000379
0.000382
0.000384
0.000376
0.000373
0.000377
0.000376
0.000377
0.000374
0.000375
0.000388
0.000377
0.000381
0.000376
0.000377
0.000380
0.000376
0.000388
0.000377
0.000376
0.000379
0.000375
0.000376
0.000407
0.000376
0.000374
0.000379
0.000376
0.000378
0.000376
0.000374
0.000376
0.000375
0.000387
0.000375
0.000375
0.000376
0.000375
0.000379
0.000377
0.000381
0.000378
0.000378
0.000377
0.000390
0.000378
0.000379
0.000381
0.000378
0.000378
0.000389
0.000380
0.000376
0.000380
0.000380
0.000376
0.000373
0.000374
0.000375
0.000375
0.000376
0.000376
0.000384
0.000375
0.000376
0.000377
0.000375
0.000379
0.000376
0.000375
0.000375
0.000375
0.000374
0.000375
0.000374
0.000376
0.000378
0.000375
0.000375
0.000376
0.000377
0.000375
0.000374
0.000375
0.000374
0.000374
0.000389
0.000378
0.000377
0.000376
0.000374
0.000375
0.000376
0.000376
0.000382
0.000374
0.000375
0.000377
0.000375
0.000375
0.000375
0.000374
0.000372
0.000374
0.000375
0.000376
0.000377
0.000378
0.000375
0.000377
0.000377
0.000376
0.000377
0.000376
0.000375
0.000382
0.000376
0.000376
0.000378
0.000382
0.000376
0.000376
0.000375
0.000375
0.000378
0.000377
0.000375
0.000376
0.000376
0.000379
0.000376
0.000374
0.000375
0.000374
0.000376
0.000374
0.000375
0.000374
0.000375
0.000376
0.000373
0.000375
0.000386
0.000375
0.000376
0.000377
0.000378
0.000374
0.000374
0.000373
0.000377
0.000375
0.000375
0.000372
0.000375
0.000374
0.000374
0.000373
0.000374
0.000375
0.000379
0.000380
0.000376
0.000377
0.000376
0.000375
0.000376
0.000376
0.000374
0.000387
0.000375
0.000377
0.000375
0.000380
0.000375
0.000374
0.000377
0.000375
0.000373
0.000372
0.000373
0.000375
0.000377
0.000377
0.000375
0.000373
0.000375
0.000376
0.000374
0.000374
0.000372
0.000374
0.000380
0.000375
0.000386
0.000372
0.000374
0.000374
0.000374
0.000374
0.000380
0.000371
0.000371
0.000386
0.000373
0.000373
0.000380
0.000371
0.000369
0.000372
0.000372
0.000371
0.000369
0.000371
0.000374
0.000371
0.000369
0.000369
0.000371
0.000371
0.000368
0.000370
0.000372
0.000385
0.000377
0.000373
0.000373
0.000384
0.000372
0.000371
0.000369
0.000371
0.000371
0.000371
0.000373
0.000373
0.000369
0.000370
0.000373
0.000372
0.000373
0.000373
0.000373
0.000372
0.000371
0.000371
0.000373
0.000372
0.000371
0.000388
0.000372
0.000373
0.000374
0.000384
0.000371
0.000371
0.000372
0.000378
0.000374
0.000372
0.000371
0.000373
0.000373
0.000373
0.000376
0.000374
0.000373
0.000387
0.000374
0.000373
0.000371
0.000380
0.000372
0.000371
0.000371
0.000380
0.000373
0.000372
0.000376
0.000380
0.000373
0.000373
0.000373
0.000373
0.000371
0.000371
0.000371
0.000372
0.000371
0.000373
0.000373
0.000371
0.000370
0.000372
0.000372
0.000373
0.000372
0.000371
0.000372
0.000377
0.000375
0.000372
0.000384
0.000372
0.000372
0.000371
0.000381
0.000373
0.000372
0.000372
0.000375
0.000371
0.000372
0.000372
0.000372
0.000372
0.000372
0.000373
0.000373
0.000372
0.000373
0.000374
0.000372
0.000372
0.000369
0.000371
0.000372
0.000369
0.000370
0.000371
0.000384
0.000373
0.000371
0.000371
0.000377
0.000373
0.000372
0.000373
0.000372
0.000371
0.000370
0.000371
0.000384
0.000371
0.000371
0.000371
0.000374
0.000371
0.000371
0.000372
0.000370
0.000370
0.000372
0.000375
0.000370
0.000371
0.000370
0.000385
0.000371
0.000371
0.000373
0.000380
0.000371
0.000371
0.000373
0.000371
0.000372
0.000373
0.000372
0.000371
0.000371
0.000371
0.000371
0.000371
0.000374
0.000370
0.000371
0.000371
0.000372
0.000371
0.000369
0.000370
0.000385
0.000372
0.000371
0.000373
0.000370
0.000379
0.000370
0.000371
0.000370
0.000369
0.000371
0.000372
0.000372
0.000374
0.000376
0.000373
0.000373
0.000372
0.000372
0.000370
0.000372
0.000370
0.000371
0.000372
0.000373
0.000376
0.000373
0.000381
0.000371
0.000373
0.000373
0.000380
0.000371
0.000372
0.000372
0.000374
0.000372
0.000371
0.000371
0.000371
0.000372
0.000371
0.000372
0.000373
0.000372
0.000371
0.000374
0.000369
0.000374
0.000370
0.000369
0.000371
0.000369
0.000371
0.000379
0.000370
0.000371
0.000374
0.000371
0.000373
0.000379
0.000370
0.000369
0.000370
0.000371
0.000370
0.000369
0.000375
0.000369
0.000370
0.000370
0.000370
0.000370
0.000370
0.000372
0.000371
0.000369
0.000369
0.000370
0.000370
0.000370
0.000371
0.000385
0.000370
0.000371
0.000372
0.000376
0.000371
0.000369
0.000374
0.000372
0.000370
0.000369
0.000368
0.000370
0.000370
0.000368
0.000371
0.000370
0.000370
0.000374
0.000373
0.000371
0.000370
0.000371
0.000372
0.000372
0.000370
0.000370
0.000384
0.000374
0.000371
0.000371
0.000380
0.000370
0.000372
0.000372
0.000372
0.000371
0.000370
0.000370
0.000375
0.000370
0.000370
0.000372
0.000371
0.000372
0.000370
0.000371
0.000369
0.000371
0.000372
0.000373
0.000369
0.000371
0.000388
0.000373
0.000372
0.000371
0.000380
0.000371
0.000371
0.000369
0.000375
0.000371
0.000371
0.000369
0.000370
0.000374
0.000371
0.000372
0.000370
0.000370
0.000374
0.000371
0.000370
0.000369
0.000368
0.000368
0.000369
0.000368
0.000370
0.000385
0.000372
0.000374
0.000380
0.000369
0.000369
0.000372
0.000370
0.000369
0.000368
0.000371
0.000368
0.000369
0.000372
0.000370
0.000369
0.000368
0.000371
0.000372
0.000368
0.000369
0.000370
0.000368
0.000370
0.000375
0.000370
0.000370
0.000384
0.000371
0.000371
0.000369
0.000377
0.000367
0.000370
0.000367
0.000372
0.000369
0.000369
0.000371
0.000369
0.000370
0.000369
0.000370
0.000369
0.000370
0.000370
0.000369
0.000370
0.000369
0.000370
0.000370
0.000368
0.000368
0.000371
0.000382
0.000371
0.000391
0.000370
0.000380
0.000372
0.000374
0.000372
0.000372
0.000372
0.000371
0.000369
0.000368
0.000395
0.000369
0.000370
0.000369
0.000367
0.000368
0.000372
0.000370
0.000369
0.000370
0.000370
0.000372
0.000368
0.000368
0.000381
0.000371
0.000370
0.000370
0.000370
0.000378
0.000369
0.000373
0.000368
0.000368
0.000369
0.000372
0.000370
0.000370
0.000369
0.000368
0.000370
0.000368
0.000373
0.000374
0.000370
0.000371
0.000369
0.000368
0.000369
0.000368
0.000383
0.000370
0.000371
0.000374
0.000370
0.000377
0.000370
0.000368
0.000371
0.000370
0.000369
0.000370
0.000371
0.000371
0.000370
0.000369
0.000369
0.000368
0.000371
0.000370
0.000369
0.000370
0.000369
0.000370
0.000370
0.000366
0.000369
0.000379
0.000369
0.000368
0.000371
0.000379
0.000369
0.000370
0.000367
0.000386
0.000373
0.000372
0.000372
0.000380
0.000369
0.000369
0.000369
0.000368
0.000370
0.000369
0.000383
0.000370
0.000369
0.000370
0.000369
0.000371
0.000369
0.000370
0.000384
0.000371
0.000370
0.000375
0.000381
0.000371
0.000369
0.000369
0.000369
0.000371
0.000370
0.000370
0.000372
0.000374
0.000368
0.000369
0.000369
0.000370
0.000369
0.000370
0.000368
0.000368
0.000368
0.000371
0.000375
0.000369
0.000371
0.000373
0.000385
0.000370
0.000370
0.000373
0.000378
0.000370
0.000371
0.000373
0.000368
0.000369
0.000368
0.000371
0.000370
0.000371
0.000370
0.000370
0.000370
0.000370
0.000372
0.000375
0.000378
0.000369
0.000369
0.000368
0.000369
0.000367
0.000369
0.000384
0.000386
0.000372
0.000374
0.000381
0.000381
0.000368
0.000368
0.000370
0.000366
0.000368
0.000368
0.000371
0.000367
0.000365
0.000366
0.000365
0.000370
0.000370
0.000369
0.000370
0.000369
0.000367
0.000385
0.000373
0.000373
0.000375
0.000373
0.000373
0.000375
0.000384
0.000370
0.000367
0.000367
0.000373
0.000368
0.000367
0.000367
0.000370
0.000366
0.000366
0.000368
0.000368
0.000369
0.000368
0.000372
0.000368
0.000369
0.000367
0.000367
0.000367
0.000388
0.000372
0.000372
0.000371
0.000374
0.000380
0.000368
0.000367
0.000365
0.000366
0.000366
0.000366
0.000367
0.000366
0.000368
0.000371
0.000366
0.000367
0.000367
0.000366
0.000368
0.000367
0.000367
0.000368
0.000366
0.000367
0.000371
0.000367
0.000368
0.000382
0.000370
0.000372
0.000372
0.000377
0.000365
0.000367
0.000366
0.000369
0.000367
0.000366
0.000367
0.000366
0.000364
0.000366
0.000366
0.000365
0.000367
0.000368
0.000383
0.000366
0.000366
0.000365
0.000366
0.000367
0.000366
0.000367
0.000365
0.000388
0.000374
0.000372
0.000383
0.000365
0.000366
0.000366
0.000366
0.000366
0.000365
0.000369
0.000368
0.000372
0.000366
0.000367
0.000367
0.000366
0.000367
0.000367
0.000366
0.000366
0.000365
0.000367
0.000367
0.000366
0.000365
0.000367
0.000384
0.000375
0.000372
0.000374
0.000380
0.000368
0.000369
0.000370
0.000367
0.000367
0.000368
0.000369
0.000365
0.000367
0.000366
0.000365
0.000365
0.000368
0.000370
0.000367
0.000367
0.000366
0.000366
0.000367
0.000365
0.000365
0.000365
0.000381
0.000372
0.000374
0.000372
0.000372
0.000379
0.000364
0.000364
0.000364
0.000364
0.000364
0.000366
0.000368
0.000370
0.000365
0.000365
0.000365
0.000365
0.000365
0.000366
0.000367
0.000365
0.000366
0.000422
0.000404
0.000429
0.000420
0.000411
0.000403
0.000408
0.000420
0.000397
0.000392
0.000419
0.000397
0.000394
0.000403
0.000386
0.000385
0.000387
0.000380
0.000381
0.000380
0.000381
0.000378
0.000381
0.000380
0.000376
0.000378
0.000377
0.000376
0.000395
0.000382
0.000382
0.000384
0.000380
0.000381
0.000389
0.000374
0.000375
0.000373
0.000375
0.000373
0.000372
0.000377
0.000375
0.000374
0.000373
0.000373
0.000372
0.000373
0.000372
0.000372
0.000372
0.000371
0.000376
0.000372
0.000371
0.000388
0.000376
0.000375
0.000373
0.000387
0.000370
0.000369
0.000367
0.000391
0.000377
0.000376
0.000401
0.000378
0.000373
0.000374
0.000380
0.000369
0.000370
0.000391
0.000374
0.000373
0.000384
0.000368
0.000370
0.000368
0.000368
0.000367
0.000385
0.000374
0.000375
0.000375
0.000374
0.000382
0.000369
0.000368
0.000367
0.000368
0.000368
0.000384
0.000373
0.000376
0.000371
0.000377
0.000366
0.000367
0.000367
0.000369
0.000367
0.000369
0.000368
0.000371
0.000366
0.000366
0.000366
0.000385
0.000374
0.000373
0.000373
0.000371
0.000379
0.000367
0.000370
0.000365
0.000365
0.000368
0.000365
0.000367
0.000367
0.000368
0.000368
0.000367
0.000368
0.000370
0.000366
0.000370
0.000368
0.000371
0.000367
0.000367
0.000367
0.000368
0.000389
0.000373
0.000374
0.000372
0.000380
0.000369
0.000367
0.000366
0.000366
0.000366
0.000366
0.000365
0.000366
0.000370
0.000366
0.000367
0.000368
0.000368
0.000366
0.000366
0.000366
0.000367
0.000365
0.000367
0.000371
0.000367
0.000381
0.000372
0.000371
0.000372
0.000373
0.000378
0.000368
0.000367
0.000368
0.000366
0.000366
0.000365
0.000366
0.000368
0.000367
0.000367
0.000367
0.000368
0.000368
0.000371
0.000367
0.000367
0.000367
0.000366
0.000366
0.000366
0.000366
0.000366
0.000386
0.000373
0.000374
0.000372
0.000383
0.000368
0.000367
0.000366
0.000365
0.000365
0.000366
0.000366
0.000365
0.000369
0.000367
0.000366
0.000366
0.000367
0.000366
0.000368
0.000367
0.000368
0.000368
0.000367
0.000371
0.000368
0.000368
0.000385
0.000373
0.000373
0.000373
0.000372
0.000379
0.000367
0.000370
0.000366
0.000364
0.000366
0.000366
0.000366
0.000367
0.000366
0.000366
0.000366
0.000367
0.000372
0.000365
0.000366
0.000366
0.000365
0.000367
0.000366
0.000365
0.000365
0.000367
0.000388
0.000376
0.000373
0.000371
0.000372
0.000375
0.000366
0.000365
0.000367
0.000365
0.000365
0.000365
0.000369
0.000365
0.000365
0.000366
0.000365
0.000365
0.000366
0.000364
0.000365
0.000364
0.000364
0.000385
0.000400
0.000375
0.000374
0.000377
0.000374
0.000372
0.000380
0.000366
0.000365
0.000365
0.000392
0.000372
0.000372
0.000380
0.000368
0.000368
0.000371
0.000369
0.000370
0.000368
0.000370
0.000368
0.000369
0.000368
0.000367
0.000368
0.000367
0.000366
0.000366
0.000389
0.000375
0.000374
0.000372
0.000378
0.000366
0.000363
0.000366
0.000367
0.000366
0.000366
0.000367
0.000366
0.000369
0.000364
0.000365
0.000366
0.000367
0.000365
0.000367
0.000367
0.000368
0.000365
0.000366
0.000368
0.000367
0.000367
0.000385
0.000373
0.000372
0.000372
0.000372
0.000377
0.000366
0.000365
0.000370
0.000366
0.000365
0.000366
0.000367
0.000366
0.000367
0.000366
0.000364
0.000365
0.000367
0.000365
0.000366
0.000364
0.000365
0.000366
0.000365
0.000366
0.000365
0.000382
0.000372
0.000376
0.000375
0.000372
0.000380
0.000367
0.000365
0.000366
0.000365
0.000365
0.000366
0.000366
0.000369
0.000366
0.000364
0.000365
0.000365
0.000366
0.000367
0.000365
0.000363
0.000364
0.000366
0.000369
0.000367
0.000365
0.000386
0.000372
0.000373
0.000373
0.000381
0.000367
0.000367
0.000368
0.000370
0.000366
0.000366
0.000366
0.000364
0.000366
0.000365
0.000365
0.000365
0.000365
0.000364
0.000371
0.000366
0.000367
0.000365
0.000365
0.000367
0.000366
0.000365
0.000383
0.000372
0.000373
0.000375
0.000378
0.000368
0.000367
0.000367
0.000365
0.000366
0.000366
0.000367
0.000368
0.000369
0.000366
0.000365
0.000366
0.000367
0.000367
0.000368
0.000367
0.000366
0.000366
0.000367
0.000373
0.000366
0.000366
0.000383
0.000373
0.000373
0.000372
0.000383
0.000368
0.000367
0.000366
0.000370
0.000366
0.000368
0.000367
