0.002280
0.000500
0.000470
0.000453
0.000435
0.000429
0.000424
0.000417
0.000413
0.000414
0.000410
0.000407
0.000412
0.000402
0.000404
0.000405
0.000403
0.000400
0.000403
0.000400
0.000399
0.000399
0.000405
0.000399
0.000398
0.000398
0.000396
0.000393
0.000395
0.000398
0.000397
0.000397
0.000400
0.000397
0.000395
0.000393
0.000391
0.000392
0.000396
0.000393
0.000391
0.000390
0.000396
0.000392
0.000394
0.000393
0.000391
0.000393
0.000394
0.000390
0.000391
0.000391
0.000394
0.000390
0.000391
0.000392
0.000392
0.000392
0.000394
0.000391
0.000391
0.000393
0.000390
0.000395
0.000390
0.000387
0.000392
0.000390
0.000392
0.000388
0.000389
0.000390
0.000391
0.000394
0.000389
0.000389
0.000389
0.000389
0.000393
0.000388
0.000390
0.000390
0.000388
0.000393
0.000387
0.000389
0.000391
0.000391
0.000390
0.000389
0.000389
0.000391
0.000389
0.000394
0.000389
0.000389
0.000388
0.000389
0.000390
0.000391
0.000390
0.000391
0.000387
0.000390
0.000396
0.000392
0.000390
0.000387
0.000390
0.000389
0.000386
0.000389
0.000388
0.000389
0.000391
0.000387
0.000386
0.000387
0.000388
0.000388
0.000389
0.000390
0.000386
0.000389
0.000394
0.000388
0.000388
0.000387
0.000388
0.000388
0.000388
0.000392
0.000390
0.000390
0.000394
0.000385
0.000388
0.000387
0.000387
0.000389
0.000388
0.000388
0.000388
0.000387
0.000390
0.000392
0.000385
0.000389
0.000385
0.000389
0.000385
0.000386
0.000389
0.000387
0.000386
0.000392
0.000391
0.000386
0.000386
0.000389
0.000387
0.000388
0.000386
0.000386
0.000385
0.000392
0.000387
0.000387
0.000388
0.000386
0.000386
0.000386
0.000388
0.000388
0.000387
0.000387
0.000391
0.000387
0.000386
0.000389
0.000390
0.000388
0.000387
0.000389
0.000385
0.000387
0.000391
0.000387
0.000387
0.000385
0.000388
0.000385
0.000386
0.000384
0.000385
0.000386
0.000391
0.000385
0.000387
0.000385
0.000385
0.000386
0.000388
0.000387
0.000384
0.000384
0.000383
0.000387
0.000385
0.000386
0.000385
0.000385
0.000389
0.000388
0.000386
0.000385
0.000385
0.000390
0.000387
0.000385
0.000387
0.000385
0.000385
0.000386
0.000385
0.000385
0.000385
0.000391
0.000386
0.000386
0.000386
0.000385
0.000387
0.000385
0.000384
0.000388
0.000384
0.000387
0.000393
0.000386
0.000387
0.000384
0.000387
0.000389
0.000387
0.000387
0.000384
0.000384
0.000388
0.000385
0.000382
0.000386
0.000385
0.000387
0.000385
0.000387
0.000385
0.000388
0.000390
0.000385
0.000387
0.000387
0.000385
0.000388
0.000388
0.000388
0.000386
0.000388
0.000387
0.000386
0.000385
0.000385
0.000383
0.000386
0.000386
0.000385
0.000386
0.000385
0.000386
0.000392
0.000388
0.000386
0.000387
0.000385
0.000387
0.000386
0.000387
0.000385
0.000387
0.000389
0.000385
0.000386
0.000387
0.000385
0.000387
0.000387
0.000386
0.000389
0.000388
0.000387
0.000390
0.000387
0.000387
0.000385
0.000387
0.000384
0.000389
0.000382
0.000383
0.000387
0.000388
0.000384
0.000384
0.000385
0.000384
0.000382
0.000384
0.000383
0.000385
0.000385
0.000389
0.000386
0.000385
0.000384
0.000383
0.000383
0.000384
0.000386
0.000383
0.000382
0.000385
0.000393
0.000383
0.000386
0.000385
0.000383
0.000386
0.000382
0.000386
0.000386
0.000387
0.000389
0.000383
0.000385
0.000384
0.000385
0.000386
0.000384
0.000387
0.000387
0.000386
0.000391
0.000386
0.000383
0.000384
0.000384
0.000380
0.000385
0.000385
0.000385
0.000385
0.000385
0.000391
0.000385
0.000388
0.000384
0.000383
0.000385
0.000385
0.000383
0.000384
0.000386
0.000386
0.000383
0.000385
0.000384
0.000385
0.000383
0.000383
0.000382
0.000382
0.000386
0.000383
0.000391
0.000384
0.000385
0.000386
0.000386
0.000386
0.000386
0.000384
0.000384
0.000384
0.000387
0.000387
0.000383
0.000386
0.000385
0.000384
0.000385
0.000385
0.000387
0.000381
0.000387
0.000385
0.000385
0.000383
0.000384
0.000384
0.000383
0.000383
0.000385
0.000386
0.000384
0.000389
0.000387
0.000382
0.000385
0.000385
0.000382
0.000384
0.000384
0.000386
0.000386
0.000387
0.000383
0.000384
0.000381
0.000384
0.000385
0.000384
0.000384
0.000382
0.000383
0.000388
0.000385
0.000386
0.000385
0.000382
0.000383
0.000383
0.000384
0.000383
0.000383
0.000386
0.000388
0.000385
0.000383
0.000382
0.000386
0.000384
0.000385
0.000387
0.000385
0.000386
0.000386
0.000385
0.000388
0.000386
0.000385
0.000385
0.000384
0.000385
0.000387
0.000386
0.000387
0.000382
0.000383
0.000383
0.000385
0.000384
0.000385
0.000384
0.000385
0.000384
0.000384
0.000391
0.000384
0.000384
0.000386
0.000384
0.000385
0.000383
0.000386
0.000386
0.000385
0.000390
0.000383
0.000384
0.000385
0.000385
0.000385
0.000386
0.000386
0.000381
0.000383
0.000386
0.000388
0.000386
0.000386
0.000385
0.000386
0.000385
0.000382
0.000383
0.000387
0.000385
0.000389
0.000384
0.000384
0.000384
0.000384
0.000386
0.000387
0.000385
0.000385
0.000385
0.000390
0.000382
0.000384
0.000382
0.000385
0.000385
0.000387
0.000382
0.000383
0.000384
0.000383
0.000388
0.000384
0.000383
0.000383
0.000387
0.000385
0.000383
0.000385
0.000384
0.000384
0.000387
0.000382
0.000383
0.000384
0.000388
0.000388
0.000384
0.000385
0.000384
0.000384
0.000384
0.000392
0.000383
0.000382
0.000383
0.000385
0.000385
0.000384
0.000385
0.000383
0.000385
0.000391
0.000384
0.000384
0.000384
0.000383
0.000381
0.000388
0.000383
0.000385
0.000384
0.000386
0.000383
0.000382
0.000385
0.000387
0.000387
0.000387
0.000384
0.000383
0.000382
0.000387
0.000390
0.000383
0.000386
0.000383
0.000384
0.000388
0.000385
0.000386
0.000385
0.000385
0.000388
0.000386
0.000388
0.000386
0.000388
0.000385
0.000385
0.000384
0.000383
0.000386
0.000389
0.000385
0.000385
0.000384
0.000386
0.000384
0.000384
0.000385
0.000386
0.000384
0.000385
0.000384
0.000384
0.000383
0.000388
0.000384
0.000384
0.000384
0.000385
0.000385
0.000385
0.000387
0.000384
0.000384
0.000385
0.000382
0.000385
0.000383
0.000387
0.000383
0.000383
0.000383
0.000387
0.000386
0.000384
0.000383
0.000383
0.000385
0.000386
0.000385
0.000385
0.000385
0.000386
0.000384
0.000385
0.000384
0.000383
0.000383
0.000383
0.000386
0.000386
0.000385
0.000389
0.000386
0.000384
0.000383
0.000384
0.000385
0.000387
0.000385
0.000384
0.000383
0.000384
0.000388
0.000382
0.000383
0.000383
0.000386
0.000385
0.000382
0.000385
0.000384
0.000385
0.000389
0.000383
0.000385
0.000383
0.000385
0.000385
0.000385
0.000383
0.000386
0.000386
0.000388
0.000384
0.000384
0.000384
0.000384
0.000385
0.000385
0.000384
0.000385
0.000384
0.000388
0.000390
0.000385
0.000384
0.000385
0.000382
0.000382
0.000384
0.000383
0.000385
0.000385
0.000390
0.000383
0.000383
0.000383
0.000387
0.000383
0.000384
0.000385
0.000382
0.000382
0.000383
0.000390
0.000383
0.000385
0.000385
0.000384
0.000384
0.000386
0.000383
0.000384
0.000384
0.000388
0.000384
0.000384
0.000385
0.000382
0.000382
0.000385
0.000385
0.000383
0.000383
0.000388
0.000383
0.000385
0.000385
0.000385
0.000384
0.000385
0.000383
0.000386
0.000385
0.000385
0.000389
0.000383
0.000386
0.000387
0.000385
0.000384
0.000387
0.000384
0.000387
0.000383
0.000389
0.000383
0.000382
0.000385
0.000384
0.000385
0.000384
0.000384
0.000385
0.000384
0.000382
0.000391
0.000384
0.000384
0.000383
0.000383
0.000383
0.000386
0.000384
0.000385
0.000382
0.000390
0.000385
0.000386
0.000386
0.000384
0.000385
0.000384
0.000383
0.000385
0.000385
0.000387
0.000382
0.000383
0.000384
0.000384
0.000384
0.000383
0.000385
0.000385
0.000385
0.000385
0.000388
0.000384
0.000383
0.000383
0.000384
0.000383
0.000384
0.000381
0.000385
0.000384
0.000387
0.000382
0.000383
0.000382
0.000382
0.000382
0.000384
0.000384
0.000384
0.000384
0.000386
0.000381
0.000384
0.000385
0.000382
0.000382
0.000383
0.000383
0.000387
0.000384
0.000383
0.000383
0.000383
0.000385
0.000383
0.000386
0.000386
0.000385
0.000381
0.000383
0.000384
0.000386
0.000381
0.000385
0.000382
0.000383
0.000385
0.000384
0.000385
0.000383
0.000384
0.000384
0.000385
0.000387
0.000383
0.000384
0.000387
0.000383
0.000384
0.000383
0.000382
0.000382
0.000387
0.000385
0.000383
0.000381
0.000384
0.000385
0.000382
0.000384
0.000384
0.000381
0.000382
0.000387
0.000383
0.000385
0.000385
0.000382
0.000383
0.000385
0.000385
0.000383
0.000383
0.000384
0.000383
0.000382
0.000384
0.000382
0.000382
0.000384
0.000385
0.000384
0.000384
0.000388
0.000384
0.000382
0.000385
0.000382
0.000384
0.000382
0.000381
0.000381
0.000385
0.000383
0.000388
0.000382
0.000382
0.000383
0.000383
0.000383
0.000384
0.000386
0.000382
0.000383
0.000388
0.000382
0.000384
0.000381
0.000384
0.000383
0.000381
0.000380
0.000382
0.000382
0.000380
0.000384
0.000383
0.000382
0.000384
0.000384
0.000381
0.000382
0.000382
0.000383
0.000381
0.000385
0.000385
0.000381
0.000383
0.000383
0.000383
0.000382
0.000382
0.000384
0.000383
0.000385
0.000383
0.000382
0.000384
0.000383
0.000381
0.000380
0.000382
0.000380
0.000384
0.000383
0.000388
0.000385
0.000383
0.000382
0.000381
0.000383
0.000382
0.000381
0.000383
0.000384
0.000386
0.000379
0.000381
0.000384
0.000385
0.000384
0.000382
0.000385
0.000387
0.000385
0.000384
0.000385
0.000382
0.000381
0.000383
0.000382
0.000381
0.000383
0.000381
0.000382
0.000381
0.000385
0.000382
0.000387
0.000382
0.000386
0.000382
0.000383
0.000385
0.000382
0.000385
0.000385
0.000385
0.000384
0.000383
0.000380
0.000384
0.000382
0.000380
0.000381
0.000380
0.000380
0.000386
0.000380
0.000381
0.000383
0.000385
0.000382
0.000381
0.000381
0.000383
0.000383
0.000387
0.000380
0.000384
0.000381
0.000382
0.000382
0.000384
0.000381
0.000382
0.000383
0.000382
0.000386
0.000383
0.000384
0.000384
0.000383
0.000383
0.000383
0.000383
0.000383
0.000379
0.000386
0.000380
0.000383
0.000384
0.000383
0.000382
0.000380
0.000384
0.000383
0.000384
0.000385
0.000385
0.000385
0.000383
0.000381
0.000383
0.000385
0.000384
0.000382
0.000382
0.000383
0.000385
0.000383
0.000384
0.000381
0.000383
0.000384
0.000384
0.000383
0.000381
0.000383
0.000382
0.000386
0.000382
0.000384
0.000384
0.000384
0.000381
0.000383
0.000383
0.000382
0.000385
0.000386
0.000381
0.000383
0.000381
0.000384
0.000384
0.000381
0.000381
0.000385
0.000382
0.000389
0.000382
0.000382
0.000384
0.000383
0.000380
0.000385
0.000382
0.000382
0.000383
0.000384
0.000387
0.000383
0.000383
0.000380
0.000382
0.000384
0.000381
0.000383
0.000381
0.000386
0.000383
0.000383
0.000381
0.000381
0.000383
0.000383
0.000385
0.000382
0.000381
0.000382
0.000382
0.000387
0.000384
0.000383
0.000384
0.000384
0.000383
0.000383
0.000382
0.000382
0.000384
0.000385
0.000383
0.000384
0.000381
0.000382
0.000381
0.000382
0.000383
0.000383
0.000384
0.000381
0.000389
0.000383
0.000384
0.000382
0.000383
0.000381
0.000382
0.000382
0.000384
0.000382
0.000386
0.000382
0.000383
0.000381
0.000383
0.000381
0.000381
0.000382
0.000381
0.000384
0.000384
0.000380
0.000385
0.000383
0.000381
0.000382
0.000383
0.000383
0.000381
0.000382
0.000381
0.000386
0.000383
0.000383
0.000381
0.000382
0.000382
0.000381
0.000383
0.000378
0.000381
0.000384
0.000381
0.000382
0.000381
0.000383
0.000383
0.000383
0.000380
0.000382
0.000382
0.000385
0.000385
0.000383
0.000382
0.000383
0.000382
0.000382
0.000383
0.000379
0.000382
0.000382
0.000383
0.000383
0.000381
0.000382
0.000384
0.000383
0.000380
0.000381
0.000381
0.000385
0.000383
0.000387
0.000384
0.000382
0.000384
0.000381
0.000381
0.000384
0.000386
0.000381
0.000383
0.000387
0.000383
0.000380
0.000382
0.000382
0.000382
0.000382
0.000384
0.000382
0.000381
0.000383
0.000385
0.000383
0.000379
0.000383
0.000382
0.000384
0.000383
0.000383
0.000381
0.000383
0.000387
0.000383
0.000379
0.000382
0.000382
0.000382
0.000382
0.000383
0.000384
0.000380
0.000385
0.000382
0.000381
0.000383
0.000382
0.000382
0.000382
0.000384
0.000382
0.000380
0.000382
0.000389
0.000381
0.000383
0.000381
0.000383
0.000382
0.000380
0.000382
0.000382
0.000382
0.000387
0.000382
0.000384
0.000383
0.000382
0.000381
0.000381
0.000384
0.000382
0.000383
0.000381
0.000388
0.000383
0.000381
0.000382
0.000381
0.000382
0.000381
0.000383
0.000384
0.000383
0.000387
0.000383
0.000379
0.000382
0.000378
0.000383
0.000382
0.000385
0.000382
0.000381
0.000382
0.000388
0.000382
0.000381
0.000382
0.000381
0.000381
0.000382
0.000380
0.000384
0.000383
0.000385
0.000379
0.000380
0.000381
0.000380
0.000377
0.000381
0.000380
0.000380
0.000380
0.000381
0.000387
0.000379
0.000380
0.000380
0.000381
0.000382
0.000381
0.000380
0.000381
0.000381
0.000383
0.000381
0.000381
0.000382
0.000380
0.000380
0.000379
0.000379
0.000378
0.000379
0.000377
0.000385
0.000378
0.000382
0.000379
0.000378
0.000378
0.000380
0.000382
0.000380
0.000379
0.000384
0.000379
0.000380
0.000381
0.000403
0.000380
0.000379
0.000380
0.000380
0.000379
0.000378
0.000386
0.000380
0.000378
0.000378
0.000380
0.000379
0.000379
0.000378
0.000380
0.000380
0.000384
0.000383
0.000378
0.000379
0.000379
0.000379
0.000380
0.000380
0.000379
0.000379
0.000379
0.000384
0.000378
0.000379
0.000378
0.000380
0.000390
0.000382
0.000380
0.000376
0.000381
0.000382
0.000379
0.000381
0.000380
0.000380
0.000379
0.000379
0.000379
0.000377
0.000380
0.000378
0.000381
0.000379
0.000378
0.000379
0.000380
0.000380
0.000379
0.000379
0.000379
0.000381
0.000384
0.000379
0.000382
0.000380
0.000379
0.000380
0.000378
0.000380
0.000379
0.000382
0.000380
0.000387
0.000382
0.000380
0.000379
0.000380
0.000380
0.000382
0.000381
0.000382
0.000379
0.000383
0.000380
0.000378
0.000379
0.000379
0.000381
0.000380
0.000379
0.000379
0.000378
0.000380
0.000395
0.000380
0.000379
0.000379
0.000379
0.000380
0.000380
0.000379
0.000378
0.000380
0.000383
0.000381
0.000379
0.000381
0.000379
0.000378
0.000379
0.000381
0.000380
0.000378
0.000380
0.000383
0.000379
0.000376
0.000379
0.000378
0.000378
0.000379
0.000380
0.000380
0.000378
0.000382
0.000380
0.000379
0.000379
0.000378
0.000378
0.000378
0.000380
0.000379
0.000378
0.000378
0.000381
0.000381
0.000379
0.000379
0.000380
0.000379
0.000378
0.000378
0.000380
0.000379
0.000381
0.000380
0.000379
0.000380
0.000379
0.000380
0.000378
0.000378
0.000380
0.000379
0.000380
0.000381
0.000380
0.000379
0.000378
0.000380
0.000379
0.000378
0.000377
0.000378
0.000379
0.000382
0.000379
0.000379
0.000378
0.000379
0.000381
0.000379
0.000379
0.000378
0.000382
0.000379
0.000386
0.000379
0.000379
0.000380
0.000378
0.000379
0.000379
0.000378
0.000378
0.000379
0.000385
0.000381
0.000380
0.000379
0.000381
0.000378
0.000378
0.000381
0.000380
0.000380
0.000379
0.000381
0.000380
0.000378
0.000380
0.000378
0.000378
0.000378
0.000379
0.000378
0.000379
0.000383
0.000378
0.000379
0.000380
0.000378
0.000379
0.000379
0.000377
0.000379
0.000377
0.000380
0.000385
0.000386
0.000390
0.000385
0.000384
0.000382
0.000379
0.000379
0.000379
0.000379
0.000384
0.000380
0.000381
0.000378
0.000378
0.000379
0.000379
0.000379
0.000380
0.000378
0.000379
0.000383
0.000380
0.000381
0.000379
0.000379
0.000381
0.000378
0.000380
0.000380
0.000379
0.000384
0.000379
0.000378
0.000380
0.000380
0.000378
0.000378
0.000378
0.000378
0.000378
0.000378
0.000380
0.000379
0.000379
0.000379
0.000378
0.000378
0.000379
0.000379
0.000379
0.000378
0.000385
0.000378
0.000379
0.000378
0.000380
0.000380
0.000379
0.000380
0.000378
0.000380
0.000378
0.000382
0.000379
0.000379
0.000379
0.000378
0.000378
0.000381
0.000379
0.000379
0.000380
0.000379
0.000382
0.000379
0.000380
0.000381
0.000380
0.000378
0.000379
0.000378
0.000378
0.000379
0.000381
0.000378
0.000379
0.000379
0.000378
0.000381
0.000379
0.000379
0.000379
0.000377
0.000377
0.000382
0.000378
0.000378
0.000378
0.000379
0.000378
0.000380
0.000378
0.000378
0.000378
0.000380
0.000378
0.000377
0.000378
0.000377
0.000377
0.000378
0.000379
0.000378
0.000379
0.000379
0.000381
0.000380
0.000378
0.000377
0.000379
0.000378
0.000378
0.000380
0.000378
0.000378
0.000382
0.000378
0.000378
0.000379
0.000377
0.000378
0.000377
0.000378
0.000380
0.000378
0.000379
0.000380
0.000379
0.000378
0.000378
0.000379
0.000378
0.000378
0.000377
0.000378
0.000378
0.000381
0.000378
0.000377
0.000379
0.000379
0.000379
0.000379
0.000377
0.000378
0.000377
0.000378
0.000380
0.000380
0.000378
0.000379
0.000378
0.000379
0.000377
0.000378
0.000378
0.000378
0.000382
0.000379
0.000377
0.000377
0.000378
0.000380
0.000378
0.000379
0.000377
0.000380
0.000378
0.000380
0.000378
0.000377
0.000378
0.000380
0.000379
0.000379
0.000379
0.000378
0.000378
0.000379
0.000382
0.000378
0.000379
0.000378
0.000379
0.000378
0.000379
0.000380
0.000380
0.000378
0.000381
0.000377
0.000379
0.000379
0.000380
0.000379
0.000378
0.000378
0.000377
0.000378
0.000379
0.000382
0.000378
0.000377
0.000380
0.000378
0.000377
0.000378
0.000379
0.000377
0.000379
0.000382
0.000379
0.000378
0.000378
0.000377
0.000378
0.000376
0.000376
0.000378
0.000378
0.000379
0.000383
0.000378
0.000380
0.000378
0.000378
0.000378
0.000378
0.000378
0.000380
0.000380
0.000385
0.000378
0.000380
0.000378
0.000377
0.000380
0.000379
0.000379
0.000378
0.000379
0.000379
0.000380
0.000378
0.000378
0.000377
0.000378
0.000377
0.000376
0.000379
0.000378
0.000378
0.000384
0.000379
0.000379
0.000377
0.000378
0.000378
0.000378
0.000377
0.000377
0.000376
0.000376
0.000383
0.000378
0.000378
0.000377
0.000379
0.000378
0.000378
0.000377
0.000380
0.000379
0.000382
0.000378
0.000379
0.000377
0.000378
0.000378
0.000377
0.000378
0.000378
0.000379
0.000379
0.000381
0.000378
0.000378
0.000377
0.000378
0.000377
0.000378
0.000380
0.000379
0.000378
0.000378
0.000379
0.000377
0.000379
0.000379
0.000377
0.000378
0.000378
0.000377
0.000377
0.000380
0.000382
0.000378
0.000378
0.000377
0.000377
0.000377
0.000379
0.000380
0.000378
0.000377
0.000378
0.000382
0.000377
0.000378
0.000380
0.000378
0.000380
0.000378
0.000379
0.000379
0.000378
0.000383
0.000378
0.000379
0.000379
0.000376
0.000377
0.000378
0.000377
0.000379
0.000377
0.000377
0.000379
0.000379
0.000377
0.000379
0.000378
0.000378
0.000378
0.000379
0.000379
0.000378
0.000381
0.000377
0.000379
0.000377
0.000378
0.000377
0.000379
0.000379
0.000378
0.000378
0.000377
0.000382
0.000378
0.000378
0.000377
0.000378
0.000377
0.000379
0.000379
0.000379
0.000379
0.000382
0.000377
0.000377
0.000377
0.000378
0.000378
0.000378
0.000380
0.000378
0.000379
0.000378
0.000383
0.000377
0.000379
0.000380
0.000378
0.000377
0.000378
0.000377
0.000377
0.000377
0.000378
0.000382
0.000379
0.000379
0.000379
0.000378
0.000379
0.000380
0.000378
0.000378
0.000378
0.000383
0.000379
0.000377
0.000377
0.000378
0.000378
0.000377
