0.001191
0.000528
0.000518
0.000373
0.000265
0.000267
0.000264
0.000265
0.000266
0.000266
0.000265
0.000263
0.000278
0.000276
0.000288
0.000301
0.000299
0.000325
0.000283
0.000291
0.000261
0.000257
0.000259
0.000260
0.000259
0.000258
0.000256
0.000261
0.000261
0.000255
0.000257
0.000255
0.000260
0.000266
0.000246
0.000248
0.000247
0.000246
0.000248
0.000247
0.000246
0.000246
0.000247
0.000248
0.000248
0.000247
0.000247
0.000246
0.000253
0.000257
0.000233
0.000232
0.000232
0.000234
0.000233
0.000235
0.000233
0.000233
0.000232
0.000232
0.000232
0.000232
0.000232
0.000233
0.000232
0.000238
0.000244
0.000227
0.000227
0.000226
0.000227
0.000227
0.000226
0.000230
0.000226
0.000227
0.000227
0.000227
0.000228
0.000228
0.000227
0.000227
0.000233
0.000234
0.000219
0.000222
0.000221
0.000220
0.000221
0.000220
0.000221
0.000221
0.000221
0.000220
0.000222
0.000222
0.000222
0.000225
0.000221
0.000247
0.000255
0.000259
0.000249
0.000251
0.000247
0.000251
0.000218
0.000215
0.000216
0.000216
0.000217
0.000219
0.000218
0.000217
0.000216
0.000216
0.000216
0.000216
0.000237
0.000212
0.000212
0.000212
0.000212
0.000211
0.000210
0.000211
0.000211
0.000210
0.000211
0.000210
0.000210
0.000210
0.000211
0.000211
0.000211
0.000211
0.000217
0.000218
0.000210
0.000210
0.000211
0.000210
0.000220
0.000206
0.000207
0.000207
0.000206
0.000207
0.000206
0.000207
0.000207
0.000207
0.000206
0.000206
0.000206
0.000213
0.000227
0.000211
0.000210
0.000211
0.000211
0.000219
0.000206
0.000206
0.000206
0.000206
0.000206
0.000207
0.000206
0.000206
0.000206
0.000207
0.000205
0.000205
0.000208
0.000222
0.000207
0.000206
0.000207
0.000206
0.000216
0.000207
0.000206
0.000206
0.000218
0.000207
0.000207
0.000207
0.000207
0.000206
0.000207
0.000206
0.000206
0.000207
0.000217
0.000208
0.000206
0.000207
0.000206
0.000206
0.000207
0.000206
0.000206
0.000206
0.000206
0.000205
0.000206
0.000206
0.000208
0.000207
0.000206
0.000207
0.000206
0.000228
0.000206
0.000206
0.000205
0.000207
0.000206
0.000214
0.000206
0.000206
0.000206
0.000206
0.000206
0.000207
0.000206
0.000207
0.000206
0.000205
0.000206
0.000209
0.000233
0.000213
0.000212
0.000213
0.000224
0.000215
0.000207
0.000215
0.000208
0.000208
0.000207
0.000206
0.000206
0.000206
0.000206
0.000206
0.000205
0.000205
0.000206
0.000212
0.000207
0.000208
0.000207
0.000207
0.000206
0.000207
0.000206
0.000208
0.000206
0.000206
0.000207
0.000207
0.000206
0.000205
0.000206
0.000206
0.000207
0.000207
0.000209
0.000215
0.000206
0.000207
0.000207
0.000207
0.000218
0.000206
0.000206
0.000208
0.000207
0.000207
0.000206
0.000206
0.000207
0.000205
0.000207
0.000206
0.000207
0.000206
0.000217
0.000206
0.000206
0.000208
0.000206
0.000208
0.000208
0.000206
0.000206
0.000206
0.000207
0.000206
0.000205
0.000206
0.000206
0.000205
0.000206
0.000206
0.000207
0.000211
0.000207
0.000207
0.000205
0.000206
0.000206
0.000212
0.000207
0.000206
0.000207
0.000207
0.000208
0.000206
0.000206
0.000206
0.000207
0.000208
0.000207
0.000206
0.000210
0.000206
0.000207
0.000207
0.000207
0.000206
0.000208
0.000206
0.000206
0.000206
0.000207
0.000206
0.000208
0.000206
0.000205
0.000207
0.000206
0.000206
0.000207
0.000206
0.000214
0.000207
0.000206
0.000205
0.000207
0.000217
0.000205
0.000206
0.000206
0.000205
0.000207
0.000207
0.000206
0.000208
0.000206
0.000206
0.000206
0.000207
0.000206
0.000210
0.000207
0.000206
0.000206
0.000207
0.000206
0.000207
0.000206
0.000206
0.000206
0.000206
0.000207
0.000206
0.000207
0.000206
0.000207
0.000206
0.000207
0.000206
0.000212
0.000207
0.000206
0.000207
0.000207
0.000207
0.000211
0.000206
0.000206
0.000207
0.000205
0.000208
0.000207
0.000206
0.000207
0.000210
0.000215
0.000224
0.000213
0.000229
0.000222
0.000208
0.000208
0.000207
0.000207
0.000212
0.000215
0.000214
0.000214
0.000217
0.000217
0.000217
0.000218
0.000210
0.000211
0.000209
0.000214
0.000214
0.000217
0.000211
0.000208
0.000207
0.000207
0.000207
0.000218
0.000212
0.000209
0.000209
0.000208
0.000206
0.000208
0.000207
0.000208
0.000208
0.000207
0.000208
0.000207
0.000218
0.000207
0.000208
0.000207
0.000207
0.000207
0.000210
0.000207
0.000207
0.000207
0.000207
0.000207
0.000207
0.000208
0.000206
0.000207
0.000206
0.000207
0.000207
0.000215
0.000206
0.000207
0.000207
0.000206
0.000207
0.000213
0.000206
0.000207
0.000207
0.000209
0.000206
0.000206
0.000207
0.000208
0.000207
0.000212
0.000207
0.000207
0.000210
0.000207
0.000208
0.000208
0.000208
0.000206
0.000213
0.000207
0.000206
0.000206
0.000207
0.000207
0.000207
0.000207
0.000207
0.000206
0.000206
0.000207
0.000206
0.000207
0.000229
0.000207
0.000206
0.000207
0.000206
0.000213
0.000207
0.000207
0.000208
0.000208
0.000209
0.000208
0.000208
0.000208
0.000207
0.000208
0.000209
0.000207
0.000207
0.000227
0.000206
0.000208
0.000207
0.000206
0.000207
0.000218
0.000211
0.000206
0.000207
0.000206
0.000206
0.000207
0.000215
0.000207
0.000207
0.000207
0.000206
0.000206
0.000213
0.000206
0.000207
0.000206
0.000207
0.000205
0.000207
0.000207
0.000206
0.000208
0.000206
0.000207
0.000205
0.000207
0.000206
0.000206
0.000208
0.000206
0.000206
0.000213
0.000207
0.000205
0.000207
0.000207
0.000207
0.000212
0.000207
0.000207
0.000207
0.000207
0.000206
0.000215
0.000206
0.000207
0.000206
0.000206
0.000212
0.000206
0.000209
0.000207
0.000207
0.000206
0.000207
0.000207
0.000208
0.000206
0.000207
0.000207
0.000206
0.000206
0.000206
0.000208
0.000206
0.000206
0.000205
0.000206
0.000206
0.000205
0.000228
0.000207
0.000207
0.000206
0.000207
0.000213
0.000207
0.000207
0.000208
0.000206
0.000206
0.000208
0.000206
0.000207
0.000207
0.000206
0.000206
0.000206
0.000205
0.000210
0.000207
0.000206
0.000205
0.000207
0.000207
0.000206
0.000207
0.000206
0.000206
0.000207
0.000208
0.000207
0.000205
0.000207
0.000205
0.000207
0.000207
0.000207
0.000210
0.000206
0.000208
0.000206
0.000206
0.000207
0.000207
0.000207
0.000207
0.000206
0.000206
0.000206
0.000206
0.000206
0.000206
0.000206
0.000206
0.000206
0.000206
0.000207
0.000213
0.000206
0.000206
0.000207
0.000206
0.000207
0.000206
0.000206
0.000207
0.000206
0.000206
0.000206
0.000207
0.000206
0.000206
0.000211
0.000207
0.000206
0.000207
0.000214
0.000206
0.000206
0.000207
0.000209
0.000207
0.000208
0.000206
0.000206
0.000205
0.000206
0.000206
0.000207
0.000206
0.000207
0.000206
0.000206
0.000207
0.000205
0.000209
0.000207
0.000206
0.000207
0.000207
0.000206
0.000206
0.000207
0.000206
0.000206
0.000207
0.000205
0.000206
0.000208
0.000207
0.000207
0.000208
0.000206
0.000206
0.000213
0.000207
0.000207
0.000207
0.000206
0.000210
0.000214
0.000207
0.000206
0.000207
0.000207
0.000206
0.000205
0.000206
0.000206
0.000207
0.000207
0.000206
0.000206
0.000207
0.000211
0.000206
0.000207
0.000207
0.000207
0.000207
0.000206
0.000206
0.000206
0.000207
0.000207
0.000206
0.000206
0.000207
0.000205
0.000226
0.000208
0.000207
0.000206
0.000209
0.000206
0.000208
0.000206
0.000207
0.000206
0.000207
0.000206
0.000207
0.000207
0.000206
0.000207
0.000207
0.000207
0.000206
0.000207
0.000207
0.000208
0.000205
0.000213
0.000207
0.000208
0.000207
0.000206
0.000207
0.000208
0.000206
0.000207
0.000206
0.000207
0.000207
0.000205
0.000206
0.000206
0.000206
0.000206
0.000206
0.000207
0.000209
0.000209
0.000207
0.000207
0.000206
0.000207
0.000206
0.000206
0.000206
0.000207
0.000206
0.000207
0.000207
0.000207
0.000205
0.000207
0.000207
0.000207
0.000207
0.000207
0.000227
0.000207
0.000207
0.000206
0.000207
0.000206
0.000230
0.000206
0.000208
0.000207
0.000207
0.000206
0.000207
0.000207
0.000207
0.000206
0.000206
0.000207
0.000206
0.000226
0.000210
0.000213
0.000220
0.000219
0.000224
0.000212
0.000213
0.000209
0.000211
0.000216
0.000212
0.000212
0.000210
0.000208
0.000208
0.000207
0.000209
0.000206
0.000210
0.000206
0.000206
0.000207
0.000206
0.000208
0.000207
0.000208
0.000207
0.000207
0.000206
0.000206
0.000207
0.000207
0.000207
0.000207
0.000206
0.000207
0.000206
0.000217
0.000206
0.000207
0.000206
0.000206
0.000206
0.000207
0.000206
0.000208
0.000206
0.000207
0.000207
0.000207
0.000206
0.000207
0.000207
0.000207
0.000206
0.000207
0.000210
0.000207
0.000205
0.000206
0.000207
0.000206
0.000207
0.000207
0.000206
0.000207
0.000208
0.000206
0.000206
0.000206
0.000208
0.000207
0.000206
0.000206
0.000208
0.000206
0.000213
0.000206
0.000206
0.000206
0.000205
0.000207
0.000207
0.000208
0.000206
0.000207
0.000207
0.000209
0.000207
0.000208
0.000207
0.000207
0.000207
0.000207
0.000206
0.000210
0.000208
0.000208
0.000207
0.000207
0.000207
0.000207
0.000207
0.000206
0.000206
0.000207
0.000207
0.000206
0.000207
0.000207
0.000207
0.000205
0.000206
0.000207
0.000210
0.000207
0.000207
0.000206
0.000206
0.000207
0.000206
0.000206
0.000207
0.000207
0.000207
0.000206
0.000207
0.000207
0.000207
0.000206
0.000219
0.000207
0.000205
0.000231
0.000207
0.000206
0.000208
0.000207
0.000206
0.000206
0.000206
0.000206
0.000207
0.000208
0.000207
0.000207
0.000207
0.000206
0.000206
0.000206
0.000206
0.000207
0.000207
0.000215
0.000205
0.000207
0.000205
0.000206
0.000208
0.000206
0.000206
0.000207
0.000207
0.000208
0.000206
0.000208
0.000206
0.000207
0.000207
0.000206
0.000207
0.000208
0.000210
0.000208
0.000214
0.000203
0.000202
0.000202
0.000232
0.000207
0.000207
0.000207
0.000208
0.000207
0.000207
0.000206
0.000205
0.000206
0.000208
0.000207
0.000207
0.000209
0.000207
0.000207
0.000206
0.000206
0.000207
0.000207
0.000206
0.000206
0.000207
0.000207
0.000207
0.000206
0.000207
0.000207
0.000206
0.000206
0.000207
0.000206
0.000208
0.000207
0.000206
0.000205
0.000207
0.000206
0.000207
0.000206
0.000207
0.000206
0.000207
0.000206
0.000207
0.000206
0.000205
0.000207
0.000206
0.000206
0.000212
0.000206
0.000221
0.000207
0.000207
0.000206
0.000206
0.000208
0.000207
0.000206
0.000207
0.000206
0.000205
0.000206
0.000207
0.000207
0.000206
0.000207
0.000206
0.000207
0.000207
0.000210
0.000207
0.000206
0.000206
0.000207
0.000214
0.000206
0.000207
0.000207
0.000206
0.000207
0.000207
0.000206
0.000207
0.000206
0.000206
0.000205
0.000206
0.000208
0.000208
0.000207
0.000207
0.000208
0.000207
0.000206
0.000206
0.000207
0.000207
0.000214
0.000205
0.000207
0.000206
0.000206
0.000207
0.000207
0.000207
0.000207
0.000208
0.000210
0.000207
0.000206
0.000207
0.000207
0.000208
0.000219
0.000207
0.000207
0.000207
0.000207
0.000208
0.000206
0.000206
0.000206
0.000207
0.000216
0.000202
0.000202
0.000201
0.000224
0.000207
0.000208
0.000207
0.000206
0.000217
0.000202
0.000203
0.000203
0.000203
0.000201
0.000201
0.000201
0.000202
0.000202
0.000203
0.000202
0.000203
0.000203
0.000221
0.000208
0.000206
0.000207
0.000207
0.000206
0.000215
0.000203
0.000203
0.000202
0.000203
0.000202
0.000202
0.000201
0.000202
0.000202
0.000202
0.000202
0.000202
0.000202
0.000225
0.000208
0.000214
0.000208
0.000206
0.000207
0.000207
0.000206
0.000206
0.000207
0.000208
0.000206
0.000207
0.000208
0.000215
0.000204
0.000206
0.000204
0.000202
0.000206
0.000202
0.000202
0.000201
0.000203
0.000202
0.000230
0.000205
0.000202
0.000202
0.000201
0.000202
0.000202
0.000203
0.000203
0.000203
0.000202
0.000201
0.000202
0.000206
0.000202
0.000202
0.000203
0.000202
0.000202
0.000202
0.000202
0.000203
0.000202
0.000202
0.000202
0.000202
0.000203
0.000203
0.000203
0.000203
0.000202
0.000222
0.000206
0.000209
0.000207
0.000206
0.000217
0.000202
0.000202
0.000203
0.000202
0.000202
0.000201
0.000201
0.000203
0.000202
0.000201
0.000202
0.000203
0.000203
0.000211
0.000202
0.000201
0.000205
0.000202
0.000203
0.000203
0.000203
0.000201
0.000203
0.000202
0.000202
0.000202
0.000202
0.000202
0.000202
0.000202
0.000201
0.000203
0.000203
0.000203
0.000202
0.000206
0.000204
0.000202
0.000201
0.000202
0.000203
0.000202
0.000203
0.000202
0.000201
0.000201
0.000202
0.000202
0.000202
0.000203
0.000203
0.000202
0.000201
0.000202
0.000203
0.000204
0.000202
0.000202
0.000202
0.000202
0.000203
0.000214
0.000203
0.000208
0.000202
0.000202
0.000203
0.000204
0.000202
0.000202
0.000202
0.000201
0.000202
0.000203
0.000201
0.000204
0.000203
0.000203
0.000202
0.000203
0.000203
0.000203
0.000202
0.000202
0.000202
0.000201
0.000202
0.000202
0.000202
0.000202
0.000202
0.000203
0.000203
0.000202
0.000205
0.000203
0.000202
0.000202
0.000203
0.000202
0.000202
0.000201
0.000202
0.000202
0.000202
0.000202
0.000202
0.000201
0.000203
0.000203
0.000202
0.000201
0.000201
0.000207
0.000206
0.000202
0.000203
0.000203
0.000203
0.000202
0.000203
0.000203
0.000203
0.000204
0.000202
0.000203
0.000202
0.000203
0.000203
0.000202
0.000202
0.000202
0.000203
0.000201
0.000205
0.000201
0.000202
0.000202
0.000202
0.000202
0.000201
0.000202
0.000202
0.000202
0.000203
0.000202
0.000202
0.000202
0.000202
0.000201
0.000202
0.000203
0.000202
0.000204
0.000217
0.000202
0.000203
0.000202
0.000202
0.000203
0.000203
0.000203
0.000202
0.000202
0.000202
0.000203
0.000201
0.000203
0.000202
0.000202
0.000202
0.000203
0.000202
0.000206
0.000202
0.000202
0.000202
0.000203
0.000202
0.000203
0.000203
0.000203
0.000201
0.000202
0.000201
0.000202
0.000202
0.000203
0.000201
0.000203
0.000203
0.000202
0.000203
0.000225
0.000208
0.000206
0.000207
0.000206
0.000205
0.000212
0.000202
0.000203
0.000204
0.000208
0.000202
0.000202
0.000202
0.000201
0.000215
0.000207
0.000202
0.000203
0.000215
0.000208
0.000202
0.000202
0.000202
0.000203
0.000201
0.000202
0.000202
0.000203
0.000202
0.000202
0.000202
0.000202
0.000202
0.000201
0.000202
0.000202
0.000203
0.000202
0.000208
0.000202
0.000203
0.000203
0.000204
0.000201
0.000202
0.000202
0.000202
0.000202
0.000203
0.000203
0.000202
0.000202
0.000202
0.000202
0.000201
0.000202
0.000203
0.000202
0.000212
0.000202
0.000202
0.000202
0.000203
0.000202
0.000216
0.000204
0.000202
0.000203
0.000202
0.000202
0.000202
0.000203
0.000202
0.000203
0.000203
0.000202
0.000202
0.000206
0.000203
0.000209
0.000202
0.000202
0.000224
0.000217
0.000214
0.000219
0.000214
0.000209
0.000208
0.000207
0.000226
0.000211
0.000202
0.000203
0.000201
0.000202
0.000217
0.000202
0.000203
0.000202
0.000203
0.000202
0.000203
0.000201
0.000202
0.000202
0.000202
0.000202
0.000202
0.000203
0.000203
0.000203
0.000202
0.000202
0.000210
0.000201
0.000215
0.000202
0.000205
0.000203
0.000203
0.000202
0.000202
0.000203
0.000203
0.000203
0.000203
0.000203
0.000202
0.000201
0.000201
0.000202
0.000202
0.000202
0.000202
0.000204
0.000202
0.000202
0.000202
0.000202
0.000202
0.000202
0.000203
0.000202
0.000201
0.000202
0.000202
0.000202
0.000203
0.000203
0.000200
0.000202
0.000203
0.000202
0.000202
0.000205
0.000202
0.000202
0.000203
0.000202
0.000202
0.000209
0.000202
0.000202
0.000208
0.000202
0.000202
0.000202
0.000202
0.000201
0.000201
0.000202
0.000203
0.000201
0.000201
0.000205
0.000202
0.000202
0.000203
0.000202
0.000202
0.000204
0.000202
0.000202
0.000202
0.000202
0.000202
0.000203
0.000202
0.000202
0.000203
0.000202
0.000202
0.000201
0.000202
0.000205
0.000202
0.000203
0.000203
0.000202
0.000202
0.000203
0.000203
0.000202
0.000203
0.000203
0.000202
0.000203
0.000202
0.000202
0.000203
0.000201
0.000202
0.000202
0.000210
0.000203
0.000203
0.000202
0.000201
0.000202
0.000202
0.000202
0.000203
0.000203
0.000202
0.000202
0.000204
0.000203
0.000203
0.000204
0.000201
0.000202
0.000201
0.000202
0.000204
0.000203
0.000201
0.000202
0.000202
0.000202
0.000203
0.000202
0.000203
0.000202
0.000202
0.000201
0.000202
0.000202
0.000201
0.000202
0.000203
0.000203
0.000202
0.000201
0.000204
0.000202
0.000203
0.000202
0.000204
0.000202
0.000216
0.000202
0.000208
0.000203
0.000203
0.000201
0.000202
0.000203
0.000203
0.000203
0.000203
0.000201
0.000202
0.000204
0.000202
0.000203
0.000203
0.000202
0.000202
0.000202
0.000202
0.000203
0.000202
0.000203
0.000202
0.000201
0.000202
0.000202
0.000202
0.000203
0.000203
0.000203
0.000202
0.000205
0.000202
0.000202
0.000202
0.000202
0.000202
0.000203
0.000203
0.000203
0.000201
0.000202
0.000201
0.000202
0.000202
0.000203
0.000203
0.000204
0.000209
0.000202
0.000202
0.000214
0.000207
0.000204
0.000202
0.000202
0.000201
0.000202
0.000202
0.000203
0.000202
0.000202
0.000202
0.000204
0.000203
0.000202
0.000203
0.000203
0.000202
0.000202
0.000204
0.000202
0.000202
0.000202
0.000203
0.000202
0.000202
0.000202
0.000202
0.000202
0.000202
0.000203
0.000202
0.000203
0.000202
0.000202
0.000202
0.000202
0.000201
0.000204
0.000205
0.000202
0.000203
0.000203
0.000202
0.000202
0.000213
0.000203
0.000208
0.000202
0.000201
0.000203
0.000202
0.000203
0.000201
0.000202
0.000203
0.000202
0.000202
0.000202
0.000205
0.000202
0.000202
0.000202
0.000203
0.000202
0.000203
0.000203
0.000202
0.000203
0.000202
0.000202
0.000202
0.000202
0.000203
0.000203
0.000203
0.000202
0.000203
0.000203
0.000205
0.000202
0.000202
0.000202
0.000203
0.000202
0.000201
0.000202
0.000202
0.000202
0.000202
0.000201
0.000202
0.000202
0.000203
0.000203
0.000203
0.000203
0.000213
0.000205
0.000202
0.000203
0.000203
0.000203
0.000202
0.000202
0.000202
0.000202
0.000202
0.000203
0.000204
0.000203
0.000202
0.000202
0.000202
0.000201
0.000203
0.000202
0.000202
0.000207
0.000202
0.000201
0.000202
0.000202
0.000202
0.000203
0.000203
0.000202
0.000202
0.000202
0.000202
0.000202
0.000203
0.000201
0.000202
0.000202
0.000202
0.000203
0.000203
0.000210
0.000202
0.000202
0.000202
0.000202
0.000203
0.000202
0.000203
0.000203
0.000203
0.000212
0.000202
0.000210
0.000201
0.000202
0.000201
0.000202
0.000202
0.000203
0.000218
0.000202
0.000203
0.000202
0.000202
0.000202
0.000202
0.000202
0.000203
0.000202
0.000202
0.000203
0.000203
0.000203
0.000202
0.000202
0.000203
0.000203
0.000202
0.000203
0.000206
0.000202
0.000201
0.000203
0.000203
0.000202
0.000202
0.000202
0.000202
0.000201
0.000203
0.000202
0.000202
0.000203
0.000202
0.000202
0.000203
0.000203
0.000201
0.000202
0.000205
0.000203
0.000202
0.000203
0.000202
0.000202
0.000202
0.000202
0.000202
0.000202
0.000203
0.000203
0.000203
0.000203
0.000201
0.000201
0.000203
0.000203
0.000203
0.000206
0.000203
0.000202
0.000201
0.000202
0.000201
0.000203
0.000203
0.000202
0.000202
0.000203
0.000203
0.000202
0.000202
0.000202
0.000203
0.000202
0.000203
0.000202
0.000203
0.000204
0.000202
0.000203
0.000203
0.000202
0.000204
0.000202
0.000218
0.000202
0.000202
0.000201
0.000201
0.000202
0.000202
0.000202
0.000201
0.000203
0.000202
0.000204
0.000203
