0.005098
0.001309
0.001239
0.001189
0.001185
0.001185
0.001174
0.001148
0.001149
0.001153
0.001109
0.001093
0.001092
0.001093
0.001060
0.001062
0.001066
0.001064
0.001038
0.001038
0.001056
0.001015
0.001019
0.001019
0.001022
0.001014
0.000996
0.000996
0.000999
0.000990
0.000975
0.000976
0.000980
0.000985
0.000956
0.000957
0.000978
0.000975
0.000969
0.000955
0.000955
0.000992
0.000972
0.000955
0.000954
0.000986
0.000971
0.000954
0.000955
0.000985
0.000975
0.000986
0.000974
0.000977
0.000975
0.000955
0.000955
0.000986
0.000980
0.000956
0.000955
0.000981
0.000972
0.000980
0.000954
0.000976
0.000984
0.000954
0.000954
0.000973
0.000974
0.000968
0.000955
0.000955
0.000988
0.000969
0.000953
0.000953
0.000955
0.000955
0.000955
0.000954
0.000959
0.000956
0.000955
0.000956
0.000958
0.000955
0.000954
0.000953
0.000956
0.000954
0.000954
0.000955
0.000957
0.000954
0.000952
0.000955
0.000954
0.000958
0.000955
0.000955
0.000955
0.000963
0.000954
0.000954
0.000954
0.000956
0.000953
0.000954
0.000955
0.000957
0.000955
0.000955
0.000957
0.000957
0.000956
0.000956
0.000955
0.000955
0.000957
0.000954
0.000952
0.000953
0.000958
0.000955
0.000955
0.000955
0.000957
0.000955
0.000954
0.000955
0.000957
0.000953
0.000951
0.000954
0.000957
0.000954
0.000953
0.000953
0.000955
0.000953
0.000953
0.000952
0.000953
0.000959
0.000955
0.000956
0.000953
0.000957
0.000955
0.000955
0.000954
0.000957
0.000954
0.000954
0.000954
0.000958
0.000955
0.000955
0.000954
0.000958
0.000953
0.000954
0.000956
0.000955
0.000958
0.000954
0.000954
0.000955
0.000956
0.000953
0.000953
0.000954
0.000956
0.000954
0.000954
0.000956
0.000958
0.000954
0.000954
0.000955
0.000960
0.000956
0.000956
0.000955
0.000955
0.000970
0.000955
0.000956
0.000954
0.000956
0.000954
0.000956
0.000955
0.000957
0.000955
0.000954
0.000955
0.000957
0.000955
0.000955
0.000953
0.000957
0.000954
0.000954
0.000955
0.000957
0.000951
0.000953
0.000955
0.000953
0.000954
0.000955
0.000955
0.000955
0.000956
0.000952
0.000952
0.000954
0.000957
0.000955
0.000955
0.000954
0.000957
0.000953
0.000954
0.000954
0.000957
0.000954
0.000955
0.000952
0.000952
0.000958
0.000954
0.000954
0.000954
0.000958
0.000955
0.000954
0.000953
0.000956
0.000954
0.000954
0.000954
0.000958
0.000955
0.000954
0.000955
0.000958
0.000997
0.000971
0.000955
0.000958
0.000955
0.000954
0.000955
0.000955
0.000958
0.000955
0.000956
0.000954
0.000957
0.000955
0.000954
0.000955
0.000957
0.000955
0.000955
0.000955
0.000958
0.000954
0.000955
0.000955
0.000958
0.000954
0.000954
0.000955
0.000956
0.000958
0.000955
0.000954
0.000955
0.000988
0.000973
0.000954
0.000954
0.000956
0.000955
0.000955
0.000955
0.000959
0.000956
0.000954
0.000955
0.000959
0.000955
0.000955
0.000954
0.000958
0.000953
0.000952
0.000953
0.000953
0.000958
0.000952
0.000952
0.000974
0.000975
0.000970
0.000964
0.000954
0.000956
0.000955
0.000954
0.000954
0.000957
0.000956
0.000954
0.000987
0.000973
0.000952
0.000953
0.000954
0.000955
0.000954
0.000954
0.000954
0.000954
0.000957
0.000954
0.000954
0.000954
0.000956
0.000956
0.000955
0.000955
0.000956
0.000955
0.000954
0.000955
0.000957
0.000954
0.000955
0.000955
0.000957
0.000955
0.000954
0.000956
0.000955
0.000958
0.000955
0.000954
0.000955
0.000958
0.000954
0.000955
0.000954
0.000957
0.000954
0.000955
0.000953
0.000957
0.000955
0.000954
0.000955
0.000960
0.000952
0.000952
0.000953
0.000956
0.000954
0.000952
0.000954
0.000954
0.000956
0.000954
0.000955
0.000955
0.000957
0.000953
0.000951
0.000953
0.000956
0.000953
0.000953
0.000953
0.000955
0.000952
0.000951
0.000952
0.000956
0.000955
0.000955
0.000954
0.000951
0.000955
0.000951
0.000953
0.000953
0.000956
0.000953
0.000954
0.000951
0.000957
0.000955
0.000953
0.000952
0.000955
0.000955
0.000952
0.000953
0.000958
0.000954
0.000954
0.000955
0.000954
0.000956
0.000951
0.000955
0.000953
0.000955
0.000953
0.000954
0.000953
0.000957
0.000955
0.000954
0.000955
0.000956
0.000954
0.000952
0.000953
0.000955
0.000952
0.000953
0.000953
0.000957
0.000954
0.000954
0.000954
0.000954
0.000955
0.000953
0.000952
0.000951
0.000955
0.000952
0.000953
0.000952
0.000955
0.000953
0.000953
0.000953
0.000954
0.000953
0.000954
0.000952
0.000956
0.000951
0.000950
0.000950
0.000950
0.000956
0.000953
0.000954
0.000952
0.000956
0.000954
0.000953
0.000953
0.000956
0.000953
0.000952
0.000952
0.000955
0.000951
0.000950
0.000951
0.000953
0.000953
0.000953
0.000953
0.000951
0.000953
0.000953
0.000953
0.000951
0.000952
0.000953
0.000953
0.000952
0.000956
0.000953
0.000951
0.000950
0.000954
0.000951
0.000950
0.000950
0.000953
0.000953
0.000953
0.000953
0.000951
0.000953
0.000952
0.000953
0.000953
0.000952
0.000948
0.000947
0.000949
0.000949
0.000950
0.000951
0.000948
0.000951
0.000962
0.000948
0.000947
0.000951
0.000947
0.000948
0.000950
0.000950
0.000953
0.000950
0.000950
0.000947
0.000949
0.000948
0.000947
0.000947
0.000952
0.000950
0.000950
0.000950
0.000950
0.000948
0.000948
0.000948
0.000950
0.000949
0.000950
0.000950
0.000950
0.000950
0.000950
0.000951
0.000949
0.000952
0.000951
0.000950
0.000949
0.000952
0.000950
0.000949
0.000949
0.000952
0.000948
0.000950
0.000950
0.000950
0.000971
0.000968
0.000968
0.000965
0.000952
0.000950
0.000947
0.000947
0.000950
0.000947
0.000947
0.000950
0.000981
0.000970
0.000951
0.000949
0.000951
0.000947
0.000948
0.000948
0.000950
0.000948
0.000948
0.000947
0.000948
0.000953
0.000950
0.000950
0.000950
0.000953
0.000950
0.000950
0.000949
0.000953
0.000950
0.000949
0.000949
0.000951
0.000947
0.000949
0.000950
0.000952
0.000950
0.000950
0.000950
0.000950
0.000951
0.000948
0.000949
0.000951
0.000953
0.000955
0.000950
0.000950
0.000951
0.000948
0.000948
0.000947
0.000950
0.000948
0.000947
0.000948
0.000948
0.000949
0.000950
0.000947
0.000947
0.000949
0.000947
0.000949
0.000949
0.000965
0.000951
0.000948
0.000949
0.000952
0.000949
0.000949
0.000950
0.000953
0.000950
0.000949
0.000949
0.000949
0.000954
0.000950
0.000949
0.000947
0.000950
0.000948
0.000983
0.000974
0.000953
0.000948
0.000947
0.000947
0.000950
0.000949
0.000948
0.000947
0.000952
0.000950
0.000949
0.000947
0.000947
0.000951
0.000948
0.000949
0.000949
0.000951
0.000950
0.000948
0.000947
0.000953
0.000950
0.000951
0.000949
0.000953
0.000948
0.000947
0.000948
0.000952
0.000948
0.000948
0.000949
0.000950
0.000953
0.000950
0.000951
0.000950
0.000952
0.000949
0.000950
0.000950
0.000951
0.000948
0.000948
0.000947
0.000952
0.000950
0.000950
0.000950
0.000952
0.000948
0.000949
0.000950
0.000958
0.000951
0.000950
0.000951
0.000950
0.000951
0.000947
0.000949
0.000950
0.000952
0.000948
0.000948
0.000948
0.000950
0.000949
0.000949
0.000948
0.000947
0.000952
0.000948
0.000948
0.000948
0.000951
0.000948
0.000948
0.000947
0.000949
0.000947
0.000948
0.000948
0.000950
0.000947
0.000947
0.000950
0.000952
0.000948
0.000947
0.000949
0.000949
0.000951
0.000947
0.000971
0.000968
0.000972
0.000971
0.000970
0.000973
0.000973
0.000976
0.000951
0.000951
0.000978
0.000975
0.000951
0.000950
0.000975
0.000978
0.000950
0.000950
0.000973
0.000967
0.000960
0.000949
0.000952
0.000949
0.000948
0.000948
0.000951
0.000954
0.000951
0.000952
0.000950
0.000955
0.000951
0.000950
0.000949
0.000953
0.000951
0.000951
0.000951
0.000953
0.000948
0.000948
0.000951
0.000952
0.000953
0.000948
0.000948
0.000949
0.000951
0.000948
0.000947
0.000948
0.000949
0.000948
0.000948
0.000951
0.000953
0.000951
0.000950
0.000951
0.000954
0.000951
0.000950
0.000948
0.000949
0.000953
0.000949
0.000948
0.000948
0.000952
0.000951
0.000974
0.000970
0.000983
0.000949
0.000948
0.000948
0.000951
0.000950
0.000950
0.000951
0.000952
0.000949
0.000982
0.000964
0.000951
0.000947
0.000948
0.000948
0.000949
0.000953
0.000976
0.000975
0.000977
0.000979
0.000969
0.000952
0.000952
0.000954
0.000952
0.000950
0.000950
0.000953
0.000949
0.000951
0.000951
0.000954
0.000951
0.000951
0.000948
0.000948
0.000954
0.000950
0.000948
0.000949
0.000951
0.000949
0.000947
0.000950
0.000986
0.000969
0.000949
0.000949
0.000954
0.000948
0.000948
0.000948
0.000952
0.000948
0.000948
0.000949
0.000951
0.000950
0.000948
0.000948
0.000948
0.000953
0.000949
0.000949
0.000948
0.000952
0.000951
0.000951
0.000951
0.000953
0.000950
0.000950
0.000950
0.000954
0.000950
0.000951
0.000951
0.000950
0.000953
0.000951
0.000951
0.000950
0.000952
0.000950
0.000951
0.000951
0.000952
0.000948
0.000949
0.000948
0.000953
0.000951
0.000950
0.000951
0.000953
0.000951
0.000951
0.000951
0.000951
0.000963
0.000951
0.000950
0.000952
0.000954
0.000950
0.000950
0.000948
0.000949
0.000948
0.000949
0.000948
0.000953
0.000948
0.000948
0.000949
0.000954
0.000950
0.000949
0.000948
0.000949
0.000953
0.000950
0.000948
0.000948
0.000950
0.000950
0.000951
0.000951
0.000952
0.000947
0.000948
0.000949
0.000956
0.000951
0.000952
0.000951
0.000955
0.000951
0.000951
0.000950
0.000951
0.000953
0.000951
0.000948
0.000947
0.000951
0.000948
0.000948
0.000948
0.000950
0.000948
0.000949
0.000950
0.000950
0.000947
0.000948
0.000949
0.000950
0.000950
0.000949
0.000949
0.000950
0.000956
0.000952
0.000951
0.000951
0.000955
0.000949
0.000948
0.000948
0.000951
0.000949
0.000949
0.000949
0.000952
0.000949
0.000949
0.000949
0.000948
0.000952
0.000948
0.000949
0.000949
0.000950
0.000948
0.000949
0.000948
0.000951
0.000948
0.000948
0.000949
0.000953
0.000950
0.000948
0.000949
0.000951
0.000949
0.000951
0.000951
0.000951
0.000953
0.000951
0.000951
0.000951
0.000953
0.000948
0.000951
0.000950
0.000952
0.000951
0.000950
0.000950
0.000953
0.000949
0.000950
0.000951
0.000952
0.000949
0.000949
0.000947
0.000948
0.000952
0.000949
0.000947
0.000949
0.003521
0.001342
0.001029
0.001023
0.001020
0.001021
0.001017
0.001015
0.001013
0.001018
0.001010
0.001011
0.001008
0.001011
0.001006
0.001004
0.001005
0.001005
0.001002
0.000998
0.001000
0.001004
0.001001
0.000998
0.001017
0.001025
0.001013
0.001008
0.000996
0.000997
0.000996
0.000991
0.000992
0.001027
0.001008
0.001012
0.001017
0.000996
0.000988
0.000988
0.000988
0.000992
0.000989
0.000990
0.000990
0.000992
0.000989
0.000986
0.000988
0.000994
0.000991
0.000989
0.000989
0.000990
0.000988
0.000986
0.000986
0.000991
0.000987
0.000991
0.000988
0.000994
0.000984
0.000984
0.000984
0.000990
0.000982
0.000986
0.000986
0.000988
0.000986
0.000988
0.000988
0.000992
0.000988
0.000984
0.000983
0.000988
0.000985
0.000983
0.000983
0.000985
0.000985
0.000985
0.000984
0.000986
0.000983
0.000982
0.000985
0.000988
0.000980
0.000982
0.000982
0.000984
0.000981
0.000981
0.000981
0.000984
0.000982
0.000982
0.000981
0.000984
0.000981
0.000981
0.000982
0.000981
0.000983
0.000980
0.000980
0.000980
0.000986
0.000984
0.000983
0.000983
0.000985
0.000985
0.000981
0.000981
0.000984
0.000981
0.000979
0.000979
0.000984
0.000980
0.000983
0.000981
0.000984
0.000982
0.000982
0.000982
0.000983
0.000983
0.000982
0.000981
0.000979
0.000977
0.000978
0.000978
0.000982
0.000978
0.000977
0.000977
0.000983
0.000978
0.000978
0.000980
0.000981
0.000979
0.000977
0.000978
0.000980
0.000978
0.000980
0.000978
0.000983
0.000980
0.000982
0.000980
0.000981
0.000980
0.000981
0.000981
0.000980
0.000982
0.000978
0.000979
0.000981
0.000982
0.000981
0.000980
0.000981
0.000984
0.000980
0.000981
0.000980
0.000981
0.000979
0.000980
0.000980
0.000982
0.000980
0.000981
0.000978
0.000981
0.000980
0.000983
0.000982
0.000981
0.000978
0.000978
0.000980
0.000981
0.000979
0.000978
0.000976
0.000980
0.000977
0.000978
0.000978
0.000988
0.000981
0.000980
0.000981
0.000984
0.000978
0.000980
0.000981
0.000983
0.000977
0.000979
0.000978
0.000979
0.000982
0.000979
0.000978
0.000979
0.000988
0.000980
0.000981
0.000981
0.000985
0.000979
0.000981
0.000979
0.000980
0.000979
0.000976
0.000975
0.000979
0.000978
0.000974
0.000977
0.000981
0.000977
0.000977
0.000975
0.000977
0.000975
0.000974
0.000973
0.000979
0.000973
0.000974
0.000976
0.000977
0.000977
0.000977
0.000974
0.000977
0.000975
0.000975
0.000975
0.000978
0.000975
0.000975
0.000975
0.000978
0.000977
0.000975
0.000975
0.000976
0.001011
0.000991
0.000973
0.000976
0.000978
0.000978
0.000978
0.000975
0.000979
0.000977
0.000978
0.000978
0.000978
0.001002
0.000993
0.000997
0.000976
0.000976
0.000977
0.000977
0.000980
0.000977
0.000974
0.000974
0.001004
0.001002
0.000977
0.000977
0.000979
0.000977
0.000977
0.000977
0.000979
0.000977
0.000977
0.000977
0.000980
0.000977
0.000977
0.000977
0.000980
0.000977
0.000976
0.000976
0.000978
0.000975
0.000975
0.000977
0.000973
0.000976
0.000976
0.000976
0.000976
0.000978
0.000974
0.000977
0.000976
0.000978
0.000976
0.000975
0.000975
0.000977
0.000976
0.000977
0.000977
0.000978
0.000977
0.000978
0.000977
0.000979
0.000976
0.000976
0.000979
0.000981
0.000975
0.000974
0.000977
0.000980
0.000980
0.000976
0.000977
0.000980
0.000976
0.000977
0.000977
0.000981
0.000978
0.000977
0.000978
0.000980
0.000976
0.000977
0.000977
0.000977
0.000981
0.000976
0.000976
0.000977
0.000977
0.000975
0.000975
0.000975
0.000979
0.000975
0.000976
0.000975
0.000980
0.000977
0.000976
0.000975
0.000977
0.000974
0.000975
0.000975
0.000978
0.000974
0.000976
0.000983
0.000980
0.000978
0.000977
0.000977
0.000978
0.000977
0.000975
0.000975
0.000979
0.000977
0.000977
0.000978
0.000980
0.000976
0.000975
0.000976
0.000979
0.000976
0.000974
0.000975
0.000975
0.000979
0.000978
0.000977
0.000975
0.000977
0.000976
0.000978
0.000978
0.000980
0.000976
0.000977
0.000978
0.000977
0.000976
0.000975
0.000975
0.000976
0.000977
0.000975
0.000978
0.000979
0.000976
0.000976
0.000976
0.000977
0.000978
0.000977
0.000976
0.000979
0.000976
0.000979
0.000978
0.000977
0.000975
0.000974
0.000974
0.000978
0.000974
0.000977
0.000978
0.000993
0.000976
0.000976
0.000975
0.000978
0.000979
0.000974
0.000977
0.000974
0.000978
0.000975
0.000975
0.000975
0.000978
0.000976
0.000978
0.000977
0.000979
0.000975
0.000975
0.000977
0.000976
0.000975
0.000973
0.000974
0.000975
0.000974
0.000975
0.000976
0.000978
0.000974
0.000974
0.000975
0.000978
0.000975
0.000973
0.000975
0.000980
0.000977
0.000975
0.000974
0.000977
0.000976
0.000976
0.000974
0.000975
0.000978
0.000974
0.000978
0.000977
0.000979
0.000976
0.000976
0.000978
0.000981
0.000977
0.000976
0.000976
0.000979
0.000975
0.000976
0.000976
0.000977
0.000975
0.000976
0.000978
0.000978
0.000975
0.000974
0.000975
0.000978
0.000973
0.000977
0.000977
0.000982
0.000977
0.000978
0.000974
0.000979
0.000978
0.000977
0.000977
0.000980
0.000977
0.000978
0.001007
0.000998
0.000996
0.000976
0.000977
0.000979
0.000978
0.000978
0.000977
0.000976
0.000980
0.001003
0.000997
0.000975
0.000978
0.000976
0.000976
0.000978
0.000980
0.000977
0.000978
0.000976
0.000981
0.000978
0.000977
0.000977
0.000980
0.000978
0.000979
0.000978
0.000983
0.000978
0.000977
0.000977
0.000993
0.000975
0.000974
0.000976
0.000978
0.000975
0.000975
0.000976
0.000979
0.000978
0.000978
0.000976
0.000977
0.000976
0.000974
0.000975
0.000988
0.000975
0.000974
0.000975
0.000986
0.000975
0.000976
0.000975
0.000976
0.000978
0.000976
0.000975
0.000977
0.000977
0.000977
0.000979
0.000977
0.000981
0.000977
0.000978
0.000978
0.000980
0.000978
0.000977
0.000975
0.000978
0.000974
0.000977
0.001000
0.001006
0.000977
0.000978
0.000977
0.000976
0.000975
0.000975
0.000975
0.000988
0.000979
0.000977
0.000995
0.000998
0.000990
0.000977
0.000977
0.000980
0.000975
0.000976
0.000978
0.001013
0.000992
0.000976
0.000976
0.000978
0.000975
0.000975
0.001007
0.001011
0.000994
0.000990
0.000977
0.001010
0.000991
0.000977
0.000974
0.000974
0.000978
0.000975
0.000977
0.000980
0.000978
0.000976
0.000975
0.001005
0.001002
0.000979
0.000978
0.000978
0.000982
0.000978
0.000977
0.001000
0.001000
0.000978
0.000977
0.000977
0.000980
0.000978
0.000977
0.000975
0.000978
0.000975
0.000974
0.000978
0.000978
0.000977
0.000976
0.000977
0.000977
0.000978
0.000978
0.000979
0.000979
0.000977
0.000975
0.000979
0.001016
0.000993
0.000976
0.000976
0.001014
0.000993
0.000975
0.000975
0.001012
0.000993
0.000979
0.000977
0.001011
0.000994
0.000987
0.000976
0.000978
0.001010
0.000993
0.000979
0.000979
0.001014
0.000993
0.000979
0.000979
0.001014
0.000993
0.000979
0.000976
0.000979
0.000978
0.000979
0.000979
0.000982
0.000978
0.000977
0.000977
0.000981
0.000978
0.000976
0.000975
0.000980
0.000977
0.000976
0.000975
0.000978
0.000975
0.000975
0.000977
0.000977
0.000978
0.000976
0.000978
0.000981
0.000979
0.000977
0.000974
0.000979
0.000978
0.000978
0.000977
0.000980
0.000978
0.000976
0.000977
0.000979
0.000975
0.000974
0.000975
0.000979
0.000978
0.000977
0.000978
0.000975
0.000982
0.000976
0.000975
0.000975
0.000978
0.000976
0.000976
0.000975
0.000979
0.000976
0.000976
0.000976
0.000977
0.000975
0.000975
0.000977
0.000979
0.000979
0.000978
0.000978
0.001005
0.000992
0.000998
0.000977
0.000977
0.000977
0.000978
0.000979
0.001001
0.000993
0.000990
0.001003
0.001021
0.000998
0.000972
0.000975
0.000997
0.001000
0.000973
0.000973
0.000975
0.000971
0.000973
0.000974
0.000974
0.000974
0.000971
0.000972
0.000975
0.000975
0.000975
0.000974
0.000972
0.000974
0.000972
0.000973
0.000972
0.000974
0.000972
0.000971
0.000972
0.000974
0.000972
0.000972
0.000973
0.000975
0.000972
0.000973
0.000972
0.000975
0.000973
0.000974
0.000974
0.000975
0.000974
0.000973
0.000971
0.000974
0.000974
0.000972
0.000972
0.000977
0.000975
0.000975
0.000972
0.000995
0.000990
0.000983
0.000973
0.000975
0.000976
0.000975
0.000973
0.000974
0.000976
0.000973
0.000973
0.000973
0.000976
0.000971
0.000971
0.000970
0.000975
0.000977
0.000973
0.000971
0.000977
0.000972
0.000972
0.000972
0.000974
0.000972
0.000971
0.000971
0.000974
0.000972
0.000973
0.000972
0.000973
0.000971
0.000971
0.000972
0.000973
0.000972
0.000974
0.000973
0.000973
0.000986
0.000970
0.000969
0.000972
0.000976
0.000970
0.000970
0.000970
0.001004
0.000989
0.000973
0.000971
0.000972
0.000969
0.000969
0.000970
0.000976
0.000971
0.000973
0.000972
0.000975
0.000972
0.000971
0.000971
0.000974
0.000973
0.000973
0.000970
0.000975
0.000973
0.000972
0.000972
0.000973
0.000970
0.000972
0.000969
0.000973
0.000971
0.000972
0.000971
0.000970
0.000975
0.000971
0.000972
0.000971
0.000977
0.000972
0.000972
0.000971
0.000974
0.000970
0.000970
0.000970
0.000973
0.000969
0.000970
0.000970
0.000974
0.000972
0.000974
0.000971
0.000974
0.000971
0.000971
0.000971
0.000973
0.000974
