0.005396
0.002655
0.002643
0.002637
0.002618
0.002626
0.002608
0.002634
0.002625
0.002601
0.002601
0.002624
0.002621
0.002617
0.002606
0.002615
0.002609
0.002626
0.002610
0.002621
0.002595
0.002620
0.002614
0.002617
0.002630
0.002616
0.002606
0.002625
0.002620
0.002620
0.002617
0.002613
0.002607
0.002614
0.002595
0.002597
0.002614
0.002611
0.002622
0.002608
0.002619
0.002600
0.002609
0.002625
0.002617
0.002631
0.002609
0.002610
0.002613
0.002614
0.002612
0.002606
0.002597
0.002623
0.002611
0.002609
0.002616
0.002620
0.002609
0.002608
0.002621
0.002606
0.002618
0.002617
0.002615
0.002604
0.002606
0.002614
0.002623
0.002618
0.002619
0.002615
0.002608
0.002600
0.002614
0.002618
0.002609
0.002607
0.002606
0.002620
0.002618
0.002614
0.002622
0.002627
0.002607
0.002618
0.002618
0.002618
0.002615
0.002612
0.002621
0.002608
0.002612
0.002609
0.002610
0.002625
0.002613
0.002624
0.002605
0.002619
0.002618
0.002604
0.002630
0.002620
0.002613
0.002610
0.002615
0.002611
0.002630
0.002613
0.002596
0.002623
0.002615
0.002613
0.002626
0.002610
0.002607
0.002614
0.002594
0.002607
0.002606
0.002605
0.002602
0.002604
0.002602
0.002625
0.002604
0.002609
0.002607
0.002617
0.002604
0.002601
0.002608
0.002592
0.002598
0.002626
0.002632
0.002619
0.002615
0.002604
0.002594
0.002622
0.002601
0.002599
0.002583
0.002584
0.002609
0.002593
0.002595
0.002601
0.002596
0.002609
0.002596
0.002609
0.002600
0.002617
0.002598
0.002603
0.002611
0.002605
0.002610
0.002612
0.002614
0.002618
0.002598
0.002610
0.002611
0.002614
0.002615
0.002608
0.002614
0.002622
0.002609
0.002608
0.002603
0.002617
0.002605
0.002626
0.002616
0.002613
0.002610
0.002621
0.002613
0.002616
0.002608
0.002601
0.002602
0.002609
0.002612
0.002610
0.002633
0.002603
0.002614
0.002622
0.002609
0.002626
0.002611
0.002621
0.002626
0.002607
0.002610
0.002613
0.002602
0.002614
0.002604
0.002608
0.002600
0.002616
0.002590
0.002601
0.002610
0.002605
0.002611
0.002611
0.002594
0.002622
0.002631
0.002613
0.002616
0.002622
0.002616
0.002622
0.002620
0.002630
0.002623
0.002605
0.002610
0.002623
0.002607
0.002613
0.002609
0.002607
0.002615
0.002611
0.002602
0.002632
0.002624
0.002620
0.002605
0.002622
0.002618
0.002614
0.002600
0.002605
0.002614
0.002614
0.002599
0.002619
0.002602
0.002628
0.002609
0.002609
0.002625
0.002615
0.002610
0.002622
0.002618
0.002622
0.002604
0.002621
0.002605
0.002611
0.002608
0.002607
0.002628
0.002637
0.002624
0.002628
0.002624
0.002639
0.002618
0.002616
0.002613
0.002609
0.002590
0.002623
0.002608
0.002610
0.002606
0.002608
0.002602
0.002626
0.002616
0.002631
0.002619
0.002615
0.002609
0.002622
0.002614
0.002607
0.002626
0.002621
0.002618
0.002624
0.002617
0.002619
0.002629
0.002625
0.002601
0.002613
0.002622
0.002605
0.002598
0.002604
0.002612
0.002616
0.002608
0.002633
0.002617
0.002615
0.002626
0.002611
0.002605
0.002620
0.002618
0.002609
0.002613
0.002605
0.002602
0.002631
0.002629
0.002604
0.002630
0.002623
0.002613
0.002611
0.002614
0.002613
0.002618
0.002618
0.002624
0.002625
0.002614
0.002627
0.002626
0.002616
0.002624
0.002611
0.002618
0.002627
0.002609
0.002628
0.002608
0.002610
0.002619
0.002626
0.002602
0.002614
0.002607
0.002613
0.002619
0.002606
0.002596
0.002595
0.002600
0.002603
0.002608
0.002598
0.002591
0.002622
0.002605
0.002595
0.002600
0.002613
0.002608
0.002620
0.002635
0.002609
0.002625
0.002626
0.002609
0.002606
0.002610
0.002606
0.002616
0.002601
0.002586
0.002608
0.002598
0.002610
0.002601
0.002608
0.002605
0.002609
0.002611
0.027815
0.002894
0.002551
0.002670
0.002654
0.002670
0.002644
0.002650
0.002662
0.002608
0.002692
0.002680
0.002642
0.002692
0.002678
0.002672
0.002725
0.002639
0.002620
0.002666
0.002698
0.002648
0.002687
0.002636
0.002656
0.002707
0.002652
0.002638
0.002698
0.002672
0.002641
0.002710
0.002667
0.002655
0.002671
0.002713
0.002649
0.002638
0.002662
0.002645
0.002666
0.002668
0.002659
0.002637
0.002632
0.002685
0.002664
0.002659
0.002657
0.002674
0.002671
0.002653
0.002640
0.002669
0.002646
0.002642
0.002619
0.002666
0.002888
0.002977
0.002953
0.002953
0.002964
0.002953
0.002950
0.002954
0.002946
0.002948
0.002937
0.002945
0.002956
0.002956
0.002968
0.002956
0.002968
0.002978
0.002953
0.002971
0.002977
0.002966
0.002969
0.002974
0.002962
0.002967
0.002965
0.002969
0.002956
0.002969
0.002951
0.002954
0.002958
0.002955
0.002950
0.002960
0.002950
0.002954
0.002969
0.002943
0.002944
0.002964
0.002962
0.002959
0.002961
0.002949
0.002966
0.002937
0.002956
0.002944
0.002959
0.002952
0.002971
0.002958
0.002965
0.002958
0.002957
0.002960
0.002972
0.002963
0.002970
0.002962
0.002977
0.002963
0.002965
0.002972
0.002959
0.002968
0.002958
0.002949
0.002986
0.002964
0.002970
0.002965
0.002965
0.002966
0.002961
0.002973
0.002976
0.002971
0.002961
0.002968
0.002957
0.002968
0.002967
0.002961
0.002974
0.002965
0.002962
0.002976
0.002962
0.002987
0.002979
0.002973
0.002960
0.002968
0.002966
0.002954
0.002954
0.002948
0.002975
0.002954
0.002982
0.002962
0.002978
0.002959
0.002968
0.002957
0.002952
0.002971
0.002983
0.002977
0.002979
0.002965
0.002974
0.002983
0.002953
0.002963
0.002953
0.002960
0.002961
0.002955
0.002936
0.002951
0.002954
0.002945
0.002949
0.002954
0.002949
0.002952
0.002958
0.002974
0.002979
0.002974
0.002972
0.002972
0.002976
0.002968
0.002968
0.002964
0.002969
0.002964
0.002976
0.002972
0.002974
0.002976
0.002968
0.002965
0.002973
0.002971
0.002962
0.002955
0.002968
0.002971
0.002957
0.002966
0.002972
0.002974
0.002961
0.002965
0.002967
0.002963
0.002958
0.002956
0.002958
0.002959
0.002956
0.002958
0.002951
0.002945
0.002953
0.002943
0.002968
0.002946
0.002963
0.002967
0.002963
0.002939
0.002948
0.002959
0.002955
0.002950
0.002962
0.002963
0.002960
0.002970
0.002969
0.002946
0.002944
0.002969
0.002972
0.002968
0.002960
0.002963
0.002972
0.002967
0.002954
0.002981
0.002983
0.002976
0.002964
0.002966
0.002958
0.002964
0.002972
0.002980
0.002957
0.002976
0.002945
0.002955
0.002960
0.002954
0.002957
0.002948
0.002968
0.002943
0.002955
0.002961
0.002964
0.002953
0.002965
0.002962
0.002960
0.002973
0.002964
0.002969
0.002974
0.002966
0.002965
0.002967
0.002962
0.002954
0.002975
0.002967
0.002980
0.002954
0.002969
0.002953
0.002964
0.002964
0.002962
0.002965
0.002961
0.002962
0.002969
0.002963
0.002979
0.002957
0.002943
0.002955
0.002950
0.002968
0.002953
0.002949
0.002955
0.002954
0.002955
0.002955
0.002952
0.002974
0.002915
0.002994
0.002980
0.002976
0.002979
0.002958
0.002964
0.002957
0.002960
0.002953
0.002970
0.002960
0.002959
0.002967
0.002958
0.002960
0.002959
0.002994
0.002992
0.003140
0.003151
0.003107
0.003087
0.003100
0.003111
0.003125
0.003117
0.003104
0.003088
0.003089
0.003077
0.003072
0.003064
0.003087
0.003079
0.003087
0.003086
0.003093
0.003079
0.003089
0.003090
0.003099
0.003101
0.003093
0.003083
0.003081
0.003076
0.003078
0.003107
0.003108
0.003089
0.003110
0.003095
0.003100
0.003089
0.003076
0.003081
0.003099
0.003103
0.003117
0.003118
0.003100
0.003118
0.003103
0.003115
0.003111
0.003120
0.003119
0.003112
0.003116
0.003092
0.003106
0.003106
0.003098
0.003101
0.003097
0.003097
0.003098
0.003107
0.003090
0.003105
0.003092
0.003066
0.003131
0.003105
0.003110
0.003113
0.003066
0.003104
0.003102
0.003098
0.003137
0.003127
0.003101
0.003106
0.003122
0.003125
0.003109
0.003108
0.003097
0.003106
0.003116
0.003116
0.003118
0.003099
0.003090
0.003092
0.003083
0.003075
0.003080
0.003080
0.003084
0.003102
0.003099
0.003094
0.003082
0.003095
0.003101
0.003118
0.003104
0.003081
0.003104
0.003113
0.003100
0.003100
0.003112
0.003096
0.003065
0.003123
0.003093
0.003087
0.003101
0.003117
0.003079
0.003111
0.003095
0.003095
0.003090
0.003124
0.003123
0.003099
0.003092
0.003099
0.003106
0.003111
0.003102
0.003087
0.003085
0.003086
0.003096
0.003105
0.003077
0.003073
0.003085
0.003074
0.003061
0.003117
0.003111
0.003092
0.003098
0.003088
0.003087
0.003081
0.003087
0.003086
0.003087
0.003092
0.003082
0.003085
0.003107
0.003255
0.003369
0.002800
0.002857
0.002830
0.002685
0.002826
0.002692
0.002782
0.002824
0.002776
0.002763
0.002826
0.002695
0.002790
0.002735
0.002815
0.002650
0.002810
0.002741
0.002798
0.002761
0.002760
0.002750
0.002756
0.002749
0.002810
0.002667
0.002789
0.002743
0.002740
0.002778
0.002808
0.002717
0.002793
0.002722
0.002770
0.002825
0.002731
0.002785
0.002810
0.002633
0.002638
0.002639
0.002628
0.002629
0.002639
0.002624
0.002628
0.002621
0.002609
0.002621
0.002626
0.002613
0.002618
0.002629
0.002618
0.002620
0.002621
0.002607
0.002626
0.002627
0.002637
0.002629
0.002624
0.002632
0.002631
0.002636
0.002625
0.002633
0.002639
0.002625
0.002633
0.002617
0.002635
0.002637
0.002636
0.002628
0.002620
0.002641
0.002620
0.002634
0.002623
0.002622
0.002622
0.002614
0.002627
0.002639
0.002640
0.002640
0.002615
0.002646
0.002642
0.002621
0.002619
0.002640
0.002647
0.002626
0.002622
0.002619
0.002626
0.002625
0.002618
0.002628
0.002633
0.002643
0.002629
0.002646
0.002634
0.002632
0.002645
0.002633
0.002632
0.002631
0.002626
0.002629
0.002612
0.002621
0.002624
0.002630
0.002636
0.002639
0.002628
0.002630
0.002619
0.002629
0.002633
0.002628
0.002630
0.002612
0.002623
0.002613
0.002617
0.002635
0.002627
0.002632
0.002634
0.002640
0.002637
0.002631
0.002639
0.002622
0.002622
0.002625
0.002615
0.002621
0.002615
0.002612
0.002621
0.002613
0.002596
0.002622
0.002634
0.002621
0.002621
0.002616
0.002621
0.002619
0.002619
0.002619
0.002635
0.002627
0.002631
0.002621
0.002630
0.002628
0.002631
0.002622
0.002634
0.002617
0.002626
0.002625
0.002621
0.002614
0.002610
0.002620
0.002633
0.002625
0.002627
0.002632
0.002636
0.002635
0.002628
0.002631
0.002626
0.002624
0.002638
0.002622
0.002626
0.002622
0.002638
0.002617
0.002625
0.002627
0.002607
0.002612
0.002620
0.002624
0.002620
0.002625
0.002630
0.002624
0.002620
0.002645
0.002628
0.002618
0.002623
0.002623
0.002621
0.002618
0.002627
0.002635
0.002616
0.002618
0.002615
0.002619
0.002612
0.002608
0.002607
0.002622
0.002607
0.002594
0.002617
0.002621
0.002615
0.002628
0.002630
0.002618
0.002617
0.002625
0.002609
0.002625
0.002629
0.002618
0.002599
0.002622
0.002636
0.002619
0.002630
0.002638
0.002633
0.002630
0.002630
0.002622
0.002622
0.002631
0.002628
0.002619
0.002622
0.002624
0.002639
0.002640
0.002623
0.002631
0.002630
0.002631
0.002638
0.002630
0.002623
0.002624
0.002626
0.002646
0.002636
0.002636
0.002638
0.002618
0.002618
0.002628
0.002633
0.002614
0.002629
0.002615
0.002626
0.002637
0.002630
0.002622
0.002624
0.002620
0.002613
0.002610
0.002633
0.002633
0.002635
0.002629
0.002616
0.002625
0.002627
0.002623
0.002629
0.002621
0.002606
0.002614
0.002611
0.002619
0.002633
0.002630
0.002636
0.002626
0.002631
0.002617
0.002625
0.002623
0.002635
0.002628
0.002617
0.002636
0.002612
0.002621
0.002627
0.002617
0.002617
0.002622
0.002629
0.002635
0.002637
0.002635
0.002637
0.002633
0.002645
0.002637
0.002628
0.002622
0.002617
0.002611
0.002627
0.002623
0.002635
0.002629
0.002624
0.002633
0.002624
0.002634
0.002635
0.002630
0.002640
0.002643
0.002623
0.002629
0.002615
0.002613
0.002615
0.002622
0.002641
0.002622
0.002625
0.002623
0.002626
0.002611
0.002623
0.002616
0.002632
0.002630
0.002631
0.002635
0.002613
0.002622
0.002627
0.002613
0.002627
0.002621
0.002610
0.002631
0.002619
0.002623
0.002629
0.002628
0.002627
0.002617
0.002619
0.002623
0.002627
0.002626
0.002619
0.002619
0.002611
0.002626
0.002623
0.002631
0.002629
0.002640
0.002627
0.002625
0.002624
0.002622
0.002633
0.002622
0.002629
0.002625
0.002632
0.002625
0.002628
0.002612
0.002630
0.002639
0.002632
0.002624
0.002612
0.002612
0.002625
0.002624
0.002619
0.002628
0.002618
0.002622
0.002630
0.002616
0.002616
0.002628
0.002615
0.002617
0.002616
0.002622
0.002621
0.002622
0.002633
0.002620
0.002626
0.002618
0.002619
0.002616
0.002623
0.002626
0.002613
0.002633
0.002636
0.002612
0.002629
0.002619
0.002617
0.002619
0.002633
0.002620
0.002618
0.002640
0.002612
0.002607
0.002625
0.002627
0.002635
0.002630
0.002614
0.002619
0.002619
0.002611
0.002620
0.002619
0.002621
0.002634
0.002633
0.002648
0.002624
0.002632
0.002624
0.002619
0.002629
0.002638
0.002629
0.002604
0.002633
0.002626
0.002607
0.002614
0.002608
0.002627
0.002633
0.002616
0.002617
0.002616
0.002620
0.002612
0.002604
0.002606
0.002609
0.002616
0.002615
0.002618
0.002614
0.002631
0.002612
0.002617
0.002614
0.002619
0.002620
0.002623
0.002630
0.002615
0.002634
0.002641
0.002621
0.002627
0.002620
0.002635
0.002623
0.002627
0.002635
0.002626
0.002625
0.002640
0.002631
0.002633
0.002638
0.002622
0.002626
0.002624
0.002616
0.002625
0.002623
0.002622
0.002628
0.002622
0.002628
0.002628
0.002628
0.002627
0.002627
0.002618
0.002623
0.002607
0.002607
0.002620
0.002633
0.002633
0.002619
0.002621
0.002630
0.002627
0.002632
0.002623
0.002614
0.002618
0.002621
0.002619
0.002617
0.002623
0.002636
0.002641
0.002636
0.002616
0.002636
0.002625
0.002624
0.002628
0.002639
0.002616
0.002624
0.002624
0.002642
0.002628
0.002624
0.002630
0.002624
0.002618
0.002610
0.002621
0.002629
0.002620
0.002628
0.002630
0.002624
0.002636
0.002624
0.002631
0.002607
0.002614
0.002631
0.002625
0.002632
0.002631
0.002628
0.002617
0.002630
0.002634
0.002631
0.002629
0.002636
0.002622
0.002646
0.008997
0.002881
0.002515
0.002522
0.002535
0.002518
0.002521
0.002525
0.002523
0.002505
0.002510
0.002516
0.002521
0.002518
0.002525
0.002514
0.002529
0.002525
0.002526
0.002519
0.002547
0.002524
0.002528
0.002513
0.002530
0.002517
0.002519
0.002512
0.002531
0.002527
0.002536
0.002524
0.002522
0.002514
0.002520
0.002519
0.002530
0.002523
0.002524
0.002535
0.002532
0.002520
0.002521
0.002510
0.002514
0.002505
0.002512
0.002524
0.002516
0.002520
0.002518
0.002516
0.002514
0.002509
0.002512
0.002530
0.002529
0.002510
0.002533
0.002519
0.002521
0.002496
0.002509
0.002509
0.002522
0.002509
0.002515
0.002507
0.002515
0.002513
0.002532
0.002529
0.002532
0.002513
0.002547
0.002514
0.002508
0.002489
0.002494
0.002474
0.002506
0.002484
0.002491
0.002484
0.002503
0.002500
0.002505
0.002492
0.002496
0.002473
0.002503
0.002485
0.002487
0.002490
0.002497
0.002487
0.002499
0.002482
0.002509
0.002498
0.002510
0.002493
0.002503
0.002483
0.002513
0.002489
0.002515
0.002493
0.002502
0.002506
0.002503
0.002491
0.002506
0.002478
0.002501
0.002485
0.002512
0.002496
0.002497
0.002507
0.002502
0.002492
0.002498
0.002482
0.002498
0.002492
0.002503
0.002489
0.002514
0.002496
0.002518
0.002485
0.002510
0.002484
0.002506
0.002496
0.002500
0.002490
0.002512
0.002497
0.002500
0.002502
0.002503
0.002485
0.002503
0.002484
0.002507
0.002491
0.002495
0.002480
0.002493
0.002470
0.002494
0.002482
0.002489
0.002480
0.002492
0.002477
0.002491
0.002496
0.002490
0.002479
0.002493
0.002482
0.002509
0.002488
0.002496
0.002497
0.002506
0.002493
0.002499
0.002495
0.002499
0.002477
0.002478
0.002492
0.002491
0.002483
0.002504
0.002490
0.002504
0.002497
0.002499
0.002487
0.002498
0.002480
0.002506
0.002496
0.002500
0.002483
0.002486
0.002486
0.002489
0.002480
0.002502
0.002493
0.002499
0.002488
0.002489
0.002485
0.002504
0.002486
0.002501
0.002479
0.002509
0.002476
0.002499
0.002508
0.002511
0.002497
0.002518
0.002500
0.002509
0.002515
0.002508
0.002497
0.002505
0.002493
0.002512
0.002499
0.002504
0.002489
0.002494
0.002485
0.002498
0.002486
0.002519
0.002494
0.002492
0.002488
0.002498
0.002490
0.002486
0.002473
0.002505
0.002485
0.002492
0.002484
0.002490
0.002490
0.002505
0.002488
0.002487
0.002486
0.002486
0.002498
0.002484
0.002501
0.002509
0.002503
0.002509
0.002497
0.002506
0.002491
0.002495
0.002484
0.002501
0.002487
0.002503
0.002476
0.002487
0.002497
0.002500
0.002493
0.002503
0.002484
0.002506
0.002481
0.002504
0.002488
0.002488
0.002508
0.002513
0.002497
0.002516
0.002499
0.002489
0.002489
0.002487
0.002481
0.002497
0.002495
0.002498
0.002502
0.002495
0.002497
0.002491
0.002481
0.002492
0.002476
0.002507
0.002484
0.002503
0.002495
0.002503
0.002493
0.002502
0.002492
0.002492
0.002502
0.002507
0.002495
0.002511
0.002505
0.002514
0.002498
0.002497
0.002495
0.002506
0.002516
0.002515
0.002496
0.002495
0.002502
0.002506
0.002494
0.002494
0.002492
0.002494
0.002488
0.002494
0.002497
0.002494
0.002486
0.002501
0.002485
0.002481
0.002473
0.002499
0.002489
0.002492
0.002492
0.002497
0.002495
0.002492
0.002495
0.002496
0.002481
0.002504
0.002497
0.002504
0.002506
0.002496
0.002504
0.002515
0.002496
0.002501
0.002489
0.002495
0.002495
0.002522
0.002499
0.002509
0.002485
0.002500
0.002485
0.002496
0.002492
0.002502
0.002503
0.002509
0.002502
0.002506
0.002490
0.002512
0.002496
0.002502
0.002489
0.002506
0.002489
0.002507
0.002490
0.002502
0.002493
0.002491
0.002483
0.002505
0.002479
0.002496
0.002500
0.002498
0.002501
0.002505
0.002499
0.002511
0.002486
0.002505
0.002490
0.002496
0.002501
0.002497
0.002502
0.002491
0.002491
0.002508
0.002499
0.002506
0.002488
0.002504
0.002507
0.002514
0.002487
0.002511
0.002494
0.002509
0.002497
0.002498
0.002500
0.002509
0.002491
0.002511
0.002484
0.002492
0.002483
0.002494
0.002491
0.002496
0.002480
0.002490
0.002487
0.002494
0.002476
0.002494
0.002493
0.002497
0.002486
0.002509
0.002489
0.002510
0.002529
0.002513
0.002501
0.002504
0.002483
0.002495
0.002486
0.002491
0.002482
0.002492
0.002490
0.002502
0.002484
0.002508
0.002495
0.002501
0.002486
0.002506
0.002494
0.002503
0.002491
0.002501
0.002491
0.002484
0.002480
0.002488
0.002486
0.002505
0.002493
0.002511
0.002499
0.002487
0.002475
0.002495
0.002494
0.002498
0.002508
0.002498
0.002504
0.002492
0.002488
0.002499
0.002495
0.002506
0.002491
0.002517
0.002501
0.002512
0.002496
0.002508
0.002499
0.002514
0.002486
0.002494
0.002503
0.002494
0.002501
0.002505
0.002498
0.002500
0.002486
0.002499
0.002485
0.002500
0.002491
0.002511
0.002497
0.002502
0.002487
0.002515
0.002509
0.002501
0.002481
0.002490
0.002489
0.002500
0.002495
0.002499
0.002500
0.002508
0.002506
0.002495
0.002487
0.002495
0.002483
0.002500
0.002497
0.002491
0.002474
0.002487
0.002484
0.002494
0.002482
0.002503
0.002494
0.002498
0.002496
0.002498
0.002495
0.002502
0.002489
0.002520
0.002506
0.002511
0.002500
0.002502
0.002508
0.002507
0.002489
0.002505
0.002511
0.002511
0.002515
0.002508
0.002509
0.002516
0.002499
0.002504
0.002497
0.002498
0.002499
