0.000972
0.000065
0.000067
0.000069
0.000072
0.000068
0.000060
0.000076
0.000063
0.000067
0.000071
0.000066
0.000061
0.000067
0.000067
0.000070
0.000073
0.000068
0.000074
0.000063
0.000066
0.000070
0.000073
0.000069
0.000075
0.000062
0.000067
0.000067
0.000073
0.000067
0.000064
0.000065
0.000062
0.000071
0.000071
0.000073
0.000069
0.000068
0.000072
0.000075
0.000070
0.000066
0.000070
0.000090
0.000396
0.000066
0.000065
0.000066
0.000065
0.000065
0.000062
0.000071
0.000063
0.000066
0.000067
0.000065
0.000071
0.000069
0.000070
0.000067
0.000069
0.000070
0.000066
0.000061
0.000068
0.000067
0.000073
0.000071
0.000068
0.000068
0.000068
0.000066
0.000070
0.000066
0.000068
0.000070
0.000072
0.000068
0.000065
0.000067
0.000076
0.000065
0.000069
0.000077
0.000068
0.000068
0.000067
0.000061
0.000070
0.000066
0.000066
0.000061
0.000067
0.000075
0.000066
0.000077
0.000066
0.000078
0.000061
0.000061
0.000066
0.000065
0.000067
0.000077
0.000070
0.000069
0.000065
0.000070
0.000066
0.000065
0.000072
0.000071
0.000072
0.000064
0.000065
0.000070
0.000089
0.000070
0.000072
0.000071
0.000061
0.000068
0.000070
0.000060
0.000061
0.000076
0.000070
0.000074
0.000068
0.000063
0.000064
0.000069
0.000070
0.000061
0.000067
0.000061
0.000072
0.000070
0.000066
0.000067
0.000064
0.000072
0.000065
0.000067
0.000063
0.000073
0.000073
0.000067
0.000070
0.000062
0.000065
0.000061
0.000071
0.000068
0.000068
0.000070
0.000084
0.000065
0.000065
0.000063
0.000069
0.000070
0.000069
0.000071
0.000073
0.000069
0.000072
0.000069
0.000064
0.000072
0.000079
0.000064
0.000069
0.000069
0.000077
0.000076
0.000073
0.000068
0.000066
0.000065
0.000071
0.000064
0.000065
0.000063
0.000067
0.000076
0.000070
0.000078
0.000076
0.000071
0.000061
0.000066
0.000067
0.000080
0.000073
0.000063
0.000068
0.000068
0.000061
0.000074
0.000062
0.000060
0.000114
0.000067
0.000063
0.000068
0.000073
0.000069
0.000067
0.000070
0.000065
0.000062
0.000080
0.000067
0.000076
0.000068
0.000066
0.000063
0.000074
0.000065
0.000069
0.000073
0.000070
0.000073
0.000070
0.000071
0.000063
0.000064
0.000065
0.000069
0.000074
0.000068
0.000071
0.000075
0.000067
0.000062
0.000072
0.000068
0.000066
0.000065
0.000067
0.000067
0.000070
0.000066
0.000068
0.000066
0.000074
0.000069
0.000069
0.000067
0.000063
0.000066
0.000070
0.000072
0.000068
0.000066
0.000071
0.000076
0.000068
0.000070
0.000064
0.000063
0.000065
0.000065
0.000076
0.000068
0.000074
0.000064
0.000070
0.000074
0.000067
0.000075
0.000082
0.000068
0.000068
0.000067
0.000069
0.000066
0.000062
0.000063
0.000068
0.000069
0.000068
0.000074
0.000066
0.000063
0.000069
0.000068
0.000069
0.000073
0.000062
0.000071
0.000066
0.000072
0.000067
0.000066
0.000075
0.000068
0.000062
0.000063
0.000072
0.000066
0.000067
0.000066
0.000069
0.000065
0.000069
0.000069
0.000066
0.000069
0.000075
0.000065
0.000066
0.000072
0.000064
0.000073
0.000120
0.000067
0.000066
0.000065
0.000063
0.000072
0.000069
0.000066
0.000066
0.000067
0.000071
0.000071
0.000071
0.000071
0.000062
0.000068
0.000069
0.000066
0.000065
0.000072
0.000060
0.000068
0.000070
0.000075
0.000069
0.000072
0.000064
0.000067
0.000063
0.000071
0.000064
0.000061
0.000067
0.000066
0.000066
0.000069
0.000071
0.000067
0.000062
0.000065
0.000062
0.000067
0.000072
0.000077
0.000067
0.000067
0.000072
0.000072
0.000067
0.000071
0.000068
0.000065
0.000066
0.000060
0.000065
0.000065
0.000063
0.000063
0.000062
0.000067
0.000072
0.000065
0.000073
0.000066
0.000067
0.000070
0.000068
0.000064
0.000059
0.000066
0.000066
0.000077
0.000065
0.000064
0.000065
0.000069
0.000051
0.000068
0.000070
0.000068
0.000075
0.000070
0.000071
0.000061
0.000071
0.000071
0.000073
0.000067
0.000065
0.000067
0.000061
0.000068
0.000065
0.000070
0.000072
0.000065
0.000071
0.000065
0.000072
0.000069
0.000064
0.000067
0.000069
0.000072
0.000071
0.000070
0.000064
0.000064
0.000065
0.000073
0.000067
0.000066
0.000071
0.000070
0.000065
0.000075
0.000070
0.000070
0.000066
0.000070
0.000070
0.000069
0.000065
0.000073
0.000070
0.000073
0.000066
0.000067
0.000074
0.000070
0.000078
0.000069
0.000064
0.000066
0.000070
0.000075
0.000064
0.000063
0.000065
0.000066
0.000067
0.000075
0.000075
0.000068
0.000074
0.000067
0.000061
0.000062
0.000090
0.000061
0.000068
0.000074
0.000068
0.000069
0.000068
0.000071
0.000075
0.000074
0.000064
0.000069
0.000066
0.000067
0.000070
0.000064
0.000063
0.000073
0.000070
0.000070
0.000072
0.000070
0.000069
0.000069
0.000068
0.000076
0.000067
0.000058
0.000069
0.000072
0.000061
0.000076
0.000069
0.000065
0.000076
0.000061
0.000072
0.000070
0.000078
0.000071
0.000069
0.000069
0.000065
0.000073
0.000073
0.000062
0.000077
0.000071
0.000073
0.000071
0.000072
0.000070
0.000067
0.000073
0.000069
0.000067
0.000077
0.000071
0.000065
0.000067
0.000068
0.000070
0.000066
0.000071
0.000071
0.000068
0.000069
0.000065
0.000069
0.000073
0.000063
0.000068
0.000098
0.000065
0.000069
0.000073
0.000066
0.000070
0.000070
0.000070
0.000067
0.000066
0.000074
0.000056
0.000065
0.000062
0.000060
0.000064
0.000067
0.000070
0.000065
0.000067
0.000076
0.000066
0.000066
0.000085
0.000072
0.000068
0.000074
0.000067
0.000070
0.000056
0.000072
0.000072
0.000065
0.000075
0.000064
0.000066
0.000072
0.000070
0.000064
0.000063
0.000062
0.000066
0.000072
0.000067
0.000070
0.000071
0.000067
0.000067
0.000059
0.000065
0.000067
0.000064
0.000077
0.000071
0.000075
0.000069
0.000070
0.000073
0.000069
0.000066
0.000061
0.000070
0.000064
0.000065
0.000069
0.000055
0.000067
0.000069
0.000070
0.000068
0.000075
0.000066
0.000072
0.000071
0.000086
0.000065
0.000067
0.000070
0.000071
0.000069
0.000073
0.000087
0.000072
0.000065
0.000069
0.000072
0.000073
0.000060
0.000078
0.000067
0.000076
0.000064
0.000075
0.000068
0.000065
0.000072
0.000064
0.000073
0.000066
0.000068
0.000068
0.000073
0.000066
0.000063
0.000071
0.000060
0.000060
0.000070
0.000068
0.000064
0.000062
0.000070
0.000062
0.000069
0.000071
0.000068
0.000075
0.000072
0.000065
0.000067
0.000068
0.000071
0.000073
0.000067
0.000069
0.000067
0.000069
0.000074
0.000067
0.000066
0.000061
0.000061
0.000068
0.000068
0.000067
0.000064
0.000068
0.000074
0.000067
0.000064
0.000064
0.000077
0.000069
0.000069
0.000069
0.000068
0.000067
0.000075
0.000070
0.000068
0.000069
0.000069
0.000061
0.000070
0.000068
0.000067
0.000066
0.000066
0.000072
0.000067
0.000069
0.000056
0.000063
0.000071
0.000068
0.000066
0.000061
0.000065
0.000077
0.000067
0.000070
0.000069
0.000069
0.000062
0.000067
0.000067
0.000073
0.000070
0.000067
0.000070
0.000066
0.000073
0.000068
0.000075
0.000071
0.000067
0.000065
0.000065
0.000067
0.000067
0.000061
0.000063
0.000063
0.000073
0.000069
0.000066
0.000075
0.000070
0.000075
0.000069
0.000061
0.000069
0.000070
0.000068
0.000061
0.000069
0.000066
0.000065
0.000064
0.000067
0.000063
0.000075
0.000063
0.000070
0.000071
0.000065
0.000057
0.000073
0.000073
0.000067
0.000068
0.000066
0.000084
0.000073
0.000064
0.000062
0.000073
0.000071
0.000064
0.000068
0.000064
0.000071
0.000069
0.000072
0.000069
0.000070
0.000065
0.000068
0.000066
0.000062
0.000062
0.000070
0.000071
0.000067
0.000067
0.000065
0.000064
0.000062
0.000075
0.000070
0.000070
0.000067
0.000065
0.000070
0.000068
0.000068
0.000072
0.000074
0.000061
0.000070
0.000069
0.000066
0.000064
0.000069
0.000076
0.000071
0.000071
0.000067
0.000066
0.000070
0.000068
0.000068
0.000065
0.000063
0.000066
0.000073
0.000065
0.000066
0.000069
0.000067
0.000072
0.000062
0.000068
0.000065
0.000073
0.000073
0.000064
0.000072
0.000069
0.000062
0.000079
0.000070
0.000058
0.000069
0.000057
0.000066
0.000077
0.000065
0.000066
0.000073
0.000072
0.000076
0.000071
0.000066
0.000064
0.000067
0.000065
0.000064
0.000068
0.000068
0.000073
0.000058
0.000070
0.000065
0.000070
0.000077
0.000062
0.000069
0.000065
0.000069
0.000067
0.000075
0.000070
0.000074
0.000065
0.000072
0.000064
0.000067
0.000064
0.000070
0.000072
0.000067
0.000069
0.000068
0.000072
0.000075
0.000071
0.000066
0.000066
0.000073
0.000062
0.000069
0.000070
0.000067
0.000071
0.000070
0.000067
0.000063
0.000068
0.000066
0.000071
0.000062
0.000063
0.000065
0.000075
0.000072
0.000064
0.000071
0.000068
0.000079
0.000074
0.000067
0.000070
0.000073
0.000069
0.000070
0.000070
0.000069
0.000075
0.000082
0.000071
0.000121
0.000091
0.000069
0.000073
0.000069
0.000063
0.000071
0.000068
0.000068
0.000065
0.000067
0.000063
0.000070
0.000063
0.000081
0.000072
0.000063
0.000066
0.000067
0.000068
0.000069
0.000071
0.000068
0.000066
0.000067
0.000069
0.000064
0.000068
0.000071
0.000070
0.000064
0.000074
0.000076
0.000068
0.000073
0.000073
0.000072
0.000069
0.000068
0.000069
0.000065
0.000064
0.000065
0.000072
0.000069
0.000072
0.000063
0.000068
0.000066
0.000072
0.000069
0.000071
0.000077
0.000064
0.000074
0.000076
0.000067
0.000073
0.000063
0.000064
0.000074
0.000074
0.000065
0.000069
0.000070
0.000066
0.000077
0.000063
0.000059
0.000068
0.000071
0.000076
0.000076
0.000079
0.000066
0.000071
0.000070
0.000064
0.000067
0.000073
0.000073
0.000062
0.000077
0.000069
0.000069
0.000071
0.000070
0.000066
0.000068
0.000076
0.000073
0.000069
0.000064
0.000076
0.000063
0.000064
0.000071
0.000058
0.000066
0.000072
0.000070
0.000064
0.000065
0.000067
0.000069
0.000063
0.000070
0.000068
0.000074
0.000067
0.000071
0.000073
0.000072
0.000065
0.000180
0.000073
0.000069
0.000069
0.000063
0.000068
0.000075
0.000066
0.000063
0.000074
0.000078
0.000075
0.000069
0.000071
0.000063
0.000080
0.000067
0.000068
0.000075
0.000075
0.000074
0.000062
0.000072
0.000066
0.000069
0.000061
0.000065
0.000078
0.000070
0.000065
0.000075
0.000069
0.000075
0.000075
0.000073
0.000068
0.000067
0.000069
0.000071
0.000075
0.000066
0.000069
0.000070
0.000066
0.000068
0.000067
0.000068
0.000069
0.000075
0.000073
0.000065
0.000067
0.000074
0.000069
0.000067
0.000074
0.000072
0.000074
0.000067
0.000077
0.000068
0.000071
0.000064
0.000068
0.000063
0.000071
0.000066
0.000074
0.000060
0.000069
0.000073
0.000070
0.000072
0.000068
0.000068
0.000066
0.000075
0.000061
0.000072
0.000063
0.000072
0.000065
0.000071
0.000070
0.000072
0.000064
0.000072
0.000075
0.000069
0.000069
0.000072
0.000068
0.000071
0.000066
0.000069
0.000067
0.000064
0.000078
0.000074
0.000065
0.000062
0.000068
0.000066
0.000065
0.000070
0.000063
0.000068
0.000069
0.000073
0.000066
0.000071
0.000061
0.000071
0.000074
0.000065
0.000067
0.000069
0.000070
0.000069
0.000069
0.000068
0.000064
0.000069
0.000066
0.000072
0.000066
0.000061
0.000070
0.000075
0.000063
0.000063
0.000068
0.000064
0.000064
0.000066
0.000065
0.000068
0.000071
0.000062
0.000075
0.000069
0.000074
0.000068
0.000072
0.000061
0.000069
0.000067
0.000066
0.000068
0.000066
0.000070
0.000065
0.000068
0.000066
0.000065
0.000064
0.000063
0.000063
0.000074
0.000067
0.000081
0.000068
0.000065
0.000074
0.000066
0.000071
0.000065
0.000058
0.000072
0.000068
0.000075
0.000071
0.000069
0.000072
0.000072
0.000066
0.000073
0.000068
0.000070
0.000070
0.000065
0.000066
0.000067
0.000066
0.000070
0.000071
0.000066
0.000071
0.000062
0.000072
0.000065
0.000060
0.000066
0.000069
0.000074
0.000065
0.000077
0.000070
0.000061
0.000068
0.000067
0.000066
0.000069
0.000072
0.000065
0.000071
0.000061
0.000062
0.000073
0.000066
0.000067
0.000071
0.000072
0.000068
0.000072
0.000081
0.000064
0.000066
0.000068
0.000074
0.000068
0.000064
0.000069
0.000064
0.000066
0.000062
0.000072
0.000066
0.000070
0.000070
0.000073
0.000069
0.000070
0.000076
0.000070
0.000074
0.000071
0.000064
0.000066
0.000071
0.000065
0.000066
0.000062
0.000075
0.000073
0.000068
0.000072
0.000070
0.000067
0.000072
0.000065
0.000065
0.000065
0.000064
0.000067
0.000067
0.000065
0.000066
0.000063
0.000069
0.000070
0.000075
0.000068
0.000066
0.000070
0.000061
0.000069
0.000066
0.000154
0.000068
0.000062
0.000065
0.000076
0.000069
0.000067
0.000068
0.000067
0.000069
0.000066
0.000063
0.000076
0.000067
0.000069
0.000067
0.000063
0.000073
0.000069
0.000068
0.000066
0.000065
0.000069
0.000069
0.000074
0.000073
0.000077
0.000070
0.000072
0.000068
0.000064
0.000064
0.000068
0.000069
0.000063
0.000065
0.000072
0.000069
0.000066
0.000073
0.000068
0.000072
0.000065
0.000061
0.000065
0.000068
0.000062
0.000072
0.000067
0.000070
0.000072
0.000069
0.000071
0.000070
0.000068
0.000073
0.000069
0.000066
0.000069
0.000068
0.000069
0.000063
0.000067
0.000067
0.000064
0.000063
0.000064
0.000070
0.000072
0.000069
0.000068
0.000067
0.000067
0.000075
0.000073
0.000077
0.000066
0.000077
0.000064
0.000073
0.000069
0.000067
0.000068
0.000068
0.000068
0.000071
0.000072
0.000065
0.000066
0.000069
0.000074
0.000066
0.000067
0.000073
0.000059
0.000070
0.000073
0.000156
0.000063
0.000064
0.000063
0.000062
0.000070
0.000061
0.000064
0.000066
0.000067
0.000062
0.000063
0.000066
0.000064
0.000069
0.000068
0.000067
0.000066
0.000066
0.000074
0.000063
0.000064
0.000076
0.000069
0.000065
0.000067
0.000077
0.000066
0.000066
0.000067
0.000070
0.000070
0.000073
0.000069
0.000069
0.000073
0.000068
0.000083
0.000069
0.000068
0.000074
0.000070
0.000057
0.000067
0.000060
0.000070
0.000078
0.000065
0.000067
0.000068
0.000078
0.000065
0.000074
0.000067
0.000068
0.000077
0.000063
0.000071
0.000071
0.000070
0.000069
0.000068
0.000071
0.000067
0.000067
0.000066
0.000065
0.000069
0.000067
0.000072
0.000074
0.000071
0.000065
0.000066
0.000074
0.000068
0.000070
0.000066
0.000063
0.000074
0.000067
0.000073
0.000063
0.000059
0.000069
0.000066
0.000067
0.000082
0.000066
0.000068
0.000062
0.000065
0.000065
0.000061
0.000064
0.000077
0.000069
0.000067
0.000062
0.000074
0.000072
0.000069
0.000070
0.000072
0.000071
0.000074
0.000075
0.000073
0.000077
0.000078
0.000064
0.000072
0.000068
0.000067
0.000063
0.000064
0.000071
0.000066
0.000051
0.000070
0.000070
0.000072
0.000067
0.000067
0.000066
0.000066
0.000061
0.000066
0.000065
0.000066
0.000059
0.000060
0.000072
0.000062
0.000073
0.000069
0.000067
0.000071
0.000069
0.000061
0.000070
0.000073
0.000068
0.000063
0.000073
0.000062
0.000066
0.000071
0.000069
0.000071
0.000065
0.000068
0.000072
0.000072
0.000064
0.000074
0.000070
0.000057
0.000070
0.000071
0.000069
0.000070
0.000068
0.000065
0.000074
0.000075
0.000069
0.000072
0.000065
0.000071
0.000069
0.000066
0.000061
0.000069
0.000074
0.000077
0.000068
0.000071
0.000068
0.000063
0.000068
0.000077
0.000068
0.000073
0.000063
0.000072
0.000070
0.000070
0.000069
0.000067
0.000072
0.000064
0.000065
0.000071
0.000063
0.000062
0.000067
0.000068
0.000075
0.000067
0.000066
0.000063
0.000067
0.000072
0.000064
0.000069
0.000064
0.000075
0.000070
0.000071
0.000062
0.000072
0.000063
0.000074
0.000068
0.000070
0.000065
0.000069
0.000066
0.000064
0.000067
0.000073
0.000065
0.000072
0.000064
0.000065
0.000070
0.000069
0.000068
0.000065
0.000071
0.000068
0.000064
0.000068
0.000071
0.000080
0.000075
0.000068
0.000069
0.000062
0.000075
0.000070
0.000074
0.000071
0.000068
0.000071
0.000065
0.000071
0.000066
0.000063
0.000071
0.000068
0.000065
0.000065
0.000063
0.000074
0.000071
0.000074
0.000071
0.000068
0.000067
0.000069
0.000064
0.000072
0.000071
0.000074
0.000062
0.000063
0.000066
0.000070
0.000070
0.000072
0.000070
0.000064
0.000075
0.000067
0.000075
0.000067
0.000067
0.000072
0.000071
0.000068
0.000071
0.000069
0.000072
0.000068
0.000068
0.000075
0.000070
0.000072
0.000069
0.000063
0.000069
0.000070
0.000067
0.000065
0.000070
0.000061
0.000068
0.000070
0.000072
0.000072
0.000069
0.000070
0.000069
0.000073
0.000068
0.000067
0.000071
0.000072
0.000065
0.000069
0.000063
0.000068
0.000067
0.000067
0.000065
0.000070
0.000069
0.000064
0.000056
0.000077
0.000061
0.000064
0.000060
0.000062
0.000065
0.000071
0.000072
0.000072
0.000062
0.000069
0.000070
0.000075
0.000065
0.000068
0.000065
0.000064
0.000069
0.000068
0.000064
0.000066
0.000072
0.000067
0.000065
0.000068
0.000072
0.000072
0.000067
0.000067
0.000066
0.000069
0.000070
0.000067
0.000062
0.000066
0.000066
0.000077
0.000071
0.000064
0.000070
0.000063
0.000074
0.000070
0.000077
0.000062
0.000070
0.000067
0.000064
0.000068
0.000073
0.000066
0.000066
0.000072
0.000068
0.000064
0.000067
0.000065
0.000078
0.000068
0.000065
0.000059
0.000069
0.000115
0.000067
0.000069
0.000068
0.000072
0.000073
0.000067
0.000068
0.000075
0.000070
0.000066
0.000072
0.000068
0.000066
0.000077
0.000065
0.000072
0.000073
0.000055
0.000071
0.000066
0.000062
0.000071
0.000069
0.000073
0.000067
0.000064
0.000066
0.000064
0.000065
0.000071
0.000068
0.000063
0.000069
0.000065
0.000064
0.000070
0.000069
0.000066
0.000069
0.000070
0.000069
0.000078
0.000071
0.000075
0.000067
0.000067
0.000075
0.000065
0.000060
0.000068
0.000080
0.000064
0.000064
0.000073
0.000066
0.000062
0.000072
0.000065
0.000066
0.000075
0.000066
0.000069
0.000067
0.000072
0.000070
0.000067
0.000102
0.000066
0.000066
0.000058
0.000062
0.000062
0.000068
0.000066
0.000071
0.000067
0.000070
0.000067
0.000071
0.000070
0.000068
0.000058
0.000066
0.000071
0.000072
0.000070
0.000066
0.000067
0.000074
0.000070
0.000065
0.000068
0.000064
0.000066
0.000067
0.000066
0.000069
0.000070
0.000068
0.000069
0.000066
0.000061
0.000068
0.000066
0.000062
0.000075
0.000063
0.000065
0.000073
0.000070
0.000073
0.000069
0.000072
0.000072
0.000068
0.000059
0.000070
0.000069
0.000064
0.000064
0.000071
0.000065
0.000068
0.000073
0.000072
0.000072
0.000068
0.000068
0.000069
0.000065
0.000066
0.000069
0.000068
0.000068
0.000055
0.000068
0.000079
0.000072
0.000064
0.000080
0.000067
0.000072
0.000064
0.000073
0.000069
0.000073
0.000086
0.000066
0.000070
0.000059
0.000072
0.000065
0.000070
0.000069
0.000069
0.000069
0.000068
0.000074
0.000064
0.000061
0.000070
0.000075
0.000058
0.000071
0.000068
0.000061
0.000065
0.000068
0.000073
0.000067
0.000073
0.000065
0.000070
0.000070
0.000072
0.000069
0.000071
0.000067
0.000062
0.000066
0.000066
0.000064
0.000068
0.000057
0.000066
0.000070
0.000066
0.000065
0.000067
0.000078
0.000068
0.000078
0.000066
0.000070
0.000076
0.000067
0.000062
0.000072
0.000064
0.000069
0.000071
0.000065
0.000073
0.000066
0.000074
0.000067
0.000068
0.000062
0.000072
0.000071
0.000063
0.000067
0.000068
0.000063
0.000060
0.000067
0.000063
0.000065
0.000068
0.000066
0.000057
0.000068
0.000068
0.000072
0.000076
0.000069
0.000066
0.000077
0.000071
0.000064
