0.044281
0.030106
0.029424
0.028560
0.028380
0.027573
0.028058
0.028389
0.027905
0.028153
0.028490
0.028458
0.027559
0.028452
0.027469
0.027616
0.027717
0.028276
0.028063
0.028325
0.028668
0.027872
0.027760
0.028537
0.027424
0.028385
0.028147
0.026254
0.028847
0.028766
0.029008
0.028364
0.028202
0.028267
0.028245
0.055503
0.031641
0.032555
0.032273
0.034062
0.034380
0.033011
0.032118
0.033930
0.032576
0.032274
0.032909
0.033490
0.032761
0.033451
0.032508
0.031532
0.031678
0.031666
0.032042
0.031147
0.032187
0.032627
0.032833
0.032896
0.030709
0.032366
0.032659
0.031948
0.031711
0.031587
0.031231
0.031931
0.032642
0.031729
0.032334
0.034927
0.033991
0.033360
0.033531
0.032700
0.033160
0.032145
0.032402
0.032306
0.032161
0.031260
0.033118
0.031443
0.033148
0.032951
0.033150
0.028241
0.030838
0.031711
0.031467
0.031556
0.031981
0.032269
0.031282
0.032742
0.043250
0.029770
0.030877
0.032136
0.031903
0.032352
0.032989
0.032897
0.032664
0.032117
0.032184
0.032571
0.031850
0.031993
0.033257
0.033572
0.033666
0.033584
0.030179
0.031888
0.031167
0.033029
0.032031
0.030551
0.032138
0.032828
0.032285
0.030817
0.032006
0.032411
0.032301
0.032331
0.030921
0.032332
0.032449
0.032160
0.031806
0.031919
0.031027
0.032260
0.031027
0.032090
0.029485
0.032447
0.031505
0.032930
0.033039
0.032691
0.032245
0.032206
0.031875
0.032453
0.031614
0.032441
0.033591
0.031938
0.032271
0.032323
0.031804
0.033341
0.032540
0.032356
0.033937
0.031980
0.033661
0.033291
0.031375
0.032175
0.031954
0.032199
0.032262
0.031391
0.031612
0.031582
0.032702
0.030940
0.032533
0.032246
0.030586
0.032690
0.032366
0.032824
0.032733
0.032436
0.031280
0.032593
0.031931
0.032490
0.027197
0.030431
0.030883
0.030341
0.031383
0.031788
0.030873
0.031487
0.030544
0.030686
0.030198
0.031998
0.032732
0.032484
0.032363
0.032300
0.032347
0.031027
0.031038
0.029889
0.032813
0.031587
0.031455
0.030951
0.031653
0.031312
0.029033
0.030659
0.031607
0.030787
0.032531
0.032032
0.031662
0.032305
0.031587
0.031448
0.032621
0.040326
0.028552
0.024839
0.025976
0.025948
0.026854
0.025221
0.027043
0.026325
0.025890
0.024753
0.023920
0.023367
0.023723
0.025071
0.024932
0.023747
0.023308
0.022906
0.023493
0.024104
0.023628
0.024571
0.025241
0.025253
0.024546
0.024021
0.024498
0.024549
0.023998
0.025111
0.024651
0.023142
0.024321
0.024167
0.024115
0.023600
0.023364
0.022950
0.022440
0.023342
0.025777
0.024252
0.024008
0.024566
0.024252
0.023513
0.024586
0.025700
0.023507
0.023820
0.024316
0.024345
0.022605
0.023450
0.023933
0.023745
0.024803
0.024485
0.024427
0.024901
0.025868
0.023379
0.024916
0.023017
0.025393
0.025592
0.024368
0.023577
0.024171
0.023958
0.023341
0.022389
0.022504
0.023980
0.024363
0.024751
0.024270
0.023563
0.023192
0.024433
0.022585
0.022941
0.022260
0.022999
0.023430
0.023927
0.023744
0.023349
0.023152
0.023032
0.023138
0.023013
0.022943
0.022882
0.023298
0.023632
0.022740
0.023757
0.023639
0.024526
0.025523
0.024277
0.022667
0.023187
0.023027
0.023408
0.024596
0.023567
0.022343
0.022949
0.023038
0.024451
0.023068
0.023239
0.024194
0.024856
0.024659
0.024630
0.022771
0.023640
0.023201
0.024503
0.025155
0.025496
0.025037
0.025115
0.024796
0.027391
0.027510
0.025418
0.024014
0.023291
0.024260
0.025790
0.024632
0.024148
0.024990
0.026042
0.026699
0.023827
0.023817
0.024353
0.024596
0.023309
0.023174
0.023363
0.022689
0.023190
0.022520
0.022542
0.022428
0.022316
0.022700
0.022686
0.024879
0.026272
0.026981
0.023751
0.023483
0.023949
0.025112
0.024561
0.023760
0.023732
0.025160
0.025065
0.024115
0.024234
0.023208
0.022717
0.023285
0.023386
0.023035
0.023307
0.023716
0.023912
0.024163
0.025802
0.024985
0.024056
0.024865
0.024537
0.024451
0.023799
0.023299
0.023392
0.023438
0.023077
0.022893
0.023078
0.023723
0.024502
0.024373
0.024107
0.024799
0.025015
0.025251
0.025650
0.024439
0.023792
0.022873
0.022589
0.023388
0.023359
0.023404
0.022642
0.022751
0.022989
0.023684
0.022566
0.023913
0.023909
0.023595
0.024570
0.026053
0.024711
0.024378
0.026027
0.027246
0.025797
0.024360
0.024040
0.023344
0.023487
0.022887
0.023909
0.023712
0.023475
0.025031
0.024871
0.024842
0.024806
0.025328
0.025761
0.025861
0.026312
0.026037
0.024028
0.023321
0.023351
0.022286
0.022418
0.023101
0.022936
0.022947
0.023749
0.023247
0.023733
0.024666
0.023095
0.022338
0.022565
0.022534
0.022612
0.023026
0.022707
0.022819
0.022378
0.022598
0.022703
0.022322
0.022889
0.023175
0.023136
0.022692
0.022556
0.022198
0.022586
0.022315
0.021936
0.022151
0.022901
0.022793
0.022501
0.025241
0.024260
0.024434
0.024482
0.025132
0.026694
0.026791
0.027044
0.024571
0.024038
0.024142
0.024448
0.024698
0.024593
0.025236
0.024843
0.025673
0.025524
0.023539
0.025067
0.025050
0.024647
0.025533
0.023685
0.024051
0.024714
0.022914
0.022764
0.022552
0.023355
0.024762
0.025091
0.024441
0.024970
0.024861
0.023890
0.023600
0.023570
0.023775
0.024604
0.024564
0.024860
0.024746
0.024250
0.024715
0.025055
0.023838
0.023786
0.023871
0.025086
0.025308
0.024798
0.024799
0.024209
0.023758
0.023497
0.023699
0.024334
0.035639
0.025151
0.023369
0.022758
0.024332
0.024556
0.024649
0.023337
0.025305
0.023582
0.024094
0.026006
0.024503
0.025387
0.025543
0.023956
0.024298
0.024482
0.026835
0.025377
0.025062
0.024710
0.024174
0.024011
0.024244
0.023320
0.023067
0.024152
0.023749
0.024262
0.024201
0.024510
0.024625
0.024648
0.024366
0.024444
0.025375
0.025455
0.025974
0.026567
0.025140
0.024582
0.026062
0.026643
0.023421
0.022546
0.022840
0.022738
0.022810
0.022964
0.025020
0.024620
0.023614
0.024341
0.023320
0.023188
0.022040
0.023500
0.024113
0.022502
0.022124
0.022392
0.022520
0.022866
0.023223
0.022971
0.023627
0.024666
0.025304
0.023007
0.022997
0.023017
0.022724
0.022672
0.024735
0.024859
0.025308
0.024657
0.024175
0.024124
0.024149
0.024391
0.025680
0.025602
0.024627
0.023982
0.024280
0.024346
0.026037
0.026758
0.026156
0.024997
0.025418
0.024518
0.025551
0.024783
0.023704
0.023355
0.024851
0.024140
0.023935
0.023717
0.023540
0.025044
0.023779
0.023165
0.023980
0.024286
0.025206
0.022713
0.023699
0.023452
0.023813
0.023729
0.024067
0.023354
0.024006
0.023782
0.024508
0.024806
0.024508
0.025556
0.025216
0.025234
0.024725
0.025217
0.025757
0.025993
0.026106
0.025371
0.025330
0.025152
0.025123
0.024695
0.025084
0.025025
0.024095
0.023763
0.023606
0.023130
0.023249
0.023253
0.023146
0.023569
0.023038
0.023776
0.023027
0.022564
0.022814
0.022903
0.022457
0.023147
0.024426
0.024608
0.024721
0.025237
0.024809
0.023099
0.023018
0.023008
0.023393
0.023442
0.023470
0.023706
0.023568
0.023255
0.023253
0.025173
0.040453
0.026204
0.024974
0.025674
0.024780
0.024643
0.025320
0.025608
0.026198
0.026447
0.025517
0.025927
0.026815
0.025936
0.025462
0.025063
0.025456
0.024042
0.024347
0.023716
0.023071
0.023781
0.023980
0.024731
0.024515
0.024486
0.024265
0.023138
0.023716
0.023485
0.025386
0.024974
0.022803
0.024913
0.023665
0.023331
0.023139
0.023191
0.022752
0.024036
0.023746
0.023259
0.022947
0.022880
0.023653
0.023699
0.023701
0.023914
0.024459
0.024721
0.024467
0.023466
0.023990
0.024374
0.024293
0.023620
0.022330
0.023098
0.023290
0.023405
0.023555
0.023654
0.025972
0.025587
0.025985
0.024410
0.024863
0.023344
0.023046
0.023185
0.024589
0.025110
0.024634
0.024201
0.023665
0.023383
0.023709
0.024097
0.023524
0.023365
0.023513
0.023375
0.022986
0.022812
0.023214
0.023555
0.023421
0.023063
0.022712
0.022547
0.022806
0.022635
0.022646
0.022810
0.023424
0.023730
0.023739
0.023808
0.023923
0.023940
0.024005
0.024301
0.023592
0.024011
0.023029
0.023914
0.024446
0.023717
0.023853
0.023492
0.023155
0.023743
0.025851
0.026006
0.026042
0.024093
0.023370
0.023453
0.024144
0.023120
0.024518
0.023009
0.022856
0.023460
0.023755
0.024269
0.023776
0.027554
0.034561
0.034091
0.032438
0.026841
0.028310
0.027349
0.026125
0.026096
0.025841
0.024610
0.024186
0.026906
0.025877
0.024704
0.024023
0.025397
0.026032
0.025670
0.025637
0.025875
0.027125
0.026193
0.026221
0.025820
0.025719
0.026368
0.026771
0.026576
0.027228
0.026415
0.024696
0.026000
0.026180
0.025472
0.025994
0.025574
0.025944
0.026201
0.025961
0.025401
0.026823
0.027023
0.027277
0.026191
0.026596
0.026791
0.026818
0.026303
0.026110
0.026026
0.027313
0.026801
0.026865
0.025120
0.026747
0.026375
0.025244
0.025896
0.025987
0.025651
0.025435
0.026062
0.025994
0.024945
0.025701
0.026385
0.024849
0.025532
0.025128
0.025142
0.025736
0.025734
0.025298
0.026104
0.025238
0.025855
0.025340
0.025145
0.025233
0.025037
0.024632
0.025655
0.025607
0.025509
0.025949
0.024597
0.025290
0.026585
0.024814
0.026576
0.025864
0.026200
0.025601
0.025767
0.025592
0.025604
0.024789
0.025026
0.024881
0.024388
0.024877
0.025792
0.024070
0.026828
0.025245
0.026755
0.025611
0.025751
0.025341
0.024226
0.023155
0.023086
0.023221
0.022984
0.023412
0.023799
0.024938
0.025276
0.024795
0.025144
0.025437
0.025642
0.025290
0.024610
0.024830
0.022777
0.022809
0.022689
0.023118
0.022979
0.023128
0.023589
0.023719
0.023184
0.023292
0.023525
0.024444
0.023836
0.023630
0.023683
0.025919
0.024938
0.025083
0.025813
0.025369
0.025718
0.025667
0.026901
0.026536
0.026491
0.026318
0.025551
0.025444
0.026120
0.025709
0.025522
0.025486
0.027307
0.025782
0.025333
0.025404
0.025573
0.025055
0.025445
0.024937
0.024760
0.024587
0.025883
0.024253
0.024615
0.024710
0.024877
0.024957
0.025624
0.024753
0.026224
0.025215
0.025252
0.025276
0.024471
0.023740
0.024086
0.023874
0.023130
0.023023
0.023308
0.023196
0.023524
0.023527
0.023046
0.023210
0.023791
0.024076
0.023950
0.022952
0.023550
0.036295
0.037846
0.036736
0.027440
0.028072
0.037836
0.027183
0.026509
0.026289
0.025353
0.024096
0.023579
0.025200
0.025135
0.025978
0.024843
0.025032
0.024958
0.025068
0.024350
0.025655
0.025745
0.025446
0.026335
0.026185
0.025937
0.025483
0.026141
0.026551
0.026243
0.026334
0.026565
0.026019
0.026248
0.026093
0.026004
0.026186
0.026513
0.026368
0.025831
0.025673
0.025750
0.026408
0.026541
0.026050
0.026143
0.025834
0.025764
0.026059
0.026769
0.025440
0.024718
0.024581
0.024416
0.022978
0.023760
0.023790
0.023599
0.024415
0.024442
0.024914
0.024893
0.024529
0.024497
0.025632
0.024349
0.024605
0.026254
0.024442
0.025424
0.024241
0.024489
0.024465
0.024612
0.024544
0.024637
0.024214
0.024748
0.023852
0.023819
0.024927
0.024838
0.024471
0.025066
0.025076
0.024600
0.024076
0.023582
0.025900
0.025609
0.025519
0.025143
0.025688
0.025858
0.026097
0.026034
0.027144
0.025401
0.025747
0.025949
0.026337
0.025920
0.025501
0.025992
0.025879
0.026150
0.026124
0.026410
0.027582
0.026082
0.026116
0.025552
0.025535
0.025783
0.025252
0.024983
0.026161
0.025575
0.025394
0.025499
0.030663
0.029962
0.029556
0.029862
0.029213
0.029506
0.029832
0.028963
0.029790
0.029456
0.029564
0.030376
0.030034
0.029704
0.029745
0.029654
0.030144
0.030109
0.029967
0.029689
0.029930
0.029724
0.030190
0.030294
0.029460
0.029866
0.028400
0.028544
0.027992
0.028156
0.026621
0.026666
0.026310
0.026854
0.026803
0.026738
0.026736
0.025525
0.025981
0.025435
0.025556
0.025382
0.025859
0.025390
0.026007
0.025900
0.026414
0.024853
0.023929
0.023795
0.023457
0.023215
0.023322
0.024739
0.025011
0.024930
0.024968
0.026194
0.025916
0.026021
0.025968
0.024203
0.026029
0.026361
0.026326
0.026856
0.023736
0.024510
0.023989
0.025076
0.026990
0.025548
0.025926
0.025662
0.025678
0.026454
0.027959
0.027228
0.025690
0.024965
0.024297
0.023365
0.024694
0.023958
0.025871
0.023982
0.023957
0.024819
0.024564
0.024616
0.024256
0.024513
0.022768
0.025272
0.024514
0.024442
0.023491
0.024352
0.026201
0.026148
0.025443
0.025124
0.024539
0.024087
0.023388
0.023535
0.024025
0.024941
0.024279
0.022990
0.022950
0.024548
0.024648
0.025156
0.024337
0.025115
0.026489
0.025017
0.027804
0.025872
0.027224
0.025317
0.025980
0.025735
0.026535
0.027154
0.025561
0.026509
0.027133
0.027260
0.025699
0.025123
0.025570
0.026115
0.025300
0.025353
0.025402
0.025320
0.025313
0.025437
0.025001
0.023247
0.024517
0.027147
0.026205
0.027445
0.024998
0.025579
0.025354
0.025241
0.026101
0.025208
0.026980
0.024871
0.024239
0.024276
0.024459
0.024934
0.024508
0.024306
0.024015
0.024845
0.024977
0.024900
0.024647
0.025021
0.023892
0.023702
0.023801
0.023014
0.023454
0.023488
0.025002
0.024071
0.023091
0.024252
0.024391
0.024206
0.027211
0.024602
0.024770
0.024169
0.023245
0.022587
0.022955
0.023614
0.022997
0.024186
0.024365
0.025196
0.024728
0.024547
0.023662
0.023365
0.023398
0.023602
0.023958
0.023158
0.024901
0.024396
0.024494
0.024485
0.024357
0.024841
0.024954
0.024822
0.025185
0.024969
0.023799
0.022657
0.022675
0.027035
0.026408
0.026153
0.026107
0.026766
0.026414
0.027037
0.025449
0.026314
0.025499
0.025072
0.025370
0.024985
0.026109
0.025235
0.026130
0.025477
0.025596
0.025784
0.026094
0.025925
0.025899
0.025629
0.025421
0.026116
0.025746
0.026903
0.026819
0.026703
0.026707
0.027185
0.026614
0.026335
0.026092
0.026313
0.026863
0.025706
0.023666
0.023965
0.024297
0.024298
0.025529
0.024278
0.026973
0.023309
0.022827
0.022775
0.024257
0.024172
0.023396
0.025638
0.024800
0.023640
0.023750
0.024246
0.024946
0.025493
0.026324
0.026837
0.026613
0.025706
0.025610
0.025543
0.025266
0.025564
0.025390
0.025575
0.025556
0.026710
0.027116
0.024331
0.025051
0.023611
0.024241
0.023908
0.023770
0.023867
0.024154
0.023693
0.022918
0.023456
0.024114
0.024848
0.025475
0.024953
0.025658
0.024698
0.025668
0.025946
0.025658
0.026415
0.026046
0.025974
0.027706
0.027131
0.027058
0.027565
0.027575
0.026694
0.026605
0.026328
0.026501
0.026422
0.026276
0.026155
0.026656
0.026434
0.025759
0.026418
0.027016
0.026171
0.026381
0.026138
0.024889
0.023898
0.025371
0.026915
0.027398
0.025408
0.024921
0.025732
0.025452
0.025953
0.026137
0.026578
0.027039
0.025579
0.024380
0.025125
0.025822
0.025908
0.026476
0.027005
0.026596
0.026205
0.026079
0.025896
0.027525
0.026811
0.026411
0.025409
0.026172
0.025631
0.024827
0.024642
0.025140
0.023195
0.023018
0.022503
0.022373
0.023139
0.023591
0.022668
0.023530
0.023636
0.022667
0.023240
0.023003
0.023509
0.024333
0.024744
0.024699
0.024848
0.023799
0.024769
0.025160
0.024545
0.024652
0.025459
0.025650
0.024891
0.024019
0.024007
0.024628
0.022984
0.023186
0.023423
0.023402
0.023984
0.024807
0.025294
0.025171
0.025787
0.023630
0.024302
0.024239
0.024427
0.024135
0.024309
0.024486
0.024631
0.025162
0.024877
0.024673
0.024813
0.024066
0.024525
0.024435
0.024215
0.023845
0.023830
0.023848
0.025281
0.026695
0.026487
0.025586
0.024750
0.023894
0.025175
0.024084
0.023411
0.023777
0.024597
0.024812
0.025767
0.025312
0.025371
0.024934
0.024477
0.024463
0.023453
0.023928
0.024923
0.024104
0.023447
0.023510
0.024146
0.023877
0.023888
0.023997
0.024241
0.024395
0.024642
0.024338
0.024005
0.023117
0.025336
0.025253
0.025235
0.025185
0.025974
0.024471
0.024547
0.024541
0.024821
0.025222
0.024303
0.024960
0.022915
0.024419
0.024409
0.023270
0.023842
0.023053
0.023236
0.024674
0.025186
0.024037
0.024086
0.032774
0.031264
0.031225
0.029910
0.025022
0.025678
0.026460
0.026590
0.027215
0.026514
0.026714
0.025698
0.025513
0.025331
0.025141
0.025509
0.025270
0.025565
0.025274
0.025707
0.026247
0.025489
0.025810
0.026483
0.025626
0.025490
0.025821
0.025836
0.026048
0.025612
0.024743
0.025085
0.024482
0.025025
0.024478
0.024312
0.023866
0.025131
0.025575
0.024937
0.024462
0.024819
0.026345
0.026891
0.024801
0.023856
0.024166
0.024769
0.024854
0.025981
0.025523
0.026145
0.024948
0.025432
0.024952
0.025466
0.025021
0.025023
0.025366
0.024690
0.023416
0.023182
0.023179
0.023323
0.023001
0.022543
0.023559
0.023482
0.023771
0.023105
0.023366
0.023532
0.025018
0.023298
0.024574
0.024672
0.024289
0.024464
0.024823
0.025486
0.024455
0.023725
0.023160
0.023352
0.023789
0.024314
0.024523
0.024458
0.023493
0.023474
0.024487
0.024440
0.023297
0.022796
0.023839
0.023260
0.022686
0.022897
0.024173
0.024115
0.023116
0.022988
0.023130
0.023974
0.024733
0.025014
0.025558
0.024659
0.025111
0.024627
0.025163
0.025622
0.024142
0.023369
0.023840
0.023993
0.023878
0.024786
0.024050
0.023341
0.024288
0.024449
0.024947
0.025285
0.024632
0.025518
0.024519
0.024540
0.024692
0.023760
0.025531
0.025314
0.023480
0.022994
0.022959
0.023587
0.028649
0.025822
0.024649
0.024737
0.022341
0.025572
0.024189
0.024255
0.023572
0.023467
0.025486
0.025202
0.024259
0.024061
0.024032
0.023740
0.024663
0.024645
0.024638
0.024347
0.024022
0.025047
0.024667
0.024146
0.024344
0.025084
0.025177
0.025776
0.024336
0.023955
0.023176
0.024138
0.023755
0.025187
0.025088
0.024702
0.024515
0.024316
0.022780
0.024740
0.025061
0.024512
0.023346
0.023689
0.024251
0.024222
0.023166
0.024266
0.024874
0.023651
0.024203
0.024391
0.024482
0.024871
0.024927
0.024764
0.024853
0.024954
0.024116
0.024429
0.024522
0.024314
0.024094
0.024248
0.024404
0.023673
0.026672
0.027495
0.026458
0.026333
0.025118
0.024516
0.023821
0.023652
0.023953
0.023819
0.023282
0.023120
0.023543
0.023323
0.023014
0.022796
0.024872
0.023154
0.024722
0.023413
0.023599
0.024415
0.024293
0.024362
0.023896
0.024848
0.024779
0.023648
0.023909
0.023555
0.023505
0.023098
0.024966
0.024786
0.024283
0.024009
0.023947
0.023918
0.024090
0.022630
0.023613
0.022751
0.022849
0.023110
0.023645
0.023559
0.025242
0.025273
0.025519
0.025758
0.025395
0.025671
0.026753
0.024321
0.023120
0.022747
0.023852
0.024490
0.024797
0.024377
0.025377
0.025477
0.025288
0.024898
0.024926
0.024764
0.023101
0.023108
0.022909
0.023268
0.023375
0.023864
0.024186
0.023985
0.025019
0.024341
0.023489
0.023975
0.024338
0.024626
0.024970
0.024727
0.025086
0.025873
0.025677
0.026229
0.026025
0.026029
0.026521
0.026264
0.026197
0.026940
0.026326
0.024924
0.025411
0.025151
0.024642
0.024693
0.024265
0.023668
0.023987
0.024422
0.024055
0.024446
0.023942
0.024047
0.024889
0.025250
0.024823
0.024645
0.024738
0.024072
0.025323
0.025531
0.024574
0.023684
0.023170
0.023288
0.023018
0.022654
0.024558
0.025018
0.023329
0.022427
0.024994
0.023549
0.022779
0.024479
0.024636
0.024699
0.023768
0.024692
0.024445
0.024501
0.024885
0.024731
0.024369
0.024017
0.024658
0.024208
0.023429
0.024431
0.023916
0.023644
0.022922
0.023072
0.023537
0.023248
0.023617
0.023834
0.023726
0.023657
0.023647
0.023768
0.023417
0.023355
0.023001
0.023028
0.024406
0.023424
0.023512
0.024194
