0.007092
0.003453
0.003099
0.002983
0.003093
0.003028
0.003015
0.003023
0.002864
0.002987
0.002968
0.003036
0.002905
0.002947
0.003190
0.003062
0.003031
0.002972
0.002845
0.002975
0.003099
0.003256
0.003220
0.003140
0.003229
0.003190
0.002924
0.003235
0.002907
0.003122
0.002912
0.003266
0.003234
0.002979
0.002880
0.003211
0.003234
0.002931
0.002945
0.003036
0.002819
0.003255
0.002875
0.002823
0.003245
0.003245
0.003005
0.003221
0.003263
0.003235
0.003217
0.003272
0.003254
0.003280
0.003287
0.003247
0.003272
0.003331
0.003291
0.002927
0.003234
0.003206
0.003244
0.003312
0.003251
0.003245
0.003293
0.003243
0.003256
0.003320
0.002970
0.003195
0.003258
0.003213
0.003229
0.003277
0.003243
0.003175
0.003283
0.003108
0.003057
0.003210
0.003226
0.002804
0.003085
0.003112
0.003090
0.003101
0.003101
0.003286
0.003228
0.003296
0.003266
0.003259
0.003051
0.002842
0.003208
0.003225
0.003294
0.003245
0.003263
0.003252
0.003065
0.003225
0.003113
0.003184
0.003220
0.003125
0.003129
0.003171
0.003244
0.003249
0.003254
0.003283
0.003266
0.003216
0.003280
0.002907
0.003111
0.003188
0.003249
0.003247
0.003311
0.003287
0.003213
0.003134
0.003221
0.003245
0.003050
0.003287
0.003256
0.003255
0.003309
0.003229
0.003143
0.003294
0.003244
0.003262
0.003295
0.003283
0.003334
0.003341
0.003296
0.003278
0.003332
0.003268
0.003269
0.003348
0.003193
0.003062
0.003322
0.003264
0.003272
0.003251
0.003292
0.003272
0.003322
0.002969
0.003241
0.003320
0.003277
0.003246
0.002875
0.003225
0.003208
0.003238
0.003225
0.003233
0.003288
0.003116
0.003223
0.003276
0.003296
0.003235
0.003001
0.003287
0.003241
0.003263
0.003336
0.003269
0.003164
0.003334
0.003285
0.003284
0.003154
0.003272
0.003248
0.003362
0.003262
0.003267
0.003330
0.003305
0.003269
0.003326
0.003278
0.003269
0.003273
0.003268
0.003237
0.003251
0.003258
0.003219
0.002969
0.003300
0.003271
0.003281
0.003295
0.003152
0.003254
0.003289
0.003241
0.003252
0.003333
0.003300
0.003201
0.003332
0.003308
0.003308
0.002972
0.003237
0.003161
0.003264
0.003259
0.003247
0.003298
0.003208
0.003277
0.002948
0.003222
0.003217
0.003285
0.003231
0.003242
0.003308
0.003285
0.003267
0.003297
0.003292
0.003278
0.003316
0.003327
0.002904
0.003256
0.003278
0.003280
0.003286
0.003305
0.003265
0.003267
0.003163
0.002990
0.003227
0.003248
0.003209
0.003221
0.003330
0.003290
0.003265
0.003325
0.003229
0.003238
0.003328
0.003254
0.003235
0.003284
0.003285
0.003280
0.003327
0.003279
0.003248
0.002987
0.003232
0.003214
0.003262
0.003193
0.003251
0.003159
0.003245
0.003234
0.003269
0.003206
0.002998
0.003225
0.003211
0.003231
0.002854
0.003269
0.003230
0.003208
0.003281
0.003172
0.003225
0.003289
0.003174
0.003233
0.003281
0.003239
0.003231
0.003277
0.003244
0.003258
0.003311
0.003252
0.003250
0.002976
0.003220
0.003223
0.003275
0.003291
0.003230
0.003275
0.003054
0.003141
0.013059
0.004655
0.003326
0.003501
0.003206
0.003349
0.003096
0.003019
0.003289
0.003177
0.002895
0.002807
0.003251
0.003347
0.003171
0.003153
0.003378
0.003284
0.003293
0.003365
0.003007
0.003124
0.003253
0.003341
0.003334
0.003350
0.003266
0.003320
0.003111
0.003325
0.003311
0.003342
0.003294
0.003304
0.003346
0.003304
0.003273
0.003376
0.003311
0.003274
0.003233
0.003316
0.003298
0.003254
0.002906
0.003125
0.003182
0.003132
0.003273
0.003322
0.002950
0.003212
0.003214
0.003270
0.003247
0.003236
0.003298
0.003226
0.003293
0.003412
0.003314
0.003301
0.003336
0.003339
0.003287
0.003349
0.003319
0.003336
0.003407
0.003341
0.003324
0.003389
0.003282
0.003318
0.003391
0.003348
0.003282
0.002961
0.003299
0.003190
0.003318
0.002911
0.003237
0.003326
0.003255
0.003316
0.003323
0.003095
0.003231
0.003311
0.003331
0.003305
0.003333
0.003344
0.003315
0.003171
0.003296
0.003324
0.003338
0.003327
0.003257
0.003271
0.003340
0.003303
0.002940
0.003333
0.003313
0.003341
0.003351
0.003266
0.002970
0.003330
0.003291
0.003261
0.003366
0.003356
0.003372
0.003247
0.003201
0.003299
0.003209
0.003276
0.003332
0.003369
0.003329
0.003313
0.003382
0.003214
0.003317
0.003353
0.003346
0.003175
0.003366
0.003337
0.003326
0.003401
0.003335
0.002860
0.003319
0.003265
0.003210
0.003371
0.003083
0.003092
0.003347
0.003349
0.003354
0.003393
0.003325
0.003328
0.003368
0.003417
0.003327
0.003194
0.003315
0.003326
0.003382
0.003391
0.003363
0.003393
0.003311
0.003326
0.003366
0.003298
0.003321
0.003311
0.003027
0.003288
0.003318
0.003344
0.003308
0.003334
0.003115
0.003292
0.003391
0.003396
0.003380
0.003369
0.003392
0.003334
0.003356
0.003166
0.003307
0.002968
0.003317
0.003266
0.003342
0.003146
0.003229
0.003295
0.003274
0.003240
0.003275
0.003308
0.003289
0.003333
0.003140
0.003204
0.003331
0.003322
0.003283
0.003291
0.003314
0.003335
0.003238
0.003312
0.003308
0.003352
0.003390
0.003283
0.003319
0.003260
0.003329
0.003362
0.003390
0.003328
0.003178
0.003298
0.003338
0.003341
0.003363
0.002908
0.003263
0.003335
0.003318
0.003324
0.003403
0.003353
0.003341
0.003312
0.003290
0.003328
0.003393
0.003381
0.003334
0.003272
0.003298
0.003324
0.003388
0.003294
0.003342
0.003356
0.003321
0.003296
0.003395
0.003359
0.003346
0.003375
0.003307
0.003324
0.003308
0.003316
0.003291
0.003266
0.003324
0.003213
0.003376
0.003305
0.003298
0.003321
0.003352
0.003312
0.003394
0.003427
0.003403
0.003102
0.003309
0.003319
0.002962
0.003298
0.003276
0.003302
0.003209
0.003130
0.003224
0.003192
0.003325
0.003340
0.003311
0.003345
0.003333
0.003365
0.003327
0.003219
0.003335
0.003298
0.003332
0.003341
0.003311
0.003368
0.003339
0.003324
0.003147
0.003263
0.003316
0.003315
0.003366
0.003338
0.003337
0.003346
0.003335
0.003391
0.003360
0.003334
0.003344
0.003360
0.003339
0.003355
0.003112
0.003301
0.003339
0.003338
0.003335
0.003316
0.003353
0.003338
0.003290
0.003313
0.003267
0.002884
0.003201
0.003081
0.003282
0.003404
0.003301
0.002961
0.002951
0.003123
0.003156
0.003359
0.003266
0.003300
0.003371
0.003307
0.003339
0.002966
0.003206
0.003268
0.003365
0.003385
0.003372
0.003387
0.003357
0.003320
0.003050
0.003329
0.003254
0.003355
0.003302
0.003302
0.003370
0.003288
0.003344
0.003324
0.003373
0.003319
0.003383
0.003353
0.003338
0.003263
0.003337
0.003305
0.003295
0.003344
0.003311
0.003266
0.003163
0.003296
0.003027
0.003238
0.002872
0.003150
0.003333
0.003285
0.003256
0.003323
0.003318
0.003337
0.003369
0.003328
0.003359
0.002928
0.003254
0.003243
0.003335
0.003331
0.003314
0.003306
0.003327
0.003317
0.003385
0.003325
0.003317
0.003367
0.003298
0.003290
0.003126
0.003248
0.003235
0.003071
0.003239
0.003255
0.003338
0.003295
0.003318
0.003335
0.003348
0.003335
0.003184
0.003312
0.003311
0.003384
0.003342
0.003295
0.003351
0.003351
0.003304
0.003363
0.003271
0.003241
0.003200
0.003242
0.003029
0.003219
0.003329
0.003310
0.003340
0.003339
0.003315
0.003161
0.003346
0.002938
0.003305
0.003353
0.003327
0.003236
0.003348
0.003326
0.003331
0.003354
0.003368
0.003365
0.003347
0.003338
0.003324
0.003369
0.003302
0.003341
0.003019
0.003202
0.003325
0.003361
0.003333
0.003340
0.003343
0.003326
0.003322
0.003412
0.003313
0.003263
0.003350
0.003295
0.002935
0.002969
0.003288
0.002914
0.003359
0.003334
0.003292
0.002982
0.003131
0.003074
0.003309
0.003192
0.003183
0.003282
0.003320
0.003288
0.003193
0.003224
0.003292
0.003355
0.003362
0.003301
0.003335
0.003329
0.003306
0.003188
0.003119
0.002831
0.002795
0.003317
0.003310
0.003295
0.003371
0.003228
0.003309
0.003316
0.003326
0.002915
0.003193
0.003215
0.003216
0.003337
0.003336
0.003282
0.003368
0.003246
0.003178
0.003305
0.003333
0.003294
0.003319
0.003255
0.003272
0.003386
0.003345
0.003303
0.003312
0.003350
0.003328
0.003332
0.003354
0.003303
0.003310
0.003354
0.003325
0.003325
0.003372
0.003323
0.003360
0.003328
0.003316
0.003383
0.003388
0.003343
0.003380
0.003310
0.003367
0.003197
0.003334
0.002905
0.003079
0.003354
0.003273
0.003333
0.003358
0.003268
0.003203
0.003292
0.002995
0.003196
0.003258
0.002956
0.003170
0.003140
0.003148
0.003119
0.003249
0.003215
0.003132
0.003366
0.003283
0.003314
0.003266
0.003032
0.002876
0.002863
0.003347
0.003258
0.003331
0.003329
0.003094
0.003259
0.003303
0.003262
0.003247
0.003349
0.003321
0.003317
0.003379
0.003327
0.003267
0.003334
0.003260
0.003096
0.003389
0.003303
0.003296
0.003282
0.003313
0.003298
0.003369
0.003333
0.003306
0.003390
0.003334
0.003322
0.002952
0.003307
0.003296
0.003389
0.003350
0.003324
0.003396
0.003355
0.003311
0.003381
0.013832
0.002998
0.003127
0.003124
0.002764
0.003082
0.003260
0.003156
0.003329
0.002997
0.003307
0.002923
0.003351
0.002925
0.003347
0.003433
0.002956
0.003361
0.003429
0.003415
0.003423
0.002999
0.003306
0.003327
0.003454
0.003355
0.003386
0.003369
0.003160
0.003353
0.003388
0.003366
0.003358
0.003335
0.003417
0.003406
0.003455
0.003375
0.003363
0.002960
0.003247
0.003332
0.003412
0.003051
0.003312
0.003398
0.003340
0.003383
0.003484
0.003130
0.002949
0.002806
0.003127
0.003345
0.003339
0.002976
0.003343
0.003270
0.003393
0.003378
0.003422
0.003379
0.003391
0.003436
0.003409
0.003359
0.003419
0.003212
0.003265
0.003431
0.003344
0.003243
0.003269
0.003337
0.003357
0.003268
0.003332
0.003368
0.003423
0.003361
0.003361
0.003447
0.002921
0.002863
0.003220
0.003012
0.003230
0.003395
0.003416
0.003362
0.003216
0.003406
0.003356
0.003329
0.003449
0.003357
0.003409
0.003387
0.003397
0.003440
0.003426
0.003400
0.003430
0.003017
0.003324
0.003381
0.003420
0.003281
0.003413
0.003273
0.003180
0.003401
0.003401
0.003402
0.003252
0.002945
0.003327
0.003376
0.003416
0.003350
0.003386
0.002977
0.003354
0.002953
0.002871
0.002963
0.003293
0.003428
0.003235
0.003356
0.003318
0.003361
0.003401
0.003382
0.003401
0.003422
0.003391
0.003364
0.003422
0.003429
0.003415
0.003471
0.003113
0.003258
0.003204
0.003422
0.003389
0.003441
0.003353
0.003356
0.002941
0.003279
0.003315
0.003366
0.003441
0.003348
0.003392
0.003433
0.003356
0.003402
0.003344
0.003344
0.003393
0.003486
0.003370
0.003395
0.003427
0.003391
0.003181
0.003224
0.003380
0.003416
0.003445
0.003356
0.003358
0.003420
0.002975
0.003359
0.003463
0.003170
0.003107
0.003334
0.003400
0.003389
0.003398
0.003395
0.003407
0.003431
0.003395
0.003241
0.003330
0.003344
0.003393
0.003240
0.003256
0.003206
0.003415
0.003175
0.003266
0.003349
0.003198
0.003096
0.003432
0.003393
0.002935
0.003393
0.003296
0.002921
0.003202
0.003272
0.003062
0.003331
0.003400
0.003302
0.003236
0.003305
0.003365
0.003249
0.003284
0.003344
0.002992
0.003427
0.003330
0.003350
0.002922
0.003200
0.003351
0.003328
0.003263
0.003365
0.003368
0.003406
0.003293
0.003450
0.003245
0.003400
0.003385
0.003389
0.003445
0.003417
0.002977
0.003375
0.003387
0.003396
0.003590
0.003408
0.003418
0.003451
0.003421
0.003320
0.003420
0.002992
0.003284
0.003320
0.003390
0.003010
0.003462
0.002932
0.003030
0.003331
0.003322
0.003337
0.003266
0.003417
0.002973
0.003013
0.002924
0.003194
0.003225
0.003311
0.003390
0.003376
0.003430
0.003337
0.003291
0.003460
0.003387
0.003373
0.003416
0.003379
0.003415
0.003441
0.003389
0.003421
0.003469
0.002936
0.003015
0.003215
0.003329
0.003377
0.003312
0.003431
0.003229
0.003179
0.003377
0.003352
0.003411
0.003358
0.003392
0.003361
0.003396
0.003437
0.003423
0.003395
0.003426
0.003467
0.003403
0.003433
0.003462
0.003442
0.003511
0.003519
0.002960
0.003169
0.003074
0.002850
0.003208
0.003282
0.003331
0.003238
0.002988
0.003242
0.003364
0.003388
0.003379
0.003430
0.003415
0.003409
0.003587
0.004161
0.004296
0.004392
0.003768
0.003748
0.003802
0.004022
0.003596
0.003654
0.003548
0.003622
0.003428
0.003315
0.003402
0.003258
0.003309
0.003222
0.003327
0.003464
0.003455
0.003369
0.003080
0.003484
0.003468
0.003586
0.003259
0.003235
0.003133
0.003089
0.003389
0.003040
0.003194
0.003318
0.003361
0.003421
0.003454
0.003499
0.003428
0.003423
0.003007
0.003441
0.003521
0.003522
0.003546
0.003500
0.003008
0.003142
0.003428
0.002991
0.003475
0.003303
0.003621
0.003578
0.003537
0.003518
0.003469
0.003104
0.003351
0.003380
0.003193
0.003267
0.003351
0.003518
0.003478
0.003505
0.003454
0.003479
0.003510
0.003452
0.003495
0.003514
0.003456
0.003449
0.002989
0.003377
0.003297
0.003370
0.003096
0.003406
0.003464
0.003436
0.003464
0.003466
0.003286
0.003189
0.003210
0.003402
0.003410
0.003457
0.003399
0.003498
0.003030
0.003381
0.003392
0.003455
0.003414
0.003308
0.003392
0.003417
0.002986
0.003334
0.003207
0.003359
0.003340
0.003397
0.003192
0.003363
0.003403
0.003429
0.003380
0.002977
0.003426
0.003426
0.003435
0.003301
0.003372
0.003426
0.003416
0.003413
0.003347
0.003325
0.003321
0.003427
0.003436
0.003393
0.003205
0.003381
0.003449
0.003440
0.003436
0.003432
0.003016
0.003166
0.003300
0.003398
0.003456
0.003467
0.003433
0.003365
0.003426
0.003211
0.003409
0.003390
0.003459
0.003315
0.003445
0.003423
0.002986
0.002921
0.003144
0.003388
0.003257
0.003424
0.003319
0.003461
0.003442
0.003018
0.003348
0.003401
0.002971
0.003401
0.003363
0.003314
0.003427
0.003391
0.003450
0.003444
0.003157
0.002970
0.003245
0.003217
0.003369
0.003360
0.002939
0.003227
0.003289
0.003460
0.003413
0.003464
0.003271
0.003296
0.003388
0.003348
0.003410
0.003389
0.003388
0.003400
0.003382
0.003196
0.003372
0.003393
0.003419
0.003489
0.003443
0.003342
0.003409
0.003430
0.003377
0.003374
0.003363
0.003324
0.003362
0.003404
0.003003
0.003117
0.003256
0.003329
0.003380
0.003355
0.003337
0.003357
0.003346
0.003332
0.003376
0.003363
0.003354
0.003396
0.003394
0.003381
0.003431
0.003143
0.003318
0.003318
0.003360
0.003321
0.003338
0.003397
0.003209
0.003195
0.003387
0.003277
0.003540
0.003351
0.003391
0.003433
0.003364
0.003387
0.003345
0.003386
0.003090
0.003212
0.003323
0.003317
0.003355
0.003390
0.003327
0.003206
0.002884
0.003327
0.003319
0.003269
0.003245
0.003364
0.002913
0.003246
0.003249
0.003379
0.002980
0.003343
0.003370
0.003406
0.003170
0.003286
0.003286
0.002893
0.003225
0.003253
0.003129
0.003392
0.003368
0.003389
0.003260
0.002870
0.003310
0.003370
0.003407
0.003378
0.003313
0.003339
0.003314
0.003289
0.003301
0.003327
0.003434
0.003310
0.003203
0.002844
0.003078
0.003368
0.003326
0.002906
0.003178
0.003404
0.003385
0.003197
0.003351
0.003366
0.003381
0.003383
0.003316
0.003398
0.003413
0.003415
0.003377
0.003408
0.003377
0.003413
0.002981
0.003110
0.003373
0.003383
0.003385
0.003418
0.003379
0.002915
0.003334
0.003352
0.003298
0.003316
0.003366
0.003175
0.003382
0.003243
0.003405
0.002899
0.003237
0.003343
0.003355
0.003373
0.003377
0.003364
0.003310
0.002925
0.002734
0.003134
0.003170
0.003333
0.003348
0.003444
0.003327
0.003423
0.003089
0.003332
0.003389
0.003356
0.003383
0.003403
0.003379
0.003348
0.003399
0.003373
0.003353
0.003326
0.003341
0.003342
0.003320
0.003333
0.003326
0.003323
0.003319
0.002964
0.003296
0.003331
0.003321
0.003383
0.003269
0.003299
0.003360
0.003374
0.003367
0.003416
0.003383
0.003393
0.003236
0.003364
0.003384
0.003318
0.003392
0.003383
0.003375
0.003361
0.003402
0.003409
0.002967
0.003232
0.003288
0.003429
0.003352
0.003210
0.003257
0.003239
0.003372
0.003311
0.003211
0.003281
0.003310
0.003324
0.003379
0.003352
0.003335
0.003202
0.003350
0.003356
0.003190
0.003368
0.003293
0.003322
0.003365
0.003243
0.003235
0.003265
0.003366
0.003238
0.003401
0.003429
0.003423
0.003400
0.003412
0.003440
0.003478
0.003421
0.003413
0.003256
0.003377
0.003386
0.003285
0.003087
0.003265
0.003337
0.003007
0.003137
0.003417
0.003386
0.003396
0.003418
0.003387
0.003332
0.003453
0.003427
0.003400
0.003494
0.003384
0.003412
0.003390
0.003427
0.003425
0.003194
0.003336
0.003026
0.003266
0.003292
0.003289
0.002927
0.003300
0.003193
0.003378
0.003394
0.003355
0.003145
0.002886
0.003288
0.003398
0.002964
0.003121
0.003211
0.003322
0.003272
0.003378
0.003352
0.003212
0.003241
0.003253
0.003385
0.003415
0.003423
0.003396
0.003384
0.003052
0.003212
0.003354
0.003393
0.003383
0.003332
0.003430
0.003390
0.003390
0.003450
0.003386
0.002957
0.002934
0.003123
0.003391
0.003390
0.003391
0.003333
0.003424
0.003379
0.003393
0.003451
0.003397
0.003222
0.003439
0.003405
0.003229
0.003230
0.002951
0.003325
0.002941
0.003309
0.003291
0.003414
0.003242
0.002926
0.003416
0.003062
0.003250
0.003273
0.003274
0.003247
0.003400
0.003170
0.003312
0.003361
0.003387
0.003188
0.003343
0.003410
0.003377
0.003435
0.003396
0.003378
0.003289
0.003428
0.003359
0.003402
0.003381
0.003375
0.003413
0.003397
0.003367
0.003449
0.002960
0.003337
0.003087
0.003180
0.003240
0.003407
0.003409
0.003378
0.003446
0.003418
0.003369
0.003019
0.003338
0.003394
0.003200
0.003384
0.002872
0.003400
0.003409
0.003387
0.003422
0.002950
0.003344
0.003412
0.003386
0.003376
0.003438
0.003403
0.003420
0.003451
0.003408
0.003378
0.003433
0.003357
0.003368
0.003460
0.003420
0.003367
0.003301
0.003430
0.003370
0.003482
0.003396
0.003364
0.003442
0.003349
0.003358
0.003437
0.003367
0.003211
0.003448
0.003210
0.003414
0.003450
0.003344
0.003425
0.003430
0.003409
0.003292
0.003377
0.003405
0.003437
0.003440
0.003301
0.003036
0.003376
0.003442
0.003418
0.002977
0.003340
0.003435
0.002974
0.003295
0.003398
0.003370
0.003295
0.003195
0.003458
0.003368
0.003410
0.003443
0.003411
0.003455
0.003469
0.003385
0.003415
0.003390
0.003339
0.003387
0.003455
0.009148
0.004652
0.003564
0.003413
0.003178
0.003225
0.002966
0.003352
0.003396
0.003424
0.003243
0.003438
0.002970
0.003385
0.003186
0.003388
0.002998
0.002999
0.003375
0.003410
0.003436
0.003391
0.003406
0.003426
0.003147
0.003432
0.003400
0.003276
0.003392
0.003424
0.003394
0.003226
0.003423
0.003416
0.003287
0.003385
0.003408
0.003412
0.003414
0.003019
0.003197
0.003232
0.003109
0.003205
0.003390
0.003393
0.003363
0.003387
0.003415
0.003448
0.003480
0.003444
0.002999
0.003401
0.002960
0.003267
0.003323
0.003522
0.003545
0.003425
0.003254
0.003185
0.003462
0.002986
0.003297
0.002946
0.003295
0.003154
0.002921
0.003377
0.003257
0.003376
0.003349
0.003382
0.003208
0.003401
0.003301
0.003029
0.003253
0.003264
0.003003
0.003365
0.003304
0.003304
0.003433
0.002976
0.003313
0.002974
0.003353
0.003369
0.003403
0.003247
0.003353
0.003442
0.003392
0.003283
0.003158
0.003148
0.003210
0.003401
0.003232
0.003418
0.003465
0.003362
0.003404
0.003442
0.003395
0.003267
0.003327
0.003031
0.002951
0.003386
0.003379
0.003326
0.003334
0.003280
0.003284
0.003274
0.003209
