0.036866
0.027085
0.027330
0.027650
0.026959
0.026994
0.026476
0.027073
0.026364
0.027407
0.026903
0.027908
0.027771
0.027568
0.029846
0.026988
0.027669
0.027961
0.026911
0.027545
0.027401
0.028253
0.028672
0.027672
0.027239
0.027686
0.027244
0.026991
0.027487
0.027345
0.028079
0.027101
0.027749
0.030149
0.027484
0.027104
0.031131
0.029012
0.028747
0.028351
0.027631
0.027600
0.028037
0.028511
0.028036
0.028513
0.027913
0.027246
0.026894
0.026758
0.026632
0.029551
0.027395
0.026812
0.028245
0.027645
0.027604
0.027346
0.027358
0.027588
0.027200
0.027220
0.027183
0.027148
0.026977
0.027414
0.027103
0.027096
0.031413
0.026499
0.026734
0.025850
0.084580
0.029142
0.026978
0.025018
0.024881
0.024090
0.024317
0.024088
0.024072
0.024119
0.024008
0.024885
0.024544
0.023936
0.023864
0.024110
0.027104
0.023670
0.024228
0.023778
0.024581
0.027791
0.024100
0.024447
0.024258
0.024692
0.032020
0.032473
0.037594
0.028241
0.033508
0.028727
0.025943
0.026005
0.026558
0.033095
0.032331
0.025873
0.024883
0.025261
0.024642
0.025211
0.024673
0.028544
0.024642
0.025569
0.025449
0.027716
0.029446
0.025543
0.024493
0.025850
0.026037
0.025439
0.025754
0.025460
0.025833
0.026313
0.025726
0.025734
0.025740
0.026000
0.025674
0.026313
0.026117
0.025796
0.026595
0.026611
0.026684
0.026144
0.026633
0.025866
0.026377
0.026339
0.026778
0.029409
0.025625
0.024543
0.024332
0.024313
0.024380
0.024306
0.024307
0.023930
0.024198
0.024298
0.024064
0.024424
0.026406
0.024126
0.024208
0.024659
0.024384
0.024104
0.024021
0.024718
0.023792
0.023981
0.026697
0.024362
0.024125
0.024148
0.023931
0.025651
0.032860
0.028781
0.024184
0.031399
0.024786
0.025765
0.025233
0.026059
0.024728
0.025037
0.024994
0.025264
0.024705
0.025894
0.025853
0.025255
0.025301
0.025231
0.024516
0.024992
0.024878
0.024947
0.024874
0.025078
0.025138
0.024794
0.025166
0.025246
0.025100
0.025023
0.024629
0.024762
0.025082
0.024792
0.024600
0.025033
0.024905
0.024769
0.024986
0.024816
0.024744
0.024860
0.025103
0.024755
0.024508
0.024417
0.025069
0.024635
0.024469
0.024174
0.063101
0.025379
0.024689
0.024236
0.024271
0.024216
0.024125
0.024454
0.024275
0.023991
0.024292
0.024399
0.024180
0.024206
0.024194
0.024301
0.024386
0.023797
0.024491
0.026233
0.023578
0.023362
0.023864
0.023755
0.023738
0.023921
0.023528
0.023769
0.023849
0.023637
0.023674
0.023713
0.023644
0.023904
0.026869
0.028005
0.023438
0.023864
0.023680
0.023943
0.024059
0.023863
0.023735
0.023679
0.023406
0.023998
0.023419
0.024177
0.023565
0.023791
0.023923
0.023959
0.023675
0.023622
0.023597
0.023788
0.023651
0.023736
0.023791
0.023640
0.026802
0.024058
0.024604
0.023718
0.023920
0.024493
0.024539
0.023585
0.023829
0.024066
0.023988
0.024017
0.023664
0.023441
0.023625
0.023832
0.024098
0.023834
0.024179
0.023933
0.023893
0.024108
0.024546
0.024286
0.023643
0.024421
0.024179
0.024163
0.023929
0.023804
0.023439
0.024142
0.024437
0.023995
0.029726
0.022974
0.023921
0.023825
0.024154
0.024627
0.024560
0.024123
0.024388
0.024491
0.024235
0.024917
0.024203
0.024413
0.024143
0.024716
0.024566
0.024409
0.024370
0.024751
0.024377
0.024434
0.024547
0.024352
0.025955
0.024643
0.024712
0.023913
0.024295
0.023855
0.024431
0.024052
0.024204
0.026047
0.023954
0.024308
0.023885
0.024030
0.024593
0.026997
0.024160
0.023186
0.023799
0.023621
0.024377
0.023552
0.024382
0.023838
0.024134
0.023560
0.024214
0.023391
0.024307
0.023306
0.024519
0.024077
0.023451
0.024259
0.026238
0.028963
0.023175
0.023629
0.031858
0.024012
0.023323
0.022567
0.023317
0.028033
0.023676
0.023721
0.023380
0.023773
0.023330
0.023419
0.024223
0.024048
0.024141
0.023702
0.024159
0.024608
0.023976
0.023787
0.023771
0.023767
0.023534
0.024503
0.023903
0.023501
0.023652
0.023277
0.023699
0.023675
0.023580
0.023668
0.023418
0.024736
0.023908
0.023790
0.029030
0.026828
0.024078
0.024308
0.024322
0.024697
0.024918
0.024289
0.025041
0.024136
0.024365
0.023927
0.024889
0.023952
0.024106
0.064440
0.026704
0.024378
0.023864
0.024258
0.027493
0.024034
0.024296
0.024598
0.025063
0.024394
0.024493
0.023872
0.024702
0.024160
0.024324
0.028675
0.027965
0.024382
0.024206
0.024474
0.024811
0.024398
0.024767
0.024560
0.024063
0.027733
0.025132
0.025016
0.025256
0.025555
0.025710
0.025267
0.024604
0.025057
0.024574
0.024864
0.024630
0.024464
0.024978
0.024481
0.024754
0.024754
0.025007
0.025038
0.024753
0.024851
0.025703
0.025067
0.028687
0.030763
0.024933
0.024832
0.024911
0.025000
0.024990
0.025324
0.025466
0.025686
0.024890
0.025246
0.024816
0.025535
0.025098
0.025633
0.025372
0.025049
0.025616
0.025289
0.025258
0.027891
0.024202
0.024178
0.024001
0.027069
0.024056
0.024282
0.024102
0.024074
0.024709
0.026878
0.023948
0.030047
0.024717
0.024834
0.024208
0.024417
0.024506
0.024705
0.024416
0.024412
0.024584
0.023855
0.024745
0.024346
0.024627
0.024257
0.023922
0.024030
0.026796
0.024003
0.024186
0.024136
0.024149
0.023551
0.023941
0.023678
0.024142
0.023645
0.023289
0.023477
0.023156
0.024062
0.023832
0.024063
0.024431
0.023998
0.023600
0.023958
0.023877
0.024387
0.023978
0.023739
0.024543
0.023127
0.024458
0.024186
0.024418
0.023562
0.024345
0.023577
0.023601
0.027656
0.028161
0.023624
0.023625
0.024382
0.023849
0.023135
0.023944
0.023349
0.023987
0.022902
0.025908
0.024217
0.023791
0.023350
0.030356
0.026390
0.023651
0.030988
0.027410
0.024190
0.024835
0.023785
0.023528
0.023120
0.022839
0.023259
0.023209
0.023869
0.022918
0.028363
0.024496
0.024651
0.024259
0.024454
0.024539
0.024916
0.028539
0.024697
0.024641
0.023843
0.024360
0.024989
0.024660
0.027516
0.028107
0.028674
0.025168
0.024725
0.025250
0.029066
0.025638
0.024858
0.025598
0.024097
0.024161
0.025198
0.024012
0.024016
0.024280
0.024417
0.024341
0.024701
0.024019
0.024680
0.025639
0.024401
0.025391
0.024060
0.023607
0.024258
0.023868
0.023743
0.025083
0.024636
0.025230
0.024845
0.025328
0.024010
0.025304
0.024444
0.025168
0.024719
0.024761
0.024929
0.025736
0.025804
0.026225
0.024710
0.024852
0.025589
0.024963
0.024104
0.025724
0.024868
0.025642
0.024728
0.024547
0.025270
0.024665
0.025427
0.024993
0.025445
0.024795
0.024377
0.025399
0.024080
0.024719
0.023801
0.024869
0.024637
0.025234
0.024307
0.025487
0.024258
0.025244
0.024953
0.025602
0.025300
0.025400
0.025022
0.025288
0.025527
0.030965
0.029385
0.025236
0.024399
0.025464
0.025692
0.025269
0.025403
0.025356
0.029753
0.025551
0.024932
0.025357
0.024795
0.025504
0.024862
0.025038
0.024684
0.025776
0.025049
0.024047
0.024644
0.026068
0.024536
0.024085
0.025368
0.024460
0.025742
0.027472
0.025705
0.024941
0.025313
0.024758
0.025070
0.024649
0.025251
0.024947
0.028323
0.024873
0.024614
0.027984
0.029275
0.024254
0.024471
0.024273
0.024216
0.024272
0.024614
0.024294
0.024504
0.024374
0.024367
0.024682
0.024205
0.024706
0.024331
0.024537
0.024288
0.024658
0.024878
0.025217
0.024884
0.025394
0.025280
0.024354
0.024700
0.025125
0.024625
0.025835
0.024908
0.024128
0.024282
0.025242
0.024772
0.030713
0.029459
0.025850
0.026188
0.025960
0.026038
0.027023
0.025570
0.025444
0.024826
0.025725
0.024968
0.025103
0.025022
0.024429
0.028249
0.029714
0.026700
0.026320
0.025166
0.024019
0.022840
0.022714
0.024318
0.023821
0.024096
0.024108
0.024362
0.023122
0.023125
0.022827
0.023320
0.023033
0.024779
0.023969
0.023591
0.023859
0.023021
0.022787
0.022292
0.022393
0.022474
0.022987
0.022781
0.022327
0.022352
0.022613
0.022299
0.023005
0.023311
0.023602
0.025814
0.023537
0.023490
0.023420
0.023653
0.023787
0.023475
0.023937
0.023435
0.023215
0.023263
0.023120
0.023110
0.023159
0.023972
0.027322
0.023382
0.023760
0.023426
0.023511
0.023769
0.024549
0.023163
0.023207
0.023657
0.023413
0.022970
0.022950
0.023068
0.022867
0.022755
0.023636
0.023362
0.023642
0.023630
0.024466
0.023573
0.024215
0.023858
0.024006
0.023720
0.023654
0.023933
0.023606
0.023822
0.023877
0.023972
0.024219
0.024152
0.023637
0.023708
0.023610
0.023817
0.023268
0.023722
0.024224
0.023771
0.024344
0.024845
0.023476
0.023526
0.024117
0.023818
0.023324
0.023624
0.023881
0.023366
0.023973
0.024249
0.023560
0.023734
0.023766
0.023419
0.023301
0.023471
0.023822
0.026351
0.023641
0.023908
0.023750
0.024095
0.024784
0.023756
0.023475
0.023706
0.024197
0.024698
0.024145
0.023174
0.023424
0.023146
0.023659
0.022748
0.023449
0.023293
0.023078
0.023160
0.022862
0.022807
0.023075
0.023473
0.023123
0.023966
0.023377
0.023246
0.022954
0.023147
0.023082
0.024517
0.022624
0.022864
0.022921
0.022960
0.022726
0.022782
0.023170
0.022730
0.022995
0.023232
0.023039
0.023020
0.022943
0.022944
0.023425
0.023327
0.022623
0.023100
0.022995
0.023289
0.023228
0.022795
0.022938
0.023230
0.023557
0.022857
0.022968
0.022872
0.022965
0.023665
0.022876
0.022674
0.023643
0.029367
0.024414
0.026895
0.031265
0.030325
0.028873
0.022786
0.022845
0.023227
0.023862
0.023432
0.022881
0.023098
0.022834
0.022461
0.022846
0.023185
0.023175
0.022505
0.023410
0.022675
0.022949
0.022716
0.022404
0.023162
0.022761
0.022655
0.022971
0.022441
0.022807
0.023026
0.022965
0.023098
0.023004
0.032775
0.025761
0.027301
0.024032
0.024985
0.028420
0.026110
0.027592
0.026040
0.025223
0.023559
0.023618
0.024620
0.024608
0.024310
0.024281
0.023829
0.024136
0.023811
0.024113
0.024680
0.024326
0.024974
0.023883
0.024589
0.023684
0.024888
0.024409
0.024887
0.024253
0.024375
0.024413
0.023660
0.024730
0.024210
0.024431
0.024918
0.024879
0.025168
0.024059
0.024337
0.024553
0.024837
0.024422
0.025824
0.027856
0.024817
0.024416
0.025342
0.024467
0.024961
0.024115
0.024506
0.024617
0.024127
0.023940
0.024151
0.024848
0.024304
0.024735
0.024638
0.024323
0.023904
0.024048
0.023471
0.023590
0.024254
0.024142
0.024487
0.024277
0.024863
0.024443
0.026733
0.024552
0.024820
0.025061
0.024368
0.024800
0.024883
0.025063
0.024998
0.024618
0.024634
0.025061
0.025107
0.024559
0.025096
0.024951
0.025383
0.024966
0.024635
0.024493
0.025538
0.025412
0.024491
0.024480
0.027180
0.025300
0.024879
0.024606
0.024767
0.025016
0.024438
0.025406
0.024478
0.024768
0.024208
0.024898
0.024961
0.025015
0.024442
0.025313
0.024494
0.024700
0.024687
0.025212
0.024110
0.024515
0.024027
0.024590
0.024903
0.024809
0.025066
0.024984
0.025392
0.024128
0.024489
0.025015
0.025130
0.025511
0.025442
0.025207
0.025318
0.024953
0.025026
0.025300
0.025261
0.025246
0.024671
0.025249
0.024996
0.024890
0.025416
0.025210
0.025427
0.027346
0.025219
0.024919
0.025229
0.025101
0.024874
0.025349
0.024892
0.024657
0.024726
0.025051
0.024986
0.025124
0.025072
0.025128
0.024947
0.029305
0.024910
0.024838
0.024653
0.025155
0.024858
0.024938
0.024816
0.024958
0.024778
0.024789
0.024583
0.024769
0.025349
0.024761
0.025024
0.024643
0.024779
0.024790
0.025244
0.024574
0.024619
0.024472
0.024560
0.024514
0.024631
0.024766
0.025081
0.024507
0.024747
0.024436
0.024877
0.024790
0.024251
0.024902
0.024897
0.024847
0.024692
0.025027
0.025023
0.026691
0.029544
0.023722
0.024062
0.028900
0.024608
0.024105
0.027800
0.024549
0.024688
0.024005
0.023586
0.023943
0.023693
0.023676
0.024053
0.023717
0.023923
0.024258
0.024039
0.024106
0.023837
0.024020
0.024019
0.023700
0.024052
0.023520
0.024076
0.024093
0.024498
0.023877
0.024241
0.023749
0.024016
0.024740
0.024492
0.024084
0.024138
0.023987
0.024226
0.024605
0.024675
0.024054
0.024456
0.025491
0.024512
0.024819
0.024649
0.025176
0.024904
0.025342
0.026132
0.024949
0.024306
0.025126
0.025768
0.024755
0.024931
0.024102
0.026940
0.028262
0.024456
0.024723
0.024193
0.024251
0.024648
0.024354
0.024362
0.023624
0.024587
0.024336
0.024689
0.024136
0.024595
0.024558
0.024234
0.024607
0.024029
0.024391
0.024191
0.024507
0.024776
0.024948
0.024705
0.024809
0.024755
0.024582
0.024744
0.024436
0.024531
0.024477
0.025099
0.024756
0.025010
0.024505
0.024209
0.024735
0.024343
0.024678
0.024727
0.024167
0.025083
0.024931
0.024311
0.024723
0.025040
0.025358
0.025252
0.025102
0.024017
0.024729
0.024648
0.024483
0.024168
0.024794
0.024791
0.024069
0.024767
0.024262
0.025117
0.023780
0.024180
0.024140
0.023423
0.024571
0.023984
0.023987
0.023411
0.023509
0.023795
0.023630
0.024272
0.024181
0.024089
0.024598
0.026804
0.024266
0.023597
0.023985
0.024423
0.024922
0.023883
0.023578
0.023156
0.024256
0.023553
0.024795
0.029986
0.024298
0.023873
0.024064
0.024780
0.024231
0.024444
0.024397
0.024833
0.024971
0.024759
0.025110
0.025038
0.024693
0.024532
0.024778
0.024416
0.025309
0.024529
0.024975
0.025502
0.025090
0.029221
0.024205
0.024574
0.024621
0.024765
0.023765
0.024838
0.024002
0.024574
0.024741
0.024929
0.024970
0.025183
0.024380
0.024637
0.025437
0.025334
0.025024
0.025156
0.024988
0.024527
0.026439
0.025119
0.024740
0.024991
0.024905
0.025148
0.025316
0.025678
0.023625
0.024850
0.025667
0.024184
0.025386
0.028942
0.025961
0.026665
0.026558
0.025913
0.024542
0.026016
0.024677
0.024795
0.023615
0.023753
0.024533
0.024693
0.024761
0.024039
0.054902
0.024815
0.024327
0.024239
0.023810
0.023622
0.024048
0.023862
0.023622
0.023428
0.023143
0.023735
0.024269
0.024290
0.023317
0.023971
0.023547
0.023322
0.023573
0.023796
0.024001
0.024015
0.023936
0.023953
0.024045
0.023960
0.024119
0.023988
0.024012
0.024361
0.024252
0.024470
0.029112
0.024289
0.024237
0.024345
0.024073
0.024094
0.024753
0.024226
0.024710
0.024285
0.024379
0.024704
0.024688
0.024774
0.024983
0.023832
0.024119
0.024091
0.024867
0.024158
0.024704
0.024118
0.024229
0.024327
0.025036
0.024815
0.024185
0.024026
0.024265
0.024936
0.024905
0.024277
0.024119
0.024238
0.024186
0.023863
0.023615
0.024109
0.024057
0.024324
0.024243
0.024334
0.023915
0.024205
0.024071
0.023997
0.024213
0.023819
0.024164
0.024200
0.024184
0.024284
0.024386
0.024191
0.023869
0.024035
0.024209
0.024197
0.024169
0.024110
0.024026
0.024282
0.024308
0.024224
0.023765
0.024287
0.023927
0.023816
0.023948
0.028972
0.028917
0.024733
0.025584
0.025610
0.026170
0.024932
0.027644
0.025004
0.025284
0.025023
0.024427
0.024295
0.024740
0.024690
0.024687
0.023782
0.025329
0.024387
0.024861
0.024327
0.024811
0.024421
0.024461
0.024624
0.024966
0.024972
0.024864
0.024613
0.024832
0.024951
0.024242
0.029062
0.029489
0.024992
0.024828
0.024814
0.025258
0.024999
0.024972
0.025595
0.025289
0.025143
0.025146
0.028931
0.025022
0.024117
0.024961
0.024964
0.025039
0.024526
0.027877
0.025019
0.024929
0.024539
0.024267
0.024702
0.024613
0.025003
0.024953
0.024344
0.024506
0.024203
0.028304
0.024656
0.029026
0.025010
0.024524
0.024665
0.025126
0.024645
0.024876
0.026359
0.024836
0.025047
0.024994
0.025054
0.025024
0.024935
0.025063
0.024985
0.025127
0.024886
0.025143
0.025312
0.026357
0.023760
0.029376
0.024307
0.025485
0.023577
0.023107
0.023765
0.023405
0.023470
0.022990
0.023641
0.024797
0.022476
0.023055
0.023813
0.024458
0.023625
0.023375
0.026788
0.023403
0.022928
0.023350
0.023040
0.023366
0.023174
0.024090
0.023651
0.022767
0.023291
0.023520
0.023147
0.023661
0.023592
0.023560
0.023790
0.024179
0.023883
0.023853
0.024007
0.023705
0.024117
0.024236
0.023548
0.023346
0.023943
0.023671
0.023512
0.024364
0.024163
0.023710
0.023873
0.023655
0.024437
0.023512
0.024215
0.023276
0.023925
0.023834
0.024672
0.025211
0.024870
0.024757
0.024062
0.023389
0.023430
0.023856
0.023922
0.024202
0.023667
0.023365
0.023956
0.024108
0.024299
0.024135
0.023829
0.023625
0.023727
0.024230
0.023855
0.023656
0.023780
0.023461
0.023780
0.023536
0.024094
0.023719
0.024279
0.023313
0.023585
0.023302
0.026386
0.023425
0.023791
0.023633
0.023540
0.023247
0.022947
0.023216
0.023733
0.023775
0.023356
0.023647
0.023523
0.023549
0.032050
0.031811
0.028603
0.024330
0.023667
0.023799
0.024326
0.024088
0.023467
0.023691
0.024243
0.024206
0.028335
0.024197
0.024182
0.024332
0.024095
0.024287
0.037641
0.027093
0.027159
0.026718
0.026245
0.026352
0.026981
0.025978
0.027118
0.026159
0.026921
0.026638
0.026365
0.026865
0.026697
0.026238
0.025714
0.026461
0.027393
0.026862
0.029070
0.027177
0.026442
0.027023
0.026702
0.026246
0.026831
0.027235
0.026371
0.026538
0.027146
0.027613
0.027413
0.026808
0.029797
0.027151
0.027436
0.026784
0.027624
0.027326
0.027869
0.027625
0.029181
0.027492
0.027715
0.027714
0.027861
0.032685
0.024123
0.024304
0.024413
0.024358
0.024534
0.024340
0.024249
0.024847
0.024090
0.024760
0.024173
0.024262
0.024167
0.024577
0.024334
0.024606
0.024740
0.024467
0.024673
0.024589
0.024285
0.024798
0.024563
0.024302
0.024325
0.024634
0.024754
0.024666
0.024208
0.032704
0.032645
0.030834
0.024333
0.023897
0.024838
0.024224
0.023513
0.024554
0.024379
0.024589
0.024490
0.024662
0.024463
0.024271
0.024601
0.024450
0.024433
0.024273
0.024458
0.024283
0.024649
0.024482
0.024429
0.024440
0.024549
0.024823
0.024463
0.024081
0.024735
0.024365
0.024487
0.024568
0.024465
0.024456
0.024480
0.024112
0.024765
0.024548
0.024557
0.024428
0.024660
0.024482
0.025493
0.023940
0.024047
0.023931
0.023716
0.023812
0.023887
0.023534
0.023572
0.024264
0.023603
0.024171
0.023701
0.024065
0.023708
0.024780
0.024163
0.023811
0.023969
0.023580
0.023927
0.023779
0.024239
0.024187
0.023789
0.024023
0.023991
0.024649
0.024339
0.023172
0.023969
0.023978
0.023685
0.024236
0.024391
0.023727
0.023785
0.023904
0.024046
0.024313
0.024349
0.024231
0.023755
0.024255
0.024125
0.024206
0.024329
0.024386
0.023834
0.024394
0.024628
0.024513
0.024695
0.024305
0.024625
0.023703
0.024157
0.023823
0.024041
0.024242
0.024333
0.024049
0.024228
0.024377
0.028697
0.024602
0.025368
0.024504
0.024979
0.024732
0.024527
0.024438
0.024435
0.024258
0.024377
0.024015
0.024160
0.024059
0.024507
0.024447
0.024905
0.024761
0.024921
0.024768
0.024460
0.023952
0.024044
0.023909
0.023964
0.024028
0.024349
0.024125
0.024133
0.024094
0.026836
0.024016
0.024305
0.024058
0.023973
0.023968
0.024504
0.024486
0.023936
0.024225
0.023815
0.024179
0.027256
0.024893
0.024322
0.024431
0.024401
0.024516
0.024165
0.024735
0.024531
0.024211
0.024281
0.024618
0.024195
0.024309
0.024151
0.024197
0.024771
0.024249
0.024232
0.024315
0.023943
0.024518
0.024545
0.024477
0.024367
0.024667
0.025821
0.025666
0.026545
0.026461
0.027139
0.027944
0.025746
0.025397
0.027720
0.025685
0.025325
0.025637
0.026632
0.025630
0.024989
0.023955
0.024892
0.024069
0.024595
0.027473
0.024471
0.024310
0.024439
0.024030
0.025358
0.024711
0.025538
0.024846
0.026575
0.029017
0.024340
