0.014890
0.009395
0.008744
0.008406
0.006867
0.006799
0.006692
0.007103
0.006502
0.006538
0.006589
0.006514
0.006491
0.006490
0.006299
0.006423
0.006461
0.006355
0.006379
0.006455
0.006484
0.008227
0.008880
0.006506
0.006472
0.006577
0.008926
0.006538
0.006487
0.007915
0.006596
0.006541
0.006488
0.006552
0.006412
0.006561
0.009072
0.006433
0.006389
0.006438
0.006553
0.006462
0.007468
0.006520
0.006467
0.006469
0.006474
0.008407
0.006512
0.007556
0.006477
0.006354
0.008873
0.006622
0.006502
0.007318
0.006581
0.006426
0.006491
0.006483
0.006479
0.006417
0.006317
0.006474
0.006624
0.006339
0.006485
0.006499
0.006395
0.006439
0.008868
0.006458
0.006462
0.006505
0.006383
0.006442
0.008852
0.007700
0.006406
0.006531
0.007313
0.008469
0.006522
0.006434
0.006459
0.006476
0.006483
0.006481
0.006484
0.006507
0.009012
0.006480
0.006416
0.008882
0.006486
0.006494
0.006400
0.006452
0.006317
0.006448
0.007392
0.006348
0.006295
0.006350
0.006418
0.006456
0.006400
0.006452
0.006359
0.007572
0.006430
0.007698
0.006417
0.006489
0.006412
0.006449
0.006363
0.006502
0.006438
0.006371
0.007280
0.006467
0.006411
0.006395
0.006506
0.006461
0.006476
0.006504
0.007492
0.006592
0.006524
0.006483
0.006516
0.006467
0.006525
0.006490
0.006479
0.006332
0.006432
0.006293
0.006421
0.006386
0.006517
0.006333
0.009025
0.006537
0.006502
0.012946
0.008289
0.006374
0.006257
0.006243
0.006364
0.006284
0.006288
0.007506
0.006151
0.006465
0.006218
0.006189
0.006245
0.006226
0.007503
0.006192
0.006201
0.006220
0.006234
0.006212
0.006233
0.006199
0.006207
0.006344
0.006240
0.007343
0.006399
0.006246
0.006223
0.007513
0.006209
0.006231
0.006266
0.006321
0.007676
0.008194
0.006209
0.006229
0.006222
0.006208
0.006216
0.006222
0.008595
0.007604
0.006484
0.007550
0.006293
0.006200
0.007406
0.006321
0.006188
0.006202
0.006258
0.006214
0.006223
0.006210
0.006208
0.006214
0.006227
0.006285
0.007509
0.007188
0.006260
0.006061
0.006175
0.006235
0.006179
0.006186
0.006277
0.008476
0.006369
0.006270
0.006290
0.007594
0.006342
0.006181
0.006200
0.006240
0.006485
0.006248
0.006199
0.006181
0.006117
0.006214
0.006200
0.006246
0.006073
0.006244
0.008133
0.006149
0.006261
0.006208
0.006266
0.007178
0.006224
0.006206
0.006243
0.007589
0.006273
0.006279
0.006273
0.007682
0.006231
0.006250
0.006231
0.006245
0.006558
0.009276
0.006282
0.006280
0.006262
0.006285
0.007593
0.007844
0.006237
0.007853
0.007529
0.006239
0.007660
0.006360
0.006215
0.006191
0.006189
0.006245
0.008394
0.006229
0.006190
0.006285
0.006277
0.006259
0.006261
0.006287
0.006265
0.008250
0.006261
0.006259
0.006377
0.006125
0.006312
0.006171
0.006174
0.006225
0.006853
0.006251
0.006162
0.008117
0.006183
0.006185
0.006174
0.006233
0.007576
0.007730
0.007657
0.006399
0.006193
0.006197
0.006217
0.006192
0.006221
0.006227
0.006196
0.006322
0.006271
0.007608
0.006210
0.006176
0.006204
0.006188
0.006236
0.006198
0.008237
0.007706
0.006289
0.006248
0.006328
0.006255
0.009012
0.007680
0.006641
0.006184
0.006208
0.006240
0.006286
0.006213
0.007256
0.006241
0.007451
0.006266
0.006233
0.006209
0.006273
0.006208
0.006265
0.006279
0.006209
0.006182
0.006240
0.007659
0.006245
0.006245
0.006266
0.006199
0.007277
0.006322
0.006189
0.006217
0.006538
0.007519
0.006321
0.006296
0.007469
0.006252
0.006209
0.007358
0.006228
0.008932
0.007251
0.006191
0.006218
0.007866
0.009410
0.006915
0.006753
0.007612
0.006542
0.006513
0.006520
0.009221
0.006390
0.006607
0.006670
0.008760
0.007893
0.006685
0.006412
0.006386
0.008522
0.006364
0.006359
0.006373
0.006440
0.006352
0.006411
0.006564
0.006420
0.006395
0.006296
0.006424
0.006287
0.006307
0.006289
0.006355
0.008628
0.006491
0.006403
0.007658
0.006392
0.006278
0.006291
0.006422
0.007687
0.006284
0.006339
0.006325
0.007611
0.006481
0.006340
0.006369
0.006340
0.006351
0.006365
0.009439
0.006374
0.007533
0.006437
0.006626
0.006570
0.006504
0.006340
0.006368
0.006315
0.009413
0.006283
0.006271
0.006379
0.006790
0.006296
0.006298
0.006289
0.006364
0.006297
0.007422
0.007280
0.006377
0.006413
0.006279
0.006300
0.007456
0.006362
0.006334
0.007435
0.013239
0.008285
0.009625
0.009685
0.009637
0.009647
0.009775
0.009778
0.009787
0.009805
0.009812
0.009819
0.009847
0.009962
0.009875
0.009924
0.009979
0.009920
0.009889
0.009923
0.009912
0.009518
0.009907
0.009832
0.009848
0.009942
0.009957
0.009938
0.009967
0.009991
0.009941
0.008954
0.009810
0.009840
0.009848
0.009902
0.009908
0.009982
0.008856
0.009758
0.009757
0.009816
0.009858
0.009838
0.009863
0.008751
0.008561
0.009370
0.009483
0.007814
0.009346
0.009387
0.009504
0.009412
0.009453
0.009588
0.008958
0.009480
0.009513
0.009608
0.009440
0.009788
0.009730
0.010026
0.008672
0.009498
0.009560
0.009670
0.008640
0.009505
0.009552
0.009635
0.009628
0.009600
0.009666
0.009613
0.009665
0.009670
0.009680
0.008660
0.009510
0.009652
0.009870
0.009574
0.008795
0.009204
0.009599
0.009640
0.009646
0.009058
0.009660
0.009170
0.009541
0.009595
0.009608
0.009678
0.009786
0.009546
0.009713
0.009694
0.008715
0.009648
0.009653
0.009708
0.009658
0.008596
0.009516
0.008852
0.009510
0.009559
0.009592
0.009573
0.009593
0.009648
0.009679
0.008602
0.009470
0.008991
0.009554
0.009582
0.008552
0.009553
0.009626
0.009614
0.009620
0.009658
0.009666
0.009709
0.009677
0.009682
0.009716
0.009710
0.009705
0.009659
0.009767
0.009729
0.009732
0.009740
0.009775
0.009775
0.009782
0.008649
0.009489
0.009581
0.009603
0.009633
0.009675
0.009742
0.009749
0.009675
0.009693
0.009727
0.009772
0.009755
0.008663
0.009520
0.008647
0.008525
0.009414
0.009530
0.009574
0.008844
0.009564
0.009199
0.009539
0.009593
0.009643
0.009658
0.009690
0.009712
0.007818
0.009595
0.009645
0.008633
0.008873
0.008769
0.009580
0.009648
0.008566
0.008483
0.009450
0.009521
0.009537
0.008560
0.009502
0.009572
0.009560
0.009612
0.009645
0.009637
0.009684
0.009652
0.009654
0.009622
0.008625
0.009462
0.009547
0.009568
0.009583
0.009616
0.008521
0.009450
0.009599
0.008581
0.009480
0.008501
0.009423
0.009560
0.009574
0.009587
0.009633
0.009570
0.009689
0.009686
0.009693
0.009702
0.009731
0.009900
0.009691
0.009714
0.009754
0.009749
0.008671
0.009556
0.009385
0.009625
0.009096
0.009553
0.009708
0.009541
0.012782
0.009903
0.009368
0.009457
0.008435
0.008868
0.008773
0.009074
0.009062
0.008032
0.008996
0.009039
0.009042
0.009041
0.009198
0.006449
0.008998
0.009068
0.009076
0.009094
0.009121
0.008816
0.006393
0.008016
0.008904
0.009015
0.009053
0.006356
0.008940
0.007873
0.008459
0.007989
0.008806
0.008777
0.006231
0.008854
0.006232
0.008847
0.008964
0.006180
0.008851
0.008706
0.009041
0.009036
0.009090
0.006152
0.006225
0.008905
0.008870
0.009111
0.009109
0.009108
0.009019
0.009182
0.009167
0.009087
0.006255
0.008965
0.009036
0.009052
0.008124
0.008882
0.008010
0.008872
0.008561
0.006303
0.008907
0.008888
0.008070
0.008874
0.008979
0.006176
0.006182
0.008968
0.008862
0.008258
0.008505
0.008647
0.006225
0.008912
0.008991
0.009078
0.009006
0.008200
0.008938
0.009024
0.009040
0.009036
0.009081
0.009144
0.008097
0.006300
0.008871
0.006282
0.006287
0.006242
0.006192
0.006200
0.006279
0.007932
0.008700
0.007959
0.006256
0.006247
0.006170
0.007580
0.006203
0.008869
0.006242
0.008989
0.006296
0.008883
0.009029
0.009059
0.006433
0.008916
0.008860
0.008138
0.008829
0.006276
0.006187
0.008797
0.008892
0.008867
0.009028
0.008017
0.006293
0.007741
0.007940
0.008848
0.007976
0.007903
0.006724
0.008518
0.006269
0.008867
0.007958
0.007698
0.006429
0.007869
0.008771
0.008869
0.008905
0.007422
0.007706
0.006259
0.008868
0.007377
0.008252
0.006258
0.006212
0.008806
0.008551
0.008704
0.007577
0.007588
0.006282
0.008882
0.006194
0.008720
0.008942
0.006231
0.010998
0.009344
0.008815
0.009042
0.009015
0.007993
0.006232
0.006228
0.007547
0.006199
0.008704
0.006251
0.008855
0.007366
0.006318
0.006270
0.008495
0.008743
0.008839
0.008895
0.009066
0.008908
0.007975
0.007658
0.007329
0.007755
0.007980
0.008621
0.008629
0.007900
0.008752
0.008785
0.007910
0.006234
0.008709
0.008758
0.008810
0.006404
0.006334
0.008706
0.008817
0.008862
0.008506
0.006181
0.008851
0.008861
0.008840
0.006190
0.008733
0.006232
0.008890
0.008724
0.008860
0.007941
0.008128
0.006157
0.008709
0.008398
0.008846
0.008881
0.008919
0.006216
0.008789
0.008908
0.008916
0.008778
0.006326
0.008701
0.008638
0.006240
0.008545
0.008751
0.006273
0.006180
0.006169
0.008799
0.006369
0.006175
0.008643
0.006090
0.006210
0.008669
0.008767
0.008810
0.008886
0.006251
0.008724
0.008836
0.008903
0.008929
0.008879
0.009011
0.006232
0.008733
0.008852
0.008873
0.008905
0.008927
0.008947
0.006486
0.008754
0.008851
0.008998
0.008831
0.008686
0.008826
0.007998
0.008745
0.007889
0.006264
0.008667
0.006262
0.006216
0.006276
0.008656
0.006218
0.006249
0.010353
0.010818
0.010620
0.008826
0.009328
0.008493
0.009232
0.009226
0.009223
0.009430
0.009422
0.009361
0.009484
0.009530
0.008192
0.006521
0.008985
0.009116
0.006422
0.008940
0.009174
0.006525
0.008837
0.008982
0.009223
0.009151
0.009138
0.009207
0.009159
0.009128
0.009152
0.009176
0.009194
0.009187
0.006361
0.008909
0.009065
0.009080
0.009153
0.008065
0.006463
0.006256
0.008294
0.008637
0.008925
0.006291
0.006286
0.008427
0.006346
0.007732
0.008849
0.008552
0.008952
0.009073
0.006390
0.008866
0.009079
0.008589
0.006419
0.008927
0.009000
0.009070
0.009007
0.009025
0.009058
0.009077
0.006337
0.009020
0.008810
0.007872
0.008819
0.008429
0.008625
0.008914
0.006208
0.008812
0.008628
0.008777
0.008932
0.008937
0.006488
0.006212
0.006298
0.008716
0.008808
0.008964
0.008881
0.008761
0.008958
0.008962
0.008948
0.008934
0.008981
0.006259
0.008797
0.006219
0.008729
0.006300
0.006183
0.008544
0.008779
0.008790
0.008531
0.008828
0.007735
0.008835
0.008858
0.009740
0.008869
0.006312
0.006238
0.006142
0.006247
0.006278
0.008222
0.006273
0.008140
0.006303
0.006285
0.008563
0.008508
0.008722
0.006232
0.008469
0.008735
0.006193
0.006236
0.008443
0.006285
0.006283
0.006191
0.006252
0.007632
0.008344
0.008134
0.006344
0.006224
0.008794
0.006386
0.006379
0.006379
0.007646
0.006423
0.006914
0.008111
0.008033
0.006356
0.008608
0.006307
0.007861
0.008539
0.008405
0.006217
0.006186
0.006215
0.006515
0.006442
0.006414
0.008393
0.006318
0.008578
0.006344
0.008251
0.006303
0.006324
0.006309
0.007507
0.006463
0.006350
0.007785
0.006389
0.008499
0.008878
0.006317
0.008040
0.008729
0.006386
0.008316
0.008726
0.006415
0.006301
0.006355
0.006466
0.006402
0.006443
0.006202
0.006273
0.007861
0.007708
0.006325
0.006259
0.008550
0.006476
0.006273
0.006256
0.006259
0.006178
0.006213
0.006218
0.006183
0.006243
0.006300
0.007489
0.006233
0.007535
0.007989
0.008516
0.008602
0.008848
0.006393
0.006195
0.006262
0.008644
0.006264
0.006265
0.006272
0.007140
0.006302
0.006226
0.006196
0.006235
0.006166
0.006209
0.008573
0.006392
0.006175
0.006202
0.008652
0.007805
0.006210
0.006215
0.008735
0.008613
0.008494
0.008830
0.006272
0.008635
0.006269
0.006171
0.006192
0.006275
0.008567
0.006224
0.008812
0.006366
0.006289
0.006304
0.006172
0.007646
0.006267
0.006206
0.008893
0.008688
0.006267
0.008165
0.006226
0.006263
0.008404
0.008434
0.008756
0.008613
0.008625
0.006364
0.006160
0.006358
0.006329
0.006198
0.008629
0.006202
0.006349
0.008270
0.006432
0.007858
0.006354
0.006367
0.008595
0.006693
0.006243
0.006347
0.008410
0.006382
0.006283
0.006191
0.006266
0.008742
0.007680
0.008742
0.006352
0.006222
0.008589
0.006306
0.006294
0.008241
0.006680
0.006228
0.006250
0.006355
0.008626
0.006352
0.006362
0.008381
0.006293
0.008559
0.007062
0.008326
0.006330
0.006299
0.006146
0.006249
0.007972
0.006245
0.006329
0.006259
0.006344
0.008354
0.006275
0.007415
0.006314
0.006238
0.006352
0.006216
0.006279
0.006254
0.007102
0.008272
0.006306
0.007128
0.007273
0.006231
0.006209
0.006273
0.007993
0.006370
0.008473
0.006314
0.008382
0.006356
0.008023
0.007761
0.007646
0.007897
0.006277
0.007266
0.006356
0.008298
0.007822
0.006273
0.008368
0.006301
0.006290
0.007568
0.006258
0.006244
0.006307
0.008168
0.008685
0.008479
0.006239
0.006281
0.006239
0.007959
0.008800
0.006326
0.006373
0.006313
0.007652
0.008819
0.006302
0.006415
0.008573
0.007310
0.008770
0.007972
0.006263
0.006258
0.006188
0.006255
0.006255
0.006248
0.008643
0.006320
0.006226
0.007438
0.006338
0.006206
0.008613
0.006336
0.008642
0.006197
0.007695
0.006379
0.006186
0.006358
0.009113
0.006433
0.006257
0.007618
0.006308
0.006273
0.007744
0.006358
0.006274
0.006310
0.007987
0.008941
0.006388
0.008343
0.007540
0.008025
0.008354
0.006362
0.006337
0.006227
0.008178
0.007733
0.007371
0.006333
0.006396
0.008671
0.006403
0.006166
0.006963
0.006232
0.006334
0.008654
0.006368
0.008802
0.007862
0.007822
0.006302
0.006216
0.006338
0.006296
0.006340
0.006329
0.006284
0.006339
0.006343
0.006298
0.008541
0.006338
0.006270
0.006364
0.008633
0.008591
0.008355
0.006292
0.007708
0.006274
0.007575
0.008807
0.006316
0.007467
0.006272
0.006166
0.006372
0.008686
0.006249
0.007643
0.007766
0.006235
0.006273
0.007709
0.006313
0.007734
0.006419
0.007667
0.006387
0.008068
0.008786
0.006452
0.008797
0.008308
0.008659
0.006350
0.008529
0.006271
0.008376
0.006243
0.006287
0.007607
0.008653
0.006292
0.008811
0.006255
0.006314
0.006410
0.006351
0.007314
0.007668
0.006292
0.007675
0.006270
0.006250
0.006368
0.006247
0.006268
0.006303
0.008908
0.006358
0.006261
0.008585
0.008545
0.008689
0.006185
0.006222
0.006222
0.006186
0.008308
0.006264
0.006329
0.006314
0.006259
0.007592
0.006288
0.006338
0.008032
0.006300
0.008688
0.006540
0.008510
0.006385
0.008255
0.006361
0.007759
0.008424
0.009050
0.008290
0.006325
0.008655
0.006290
0.007658
0.007792
0.007325
0.006270
0.006313
0.006380
0.006337
0.006286
0.007954
0.008384
0.008642
0.006359
0.006362
0.008676
0.006272
0.006229
0.008666
0.006328
0.008711
0.006316
0.008823
0.006295
0.008870
0.006342
0.008724
0.006345
0.006389
0.006314
0.007729
0.006289
0.006228
0.006184
0.006256
0.006180
0.008339
0.006443
0.006267
0.006426
0.006356
0.006430
0.006412
0.006298
0.008583
0.006320
0.006396
0.007564
0.006421
0.006338
0.006269
0.006327
0.006385
0.006358
0.007650
0.006322
0.006282
0.006355
0.006395
0.008462
0.008720
0.008683
0.008857
0.008860
0.013509
0.008122
0.008036
0.008873
0.008982
0.008990
0.008986
0.009045
0.007991
0.008868
0.007988
0.008846
0.008896
0.008912
0.009062
0.009021
0.008970
0.009016
0.009005
0.009032
0.009012
0.009055
0.009062
0.009072
0.009097
0.009113
0.009111
0.009092
0.009086
0.009028
0.009115
0.009212
0.009154
0.009128
0.009088
0.009149
0.009121
0.009335
0.009166
0.009153
0.009159
0.009187
0.009155
0.009172
0.009139
0.009236
0.009166
0.009271
0.009262
0.006253
0.008878
0.008275
0.009004
0.009062
0.009026
0.009037
0.009009
0.009207
0.009021
0.009129
0.009126
0.008042
0.008871
0.008922
0.009005
0.008973
0.009017
0.006323
0.008889
0.008983
0.009099
0.009093
0.009169
0.010433
0.010134
0.010024
0.009877
0.009843
0.009749
0.009814
0.009682
0.009901
0.009729
0.009832
0.009636
0.009489
0.009449
0.009409
0.009371
0.009439
0.008320
0.009184
0.009284
0.009053
0.009042
0.009042
0.009213
0.009068
0.009038
0.006282
0.008809
0.008838
0.008991
0.009054
0.008898
0.008971
0.009048
0.009004
0.008998
0.009004
0.007999
0.008729
0.009020
0.008939
0.008896
0.008957
0.006207
0.008771
0.008807
0.008852
0.008877
0.008551
0.008836
0.008852
0.008893
0.008913
0.007968
0.008756
0.008783
0.008839
0.008768
0.008879
0.008924
0.008975
0.009010
0.009007
0.008996
0.008997
0.008978
0.008985
0.008979
0.009060
0.009009
0.008992
0.009019
0.009046
0.008992
0.009015
0.009021
0.009070
0.009012
0.008075
0.008888
0.006252
0.008753
0.008780
0.008914
0.008919
0.008933
0.008889
0.008940
0.009006
0.009054
0.009050
0.009006
0.009012
0.009007
0.008932
0.009001
0.009018
0.009043
0.008292
0.008940
0.008964
0.008955
0.008975
0.008921
0.006233
0.008897
0.008819
0.008852
0.008874
0.008904
0.008902
0.008896
0.008951
0.008952
0.008945
0.007955
0.008782
0.008889
0.008861
0.008906
0.007939
0.008755
0.007849
0.008729
0.008778
0.007902
0.008723
0.008787
0.008795
0.008821
0.009014
0.008934
0.008901
0.008275
0.007907
0.008710
0.008767
0.008827
0.008888
0.008875
0.008891
0.008912
0.006232
0.007806
0.008298
0.008864
0.008225
0.008830
0.008811
0.008858
0.008852
0.009048
0.008991
0.008960
0.009027
0.008988
0.009096
0.009032
0.007990
0.008775
0.008791
0.008851
0.008789
0.008914
0.008910
0.008859
0.008934
0.008947
0.008954
0.008938
0.007940
0.007881
0.008741
0.008852
0.006231
0.007833
0.008705
0.007824
0.008693
0.008758
0.008827
0.008818
0.008838
0.007897
0.008729
0.008786
0.008815
0.008841
0.008889
0.008918
0.008898
0.008926
0.008005
0.008771
0.008798
0.008820
0.008851
0.008950
0.008900
0.008936
0.008947
0.009024
0.008880
0.007989
0.008769
0.008763
0.006212
0.008059
0.008817
0.009016
0.009025
0.009016
0.008982
0.009012
0.008908
0.008967
0.008989
0.009008
0.008998
0.008978
0.008995
0.008996
0.008040
0.008772
0.008895
0.008889
0.014316
0.009336
0.009152
0.009308
0.009337
0.009240
0.009278
0.009308
0.009299
0.009296
0.009290
0.009312
0.009312
0.009513
0.009467
0.009385
0.009422
0.009420
0.009378
0.009373
0.009376
0.009360
0.009506
0.009340
0.009296
0.008601
0.009212
0.009297
0.009251
0.009322
0.009326
0.009278
0.009292
0.009232
0.009283
0.009310
0.009325
0.009304
0.009289
0.009334
0.009303
0.009307
0.009302
0.009303
0.009300
0.009272
0.009280
0.009299
0.009280
0.008243
0.008987
0.009057
0.009101
0.009127
0.009133
0.008151
0.009081
0.009059
0.009066
0.009100
0.009112
0.009094
0.009127
0.009132
0.009147
0.009150
0.009153
0.009146
0.009186
0.009132
0.009178
0.009188
0.009221
0.006226
0.008913
0.008953
0.008044
0.008861
0.008935
0.008990
0.009208
0.009039
0.009065
0.009119
0.009175
0.009161
0.009160
0.009128
0.009296
0.009109
0.009186
0.009160
0.009173
0.009103
0.009252
0.009232
0.009363
0.009317
0.009271
0.008188
0.008986
0.009000
0.009080
0.009062
0.009104
0.009133
0.009109
0.009116
0.009147
0.009175
0.009214
0.009220
0.009207
0.009191
0.009324
0.009196
0.009195
0.009166
0.009219
0.009210
0.009209
0.009235
0.009208
0.009305
0.009276
0.009288
0.009274
0.009365
0.009292
0.009259
0.009281
0.009294
0.009369
0.009341
0.009272
0.009293
0.009307
0.009335
0.009322
0.009275
0.009318
0.009305
0.009294
0.009292
0.009282
0.006278
0.008982
0.009085
0.009089
0.009167
