0.064227
0.052204
0.050874
0.051178
0.051228
0.051836
0.050488
0.053144
0.054599
0.052465
0.052820
0.053544
0.051568
0.055506
0.055650
0.053947
0.053969
0.053959
0.064651
0.083362
0.063682
0.067269
0.070492
0.064998
0.075527
0.072534
0.071776
0.059875
0.064502
0.060918
0.063837
0.063331
0.059513
0.056602
0.062412
0.056535
0.063526
0.065623
0.058639
0.061355
0.061660
0.060440
0.058681
0.056872
0.060088
0.060876
0.057477
0.057839
0.062683
0.062297
0.058404
0.065989
0.061124
0.059244
0.057191
0.065881
0.065003
0.062748
0.060873
0.057770
0.063858
0.061712
0.063009
0.056589
0.064742
0.066342
0.062436
0.061095
0.065275
0.065302
0.060438
0.060586
0.062620
0.061335
0.065860
0.059586
0.074637
0.059480
0.058546
0.060128
0.064234
0.066668
0.061633
0.059397
0.061582
0.061187
0.057589
0.058828
0.060117
0.062285
0.061799
0.059633
0.067493
0.059196
0.054209
0.062707
0.060769
0.055448
0.059479
0.061708
0.061544
0.054478
0.054011
0.053696
0.056646
0.063380
0.062768
0.062680
0.063015
0.060261
0.058809
0.061691
0.062184
0.057013
0.057174
0.060585
0.060400
0.058453
0.057605
0.058649
0.056507
0.059440
0.055742
0.063959
0.057653
0.053449
0.053801
0.074518
0.075348
0.073429
0.071187
0.072483
0.075933
0.074063
0.073800
0.063925
0.069160
0.066319
0.067982
0.069641
0.068835
0.068919
0.069851
0.069068
0.064983
0.069293
0.067280
0.067688
0.068007
0.068896
0.076838
0.056714
0.049890
0.048696
0.049332
0.055343
0.050667
0.049920
0.050507
0.047690
0.048374
0.050527
0.050293
0.051639
0.048536
0.048816
0.049638
0.049193
0.049451
0.050703
0.049149
0.048359
0.048970
0.049343
0.048715
0.048868
0.048722
0.048846
0.050720
0.049135
0.049557
0.049486
0.049132
0.048812
0.048524
0.046684
0.047389
0.048116
0.046792
0.049028
0.051192
0.056956
0.050246
0.052972
0.054045
0.051756
0.050509
0.051486
0.050318
0.050332
0.049419
0.049377
0.049045
0.050508
0.050905
0.048962
0.048600
0.049870
0.050842
0.051736
0.052366
0.048357
0.046993
0.046047
0.048975
0.049656
0.048856
0.049044
0.049093
0.047557
0.047474
0.049008
0.049532
0.050515
0.049798
0.050703
0.048386
0.046672
0.055890
0.051102
0.049269
0.048065
0.047322
0.048267
0.046660
0.048716
0.049240
0.049336
0.049375
0.050026
0.049517
0.048352
0.047947
0.048515
0.048096
0.047023
0.049474
0.048930
0.047000
0.047390
0.048263
0.048378
0.049393
0.049727
0.049441
0.050123
0.049789
0.048923
0.047408
0.050032
0.048528
0.049385
0.050563
0.049642
0.049073
0.048776
0.050845
0.048720
0.048441
0.048347
0.050446
0.049877
0.047493
0.048863
0.048447
0.048351
0.049242
0.050257
0.049816
0.049938
0.050253
0.049265
0.050129
0.048337
0.048682
0.049295
0.050241
0.049735
0.049104
0.074433
0.065754
0.070257
0.067625
0.066840
0.066554
0.066188
0.065011
0.063975
0.064045
0.064404
0.064310
0.064468
0.063120
0.063368
0.062560
0.062752
0.063257
0.062416
0.062750
0.063094
0.062846
0.062474
0.060159
0.062550
0.062785
0.062626
0.062691
0.063206
0.063788
0.064117
0.063958
0.063635
0.063876
0.063753
0.063264
0.063183
0.063454
0.063283
0.063322
0.063482
0.062888
0.064754
0.060189
0.061535
0.061321
0.072679
0.072800
0.063631
0.064456
0.063828
0.061586
0.059977
0.056687
0.055856
0.053936
0.053669
0.054727
0.054705
0.057067
0.059561
0.056543
0.055607
0.055367
0.055342
0.056138
0.056046
0.056263
0.057945
0.055441
0.054705
0.056655
0.056642
0.056618
0.056838
0.056763
0.056251
0.056472
0.056634
0.056468
0.055944
0.056224
0.056354
0.056465
0.058092
0.057011
0.056452
0.061082
0.060595
0.060669
0.059512
0.059414
0.060785
0.061070
0.060445
0.061308
0.061142
0.066667
0.065328
0.065741
0.065304
0.065238
0.064559
0.065028
0.065066
0.067936
0.068724
0.068249
0.068165
0.068192
0.068029
0.067795
0.064275
0.064904
0.066520
0.065469
0.065560
0.065682
0.079419
0.062276
0.059539
0.059063
0.056589
0.053817
0.053533
0.053720
0.053419
0.052766
0.054326
0.055318
0.055757
0.056234
0.058004
0.058878
0.059404
0.058896
0.058472
0.059404
0.058785
0.055897
0.055474
0.056191
0.055507
0.056168
0.055602
0.058292
0.055844
0.055941
0.055651
0.055989
0.056175
0.055913
0.057369
0.062521
0.052659
0.050963
0.050382
0.050720
0.050034
0.050200
0.048965
0.049437
0.052276
0.049863
0.050352
0.050228
0.052742
0.052230
0.052128
0.053681
0.056313
0.052521
0.055234
0.056272
0.053420
0.057641
0.052553
0.051974
0.051932
0.052697
0.052341
0.051738
0.052070
0.049817
0.049305
0.049188
0.049853
0.052797
0.050991
0.049211
0.050241
0.048849
0.068640
0.062418
0.052747
0.051083
0.050340
0.050979
0.050708
0.050399
0.048812
0.049473
0.049066
0.048647
0.050143
0.049696
0.049721
0.048822
0.047770
0.047636
0.049298
0.049087
0.048613
0.047919
0.048781
0.059761
0.054873
0.050975
0.050804
0.050934
0.049156
0.049470
0.049557
0.049596
0.049311
0.050142
0.047941
0.048524
0.050675
0.049138
0.049010
0.049309
0.048734
0.049971
0.049696
0.049801
0.050553
0.050249
0.050266
0.050198
0.049825
0.049842
0.049538
0.049287
0.049943
0.049585
0.050239
0.059213
0.051920
0.051005
0.051297
0.051357
0.048989
0.047667
0.048074
0.048124
0.049164
0.049591
0.048908
0.048328
0.047576
0.047237
0.047291
0.047026
0.047993
0.048274
0.048127
0.048505
0.058274
0.057066
0.060908
0.060437
0.061145
0.049410
0.048403
0.055490
0.055046
0.051414
0.049481
0.049494
0.048995
0.049538
0.049303
0.048233
0.048806
0.049628
0.051217
0.051163
0.051190
0.051332
0.050871
0.050171
0.051782
0.050565
0.050517
0.049924
0.049595
0.049467
0.051833
0.052213
0.052068
0.050946
0.049651
0.052385
0.051651
0.051849
0.053151
0.054322
0.053358
0.054898
0.054257
0.054314
0.054541
0.052037
0.050242
0.049857
0.050250
0.049782
0.056092
0.054297
0.052029
0.052358
0.050450
0.049781
0.049567
0.049782
0.049569
0.049354
0.049409
0.048986
0.049400
0.049212
0.049572
0.049822
0.050335
0.050497
0.048558
0.049285
0.048903
0.048597
0.049639
0.051401
0.051084
0.054247
0.054249
0.055307
0.051645
0.051134
0.051641
0.051688
0.050620
0.050283
0.049861
0.050787
0.050583
0.049800
0.050808
0.050878
0.050330
0.049675
0.049523
0.048842
0.048704
0.050511
0.048331
0.054456
0.056701
0.055053
0.053505
0.052743
0.052958
0.051734
0.051941
0.050843
0.051623
0.059265
0.050007
0.050313
0.049570
0.049581
0.049334
0.049544
0.047918
0.048774
0.049216
0.048905
0.049143
0.050532
0.049873
0.051022
0.051025
0.049898
0.049690
0.050066
0.048408
0.048013
0.047735
0.049118
0.048855
0.047695
0.047656
0.047784
0.048169
0.048321
0.049478
0.047749
0.048561
0.047981
0.048490
0.048436
0.056535
0.049267
0.049192
0.051822
0.050428
0.047975
0.047751
0.048505
0.047891
0.048088
0.048485
0.048304
0.049131
0.048816
0.050127
0.047664
0.049971
0.049922
0.049590
0.049836
0.050064
0.048299
0.048695
0.049517
0.048796
0.048567
0.049617
0.048368
0.048573
0.048451
0.048844
0.048787
0.050351
0.050841
0.050341
0.050454
0.048258
0.048503
0.058752
0.050993
0.048953
0.051099
0.051106
0.050863
0.050033
0.049967
0.049327
0.049727
0.051391
0.050700
0.050471
0.051760
0.052349
0.053926
0.055038
0.053924
0.053234
0.053937
0.054450
0.056212
0.052753
0.050113
0.050557
0.054499
0.053947
0.052452
0.050798
0.050224
0.050192
0.049402
0.049745
0.052504
0.053033
0.048973
0.050220
0.051220
0.051221
0.053465
0.059985
0.059008
0.053147
0.052975
0.054569
0.054416
0.052632
0.052864
0.053328
0.053432
0.053777
0.054480
0.053094
0.053239
0.054126
0.053373
0.051691
0.050910
0.051273
0.054097
0.053418
0.052046
0.051343
0.052641
0.052308
0.052611
0.052688
0.053189
0.052933
0.053491
0.053927
0.054299
0.055279
0.053521
0.052763
0.053010
0.054381
0.054503
0.053626
0.053702
0.052663
0.054445
0.052588
0.067715
0.064058
0.059834
0.057713
0.061151
0.061199
0.059520
0.060759
0.058891
0.059064
0.058975
0.062937
0.058089
0.062491
0.054720
0.056382
0.059285
0.058218
0.056705
0.061861
0.060529
0.060912
0.056507
0.063553
0.064178
0.070861
0.066908
0.065446
0.065082
0.064165
0.063181
0.066152
0.059291
0.063308
0.060773
0.060340
0.060126
0.057743
0.061001
0.060480
0.059188
0.058555
0.060025
0.056975
0.057798
0.063812
0.057397
0.060069
0.053299
0.054510
0.056251
0.055064
0.054688
0.055349
0.054710
0.054415
0.055192
0.054742
0.059519
0.056618
0.058076
0.060416
0.055498
0.059084
0.056069
0.062546
0.061408
0.058741
0.057095
0.053820
0.053969
0.055469
0.055403
0.056297
0.057763
0.055425
0.056227
0.057793
0.059057
0.053226
0.055770
0.053195
0.054494
0.055259
0.056252
0.052266
0.052586
0.051749
0.051428
0.051131
0.051260
0.067576
0.063670
0.053861
0.054795
0.052864
0.052977
0.052733
0.052214
0.054242
0.053333
0.062523
0.052431
0.054111
0.054869
0.062585
0.053606
0.057819
0.059070
0.053174
0.049692
0.050256
0.051308
0.052573
0.050948
0.055078
0.051649
0.048616
0.049022
0.048823
0.048417
0.047920
0.048230
0.049738
0.049017
0.049372
0.049268
0.049807
0.048158
0.050506
0.050465
0.050201
0.050224
0.048805
0.048682
0.056725
0.048483
0.050751
0.048021
0.052731
0.052756
0.053445
0.052186
0.051968
0.048285
0.049718
0.050104
0.049324
0.048230
0.048891
0.050508
0.049665
0.053546
0.054280
0.059319
0.053602
0.051583
0.052268
0.052414
0.053856
0.051956
0.052242
0.052639
0.051338
0.050195
0.049435
0.048246
0.047430
0.051717
0.048640
0.050714
0.050851
0.050461
0.049199
0.049294
0.049166
0.048859
0.049017
0.048587
0.049009
0.049296
0.049116
0.049037
0.048879
0.048885
0.049118
0.050051
0.049275
0.048811
0.057171
0.055775
0.048445
0.049948
0.049449
0.053566
0.053435
0.053091
0.052201
0.050936
0.050768
0.051071
0.050753
0.048290
0.050815
0.050210
0.048704
0.049685
0.049561
0.049854
0.049927
0.049014
0.051303
0.052001
0.051787
0.051656
0.057608
0.052059
0.049889
0.050535
0.052596
0.053197
0.054689
0.050118
0.049713
0.051131
0.049759
0.049942
0.049414
0.049625
0.049153
0.049612
0.049282
0.048827
0.049253
0.050711
0.049912
0.050486
0.051476
0.049987
0.049988
0.050194
0.049831
0.049434
0.051545
0.050969
0.065048
0.060049
0.057592
0.054990
0.049423
0.049235
0.050048
0.049626
0.054216
0.049765
0.049935
0.051753
0.051011
0.048815
0.049137
0.049959
0.050485
0.051439
0.051552
0.053216
0.063482
0.051659
0.049026
0.052290
0.062610
0.051258
0.052791
0.049431
0.049314
0.050236
0.050314
0.051429
0.049105
0.049553
0.049558
0.052714
0.051899
0.052437
0.051636
0.052019
0.053306
0.049778
0.052163
0.051642
0.050861
0.052745
0.049337
0.050139
0.049545
0.048350
0.048466
0.054446
0.054791
0.050667
0.049923
0.050912
0.049099
0.048958
0.052073
0.051956
0.050259
0.050236
0.048327
0.052637
0.055035
0.052616
0.052523
0.051029
0.054514
0.050250
0.050660
0.052495
0.052535
0.052191
0.052789
0.051739
0.048173
0.052771
0.058189
0.059619
0.051038
0.050410
0.048475
0.049492
0.050040
0.049700
0.051123
0.051382
0.049454
0.050737
0.053042
0.052241
0.051653
0.052298
0.051604
0.049660
0.055418
0.058077
0.050561
0.050240
0.048369
0.049472
0.049518
0.061248
0.058566
0.051538
0.052126
0.052066
0.054216
0.051441
0.064163
0.051224
0.063959
0.051103
0.049449
0.048570
0.048481
0.051137
0.052114
0.052547
0.050229
0.049819
0.051811
0.053118
0.053390
0.051802
0.051198
0.057916
0.050245
0.061895
0.051915
0.051610
0.051253
0.048518
0.047804
0.049996
0.050327
0.051671
0.049162
0.049139
0.049832
0.052008
0.049951
0.051442
0.052151
0.050820
0.051547
0.052469
0.052727
0.053590
0.052505
0.051482
0.051095
0.050958
0.052494
0.053211
0.052869
0.052136
0.050666
0.051019
0.052204
0.051983
0.054263
0.053565
0.052106
0.052999
0.054104
0.054239
0.053497
0.051187
0.052427
0.051212
0.051763
0.050285
0.050504
0.049110
0.051795
0.053287
0.054560
0.053117
0.052962
0.054117
0.053124
0.053343
0.049751
0.049719
0.050633
0.049812
0.048851
0.050309
0.052468
0.057008
0.052614
0.052054
0.051990
0.052149
0.051725
0.051745
0.051963
0.052952
0.052208
0.051050
0.054471
0.051541
0.050609
0.049260
0.050153
0.049578
0.048611
0.048233
0.048733
0.048454
0.053266
0.048872
0.050808
0.050971
0.050407
0.050813
0.052392
0.054221
0.052935
0.049112
0.050376
0.050723
0.055823
0.048830
0.051383
0.048386
0.048391
0.048423
0.051206
0.050534
0.049990
0.051546
0.049959
0.053554
0.052478
0.054630
0.053254
0.053999
0.053689
0.054279
0.053725
0.054384
0.051698
0.051348
0.060732
0.051674
0.048549
0.049813
0.049076
0.049117
0.050376
0.048962
0.047070
0.053043
0.052339
0.051426
0.049799
0.051564
0.053386
0.052593
0.050207
0.048505
0.048287
0.049740
0.050044
0.049408
0.051972
0.050880
0.050833
0.051228
0.050809
0.050773
0.049197
0.048283
0.049281
0.048168
0.048030
0.049205
0.049733
0.052899
0.047655
0.051697
0.049672
0.050245
0.052606
0.055246
0.062624
0.051763
0.050316
0.048322
0.050037
0.048610
0.051545
0.050880
0.052072
0.051901
0.051664
0.052342
0.052407
0.052344
0.056560
0.058727
0.052165
0.052632
0.052152
0.050706
0.051472
0.055537
0.050859
0.052880
0.050927
0.047844
0.051094
0.050997
0.049717
0.056080
0.050354
0.053060
0.052191
0.050654
0.051419
0.049246
0.048507
0.049077
0.048169
0.049763
0.048535
0.047668
0.048564
0.048867
0.048907
0.048450
0.049151
0.049189
0.047998
0.049030
0.048694
0.049301
0.048405
0.048880
0.047892
0.048315
0.048028
0.052863
0.053720
0.051242
0.050265
0.051795
0.052465
0.052251
0.053091
0.053865
0.055028
0.054835
0.052240
0.066121
0.051941
0.056114
0.053860
0.052931
0.052296
0.050208
0.050126
0.050432
0.050808
0.050870
0.050050
0.050821
0.050472
0.049551
0.053335
0.059373
0.051597
0.050061
0.048824
0.052788
0.058928
0.049354
0.048187
0.051237
0.052016
0.048417
0.051228
0.051324
0.048703
0.051712
0.051658
0.051962
0.051667
0.049716
0.052969
0.053089
0.053160
0.053101
0.052542
0.052940
0.053392
0.053121
0.050647
0.053063
0.052041
0.052822
0.053504
0.050496
0.048798
0.052963
0.050976
0.051799
0.051397
0.051862
0.054905
0.049197
0.048896
0.049077
0.050025
0.048255
0.049176
0.048481
0.049560
0.050589
0.051006
0.050249
0.052079
0.051535
0.051447
0.052688
0.052446
0.049099
0.048323
0.048846
0.047539
0.047576
0.050667
0.052936
0.065190
0.054268
0.048396
0.047860
0.048242
0.053634
0.052422
0.050230
0.049057
0.051114
0.049625
0.048640
0.048732
0.048747
0.050495
0.053416
0.053043
0.052347
0.055107
0.053112
0.052562
0.051297
0.052951
0.052059
0.053801
0.063207
0.058428
0.053222
0.053178
0.052319
0.052138
0.051592
0.047986
0.050117
0.049576
0.048717
0.053905
0.051553
0.052864
0.059010
0.053132
0.049697
0.050399
0.047611
0.055732
0.051771
0.055910
0.054384
0.052721
0.053102
0.055682
0.048896
0.048225
0.049385
0.048898
0.051309
0.052042
0.053164
0.053002
0.050587
0.050613
0.051076
0.053352
0.048475
0.049236
0.052348
0.051175
0.053104
0.052176
0.049617
0.049572
0.048449
0.048985
0.048116
0.048775
0.055238
0.055576
0.056358
0.056833
0.049240
0.050016
0.048990
0.049376
0.048531
0.048254
0.048612
0.049338
0.052081
0.051721
0.051889
0.048685
0.050030
0.048296
0.049618
0.050336
0.050102
0.049954
0.050700
0.050366
0.051049
0.051209
0.051951
0.051582
0.050785
0.048843
0.048529
0.048162
0.053153
0.057424
0.052894
0.050997
0.049169
0.049532
0.054252
0.052432
0.050612
0.050643
0.050436
0.059782
0.052340
0.048864
0.048313
0.049325
0.050098
0.050332
0.050526
0.051126
0.048382
0.048337
0.048725
0.052073
0.050659
0.053194
0.047715
0.049634
0.048371
0.053107
0.051666
0.054576
0.054943
0.051107
0.050878
0.057294
0.052651
0.053128
0.055497
0.055241
0.050878
0.051174
0.047889
0.048433
0.048690
0.048346
0.049068
0.050011
0.048706
0.048961
0.050061
0.050916
0.050910
0.055444
0.052088
0.055334
0.049238
0.050980
0.050062
0.061596
0.049058
0.049409
0.049867
0.050856
0.049013
0.049209
0.049939
0.049968
0.049969
0.049086
0.050272
0.048918
0.050256
0.051240
0.052999
0.050472
0.049696
0.048730
0.048752
0.050868
0.049838
0.052440
0.051720
0.049083
0.049785
0.048766
0.048928
0.049145
0.049845
0.049686
0.051127
0.049399
0.047889
0.050149
0.049289
0.052932
0.052197
0.051882
0.061376
0.048789
0.049857
0.049985
0.051010
0.049877
0.053693
0.052550
0.052301
0.052596
0.053857
0.053511
0.051687
0.053436
0.055728
0.051787
0.054037
0.053973
0.049326
0.049047
0.050243
0.054777
0.054544
0.054746
0.058980
0.057082
0.054072
0.055638
0.053183
0.055319
0.049179
0.050779
0.048366
0.048840
0.051722
0.049060
0.050237
0.051324
0.050816
0.050193
0.052843
0.051655
0.048685
0.052208
0.052857
0.060256
0.056135
0.051085
0.048566
0.049089
0.049797
0.050866
0.050133
0.051335
0.053131
0.055589
0.050760
0.048434
0.049500
0.048667
0.049195
0.051312
0.059349
0.054543
0.059621
0.053113
0.049568
0.050557
0.052924
0.050937
0.050784
0.046966
0.052183
0.053538
0.052611
0.052028
0.050539
0.049822
0.047583
0.048560
0.047541
0.049045
0.050227
0.048230
0.049346
0.049746
0.049870
0.048872
0.048759
0.048092
0.046863
0.049845
0.050856
0.051050
0.050112
0.056398
0.053262
0.049245
0.054956
0.052930
0.052924
0.056808
0.055356
0.051432
0.054305
0.051955
0.051310
0.061206
0.050515
0.051069
0.050142
0.059525
0.049522
0.056701
0.051497
0.053410
0.052299
0.050403
0.048808
0.048305
0.053289
0.050473
0.049612
0.048808
0.052538
0.051749
0.052003
0.052243
0.054348
0.054643
0.052052
0.053431
0.050772
0.049311
0.049557
0.050074
0.049587
0.052247
0.053752
0.052493
0.050964
0.049712
0.050550
0.052333
0.049555
0.049432
0.050171
0.049255
0.049289
0.049994
0.049133
0.050605
0.050815
0.048953
0.049327
0.048952
0.049616
0.051725
0.052477
0.050478
0.049503
0.051875
0.052392
0.051870
0.051698
0.051827
0.051741
0.052312
0.049492
0.051254
0.050064
0.049673
0.049924
0.051558
0.051751
0.050684
0.049489
0.049231
0.050596
0.052318
0.052890
0.052082
0.052327
0.049600
0.052818
0.052018
0.047982
0.050585
0.047954
0.048673
0.050050
0.049861
0.049910
0.050434
0.050661
0.052351
0.050131
0.049688
0.051510
0.056665
0.052809
0.053150
0.053173
0.051377
0.051165
0.052471
0.052769
0.053259
0.053925
0.051192
0.049355
0.049206
0.052280
0.050881
0.050070
0.049124
0.049260
0.049045
0.051998
0.049477
0.050318
0.048868
0.060658
0.054257
0.050275
0.050484
0.049836
0.049680
0.050037
0.049481
0.049840
0.050074
0.049593
0.049375
0.048049
0.050107
0.050561
0.053541
0.048482
0.050608
0.049108
0.048831
0.048999
0.060936
0.052169
0.047314
0.048058
0.048826
0.049834
0.050844
0.051272
0.051984
0.052182
0.052118
0.051796
0.052173
0.051917
0.051962
0.052009
0.051235
0.049706
0.049397
0.048497
0.050734
0.050752
0.051333
0.052649
0.052288
0.051583
0.052502
0.048487
0.049584
0.049495
0.049632
0.049281
0.049124
0.049212
0.052382
0.051888
0.052214
0.051506
0.051962
0.051588
0.052386
0.052032
0.052333
0.052570
0.051252
0.049297
0.049292
0.050493
0.047516
0.048138
0.048224
