0.000398
0.000267
0.000268
0.000268
0.000267
0.000267
0.000268
0.000267
0.000268
0.000267
0.000267
0.000266
0.000272
0.000267
0.000267
0.000255
0.000255
0.000255
0.000256
0.000255
0.000255
0.000254
0.000255
0.000255
0.000255
0.000255
0.000255
0.000258
0.000255
0.000258
0.000245
0.000244
0.000244
0.000245
0.000244
0.000245
0.000244
0.000244
0.000244
0.000245
0.000245
0.000246
0.000244
0.000250
0.000244
0.000248
0.000234
0.000235
0.000235
0.000233
0.000234
0.000235
0.000235
0.000235
0.000234
0.000234
0.000234
0.000235
0.000235
0.000234
0.000238
0.000232
0.000218
0.000217
0.000218
0.000218
0.000217
0.000219
0.000217
0.000217
0.000218
0.000217
0.000218
0.000218
0.000217
0.000217
0.000218
0.000217
0.000217
0.000227
0.000209
0.000209
0.000209
0.000210
0.000210
0.000210
0.000209
0.000209
0.000208
0.000209
0.000210
0.000210
0.000210
0.000209
0.000209
0.000210
0.000211
0.000213
0.000220
0.000203
0.000203
0.000203
0.000203
0.000203
0.000203
0.000202
0.000202
0.000203
0.000203
0.000202
0.000202
0.000202
0.000203
0.000202
0.000202
0.000202
0.000202
0.000208
0.000202
0.000212
0.000197
0.000196
0.000196
0.000196
0.000196
0.000197
0.000196
0.000197
0.000195
0.000196
0.000197
0.000196
0.000196
0.000196
0.000196
0.000197
0.000196
0.000200
0.000195
0.000202
0.000189
0.000191
0.000190
0.000190
0.000190
0.000190
0.000190
0.000190
0.000190
0.000190
0.000190
0.000190
0.000189
0.000190
0.000190
0.000190
0.000190
0.000190
0.000192
0.000197
0.000183
0.000184
0.000184
0.000183
0.000183
0.000183
0.000184
0.000183
0.000183
0.000183
0.000183
0.000183
0.000184
0.000184
0.000183
0.000183
0.000184
0.000183
0.000184
0.000184
0.000186
0.000191
0.000178
0.000178
0.000177
0.000178
0.000178
0.000177
0.000178
0.000178
0.000179
0.000178
0.000178
0.000177
0.000177
0.000177
0.000177
0.000177
0.000177
0.000178
0.000177
0.000178
0.000181
0.000178
0.000178
0.000193
0.000183
0.000183
0.000183
0.000189
0.000177
0.000178
0.000178
0.000178
0.000178
0.000177
0.000177
0.000178
0.000177
0.000178
0.000178
0.000178
0.000178
0.000178
0.000181
0.000199
0.000183
0.000183
0.000182
0.000183
0.000183
0.000186
0.000172
0.000173
0.000172
0.000172
0.000172
0.000172
0.000171
0.000173
0.000172
0.000173
0.000173
0.000173
0.000172
0.000173
0.000173
0.000176
0.000173
0.000172
0.000172
0.000173
0.000172
0.000173
0.000172
0.000172
0.000173
0.000172
0.000173
0.000173
0.000172
0.000172
0.000172
0.000173
0.000173
0.000173
0.000172
0.000172
0.000172
0.000173
0.000174
0.000172
0.000173
0.000173
0.000172
0.000171
0.000172
0.000173
0.000173
0.000172
0.000173
0.000173
0.000172
0.000172
0.000172
0.000172
0.000173
0.000173
0.000172
0.000173
0.000173
0.000173
0.000172
0.000173
0.000172
0.000173
0.000173
0.000173
0.000173
0.000172
0.000173
0.000172
0.000173
0.000172
0.000173
0.000173
0.000173
0.000173
0.000173
0.000173
0.000172
0.000173
0.000173
0.000172
0.000173
0.000172
0.000173
0.000172
0.000172
0.000172
0.000172
0.000192
0.000183
0.000189
0.000173
0.000173
0.000172
0.000173
0.000172
0.000173
0.000172
0.000173
0.000173
0.000173
0.000173
0.000173
0.000173
0.000172
0.000173
0.000175
0.000173
0.000173
0.000172
0.000173
0.000173
0.000173
0.000173
0.000173
0.000173
0.000173
0.000173
0.000173
0.000173
0.000172
0.000173
0.000173
0.000172
0.000172
0.000172
0.000174
0.000173
0.000173
0.000175
0.000173
0.000173
0.000173
0.000173
0.000172
0.000172
0.000173
0.000173
0.000172
0.000172
0.000173
0.000172
0.000174
0.000173
0.000172
0.000173
0.000173
0.000172
0.000172
0.000173
0.000173
0.000172
0.000173
0.000174
0.000172
0.000173
0.000172
0.000172
0.000172
0.000172
0.000174
0.000172
0.000171
0.000172
0.000173
0.000172
0.000173
0.000172
0.000172
0.000172
0.000172
0.000171
0.000173
0.000172
0.000172
0.000172
0.000175
0.000173
0.000173
0.000172
0.000173
0.000173
0.000173
0.000173
0.000173
0.000173
0.000173
0.000173
0.000172
0.000172
0.000172
0.000174
0.000173
0.000174
0.000174
0.000172
0.000172
0.000173
0.000173
0.000176
0.000173
0.000173
0.000174
0.000174
0.000173
0.000172
0.000173
0.000172
0.000173
0.000173
0.000173
0.000173
0.000173
0.000173
0.000173
0.000173
0.000173
0.000173
0.000173
0.000172
0.000173
0.000173
0.000175
0.000174
0.000174
0.000173
0.000174
0.000174
0.000174
0.000174
0.000174
0.000175
0.000174
0.000173
0.000174
0.000173
0.000173
0.000174
0.000174
0.000173
0.000174
0.000174
0.000174
0.000175
0.000175
0.000175
0.000173
0.000172
0.000174
0.000173
0.000173
0.000174
0.000173
0.000173
0.000174
0.000173
0.000173
0.000173
0.000174
0.000174
0.000174
0.000174
0.000174
0.000173
0.000173
0.000173
0.000172
0.000173
0.000176
0.000174
0.000173
0.000172
0.000173
0.000173
0.000173
0.000172
0.000172
0.000172
0.000173
0.000173
0.000173
0.000173
0.000173
0.000172
0.000173
0.000173
0.000173
0.000173
0.000174
0.000172
0.000172
0.000174
0.000173
0.000173
0.000173
0.000173
0.000173
0.000172
0.000173
0.000173
0.000174
0.000174
0.000173
0.000172
0.000173
0.000172
0.000172
0.000173
0.000173
0.000173
0.000172
0.000172
0.000173
0.000173
0.000176
0.000173
0.000173
0.000173
0.000172
0.000173
0.000173
0.000173
0.000174
0.000173
0.000172
0.000172
0.000173
0.000173
0.000173
0.000174
0.000173
0.000172
0.000173
0.000173
0.000172
0.000172
0.000172
0.000176
0.000174
0.000173
0.000173
0.000173
0.000173
0.000173
0.000174
0.000173
0.000173
0.000173
0.000173
0.000173
0.000172
0.000173
0.000173
0.000173
0.000174
0.000172
0.000173
0.000173
0.000173
0.000173
0.000176
0.000172
0.000173
0.000173
0.000172
0.000172
0.000173
0.000173
0.000173
0.000173
0.000173
0.000173
0.000173
0.000173
0.000173
0.000173
0.000173
0.000173
0.000172
0.000174
0.000173
0.000173
0.000172
0.000174
0.000173
0.000173
0.000174
0.000173
0.000174
0.000173
0.000173
0.000173
0.000173
0.000173
0.000174
0.000173
0.000172
0.000173
0.000172
0.000172
0.000173
0.000173
0.000173
0.000173
0.000173
0.000173
0.000174
0.000172
0.000173
0.000172
0.000172
0.000174
0.000173
0.000173
0.000172
0.000173
0.000172
0.000172
0.000173
0.000172
0.000173
0.000172
0.000173
0.000172
0.000172
0.000173
0.000173
0.000172
0.000173
0.000176
0.000173
0.000172
0.000173
0.000173
0.000173
0.000173
0.000173
0.000173
0.000173
0.000174
0.000173
0.000172
0.000173
0.000173
0.000173
0.000172
0.000173
0.000173
0.000172
0.000173
0.000173
0.000173
0.000175
0.000173
0.000173
0.000172
0.000173
0.000173
0.000173
0.000173
0.000172
0.000172
0.000173
0.000173
0.000173
0.000172
0.000172
0.000172
0.000173
0.000173
0.000173
0.000173
0.000173
0.000173
0.000173
0.000175
0.000172
0.000172
0.000172
0.000173
0.000173
0.000172
0.000172
0.000173
0.000172
0.000173
0.000172
0.000173
0.000172
0.000172
0.000172
0.000173
0.000172
0.000173
0.000172
0.000173
0.000172
0.000172
0.000173
0.000174
0.000173
0.000172
0.000172
0.000172
0.000173
0.000173
0.000173
0.000173
0.000172
0.000172
0.000173
0.000172
0.000172
0.000172
0.000173
0.000173
0.000173
0.000172
0.000173
0.000173
0.000172
0.000172
0.000173
0.000173
0.000173
0.000173
0.000173
0.000172
0.000173
0.000172
0.000172
0.000172
0.000173
0.000172
0.000172
0.000173
0.000173
0.000173
0.000172
0.000172
0.000172
0.000173
0.000173
0.000172
0.000172
0.000176
0.000173
0.000172
0.000172
0.000173
0.000173
0.000173
0.000173
0.000172
0.000173
0.000172
0.000172
0.000173
0.000173
0.000173
0.000173
0.000174
0.000172
0.000172
0.000173
0.000174
0.000173
0.000193
0.000186
0.000184
0.000184
0.000184
0.000184
0.000183
0.000183
0.000190
0.000173
0.000173
0.000173
0.000173
0.000172
0.000173
0.000173
0.000173
0.000173
0.000172
0.000173
0.000172
0.000173
0.000173
0.000174
0.000172
0.000172
0.000172
0.000172
0.000172
0.000172
0.000174
0.000173
0.000172
0.000172
0.000173
0.000173
0.000173
0.000172
0.000173
0.000173
0.000174
0.000173
0.000173
0.000172
0.000173
0.000173
0.000176
0.000173
0.000172
0.000174
0.000173
0.000173
0.000173
0.000173
0.000173
0.000173
0.000174
0.000171
0.000172
0.000173
0.000174
0.000172
0.000172
0.000172
0.000173
0.000172
0.000172
0.000172
0.000173
0.000173
0.000174
0.000173
0.000173
0.000173
0.000172
0.000173
0.000173
0.000173
0.000172
0.000172
0.000172
0.000172
0.000172
0.000172
0.000173
0.000172
0.000172
0.000173
0.000174
0.000172
0.000173
0.000172
0.000173
0.000174
0.000171
0.000172
0.000173
0.000172
0.000172
0.000172
0.000172
0.000172
0.000174
0.000173
0.000172
0.000172
0.000173
0.000173
0.000173
0.000173
0.000173
0.000173
0.000174
0.000174
0.000174
0.000174
0.000177
0.000174
0.000174
0.000173
0.000174
0.000175
0.000173
0.000173
0.000173
0.000174
0.000174
0.000174
0.000173
0.000173
0.000173
0.000173
0.000173
0.000175
0.000173
0.000173
0.000173
0.000174
0.000173
0.000175
0.000174
0.000174
0.000174
0.000174
0.000174
0.000174
0.000173
0.000174
0.000174
0.000174
0.000174
0.000174
0.000173
0.000174
0.000173
0.000173
0.000175
0.000174
0.000174
0.000173
0.000173
0.000174
0.000176
0.000174
0.000174
0.000174
0.000174
0.000174
0.000173
0.000174
0.000174
0.000174
0.000174
0.000174
0.000174
0.000173
0.000173
0.000173
0.000174
0.000173
0.000173
0.000174
0.000173
0.000173
0.000173
0.000175
0.000174
0.000174
0.000174
0.000174
0.000174
0.000173
0.000173
0.000173
0.000174
0.000173
0.000173
0.000174
0.000173
0.000173
0.000174
0.000173
0.000174
0.000174
0.000174
0.000173
0.000174
0.000174
0.000174
0.000173
0.000173
0.000174
0.000174
0.000173
0.000173
0.000173
0.000173
0.000173
0.000173
0.000174
0.000172
0.000174
0.000175
0.000173
0.000174
0.000173
0.000173
0.000174
0.000173
0.000173
0.000173
0.000175
0.000174
0.000173
0.000173
0.000174
0.000173
0.000173
0.000174
0.000174
0.000173
0.000172
0.000173
0.000173
0.000173
0.000173
0.000173
0.000174
0.000173
0.000174
0.000173
0.000173
0.000174
0.000173
0.000176
0.000174
0.000173
0.000174
0.000173
0.000173
0.000174
0.000173
0.000173
0.000174
0.000174
0.000172
0.000173
0.000173
0.000173
0.000174
0.000173
0.000172
0.000172
0.000173
0.000173
0.000173
0.000174
0.000175
0.000174
0.000174
0.000173
0.000173
0.000173
0.000174
0.000174
0.000173
0.000173
0.000173
0.000173
0.000174
0.000173
0.000173
0.000173
0.000173
0.000173
0.000174
0.000173
0.000173
0.000174
0.000174
0.000176
0.000173
0.000172
0.000173
0.000173
0.000173
0.000172
0.000172
0.000173
0.000174
0.000173
0.000173
0.000172
0.000172
0.000173
0.000173
0.000173
0.000173
0.000174
0.000174
0.000172
0.000174
0.000173
0.000176
0.000173
0.000173
0.000173
0.000173
0.000173
0.000172
0.000172
0.000172
0.000173
0.000173
0.000173
0.000172
0.000173
0.000173
0.000173
0.000172
0.000173
0.000173
0.000173
0.000174
0.000173
0.000173
0.000176
0.000173
0.000173
0.000173
0.000173
0.000173
0.000173
0.000173
0.000172
0.000173
0.000173
0.000173
0.000172
0.000172
0.000173
0.000173
0.000173
0.000173
0.000173
0.000173
0.000173
0.000173
0.000173
0.000176
0.000172
0.000172
0.000173
0.000173
0.000172
0.000172
0.000172
0.000174
0.000173
0.000173
0.000173
0.000172
0.000173
0.000173
0.000172
0.000172
0.000173
0.000173
0.000174
0.000173
0.000173
0.000173
0.000175
0.000173
0.000173
0.000173
0.000174
0.000173
0.000173
0.000172
0.000173
0.000172
0.000172
0.000172
0.000172
0.000173
0.000173
0.000172
0.000172
0.000172
0.000172
0.000172
0.000173
0.000173
0.000173
0.000175
0.000173
0.000172
0.000172
0.000172
0.000173
0.000172
0.000171
0.000173
0.000172
0.000173
0.000173
0.000172
0.000173
0.000173
0.000172
0.000172
0.000173
0.000173
0.000173
0.000172
0.000172
0.000172
0.000175
0.000172
0.000174
0.000172
0.000173
0.000172
0.000172
0.000172
0.000173
0.000173
0.000172
0.000173
0.000172
0.000173
0.000173
0.000173
0.000173
0.000173
0.000172
0.000173
0.000173
0.000173
0.000172
0.000175
0.000173
0.000173
0.000173
0.000173
0.000172
0.000172
0.000172
0.000172
0.000173
0.000172
0.000173
0.000174
0.000173
0.000172
0.000172
0.000173
0.000173
0.000173
0.000172
0.000173
0.000173
0.000173
0.000175
0.000172
0.000173
0.000173
0.000172
0.000173
0.000173
0.000173
0.000172
0.000173
0.000174
0.000173
0.000173
0.000174
0.000173
0.000174
0.000173
0.000172
0.000172
0.000173
0.000173
0.000173
0.000173
0.000173
0.000174
0.000173
0.000172
0.000173
0.000172
0.000173
0.000172
0.000172
0.000173
0.000173
0.000173
0.000172
0.000172
0.000174
0.000172
0.000173
0.000173
0.000173
0.000173
0.000173
0.000174
0.000173
0.000173
0.000174
0.000173
0.000173
0.000173
0.000173
0.000173
0.000173
0.000172
0.000172
0.000173
0.000173
0.000173
0.000172
0.000173
0.000173
0.000173
0.000172
0.000172
0.000172
0.000172
0.000172
0.000172
0.000174
0.000175
0.000173
0.000172
0.000173
0.000173
0.000174
0.000173
0.000173
0.000173
0.000173
0.000173
0.000173
0.000173
0.000173
0.000173
0.000173
0.000173
0.000174
0.000173
0.000173
0.000174
0.000174
0.000173
0.000175
0.000173
0.000174
0.000174
0.000173
0.000173
0.000174
0.000173
0.000173
0.000174
0.000173
0.000174
0.000173
0.000174
0.000174
0.000173
0.000174
0.000172
0.000173
0.000173
0.000173
0.000173
0.000173
0.000176
0.000173
0.000173
0.000174
0.000174
0.000173
0.000173
0.000173
0.000173
0.000174
0.000173
0.000173
0.000173
0.000173
0.000173
0.000174
0.000173
0.000172
0.000173
0.000173
0.000173
0.000174
0.000174
0.000175
0.000173
0.000174
0.000174
0.000173
0.000173
0.000174
0.000174
0.000173
0.000173
0.000173
0.000173
0.000173
0.000174
0.000173
0.000173
0.000173
0.000173
0.000173
0.000173
0.000174
0.000173
0.000173
0.000175
0.000172
0.000173
0.000173
0.000174
0.000173
0.000173
0.000173
0.000173
0.000174
0.000173
0.000173
0.000173
0.000174
0.000173
0.000173
0.000173
0.000173
0.000173
0.000172
0.000173
0.000174
0.000172
0.000175
0.000174
0.000174
0.000173
0.000173
0.000173
0.000173
0.000173
0.000173
0.000174
0.000173
0.000173
0.000174
0.000173
0.000173
0.000173
0.000173
0.000174
0.000172
0.000173
0.000173
0.000172
0.000172
0.000175
0.000173
0.000174
0.000172
0.000173
0.000172
0.000172
0.000173
0.000173
0.000173
0.000172
0.000174
0.000173
0.000173
0.000172
0.000173
0.000173
0.000173
0.000173
0.000173
0.000172
0.000172
0.000172
0.000174
0.000173
0.000174
0.000173
0.000172
0.000173
0.000173
0.000172
0.000172
0.000174
0.000173
0.000172
0.000173
0.000174
0.000172
0.000172
0.000173
0.000173
0.000173
0.000173
0.000173
0.000172
0.000174
0.000175
0.000172
0.000172
0.000173
0.000173
0.000173
0.000173
0.000172
0.000173
0.000172
0.000172
0.000173
0.000172
0.000172
0.000173
0.000173
0.000174
0.000172
0.000173
0.000173
0.000174
0.000173
0.000173
0.000175
0.000173
0.000200
0.000184
0.000184
0.000184
0.000183
0.000184
0.000194
0.000173
0.000172
0.000173
0.000173
0.000173
0.000173
0.000173
0.000174
0.000173
0.000172
0.000172
0.000173
0.000172
0.000173
0.000176
0.000173
0.000173
0.000192
0.000184
0.000183
0.000192
0.000174
0.000173
0.000172
0.000173
0.000173
0.000173
0.000172
0.000173
0.000173
0.000173
0.000173
0.000173
0.000172
0.000172
0.000173
0.000172
0.000174
0.000172
0.000173
0.000173
0.000172
0.000172
0.000173
0.000172
0.000173
0.000173
0.000173
0.000173
0.000173
0.000173
0.000173
0.000173
0.000173
0.000172
0.000172
0.000173
0.000173
0.000173
0.000172
0.000174
0.000173
0.000173
0.000173
0.000173
0.000172
0.000173
0.000172
0.000172
0.000173
0.000173
0.000172
0.000173
0.000172
0.000173
0.000173
0.000173
0.000172
0.000172
0.000172
0.000172
0.000173
0.000172
0.000175
0.000173
0.000173
0.000172
0.000172
0.000172
0.000172
0.000174
0.000173
0.000172
0.000173
0.000172
0.000172
0.000172
0.000172
0.000173
0.000173
0.000173
0.000173
0.000173
0.000173
0.000173
0.000173
0.000175
0.000173
0.000173
0.000172
0.000173
0.000173
0.000173
0.000173
0.000173
0.000173
0.000173
0.000173
0.000172
0.000173
0.000173
0.000173
0.000173
0.000173
0.000173
0.000172
0.000173
0.000173
0.000173
0.000175
0.000172
0.000172
0.000173
0.000173
0.000173
0.000172
0.000172
0.000173
0.000173
0.000172
0.000173
0.000173
0.000173
0.000173
0.000173
0.000172
0.000172
0.000172
0.000173
0.000173
0.000173
0.000173
0.000174
0.000172
0.000173
0.000173
0.000172
0.000172
0.000173
0.000172
0.000172
0.000173
0.000171
0.000173
0.000173
0.000173
0.000173
0.000173
0.000172
0.000172
0.000173
0.000172
0.000173
0.000174
0.000172
0.000174
0.000173
0.000173
0.000174
0.000172
0.000172
0.000174
0.000173
0.000173
0.000173
0.000172
0.000172
0.000173
0.000172
0.000173
0.000173
0.000173
0.000172
0.000172
0.000172
0.000173
0.000173
0.000173
0.000175
0.000172
0.000173
0.000173
0.000172
0.000172
0.000173
0.000173
0.000173
0.000173
0.000173
0.000173
0.000174
0.000172
0.000172
0.000172
0.000173
0.000173
0.000172
0.000172
0.000174
0.000173
0.000174
0.000175
0.000174
0.000173
0.000173
0.000173
0.000172
0.000172
0.000172
0.000173
0.000173
0.000172
0.000173
0.000173
0.000172
0.000173
0.000173
0.000172
0.000172
0.000172
0.000173
0.000173
0.000172
0.000172
0.000173
0.000176
0.000173
0.000172
0.000173
0.000172
0.000172
0.000172
0.000174
0.000172
0.000172
0.000174
0.000173
0.000172
0.000172
0.000172
0.000172
0.000172
0.000173
0.000172
0.000172
0.000173
0.000173
0.000174
0.000176
0.000172
0.000172
0.000173
0.000173
0.000172
0.000173
0.000173
0.000173
0.000173
0.000174
0.000172
0.000172
0.000173
0.000172
0.000174
0.000173
0.000174
0.000173
0.000174
0.000173
0.000174
0.000173
0.000175
0.000173
0.000173
0.000173
0.000172
0.000173
0.000173
0.000174
0.000172
0.000174
0.000172
0.000173
0.000173
0.000172
0.000173
0.000173
0.000173
0.000174
0.000173
0.000173
0.000172
0.000173
0.000173
0.000175
0.000172
0.000172
0.000172
0.000172
0.000173
0.000173
0.000173
0.000173
0.000173
0.000173
0.000173
0.000172
0.000174
0.000173
0.000172
0.000172
0.000173
0.000174
0.000173
0.000174
0.000172
0.000172
0.000174
0.000173
0.000172
0.000172
0.000174
0.000173
0.000174
0.000174
0.000172
0.000173
0.000173
0.000173
0.000172
0.000173
0.000174
0.000173
0.000173
0.000172
0.000173
0.000173
0.000173
0.000173
0.000173
0.000175
0.000173
0.000172
0.000173
0.000173
0.000174
0.000174
0.000173
0.000174
0.000173
0.000173
0.000173
0.000173
0.000173
0.000172
0.000172
0.000173
0.000172
0.000173
0.000172
0.000173
0.000173
0.000173
0.000176
0.000173
0.000174
0.000174
0.000173
0.000174
0.000172
0.000174
0.000173
0.000173
0.000174
0.000173
0.000173
0.000173
0.000173
0.000172
0.000173
0.000174
0.000173
0.000173
0.000174
0.000173
0.000173
0.000174
0.000174
0.000173
0.000172
0.000173
0.000173
0.000172
0.000173
0.000173
0.000173
0.000173
0.000175
0.000172
0.000173
0.000173
0.000173
0.000173
0.000173
0.000172
0.000172
0.000173
0.000173
0.000173
0.000175
