0.038386
0.036221
0.035929
0.036162
0.035646
0.036000
0.035977
0.035998
0.036138
0.035870
0.035861
0.035579
0.035651
0.035704
0.035917
0.036162
0.036067
0.036357
0.036344
0.036163
0.036189
0.036122
0.036400
0.036075
0.036161
0.036047
0.036230
0.036423
0.036069
0.036060
0.035996
0.036149
0.036209
0.035966
0.036022
0.036104
0.036072
0.036168
0.036464
0.036343
0.036062
0.036472
0.036026
0.035406
0.036014
0.035872
0.035740
0.035970
0.035595
0.035899
0.036059
0.036000
0.036504
0.036675
0.036111
0.036055
0.035934
0.036119
0.036176
0.036212
0.036035
0.036064
0.036051
0.036062
0.036374
0.036318
0.036233
0.036295
0.036058
0.036353
0.036156
0.036338
0.036334
0.036219
0.035858
0.035567
0.035588
0.035873
0.035778
0.036162
0.035640
0.035996
0.035932
0.035605
0.035693
0.035799
0.035850
0.035754
0.035976
0.036051
0.036133
0.036217
0.036056
0.036103
0.036185
0.036057
0.036085
0.036016
0.035880
0.035029
0.035855
0.036011
0.036062
0.035862
0.035956
0.036068
0.036186
0.036033
0.036078
0.036387
0.036245
0.036043
0.036096
0.035132
0.035551
0.035344
0.035614
0.034289
0.035956
0.036004
0.035766
0.035500
0.035756
0.035854
0.035580
0.035694
0.035656
0.035420
0.041403
0.042611
0.038379
0.038122
0.038268
0.038906
0.037753
0.037223
0.036699
0.037526
0.036965
0.036859
0.037008
0.036861
0.036771
0.036665
0.036776
0.036842
0.036575
0.035254
0.035942
0.036059
0.036030
0.036172
0.036194
0.036130
0.036264
0.035818
0.035965
0.035998
0.036198
0.036285
0.036176
0.036293
0.036577
0.036425
0.036972
0.036640
0.036623
0.036655
0.036307
0.036473
0.036465
0.036392
0.036502
0.036532
0.036524
0.036209
0.036436
0.036490
0.036497
0.036414
0.036502
0.036518
0.036534
0.036016
0.036215
0.036268
0.036228
0.036431
0.036330
0.036290
0.036454
0.036580
0.036815
0.035434
0.036121
0.035872
0.035879
0.035826
0.035836
0.035811
0.035998
0.035834
0.035543
0.035721
0.035757
0.035802
0.035870
0.035832
0.035970
0.035876
0.035795
0.035825
0.035901
0.035624
0.035876
0.035767
0.035824
0.035742
0.035983
0.036044
0.036220
0.036018
0.035942
0.035806
0.035739
0.035788
0.035842
0.034659
0.035570
0.035595
0.035575
0.033561
0.035399
0.036227
0.035887
0.035841
0.034888
0.035508
0.035443
0.035431
0.035493
0.035546
0.035673
0.034966
0.035427
0.035255
0.035275
0.035440
0.035419
0.035560
0.035298
0.035544
0.035586
0.035467
0.035371
0.035439
0.035757
0.035508
0.035462
0.035475
0.035496
0.035633
0.035537
0.035713
0.035562
0.035019
0.038229
0.042278
0.041096
0.040064
0.039006
0.038986
0.037705
0.033206
0.035535
0.035740
0.036507
0.035654
0.035740
0.035946
0.035908
0.036008
0.036179
0.036323
0.036246
0.036212
0.036413
0.036156
0.036314
0.036288
0.036214
0.036268
0.036220
0.036251
0.036350
0.035991
0.036390
0.036213
0.036450
0.035862
0.036128
0.036272
0.036189
0.036838
0.036662
0.036258
0.036131
0.036091
0.036230
0.036188
0.036609
0.036060
0.035814
0.035780
0.035780
0.035680
0.035897
0.035730
0.035734
0.035117
0.035634
0.035611
0.035513
0.035658
0.035996
0.036475
0.036089
0.036056
0.035989
0.035945
0.036061
0.035934
0.036253
0.034645
0.036073
0.035685
0.035785
0.035969
0.035881
0.036021
0.036205
0.036111
0.035898
0.035965
0.036149
0.036380
0.036381
0.035907
0.034760
0.035537
0.035668
0.036029
0.035950
0.036084
0.036226
0.036139
0.035797
0.036083
0.035807
0.036091
0.036623
0.036065
0.036121
0.036177
0.035843
0.035951
0.035949
0.036870
0.035482
0.036033
0.036134
0.036140
0.036389
0.036202
0.036034
0.036121
0.036100
0.036118
0.036267
0.036241
0.036166
0.036124
0.036134
0.034719
0.035462
0.035875
0.035803
0.035879
0.036366
0.035764
0.036015
0.035861
0.036120
0.035991
0.036222
0.036108
0.036232
0.036028
0.036172
0.036262
0.036204
0.036350
0.036182
0.036244
0.037781
0.044564
0.042754
0.037861
0.038738
0.041225
0.040115
0.039958
0.039393
0.039218
0.039143
0.039267
0.039010
0.039098
0.038868
0.038696
0.038807
0.038992
0.038089
0.037963
0.038229
0.037977
0.037675
0.037563
0.037376
0.037579
0.037551
0.037535
0.037505
0.037467
0.036931
0.035352
0.036363
0.036677
0.036339
0.037350
0.037051
0.037098
0.036497
0.036851
0.036687
0.036737
0.035778
0.035160
0.036110
0.035910
0.036261
0.036247
0.036006
0.036266
0.036220
0.036219
0.036347
0.036576
0.035875
0.036091
0.036234
0.036314
0.036183
0.036118
0.036156
0.036025
0.036117
0.036008
0.036179
0.036557
0.036408
0.036322
0.035856
0.034706
0.038683
0.038665
0.037809
0.037561
0.037704
0.037588
0.038044
0.037614
0.037529
0.037493
0.037553
0.037418
0.037248
0.037345
0.037404
0.037306
0.037528
0.037588
0.037511
0.037259
0.037204
0.037276
0.035745
0.036309
0.036409
0.036502
0.036478
0.036511
0.036765
0.036691
0.035758
0.036600
0.036524
0.036420
0.036415
0.036654
0.036872
0.036599
0.035856
0.035916
0.036284
0.036087
0.036056
0.036285
0.036225
0.036336
0.036027
0.036169
0.036150
0.036207
0.035863
0.036097
0.036038
0.035399
0.035949
0.036036
0.036077
0.036351
0.036417
0.036265
0.035950
0.035515
0.035835
0.035927
0.033656
0.038559
0.044511
0.042849
0.041642
0.041095
0.041170
0.039999
0.039932
0.039656
0.036517
0.037072
0.037248
0.037512
0.037297
0.037161
0.037120
0.037140
0.037403
0.037360
0.037218
0.036434
0.036301
0.036407
0.036547
0.036676
0.034408
0.035789
0.035619
0.036130
0.035764
0.035689
0.035987
0.036122
0.035908
0.035928
0.035928
0.036074
0.036030
0.036221
0.036495
0.036113
0.036014
0.036045
0.036301
0.035185
0.035751
0.035825
0.036038
0.035886
0.035640
0.035758
0.036042
0.036173
0.033797
0.035450
0.035561
0.035497
0.035633
0.035687
0.035821
0.035571
0.035424
0.035604
0.035561
0.035585
0.035718
0.035714
0.035481
0.036140
0.035792
0.035716
0.035688
0.035978
0.035941
0.035758
0.035823
0.033558
0.035155
0.035188
0.035384
0.035331
0.035327
0.035197
0.034934
0.033876
0.034821
0.035023
0.035051
0.034848
0.035025
0.034948
0.033867
0.033928
0.034609
0.034849
0.034927
0.035245
0.035042
0.034998
0.035019
0.035241
0.035483
0.035048
0.033830
0.034786
0.034963
0.034936
0.033956
0.034977
0.035112
0.035017
0.034988
0.034677
0.035098
0.035286
0.035284
0.034957
0.035011
0.035049
0.035112
0.035156
0.035084
0.035356
0.035167
0.034969
0.035333
0.034816
0.035406
0.035333
0.035392
0.035532
0.035158
0.035039
0.035312
0.035248
0.036472
0.035885
0.035598
0.035716
0.035728
0.043477
0.042597
0.041510
0.040562
0.038903
0.039795
0.039168
0.039649
0.039023
0.038856
0.038808
0.038928
0.037771
0.037089
0.037084
0.037286
0.037321
0.037495
0.037186
0.036971
0.036759
0.036794
0.034867
0.035859
0.036049
0.036110
0.036069
0.035533
0.036379
0.036154
0.036209
0.036318
0.035920
0.036618
0.036238
0.037061
0.036652
0.036623
0.036402
0.036502
0.036779
0.036613
0.036407
0.035705
0.036090
0.036044
0.036143
0.036098
0.036232
0.036406
0.036045
0.036255
0.036157
0.036449
0.036110
0.036303
0.036314
0.036366
0.036630
0.036616
0.036314
0.036352
0.036454
0.036210
0.036123
0.036236
0.036278
0.036843
0.036461
0.036293
0.036273
0.036516
0.036481
0.036448
0.036635
0.036578
0.036560
0.036041
0.036318
0.036271
0.036231
0.036188
0.036292
0.036298
0.036302
0.036308
0.036209
0.036386
0.036409
0.036574
0.036298
0.036192
0.035625
0.036110
0.036155
0.036560
0.036303
0.035890
0.036005
0.035978
0.036546
0.036389
0.036648
0.036449
0.036413
0.033907
0.035753
0.035158
0.035069
0.035508
0.035519
0.035626
0.035256
0.035474
0.035900
0.035330
0.035944
0.035803
0.035510
0.035995
0.035816
0.035845
0.035978
0.036095
0.036030
0.035870
0.035810
0.035798
0.035746
0.035906
0.035902
0.036035
0.035816
0.035868
0.036029
0.036338
0.038879
0.045884
0.043938
0.041964
0.041282
0.041805
0.040933
0.040424
0.040257
0.039994
0.039958
0.040067
0.039875
0.040058
0.039733
0.039762
0.039766
0.039668
0.039479
0.039412
0.037122
0.037995
0.038182
0.038249
0.038044
0.038396
0.038271
0.038245
0.038132
0.038129
0.037489
0.036893
0.036930
0.036900
0.037189
0.037351
0.037175
0.037101
0.037394
0.037162
0.037625
0.037250
0.037222
0.037340
0.037132
0.037119
0.037259
0.036971
0.037164
0.037210
0.037193
0.037284
0.037201
0.037348
0.037204
0.037164
0.036739
0.037009
0.036903
0.036862
0.036836
0.036900
0.036922
0.037027
0.037060
0.037366
0.037208
0.037567
0.037218
0.036364
0.036790
0.036787
0.036848
0.036639
0.036754
0.036904
0.036952
0.036922
0.036903
0.036668
0.036728
0.036547
0.036888
0.036816
0.037358
0.037162
0.036985
0.037161
0.037040
0.036246
0.036382
0.036444
0.036657
0.036240
0.035096
0.035892
0.036041
0.036264
0.036415
0.035122
0.036267
0.036044
0.036051
0.036149
0.035751
0.036107
0.035943
0.035456
0.035697
0.036027
0.036104
0.036070
0.036046
0.035964
0.035859
0.036000
0.035958
0.035952
0.036388
0.036194
0.036338
0.036404
0.036964
0.036591
0.036577
0.036893
0.036404
0.036334
0.036468
0.036092
0.033372
0.035250
0.035414
0.035283
0.037879
0.044028
0.042514
0.041994
0.041090
0.040996
0.040476
0.040150
0.040052
0.039775
0.039945
0.039672
0.039913
0.039921
0.039794
0.039516
0.039635
0.038878
0.038568
0.038623
0.038583
0.038392
0.038484
0.037941
0.037847
0.037917
0.038041
0.037908
0.038100
0.037993
0.038003
0.037945
0.037272
0.037511
0.037842
0.038366
0.038106
0.038170
0.038357
0.037989
0.038084
0.038525
0.038010
0.038080
0.037954
0.037876
0.037865
0.037786
0.038219
0.038059
0.037991
0.037937
0.037850
0.037599
0.036982
0.037000
0.036902
0.037143
0.036992
0.037002
0.037016
0.037022
0.036849
0.037216
0.037366
0.037329
0.036350
0.036680
0.037305
0.036929
0.037138
0.037061
0.036945
0.036864
0.037044
0.037128
0.036915
0.037019
0.036657
0.036626
0.036841
0.036820
0.036727
0.037021
0.037080
0.036827
0.036991
0.036753
0.036921
0.036885
0.036878
0.036844
0.036954
0.037019
0.036961
0.036962
0.036796
0.036784
0.036533
0.036473
0.036635
0.037008
0.037079
0.036616
0.036244
0.036237
0.036391
0.036137
0.036669
0.036635
0.036410
0.036699
0.036672
0.036547
0.036791
0.036585
0.036598
0.036678
0.036751
0.036764
0.036832
0.036665
0.036762
0.037194
0.036832
0.036780
0.036555
0.036629
0.036715
0.036769
0.036585
0.036573
0.036690
0.040689
0.043981
0.042027
0.041168
0.040665
0.041270
0.040928
0.040356
0.040096
0.039737
0.039573
0.039668
0.039514
0.039475
0.039510
0.039675
0.039603
0.039402
0.039008
0.038780
0.038700
0.038504
0.038473
0.038491
0.038437
0.038450
0.038652
0.038358
0.038456
0.038504
0.038411
0.038636
0.038493
0.038357
0.038737
0.038777
0.038618
0.038650
0.038512
0.038689
0.037758
0.037452
0.037188
0.037086
0.037189
0.037155
0.037322
0.037220
0.037230
0.035875
0.036888
0.036998
0.037243
0.037097
0.037433
0.038059
0.037509
0.034863
0.035442
0.035695
0.035874
0.035927
0.036065
0.035965
0.036085
0.036822
0.036442
0.036147
0.036186
0.036467
0.036380
0.036364
0.036358
0.036404
0.036310
0.034475
0.036433
0.036072
0.036107
0.035881
0.035999
0.036008
0.036067
0.035939
0.036001
0.035907
0.035801
0.036090
0.036001
0.036145
0.036170
0.035939
0.036166
0.036263
0.035897
0.036121
0.035543
0.036800
0.036389
0.036378
0.036417
0.036344
0.036460
0.036386
0.036261
0.036058
0.036149
0.036364
0.036221
0.036204
0.036363
0.035965
0.036267
0.035847
0.035807
0.035971
0.035859
0.035284
0.035836
0.035759
0.036091
0.035911
0.035989
0.034546
0.035564
0.036394
0.035916
0.035942
0.035861
0.035932
0.035803
0.035798
0.035817
0.035782
0.036224
0.043448
0.041907
0.041538
0.040686
0.040669
0.040014
0.039622
0.039755
0.039402
0.039256
0.038842
0.039083
0.039068
0.038442
0.037929
0.037010
0.037397
0.037450
0.037329
0.037489
0.037296
0.037435
0.037281
0.037310
0.037215
0.037441
0.037249
0.037108
0.037122
0.036631
0.036561
0.036800
0.036815
0.036860
0.036632
0.037496
0.035250
0.036217
0.036289
0.036191
0.035052
0.035907
0.035810
0.036236
0.036483
0.036245
0.036154
0.036191
0.036076
0.036199
0.036206
0.036370
0.036258
0.036288
0.036266
0.035532
0.036258
0.036096
0.036206
0.035922
0.035796
0.035841
0.035882
0.035881
0.035844
0.036146
0.035967
0.035835
0.035958
0.036130
0.040181
0.039225
0.036122
0.036606
0.036519
0.036629
0.036759
0.036823
0.036698
0.036692
0.036748
0.036717
0.036703
0.036735
0.036741
0.036867
0.036102
0.036450
0.036520
0.036304
0.036513
0.036521
0.036564
0.036577
0.036523
0.036279
0.036338
0.036402
0.036682
0.037061
0.036566
0.036573
0.036423
0.035873
0.036386
0.036233
0.036318
0.036394
0.036270
0.036054
0.036283
0.036209
0.036638
0.036741
0.036469
0.036582
0.036368
0.036374
0.036600
0.036605
0.035942
0.036374
0.036420
0.036277
0.036480
0.036658
0.036770
0.036834
0.036516
0.036455
0.034675
0.035296
0.035746
0.035787
0.035834
0.038795
0.043997
0.042656
0.042466
0.041266
0.041245
0.040367
0.040328
0.040295
0.040436
0.040132
0.040239
0.040205
0.039851
0.040000
0.039734
0.040038
0.039952
0.039640
0.039060
0.038975
0.039068
0.038950
0.039133
0.036089
0.036572
0.036454
0.036935
0.037048
0.036878
0.037595
0.037033
0.037178
0.037166
0.037199
0.037220
0.036823
0.036942
0.036708
0.036691
0.036791
0.037115
0.037001
0.036856
0.037083
0.036998
0.033859
0.036175
0.036413
0.036556
0.036353
0.036138
0.035642
0.036122
0.035998
0.036139
0.035172
0.035527
0.035772
0.035791
0.035843
0.035854
0.036341
0.036060
0.036187
0.036158
0.035692
0.035673
0.036009
0.036106
0.036161
0.035792
0.036373
0.036187
0.036467
0.036253
0.036049
0.036340
0.036064
0.036518
0.036309
0.036248
0.036394
0.036355
0.036304
0.036586
0.036469
0.035215
0.036181
0.036265
0.036103
0.036129
0.035986
0.036201
0.034560
0.035537
0.035881
0.036069
0.036119
0.036206
0.036607
0.036429
0.036194
0.036256
0.036309
0.036264
0.036390
0.036210
0.036368
0.036338
0.035268
0.035588
0.035410
0.035760
0.035719
0.035027
0.035641
0.035500
0.035494
0.035762
0.035590
0.035055
0.035442
0.035965
0.035953
0.035842
0.036002
0.036012
0.036131
0.036019
0.036194
0.035923
0.035919
0.035833
0.036052
0.035975
0.039673
0.041710
0.040383
0.039782
0.040024
0.040261
0.039512
0.039175
0.039027
0.038586
0.038462
0.038765
0.038670
0.038990
0.039050
0.038416
0.038303
0.035635
0.036899
0.037111
0.037352
0.036980
0.036842
0.036733
0.036681
0.036650
0.036812
0.036924
0.036720
0.036501
0.036720
0.036542
0.036130
0.036834
0.036581
0.037166
0.036927
0.036558
0.036597
0.034389
0.035521
0.035523
0.035492
0.035897
0.035949
0.035125
0.036160
0.035725
0.035719
0.035651
0.035761
0.034216
0.035513
0.035604
0.035569
0.035519
0.035745
0.035658
0.035780
0.036275
0.035812
0.036056
0.035826
0.035786
0.035930
0.035708
0.035874
0.035849
0.036039
0.036005
0.035939
0.036038
0.036034
0.036081
0.036060
0.036338
0.035677
0.035662
0.035724
0.035614
0.035804
0.035881
0.035606
0.035638
0.035674
0.035615
0.035514
0.035679
0.035698
0.035663
0.035541
0.035525
0.035564
0.035528
0.035398
0.035744
0.035465
0.035603
0.035734
0.035641
0.035571
0.035912
0.035938
0.035124
0.035356
0.035333
0.035387
0.035437
0.035539
0.035668
0.035618
0.035620
0.035523
0.035531
0.035593
0.035237
0.035328
0.035356
0.035371
0.035443
0.035501
0.035403
0.035507
0.035853
0.035536
0.035572
0.035643
0.035477
0.035629
0.035593
0.035660
0.036009
0.035708
0.035745
0.035036
0.035481
0.035272
0.035234
0.043730
0.042814
0.041599
0.041079
0.040952
0.040274
0.039826
0.039634
0.039522
0.039638
0.039591
0.037195
0.037727
0.037615
0.036932
0.037227
0.037549
0.037733
0.037354
0.037537
0.037298
0.037219
0.036485
0.036541
0.036485
0.036272
0.036328
0.036139
0.036189
0.036484
0.036495
0.036501
0.036439
0.034648
0.035407
0.036059
0.035893
0.035845
0.035845
0.035711
0.035971
0.035295
0.035699
0.035766
0.035895
0.035644
0.035807
0.036023
0.035760
0.035863
0.035888
0.036004
0.035284
0.035642
0.035670
0.035758
0.035593
0.035615
0.035903
0.035746
0.035818
0.035756
0.035460
0.034758
0.035255
0.035529
0.035672
0.035921
0.035667
0.035746
0.035668
0.035767
0.035453
0.035531
0.035667
0.035565
0.035447
0.035549
0.035617
0.035556
0.035037
0.035463
0.035510
0.035513
0.035550
0.035664
0.035396
0.035331
0.035361
0.035534
0.035137
0.034303
0.035275
0.035241
0.035072
0.035358
0.035255
0.035034
0.035252
0.035325
0.035472
0.035373
0.035652
0.035836
0.035845
0.033268
0.035178
0.035091
0.035185
0.035105
0.035030
0.035110
0.035234
0.035273
0.034841
0.035089
0.034916
0.034943
0.035053
0.035144
0.035238
0.035137
0.035092
0.035110
0.035052
0.035170
0.034851
0.035236
0.035401
0.035060
0.034762
0.034989
0.034747
0.035395
0.034599
0.035078
0.034816
0.034858
0.036728
0.044922
0.043076
0.042831
0.041696
0.038489
0.038883
0.038701
0.038449
0.038396
0.036812
0.036809
0.036962
0.036931
0.036226
0.036287
0.036283
0.036541
0.036465
0.036245
0.036573
0.036839
0.037100
0.036794
0.036588
0.036391
0.036473
0.036424
0.036587
0.036953
0.036502
0.036557
0.036563
0.036327
0.036432
0.036273
0.036827
0.036287
0.036056
0.036090
0.036112
0.036047
0.036348
0.035808
0.035742
0.035805
0.035567
0.035824
0.035793
0.035933
0.036108
0.035884
0.035908
0.035856
0.035351
0.035615
0.035582
0.035725
0.034214
0.035808
0.035978
0.035779
0.036055
0.036051
0.034554
0.035637
0.035069
0.035344
0.035219
0.035206
0.035665
0.035604
0.035735
0.035906
0.035304
0.035415
0.035652
0.036071
0.036119
0.035801
0.036338
0.036419
0.036347
0.036124
0.036290
0.036603
0.036279
0.036202
0.036258
0.036168
0.036606
0.036153
0.035155
0.036013
0.035754
0.035807
0.035836
0.035891
0.035816
0.035800
0.036063
0.035889
0.035603
0.035869
0.035915
0.036438
0.037509
0.036720
0.034680
0.034868
0.035349
0.035705
0.035412
0.035579
0.035810
0.034566
0.035736
0.035614
0.035858
0.035818
0.035662
0.035937
0.035722
0.035830
0.036018
0.036056
0.036124
0.035940
0.035965
0.036190
0.035821
0.035959
0.035948
0.035916
0.035905
0.035760
0.035895
0.035877
0.040824
0.044782
0.043653
0.042239
0.042240
0.042106
0.041321
0.041178
0.041017
0.040785
0.040563
0.040512
0.040506
0.040597
0.040477
0.040504
0.040506
0.040225
0.039724
0.039449
0.038563
0.038419
0.038528
0.038009
0.038045
0.037992
0.035397
0.036636
0.036485
0.036460
0.036576
0.036635
0.035694
0.036249
0.036764
0.035955
0.035677
0.035148
0.037996
0.037033
0.036264
0.036015
0.035777
0.035731
0.035823
0.036202
0.036047
0.035862
0.035927
0.036440
0.036040
0.035961
0.036112
0.035726
0.035828
0.035859
0.036593
0.036353
0.036360
0.036406
0.036336
0.036594
0.036530
0.036669
0.036623
0.037033
0.036594
0.036619
0.036733
0.039406
0.039298
0.038577
0.038388
0.038198
0.038275
0.038087
0.038368
0.037965
0.037751
0.037679
0.035567
0.036345
0.036539
0.036683
0.036514
0.037043
0.036676
0.036627
0.036652
0.036601
0.036701
0.036795
0.036737
0.036788
0.036694
0.036735
0.036727
0.034632
