0.001842
0.001211
0.001206
0.001211
0.001144
0.001128
0.001130
0.001136
0.001099
0.001099
0.001104
0.001083
0.001068
0.001066
0.001075
0.001038
0.001039
0.001037
0.001048
0.001013
0.001010
0.001012
0.001023
0.000991
0.000989
0.000988
0.000999
0.000965
0.000967
0.000965
0.000973
0.000944
0.000944
0.000944
0.000950
0.000992
0.000958
0.000926
0.000960
0.000945
0.000945
0.000919
0.000906
0.000954
0.000936
0.000907
0.000905
0.000941
0.000946
0.000907
0.000948
0.000965
0.000946
0.000917
0.000906
0.000906
0.000958
0.000931
0.000906
0.000906
0.000910
0.000952
0.000935
0.000906
0.000908
0.000907
0.000907
0.000907
0.000907
0.000911
0.000909
0.000906
0.000906
0.000911
0.000906
0.000906
0.000905
0.000910
0.000906
0.000906
0.000905
0.000906
0.000910
0.000907
0.000906
0.000907
0.000911
0.000907
0.000906
0.000906
0.000907
0.000908
0.000907
0.000906
0.000905
0.000912
0.000907
0.000905
0.000906
0.000905
0.000908
0.000907
0.000908
0.000906
0.000911
0.000907
0.000907
0.000905
0.000910
0.000908
0.000906
0.000906
0.000905
0.000908
0.000906
0.000906
0.000910
0.000909
0.000908
0.000906
0.000907
0.000906
0.000908
0.000907
0.000906
0.000907
0.000911
0.000907
0.000907
0.000907
0.000912
0.000908
0.000907
0.000907
0.000907
0.000910
0.000904
0.000907
0.000907
0.000946
0.000907
0.000909
0.000907
0.000907
0.000910
0.000907
0.000905
0.000906
0.000910
0.000906
0.000906
0.000907
0.000911
0.000906
0.000907
0.000906
0.000908
0.000910
0.000907
0.000907
0.000907
0.000912
0.000906
0.000907
0.000908
0.000907
0.000912
0.000905
0.000905
0.000907
0.000909
0.000907
0.000907
0.000907
0.000909
0.000907
0.000908
0.000907
0.000906
0.000910
0.000906
0.000907
0.000907
0.000911
0.000906
0.000907
0.000907
0.000907
0.000909
0.000907
0.000907
0.000906
0.000910
0.000907
0.000908
0.000907
0.000910
0.000907
0.000908
0.000907
0.000906
0.000911
0.000905
0.000906
0.000906
0.000911
0.000906
0.000905
0.000908
0.000907
0.000909
0.000906
0.000907
0.000906
0.000911
0.000906
0.000906
0.000907
0.000910
0.000906
0.000906
0.000907
0.000907
0.000908
0.000906
0.000906
0.000906
0.000913
0.000906
0.000908
0.000906
0.000906
0.000909
0.000907
0.000907
0.000905
0.000910
0.000906
0.000905
0.000906
0.000910
0.000906
0.000905
0.000907
0.000907
0.000910
0.000906
0.000908
0.000907
0.000910
0.000906
0.000906
0.000906
0.000907
0.000909
0.000907
0.000907
0.000907
0.000910
0.000906
0.000906
0.000908
0.000908
0.000909
0.000906
0.000906
0.000907
0.000911
0.000906
0.000907
0.000906
0.000910
0.000907
0.000907
0.000908
0.000907
0.000910
0.000907
0.000907
0.000905
0.000909
0.000907
0.000907
0.000906
0.000906
0.000910
0.000907
0.000907
0.000907
0.000910
0.000906
0.000906
0.000906
0.000911
0.000907
0.000907
0.000933
0.000943
0.000932
0.000905
0.000908
0.000906
0.000911
0.000989
0.000995
0.001095
0.001046
0.000999
0.001036
0.001067
0.001001
0.000998
0.000987
0.000992
0.000997
0.000993
0.000995
0.000996
0.001012
0.000997
0.000958
0.000945
0.001036
0.001016
0.000930
0.000909
0.000988
0.001043
0.000989
0.000977
0.000986
0.000996
0.000967
0.000999
0.000999
0.001003
0.000946
0.000934
0.000981
0.001008
0.000907
0.000931
0.000969
0.000989
0.000962
0.000943
0.000960
0.001030
0.000993
0.000946
0.000945
0.001005
0.000982
0.000945
0.000945
0.001001
0.001008
0.000944
0.000946
0.001008
0.000992
0.000945
0.000946
0.000977
0.000971
0.000945
0.000946
0.000988
0.000973
0.000944
0.000971
0.000972
0.000966
0.000957
0.000944
0.000967
0.000964
0.000978
0.000944
0.000978
0.001006
0.000990
0.000946
0.000943
0.000984
0.000964
0.000943
0.000945
0.000979
0.000967
0.000945
0.000948
0.000955
0.000973
0.000923
0.000953
0.000972
0.000976
0.000943
0.000932
0.000969
0.000965
0.000937
0.000906
0.000905
0.000976
0.000964
0.000928
0.000908
0.000949
0.000929
0.000907
0.000907
0.000909
0.000906
0.000906
0.000906
0.001006
0.000958
0.000932
0.000907
0.000905
0.000913
0.000907
0.000907
0.000907
0.000910
0.000925
0.000945
0.000926
0.000907
0.000911
0.000907
0.000908
0.000905
0.000910
0.000907
0.000906
0.000906
0.000963
0.000928
0.000905
0.000906
0.000906
0.000912
0.000907
0.000906
0.000907
0.000910
0.000940
0.000935
0.000905
0.000910
0.000907
0.000908
0.000905
0.000907
0.000913
0.000906
0.000908
0.000948
0.000939
0.000908
0.000908
0.000906
0.000906
0.000911
0.000907
0.000907
0.000906
0.000912
0.000948
0.000941
0.000906
0.000911
0.000909
0.000908
0.000908
0.000907
0.000910
0.000907
0.000906
0.000959
0.000932
0.000905
0.000906
0.000907
0.000910
0.000907
0.000906
0.000907
0.000908
0.000912
0.000956
0.000931
0.000907
0.000911
0.000907
0.000906
0.000907
0.000906
0.000912
0.000906
0.000907
0.000954
0.000938
0.000906
0.000907
0.000906
0.000911
0.000907
0.000906
0.000907
0.000907
0.000911
0.000952
0.000935
0.000907
0.000912
0.000907
0.000906
0.000906
0.000911
0.000908
0.000907
0.000906
0.000951
0.000950
0.000907
0.000907
0.000908
0.000911
0.000907
0.000907
0.000906
0.000905
0.000909
0.000955
0.000906
0.000908
0.000913
0.000905
0.000908
0.000909
0.000910
0.000906
0.000906
0.000932
0.000946
0.000923
0.000907
0.000907
0.000907
0.000911
0.000907
0.000906
0.000906
0.000962
0.000975
0.000974
0.000907
0.000907
0.000910
0.000907
0.000907
0.000906
0.000915
0.000907
0.000927
0.000944
0.000959
0.000906
0.000907
0.000906
0.000907
0.000911
0.000907
0.000907
0.000906
0.000910
0.000930
0.000945
0.000920
0.000945
0.000955
0.000908
0.000906
0.000906
0.000910
0.000906
0.000905
0.000956
0.000950
0.000946
0.000943
0.000944
0.000950
0.000943
0.000945
0.000944
0.000945
0.000948
0.000945
0.000944
0.000944
0.000948
0.000945
0.000945
0.000945
0.000949
0.000944
0.000944
0.000945
0.000947
0.000945
0.000945
0.000944
0.000949
0.000944
0.000945
0.000946
0.000943
0.000948
0.000945
0.000944
0.000945
0.000984
0.000945
0.000945
0.000945
0.000950
0.000946
0.000945
0.000944
0.000949
0.000943
0.000944
0.000943
0.000946
0.000950
0.000944
0.000945
0.000945
0.000947
0.000947
0.000943
0.000923
0.000910
0.000907
0.000906
0.000908
0.000910
0.000925
0.000945
0.000954
0.000944
0.000946
0.000906
0.000906
0.000907
0.000909
0.000906
0.000907
0.000907
0.000909
0.000938
0.000945
0.000945
0.000927
0.000910
0.000907
0.000907
0.000906
0.000911
0.000907
0.000906
0.000944
0.000965
0.000946
0.000943
0.000935
0.000906
0.000910
0.000908
0.000907
0.000908
0.000910
0.000951
0.000937
0.000908
0.000946
0.000966
0.000964
0.000945
0.000919
0.000958
0.000933
0.000925
0.000945
0.000925
0.000906
0.000907
0.000907
0.000909
0.000906
0.000906
0.000906
0.000907
0.000928
0.000945
0.000925
0.000906
0.000911
0.000907
0.000907
0.000907
0.000911
0.000907
0.000906
0.000906
0.000960
0.000932
0.000908
0.000907
0.000906
0.000912
0.000906
0.000907
0.000907
0.000909
0.000911
0.000958
0.000931
0.000907
0.000911
0.000907
0.000907
0.000906
0.000910
0.000906
0.000906
0.000940
0.000949
0.000910
0.000907
0.000907
0.000907
0.000911
0.000907
0.000906
0.000908
0.000912
0.000937
0.000952
0.000907
0.000907
0.000910
0.000908
0.000906
0.000907
0.000911
0.000907
0.000906
0.000935
0.000957
0.000906
0.000907
0.000906
0.000905
0.000910
0.000906
0.000905
0.000907
0.000910
0.000948
0.000942
0.000907
0.000907
0.000912
0.000907
0.000906
0.000907
0.000910
0.000906
0.000906
0.000945
0.000946
0.000906
0.000906
0.000906
0.000907
0.000911
0.000907
0.000907
0.000907
0.000909
0.000942
0.000947
0.000905
0.000912
0.000906
0.000906
0.000907
0.000906
0.000911
0.000907
0.000907
0.000954
0.000909
0.000906
0.000907
0.000907
0.000907
0.000911
0.000908
0.000908
0.000907
0.000911
0.000953
0.000936
0.000906
0.000910
0.000939
0.000966
0.000979
0.000907
0.000912
0.000906
0.000908
0.000955
0.000936
0.000906
0.000907
0.000907
0.000954
0.000938
0.000907
0.000907
0.000907
0.000910
0.000956
0.000931
0.000905
0.000910
0.000908
0.000908
0.000907
0.000910
0.000908
0.000906
0.000936
0.000951
0.000913
0.000907
0.000908
0.000907
0.000911
0.000906
0.000907
0.000906
0.000910
0.000935
0.000951
0.000906
0.000906
0.000910
0.000906
0.000907
0.000906
0.000909
0.000906
0.000906
0.000931
0.000949
0.000917
0.000907
0.000906
0.000907
0.000911
0.000908
0.000907
0.000906
0.000911
0.000944
0.000943
0.000907
0.000906
0.000911
0.000907
0.000907
0.000907
0.000912
0.000905
0.000906
0.000942
0.000951
0.000907
0.000906
0.000907
0.000906
0.000910
0.000908
0.000907
0.000904
0.000911
0.000941
0.000948
0.000908
0.000912
0.000908
0.000906
0.000907
0.000906
0.000912
0.000907
0.000907
0.000938
0.000953
0.000907
0.000907
0.000907
0.000907
0.000911
0.000906
0.000907
0.000907
0.000911
0.000955
0.000932
0.000907
0.000910
0.000905
0.000908
0.000906
0.000906
0.000910
0.000905
0.000905
0.000952
0.000939
0.000907
0.000907
0.000906
0.000909
0.000906
0.000906
0.000908
0.000906
0.000912
0.000951
0.000936
0.000906
0.000909
0.000906
0.000906
0.000907
0.000907
0.000912
0.000906
0.000924
0.000942
0.000927
0.000905
0.000906
0.000907
0.000910
0.000906
0.000907
0.000907
0.000905
0.000927
0.000944
0.000927
0.000907
0.000910
0.000907
0.000907
0.000907
0.000911
0.000907
0.000907
0.000905
0.000958
0.000933
0.000908
0.000906
0.000906
0.000911
0.001045
0.000929
0.000907
0.000911
0.000924
0.000946
0.000923
0.000906
0.000912
0.000907
0.000906
0.000907
0.000910
0.000907
0.000906
0.000943
0.000948
0.000907
0.000906
0.000906
0.000908
0.000909
0.000906
0.000906
0.000907
0.000910
0.000939
0.000947
0.000906
0.000906
0.000910
0.000907
0.000906
0.000907
0.000913
0.000908
0.000907
0.000936
0.000953
0.000908
0.000908
0.000906
0.000907
0.000910
0.000906
0.000904
0.000906
0.000910
0.000951
0.000936
0.000907
0.000911
0.000906
0.000907
0.000907
0.000907
0.000911
0.000908
0.000908
0.000950
0.000941
0.000906
0.000907
0.000905
0.000905
0.000910
0.000904
0.000907
0.000908
0.000910
0.000948
0.000941
0.000905
0.000909
0.000907
0.000906
0.000906
0.000907
0.000911
0.000907
0.000907
0.000945
0.000948
0.000907
0.000907
0.000906
0.000911
0.000907
0.000908
0.000906
0.000906
0.000930
0.000945
0.000924
0.000905
0.000910
0.000906
0.000907
0.000906
0.000906
0.000911
0.000907
0.000946
0.000977
0.000974
0.000908
0.000906
0.000906
0.000911
0.000908
0.000906
0.000906
0.000906
0.000929
0.000944
0.000924
0.000908
0.000911
0.000907
0.000907
0.000909
0.000911
0.000907
0.000907
0.000907
0.000908
0.000939
0.000907
0.000907
0.000908
0.000910
0.000907
0.000906
0.000906
0.000910
0.000937
0.000927
0.000908
0.000907
0.000910
0.000907
0.000908
0.000907
0.000909
0.000908
0.000906
0.000907
0.000906
0.000910
0.000907
0.000908
0.000907
0.000910
0.000906
0.000908
0.000907
0.000909
0.000928
0.000927
0.000906
0.000906
0.000911
0.000907
0.000907
0.000906
0.000911
0.000907
0.000906
0.000907
0.000906
0.000911
0.000906
0.000907
0.000906
0.000909
0.000907
0.000907
0.000906
0.000908
0.000906
0.000906
0.000905
0.000905
0.000909
0.000907
0.000905
0.000906
0.000909
0.000908
0.000906
0.000908
0.000908
0.000910
0.000908
0.000907
0.000908
0.000910
0.000907
0.000908
0.000908
0.000910
0.000907
0.000907
0.000906
0.000907
0.000909
0.000907
0.000908
0.000908
0.000910
0.000906
0.000907
0.000934
0.000956
0.000910
0.000908
0.000908
0.000907
0.000910
0.000907
0.000907
0.000908
0.000909
0.000932
0.000943
0.000918
0.000906
0.000911
0.000907
0.000906
0.000908
0.000910
0.000908
0.000907
0.000907
0.000907
0.000910
0.000907
0.000905
0.000906
0.000909
0.000907
0.000907
0.000907
0.000909
0.000906
0.000906
0.000907
0.000907
0.000911
0.000905
0.000906
0.000906
0.000911
0.000908
0.000905
0.000906
0.000906
0.000909
0.000907
0.000909
0.000906
0.000911
0.000906
0.000905
0.000906
0.000909
0.000908
0.000906
0.000907
0.000906
0.000910
0.000907
0.000906
0.000905
0.000909
0.000904
0.000905
0.000939
0.000947
0.000910
0.000908
0.000906
0.000907
0.000911
0.000907
0.000906
0.000908
0.000911
0.000938
0.000919
0.000906
0.000908
0.000912
0.000908
0.000908
0.000908
0.000909
0.000907
0.000907
0.000934
0.000957
0.000908
0.000908
0.000906
0.000907
0.000911
0.000908
0.000907
0.000906
0.000911
0.000934
0.000954
0.000906
0.000907
0.001005
0.000939
0.000906
0.000906
0.000912
0.000909
0.000905
0.000905
0.000911
0.000954
0.000907
0.000907
0.000908
0.000909
0.000906
0.000906
0.000907
0.000910
0.000905
0.000905
0.000908
0.000909
0.000906
0.000907
0.000908
0.000909
0.000908
0.000906
0.000907
0.000907
0.000911
0.000907
0.000906
0.000906
0.000905
0.000909
0.000907
0.000907
0.000906
0.000911
0.000909
0.000907
0.000908
0.000908
0.000907
0.000907
0.000908
0.000906
0.000910
0.000908
0.000907
0.000951
0.000942
0.000906
0.000907
0.000907
0.000947
0.000968
0.000976
0.000908
0.000906
0.000910
0.000957
0.000932
0.000906
0.000910
0.000906
0.000906
0.000952
0.000940
0.000908
0.000907
0.000906
0.000956
0.000934
0.000907
0.000907
0.000906
0.000910
0.000906
0.000906
0.000907
0.000912
0.000935
0.000926
0.000907
0.000906
0.000910
0.000907
0.000907
0.000906
0.000909
0.000907
0.000907
0.000908
0.000907
0.000912
0.000907
0.000907
0.000906
0.000910
0.000907
0.000907
0.000906
0.000911
0.000906
0.000906
0.000906
0.000908
0.000910
0.000907
0.000907
0.000907
0.000910
0.000907
0.000905
0.000906
0.000906
0.000909
0.000907
0.000905
0.000907
0.000911
0.000907
0.000908
0.000908
0.000909
0.000960
0.000954
0.000907
0.000906
0.000910
0.000906
0.000907
0.000907
0.000910
0.000907
0.000907
0.000930
0.000945
0.000921
0.000906
0.000908
0.000907
0.000910
0.000906
0.000909
0.000906
0.000910
0.000944
0.000944
0.000906
0.000907
0.000910
0.000905
0.000908
0.000906
0.000912
0.000908
0.000907
0.000939
0.000950
0.000908
0.000907
0.000905
0.000906
0.000910
0.000905
0.000905
0.000908
0.000910
0.000939
0.000950
0.000908
0.000912
0.000906
0.000910
0.000907
0.000906
0.000911
0.000907
0.000905
0.000906
0.000909
0.000907
0.000906
0.000906
0.000905
0.000909
0.000907
0.000907
0.000906
0.000910
0.000909
0.000907
0.000906
0.000907
0.000909
0.000907
0.000905
0.000907
0.000908
0.000906
0.000907
0.000906
0.000911
0.000907
0.000907
0.000906
0.000908
0.000909
0.000907
0.000907
0.000907
0.000912
0.000908
0.000907
0.000906
0.000906
0.000910
0.000907
0.000907
0.000907
0.000909
0.000907
0.000907
0.000907
0.000909
0.000907
0.000907
0.000907
0.000906
0.000913
0.000907
0.000905
0.000907
0.000910
0.000954
0.000907
0.000906
0.000906
0.000909
0.000907
0.000907
0.000907
0.000910
0.000906
0.000907
0.000906
0.000910
0.000906
0.000906
0.000905
0.000909
0.000910
0.000906
0.000906
0.000907
0.000910
0.000908
0.000908
0.000906
0.000907
0.000910
0.000907
0.000907
0.000908
0.000908
0.000908
0.000907
0.000946
0.000947
0.000907
0.000907
0.000907
0.000907
0.000911
0.000906
0.000907
0.000907
0.000911
0.000941
0.000945
0.000907
0.000910
0.000905
0.000908
0.000908
0.000907
0.000909
0.000908
0.000908
0.000940
0.000952
0.000908
0.000909
0.000906
0.000907
0.000908
0.000906
0.000907
0.000907
0.000908
0.000957
0.000908
0.000907
0.000908
0.000908
0.000907
0.000907
0.000905
0.000911
0.000906
0.000905
0.000906
0.000909
0.000907
0.000906
0.000907
0.000905
0.000909
0.000907
0.000908
0.000905
0.000911
0.000944
0.000945
0.000950
0.000911
0.000906
0.000906
0.000906
0.000906
0.000909
0.000905
0.000906
0.000907
0.000909
0.000908
0.000906
0.000907
0.000911
0.000908
0.000908
0.000907
0.000906
0.000912
0.000955
0.000906
0.000907
0.000910
0.000907
0.000906
0.000907
0.000907
0.000909
0.000907
0.000905
0.000906
0.000910
0.000909
0.000906
0.000908
0.000909
0.000905
0.000906
0.000907
0.000907
0.000909
0.000907
0.000906
0.000907
0.000909
0.000908
0.000907
0.000908
0.000905
0.000909
0.000906
0.000907
0.000959
0.000933
0.000905
0.000906
0.000906
0.000911
0.000907
0.000907
0.000906
0.000907
0.000910
0.000956
0.000931
0.000907
0.000909
0.000905
0.000907
0.000906
0.000909
0.000906
0.000906
0.000907
0.000952
0.000978
0.000908
0.000907
0.000907
0.000911
0.000908
0.000907
0.000906
0.000907
0.000937
0.000928
0.000906
0.000907
0.000909
0.000907
0.000907
0.000906
0.000910
0.000907
0.000906
0.000908
0.000905
0.000909
0.000906
0.000908
0.000906
0.000910
0.000907
0.000907
0.000908
0.000906
0.000911
0.000907
0.000907
0.000907
0.000910
0.000905
0.000906
0.000907
0.000910
0.000907
0.000906
0.000906
0.000905
0.000911
0.000907
0.000904
0.000906
0.000910
0.000907
0.000906
0.000960
0.000980
0.000918
0.000908
0.000907
0.000907
0.000911
0.000906
0.000907
0.000906
0.000910
0.000907
0.000906
0.000909
0.000907
0.000908
0.000907
0.000907
0.000905
0.000909
0.000907
0.000907
0.000905
0.000910
0.000906
0.000907
0.000906
0.000908
0.000909
0.000907
0.000906
0.000907
0.000909
0.000908
0.000907
0.000907
0.000907
0.000910
0.000906
0.000906
0.000907
0.000910
0.000905
0.000907
0.000907
0.000909
0.000907
0.000907
0.000906
0.000906
0.000910
0.000907
0.000906
0.000906
0.000917
0.000907
0.000907
0.000907
0.000905
0.000911
0.000907
0.000908
0.000907
0.000911
0.000906
0.000907
0.000907
0.000912
0.000908
0.000907
0.000906
0.000907
0.000910
0.000907
0.000907
0.000907
0.000908
0.000906
0.000907
0.000907
0.000908
0.000908
0.000906
0.000908
0.000907
0.000910
0.000907
0.000906
0.000907
0.000913
0.000935
0.000955
0.000907
0.000907
0.000913
0.000906
0.000906
0.000907
0.000909
0.000907
0.000907
0.000930
0.000947
0.000920
0.000906
0.000906
0.000907
0.000910
0.000905
0.000906
0.000906
0.000912
0.000944
0.000944
0.000907
0.000945
0.000988
0.000970
0.000969
0.000970
0.000977
0.000993
0.000972
0.000950
0.000911
0.000907
0.000907
0.000906
0.000910
0.000905
0.000906
0.000908
0.000908
0.000910
0.000906
0.000906
0.000909
0.000911
0.000906
0.000908
0.000907
0.000964
0.000939
0.000907
0.000907
0.000907
0.000911
0.000906
0.000909
0.000907
0.000911
0.000906
0.000906
0.000907
0.000907
0.000909
0.000908
0.000908
0.000906
0.000909
0.000905
0.000907
0.000921
0.000911
0.000907
0.000908
0.000907
0.000907
0.000909
0.000907
0.000908
0.000908
0.000909
0.000906
0.000906
0.000905
0.000907
0.000909
0.000908
0.000907
0.000906
0.000911
0.000906
0.000907
0.000908
0.000911
0.000906
0.000907
0.000905
0.000907
0.000910
0.000908
0.000907
0.000908
0.000911
0.000906
0.000906
0.000906
0.000906
0.000909
0.000907
0.000907
0.000905
0.000911
0.000907
0.000907
0.000907
0.000909
0.000906
0.000907
0.000908
0.000906
0.000910
0.000907
0.000909
0.000907
0.000910
0.000906
0.000907
0.000906
0.000906
0.000910
0.000906
0.000906
0.000907
0.000909
0.000907
0.000906
0.000907
0.000908
0.000906
0.000908
0.000909
0.000907
0.000909
0.000907
0.000906
0.000907
0.000909
0.000907
0.000908
0.000906
0.000907
