0.196509
0.215244
0.215554
0.216059
0.220758
0.226379
0.224050
0.223423
0.220994
0.219306
0.218857
0.218821
0.217581
0.218111
0.218476
0.218150
0.219408
0.222640
0.220467
0.219217
0.219633
0.220631
0.219423
0.219400
0.219167
0.219133
0.220456
0.223133
0.225286
0.224169
0.224835
0.222467
0.222331
0.222367
0.220775
0.218958
0.219062
0.218720
0.218815
0.217620
0.217571
0.216656
0.217289
0.216931
0.218344
0.217171
0.216953
0.217129
0.217233
0.218619
0.226420
0.227101
0.225905
0.225901
0.224609
0.222994
0.222800
0.221897
0.223419
0.221979
0.220739
0.220841
0.221414
0.219814
0.219251
0.218660
0.219165
0.216805
0.217286
0.217400
0.217491
0.219129
0.218516
0.228602
0.225863
0.224532
0.224078
0.222315
0.222048
0.221930
0.221868
0.219657
0.220174
0.220732
0.220335
0.218562
0.218804
0.218417
0.219027
0.219215
0.220597
0.219238
0.218904
0.219300
0.220520
0.221426
0.226209
0.224793
0.224922
0.224975
0.221376
0.221891
0.221927
0.222671
0.221468
0.219305
0.219503
0.219835
0.220505
0.219276
0.218598
0.219108
0.220376
0.219633
0.219071
0.218989
0.219214
0.220382
0.229454
0.225050
0.224472
0.223518
0.223256
0.221357
0.222099
0.221592
0.219669
0.220728
0.220553
0.220174
0.219893
0.221309
0.219836
0.219782
0.220196
0.219202
0.219133
0.218992
0.218983
0.219075
0.219967
0.224554
0.224172
0.222829
0.220627
0.219228
0.219493
0.220361
0.220183
0.218719
0.219234
0.219066
0.219721
0.223012
0.223522
0.218894
0.219709
0.219513
0.219476
0.219098
0.218032
0.218484
0.218354
0.224496
0.223994
0.223678
0.222497
0.218623
0.220058
0.219649
0.221364
0.220741
0.221865
0.220236
0.219910
0.219469
0.220502
0.219709
0.219183
0.217748
0.216861
0.218483
0.217337
0.217377
0.217725
0.217294
0.225900
0.226942
0.225694
0.221210
0.221454
0.219921
0.220568
0.219767
0.219565
0.221206
0.218288
0.218073
0.218035
0.219598
0.215989
0.217948
0.218616
0.218416
0.219762
0.218233
0.218282
0.218172
0.219372
0.229325
0.225239
0.224399
0.223718
0.223867
0.222161
0.221845
0.219692
0.219226
0.220703
0.219857
0.220252
0.220155
0.220958
0.219873
0.219609
0.219960
0.219782
0.220310
0.218999
0.218898
0.219261
0.226095
0.225564
0.224382
0.223742
0.222068
0.222990
0.221758
0.221200
0.221000
0.220870
0.219260
0.219190
0.219019
0.219946
0.221527
0.219981
0.220143
0.220428
0.220747
0.219708
0.219499
0.219427
0.219686
0.225713
0.225738
0.224919
0.218890
0.219926
0.218989
0.218839
0.218615
0.218016
0.218334
0.217087
0.217453
0.217679
0.217410
0.217302
0.216747
0.216820
0.216713
0.217782
0.216745
0.216311
0.216866
0.217561
0.228671
0.225171
0.224445
0.222888
0.219245
0.221184
0.220424
0.219484
0.219488
0.219586
0.217075
0.218660
0.220448
0.219677
0.219573
0.219262
0.218942
0.219211
0.218032
0.218537
0.218568
0.218439
0.222526
0.226215
0.223544
0.223385
0.223242
0.222161
0.221574
0.220950
0.220549
0.220639
0.221703
0.219739
0.219449
0.218636
0.218493
0.220212
0.218747
0.218542
0.218387
0.219796
0.218820
0.219018
0.218725
0.222135
0.223226
0.220634
0.220472
0.220227
0.221484
0.220534
0.219853
0.219849
0.219949
0.220555
0.219213
0.219118
0.219101
0.218737
0.220086
0.218956
0.218862
0.218865
0.218384
0.218078
0.217545
0.217513
0.226784
0.227439
0.224947
0.223404
0.222949
0.222958
0.221958
0.222062
0.220648
0.220963
0.222102
0.220360
0.220753
0.220629
0.221109
0.220028
0.220006
0.220063
0.219838
0.220852
0.219518
0.219969
0.223791
0.229761
0.226587
0.223974
0.223606
0.223458
0.222634
0.221098
0.220589
0.220328
0.220729
0.220751
0.220357
0.220087
0.220408
0.219690
0.218706
0.219315
0.219338
0.219149
0.220752
0.219142
0.219361
0.227620
0.225355
0.223240
0.220243
0.221290
0.221363
0.222876
0.221354
0.221067
0.221633
0.222114
0.220702
0.220571
0.220249
0.220164
0.220895
0.219963
0.219544
0.219999
0.220819
0.217952
0.218869
0.221977
0.230136
0.226913
0.225026
0.223456
0.221945
0.222840
0.221665
0.221217
0.218859
0.220373
0.221649
0.221900
0.221270
0.220534
0.219204
0.221498
0.219405
0.219746
0.219763
0.218843
0.216865
0.218181
0.227074
0.227711
0.226472
0.223397
0.220697
0.221483
0.222537
0.220668
0.219365
0.219736
0.218741
0.220565
0.219503
0.217834
0.219225
0.219625
0.219257
0.218830
0.219245
0.219041
0.219872
0.219326
0.219485
0.228889
0.225882
0.224224
0.222056
0.220437
0.220353
0.222065
0.221033
0.220602
0.220818
0.220552
0.221920
0.220375
0.217651
0.218389
0.217878
0.218352
0.218741
0.218477
0.218475
0.219974
0.218798
0.223932
0.228084
0.227560
0.225843
0.222911
0.222440
0.222279
0.223485
0.220659
0.220300
0.220517
0.221984
0.220102
0.220055
0.219190
0.218824
0.220141
0.219183
0.219433
0.218730
0.217962
0.219623
0.218452
0.225655
0.225795
0.225831
0.224227
0.224091
0.223751
0.223770
0.224800
0.220175
0.221297
0.220997
0.218839
0.220257
0.220232
0.220117
0.220011
0.221785
0.221347
0.221172
0.219860
0.219287
0.218693
0.221831
0.227583
0.225476
0.225754
0.223446
0.222589
0.218748
0.221985
0.220281
0.220224
0.218271
0.219055
0.220372
0.219186
0.219312
0.219255
0.217238
0.220040
0.218457
0.218866
0.218069
0.218700
0.218208
0.223877
0.228083
0.226765
0.224810
0.221954
0.221747
0.220918
0.220217
0.219510
0.220071
0.220565
0.219523
0.221703
0.221137
0.220619
0.220504
0.225448
0.222748
0.221834
0.220562
0.220168
0.218696
0.218807
0.224052
0.223601
0.223494
0.222394
0.222706
0.221805
0.220548
0.221871
0.220602
0.220431
0.221034
0.221112
0.220732
0.218393
0.218950
0.218645
0.220338
0.219467
0.219280
0.217960
0.218458
0.221898
0.224742
0.227982
0.225706
0.228410
0.226175
0.225790
0.227234
0.226247
0.223303
0.225360
0.225101
0.222247
0.219351
0.220141
0.218480
0.217392
0.217481
0.216533
0.217154
0.217693
0.217440
0.218060
0.217674
0.226841
0.226572
0.225490
0.223804
0.221757
0.221722
0.220953
0.218311
0.219799
0.218584
0.218194
0.218394
0.219599
0.218645
0.217945
0.217951
0.218330
0.219115
0.217756
0.217023
0.217739
0.218367
0.218816
0.226645
0.225139
0.224679
0.223820
0.221607
0.221586
0.221333
0.222142
0.220813
0.220337
0.220228
0.220539
0.220574
0.220015
0.219891
0.220003
0.220034
0.220413
0.219340
0.219525
0.216645
0.219416
0.223455
0.226179
0.225067
0.224104
0.222455
0.220272
0.219629
0.219741
0.220205
0.219082
0.218961
0.218345
0.218246
0.218154
0.216973
0.217295
0.217110
0.218780
0.217739
0.217598
0.217163
0.217613
0.217642
0.226648
0.225400
0.223888
0.223602
0.223648
0.221827
0.222009
0.221274
0.222053
0.221219
0.220087
0.219053
0.222508
0.221783
0.220264
0.219933
0.219277
0.220467
0.219083
0.218870
0.218816
0.218091
0.219910
0.227744
0.225645
0.223283
0.223591
0.219489
0.218589
0.220200
0.220494
0.219888
0.217535
0.218055
0.218200
0.215938
0.218217
0.217319
0.216799
0.216734
0.216607
0.217095
0.216967
0.216845
0.217683
0.222838
0.227527
0.222156
0.223167
0.222801
0.219813
0.219527
0.220096
0.219488
0.219027
0.219560
0.218542
0.218236
0.218679
0.218748
0.217126
0.216870
0.216837
0.216256
0.216957
0.216604
0.216899
0.215172
0.224316
0.224055
0.222628
0.222529
0.221535
0.220536
0.219964
0.220432
0.219924
0.219109
0.217475
0.217227
0.217568
0.217113
0.218209
0.216911
0.217245
0.216144
0.217586
0.216689
0.216935
0.216943
0.217134
0.224815
0.224920
0.223237
0.221873
0.222124
0.221005
0.220356
0.221249
0.221073
0.219484
0.218743
0.217622
0.217781
0.218809
0.219372
0.218445
0.218148
0.218429
0.219715
0.217949
0.217655
0.217811
0.217962
0.229044
0.224624
0.223147
0.222612
0.223547
0.222007
0.221670
0.221634
0.221378
0.218827
0.215414
0.217890
0.217681
0.218599
0.217604
0.216646
0.217572
0.217780
0.217168
0.217323
0.217382
0.217182
0.220656
0.226547
0.224448
0.223571
0.222434
0.220305
0.221689
0.221410
0.220641
0.221093
0.222152
0.220535
0.221782
0.221863
0.219080
0.218338
0.217989
0.218265
0.217471
0.219266
0.217922
0.218184
0.218169
0.226319
0.225224
0.223424
0.222336
0.222392
0.223516
0.222242
0.222164
0.221579
0.221795
0.219903
0.220030
0.219670
0.219141
0.220399
0.219807
0.219664
0.218974
0.219606
0.220870
0.219231
0.219092
0.219256
0.230062
0.225383
0.224292
0.223326
0.222886
0.224130
0.221689
0.221266
0.220966
0.220435
0.219811
0.218153
0.219701
0.220276
0.215863
0.216869
0.217419
0.217094
0.217282
0.218050
0.216632
0.216762
0.220291
0.227260
0.224473
0.223919
0.223024
0.223025
0.222553
0.220808
0.220455
0.219956
0.221198
0.220146
0.218345
0.218613
0.218606
0.219698
0.218464
0.218611
0.218439
0.218137
0.218071
0.217998
0.218113
0.223957
0.227182
0.224361
0.223338
0.222758
0.222438
0.223816
0.221872
0.220882
0.220597
0.219152
0.218874
0.219087
0.218882
0.219073
0.217409
0.216881
0.216634
0.216984
0.216957
0.216833
0.216577
0.216899
0.227559
0.226856
0.224790
0.223587
0.221922
0.221418
0.218880
0.218607
0.218350
0.218155
0.217597
0.217518
0.217604
0.217804
0.217037
0.217898
0.216958
0.215652
0.216713
0.216478
0.216808
0.216840
0.217785
0.226047
0.221892
0.220944
0.220865
0.220460
0.219332
0.221560
0.220071
0.219654
0.219413
0.219320
0.218569
0.221532
0.220550
0.220034
0.220878
0.219580
0.219462
0.219506
0.219842
0.218600
0.218821
0.221750
0.225772
0.223753
0.222556
0.220796
0.220946
0.220941
0.219530
0.219593
0.219287
0.219007
0.218811
0.218036
0.217560
0.217432
0.214736
0.217892
0.216715
0.216359
0.216545
0.218064
0.216877
0.217246
0.223995
0.222780
0.222377
0.220902
0.218298
0.217494
0.219768
0.218746
0.216597
0.218120
0.218086
0.219514
0.218390
0.218154
0.216362
0.217632
0.218878
0.217785
0.217888
0.217876
0.218169
0.214723
0.217404
0.224886
0.224006
0.223815
0.222260
0.221399
0.221400
0.221974
0.219902
0.219378
0.219507
0.219897
0.221049
0.219867
0.219096
0.219017
0.218681
0.219631
0.217735
0.218382
0.218175
0.216861
0.218062
0.218127
0.227485
0.224045
0.220139
0.220826
0.220170
0.220333
0.220691
0.218112
0.217639
0.217603
0.216742
0.217719
0.217033
0.217185
0.217104
0.217363
0.217952
0.217617
0.217973
0.217768
0.217149
0.214284
0.218186
0.226297
0.221991
0.222607
0.219724
0.219330
0.217676
0.220585
0.216502
0.217961
0.218153
0.217572
0.219175
0.217498
0.217259
0.217592
0.217110
0.218772
0.217451
0.216155
0.216791
0.218167
0.217132
0.220407
0.226410
0.224639
0.221756
0.220744
0.220091
0.220205
0.220736
0.219226
0.219196
0.217747
0.218692
0.221315
0.220936
0.220047
0.219257
0.219559
0.219344
0.218033
0.215813
0.216684
0.217946
0.216708
0.221173
0.226309
0.226448
0.224732
0.223258
0.223127
0.223085
0.221573
0.220692
0.219655
0.220509
0.220475
0.219911
0.219259
0.218847
0.218802
0.219930
0.219063
0.218915
0.217422
0.218704
0.220325
0.218639
0.227636
0.224118
0.220264
0.220858
0.218807
0.218373
0.218612
0.219273
0.217632
0.217982
0.217572
0.217505
0.218969
0.217820
0.215698
0.217203
0.218376
0.217468
0.216851
0.217094
0.217318
0.218556
0.218823
0.227956
0.223514
0.221107
0.220739
0.219565
0.218738
0.220575
0.220333
0.219560
0.219250
0.217893
0.219013
0.220421
0.219079
0.217820
0.218767
0.219900
0.218869
0.218286
0.218579
0.218364
0.219213
0.221548
0.226154
0.224026
0.224845
0.223455
0.222924
0.222770
0.222608
0.221663
0.219674
0.220104
0.219909
0.220063
0.220244
0.217924
0.218774
0.218437
0.217741
0.218051
0.217880
0.217996
0.218104
0.218286
0.224338
0.223760
0.223163
0.222353
0.221046
0.220636
0.220526
0.220568
0.221833
0.220380
0.220648
0.220508
0.221804
0.220539
0.217714
0.218743
0.218919
0.219687
0.219012
0.219445
0.219478
0.219166
0.220331
0.229275
0.226961
0.226251
0.226155
0.223159
0.223300
0.223162
0.222450
0.222943
0.221116
0.221321
0.223154
0.224580
0.222657
0.222378
0.222063
0.221676
0.222011
0.221179
0.220694
0.220544
0.221388
0.224887
0.227343
0.226599
0.225465
0.225208
0.223321
0.223448
0.223176
0.224484
0.222606
0.222061
0.222017
0.221256
0.222635
0.221635
0.221209
0.221155
0.220209
0.219788
0.219899
0.219646
0.220040
0.222832
0.229264
0.227788
0.226315
0.225954
0.222179
0.222746
0.220985
0.220424
0.221770
0.220798
0.219533
0.219856
0.220353
0.218887
0.217645
0.217829
0.218154
0.218921
0.218359
0.217988
0.218076
0.218023
0.224239
0.227017
0.225017
0.221758
0.220217
0.221348
0.220879
0.221314
0.219168
0.221089
0.218937
0.219431
0.219294
0.220224
0.218083
0.218568
0.218665
0.218094
0.219050
0.218324
0.217196
0.218428
0.217928
0.226785
0.226760
0.224781
0.222671
0.221274
0.219768
0.220234
0.219952
0.220016
0.221287
0.220149
0.219877
0.219168
0.221784
0.217045
0.217910
0.217967
0.218554
0.219784
0.218651
0.218374
0.218127
0.222516
0.226448
0.223983
0.223813
0.221529
0.221376
0.220710
0.220922
0.220131
0.220325
0.220024
0.219801
0.219819
0.219413
0.220032
0.218926
0.218641
0.218508
0.218441
0.218995
0.218426
0.218469
0.218364
0.220547
0.225687
0.223910
0.223759
0.221211
0.220980
0.219799
0.220609
0.219875
0.220637
0.219579
0.219328
0.221894
0.221563
0.221586
0.220609
0.219559
0.219249
0.216292
0.219661
0.218113
0.218589
0.218320
0.227360
0.227926
0.224815
0.223016
0.222434
0.224291
0.222737
0.221765
0.220921
0.222324
0.220728
0.218929
0.220765
0.220147
0.221483
0.219887
0.220013
0.219833
0.219779
0.220022
0.219785
0.220219
0.223552
0.229276
0.226282
0.224672
0.223491
0.222269
0.221579
0.221121
0.221234
0.221006
0.222222
0.220747
0.218620
0.219589
0.220529
0.218881
0.219122
0.218827
0.218781
0.218124
0.219069
0.218544
0.218633
0.225879
0.228263
0.224752
0.223239
0.222214
0.223112
0.222262
0.222367
0.222020
0.221179
0.220838
0.220033
0.220040
0.219790
0.220521
0.219665
0.219922
0.219576
0.219602
0.220218
0.219102
0.219408
0.219779
0.230035
0.226354
0.224152
0.222744
0.222844
0.223577
0.222209
0.221362
0.221759
0.220940
0.218468
0.217923
0.218616
0.219105
0.217923
0.218018
0.217891
0.217444
0.218003
0.218075
0.214724
0.217443
0.223469
0.227680
0.224976
0.223963
0.223704
0.222817
0.223377
0.221573
0.221206
0.221372
0.220199
0.218622
0.218246
0.218331
0.218614
0.218860
0.217088
0.217804
0.218075
0.217808
0.219383
0.217380
0.217819
0.224913
0.228380
0.225327
0.224476
0.223763
0.223269
0.223725
0.221135
0.220081
0.220302
0.221794
0.220775
0.222508
0.218890
0.218458
0.220169
0.218642
0.218448
0.215632
0.217125
0.217000
0.216443
0.218778
0.227257
0.225013
0.222550
0.220955
0.220673
0.221503
0.220787
0.220909
0.220832
0.220354
0.218678
0.218871
0.218741
0.218028
0.218794
0.219909
0.218340
0.218498
0.218278
0.219539
0.218538
0.218753
0.221290
0.226894
0.224833
0.223449
0.222514
0.220549
0.221118
0.217375
0.218340
0.217590
0.217932
0.219106
0.217405
0.215842
0.216885
0.215277
0.218186
0.217595
0.217045
0.216904
0.218415
0.216270
0.215431
0.224203
0.223596
0.221433
0.219903
0.219099
0.219257
0.220240
0.218824
0.218932
0.218997
0.218784
0.219716
0.218547
0.217514
0.218225
0.218075
0.217883
0.216843
0.216223
0.216679
0.217381
0.216804
0.216972
0.222876
0.226972
0.226395
0.223723
0.222656
0.222323
0.222819
0.221176
0.221243
0.220566
0.220691
0.220111
0.217377
0.218702
0.218983
0.215523
0.219199
0.218353
0.219178
0.219006
0.219577
0.218990
0.218708
0.228040
0.224857
0.223037
0.221607
0.220900
0.220940
0.222390
0.221696
0.220816
0.220807
0.220246
0.219128
0.219044
0.218621
0.218975
0.220374
0.219398
0.219387
0.218438
0.218351
0.219770
0.218509
0.220909
0.226010
0.224343
0.225070
0.223557
0.219660
0.221671
0.220654
0.220286
0.220326
0.220520
0.219963
0.223801
0.223517
0.222841
0.222360
0.222966
0.219921
0.220374
0.220647
0.220595
0.221718
0.220373
0.228717
0.226499
0.225896
0.223677
0.221926
0.221747
0.221152
0.222457
0.220844
0.220019
0.217495
0.219872
0.219628
0.219030
0.219099
0.219131
0.220292
0.218749
0.219201
0.218886
0.219109
0.217657
0.222890
0.225316
0.222806
0.221321
0.219391
0.219190
0.218959
0.217743
0.219483
0.218432
0.218368
0.218012
0.219210
0.218489
0.217905
0.216336
0.217687
0.218976
0.218040
0.217775
0.217775
0.216637
0.218659
0.220885
0.226562
0.224024
0.220702
0.220003
0.219854
0.220167
0.220623
0.221409
0.219406
0.216924
0.217623
0.219017
0.218506
0.218568
0.218391
0.217765
0.218040
0.217860
0.217819
0.217850
0.219010
0.217941
0.226337
0.225921
0.222047
0.222860
0.221265
0.220922
0.221032
0.220436
0.220350
0.219174
0.216775
0.217516
0.216883
0.218447
0.217242
0.217648
0.217611
0.217855
0.217907
0.213335
0.217344
0.218635
0.217101
0.227240
0.224319
0.223186
0.223494
0.220922
0.220801
0.220319
0.220454
0.221746
0.220314
0.220512
0.219807
0.221084
0.217627
0.218137
0.218607
0.218755
0.219833
0.216953
0.217827
0.215924
0.218168
0.219106
0.227915
0.224862
0.224425
0.221869
0.219997
0.219932
0.218285
0.220938
0.219839
0.219603
0.219616
0.220360
0.223381
0.221484
0.220527
0.220255
0.220378
0.220492
0.219137
0.219095
0.218843
0.219954
0.223834
0.222634
0.221315
0.221552
0.221108
0.219109
0.219028
0.218908
0.221046
0.219713
0.219148
0.218930
0.221237
0.221120
0.219923
0.218706
0.218510
0.219306
0.218213
0.217676
0.217831
0.217872
0.218021
0.224984
0.225999
0.225213
0.223265
0.223126
0.221594
0.221197
0.220464
0.219782
0.219087
0.219114
0.218987
0.218967
0.220096
0.218955
0.216188
0.217426
0.218994
0.217764
0.217627
0.217396
0.217680
0.219407
0.229559
0.227544
0.226801
0.226789
0.223620
0.223525
0.223090
0.222819
0.222576
0.221321
0.221244
0.218147
0.220203
0.221130
0.219728
0.219407
0.219410
0.219716
0.218873
0.218206
0.218308
0.218659
0.225714
0.225418
0.224318
0.222759
0.222428
0.220800
0.221086
0.220163
0.219813
0.220582
0.219815
0.219973
0.220249
0.220806
0.219884
0.219808
0.219056
0.219401
0.220247
0.219130
0.218689
0.218853
0.218518
0.223510
0.226240
0.224048
0.223563
0.223937
0.222281
0.221841
0.221790
0.219987
0.220937
0.219422
0.219617
0.218276
0.218021
0.217338
0.217143
0.217169
0.217255
0.217444
0.216439
0.216399
0.216467
0.218458
0.225537
0.223954
0.223477
0.223072
0.222647
0.221762
0.221508
0.219731
0.220404
0.222194
0.220816
0.220835
0.222864
0.221169
0.220476
0.218649
0.217970
0.218218
0.218547
0.217639
0.218381
0.217986
0.221522
0.226780
0.224691
0.222860
0.222319
0.222695
0.221340
0.221156
0.220871
0.221181
0.220066
0.220006
0.219791
0.219475
0.220966
0.219661
0.219587
0.219549
0.219575
0.220818
0.219528
0.219700
0.219190
0.226093
0.224861
0.223373
0.223082
0.222421
0.222671
0.221006
0.220183
0.220087
0.220575
0.219825
0.219456
0.218951
0.218544
0.220193
0.219250
0.218693
0.216915
0.219290
0.218839
0.217233
0.218298
0.221095
0.227737
0.224748
0.223656
0.221529
0.220358
0.219645
0.219791
0.218173
0.219216
0.217110
0.217880
0.217819
0.218016
0.218110
0.219381
0.217875
0.218055
0.218066
0.216352
0.217346
0.217346
0.217782
