0.008139
0.005891
0.005474
0.005253
0.005174
0.005125
0.004971
0.004971
0.005046
0.004884
0.004877
0.004882
0.004877
0.004878
0.004872
0.004876
0.004871
0.004875
0.004872
0.004873
0.004876
0.004874
0.004878
0.004874
0.004873
0.004878
0.004878
0.004877
0.004872
0.004869
0.004875
0.004991
0.004874
0.004874
0.004870
0.004873
0.004871
0.004872
0.004876
0.004870
0.004875
0.004870
0.004878
0.004871
0.004875
0.004874
0.004870
0.004877
0.004870
0.004869
0.004871
0.004871
0.004872
0.004868
0.004874
0.004873
0.004871
0.004874
0.004984
0.004877
0.004872
0.004872
0.004873
0.004876
0.004873
0.004875
0.004868
0.004874
0.004870
0.004870
0.004869
0.004870
0.004873
0.004868
0.004871
0.004872
0.004871
0.004869
0.004963
0.004872
0.004872
0.004876
0.004869
0.004870
0.004872
0.004870
0.004875
0.004872
0.004871
0.004875
0.004873
0.004867
0.004868
0.004869
0.004867
0.004874
0.004866
0.004868
0.004960
0.004869
0.004864
0.004872
0.004874
0.004969
0.004871
0.004875
0.004866
0.004872
0.004986
0.004872
0.004991
0.004878
0.004873
0.004875
0.004871
0.004869
0.004867
0.004873
0.004874
0.005050
0.004976
0.004881
0.004868
0.004871
0.004865
0.004864
0.004872
0.004867
0.004871
0.004870
0.004872
0.004874
0.004870
0.004867
0.004869
0.004871
0.004871
0.004868
0.004872
0.004869
0.004871
0.004866
0.004868
0.004869
0.004874
0.004867
0.004872
0.004868
0.004869
0.004870
0.004869
0.004863
0.004869
0.004870
0.004873
0.004870
0.004868
0.004867
0.004906
0.004950
0.004870
0.004872
0.004870
0.004875
0.004865
0.004867
0.004867
0.004871
0.004870
0.004867
0.004870
0.004864
0.004869
0.004870
0.004867
0.004870
0.004870
0.004867
0.004866
0.004874
0.004870
0.004874
0.004871
0.004870
0.004872
0.004868
0.004871
0.004867
0.004868
0.004871
0.004884
0.004872
0.004866
0.004870
0.004865
0.004875
0.004869
0.004870
0.004872
0.004874
0.004869
0.004869
0.004869
0.004870
0.004876
0.004874
0.004871
0.004866
0.004871
0.004982
0.004870
0.004871
0.004873
0.004869
0.004869
0.004871
0.004869
0.004869
0.004870
0.004869
0.004871
0.004866
0.004874
0.004869
0.004873
0.004868
0.004868
0.004972
0.004876
0.004869
0.004871
0.004872
0.004868
0.004870
0.004866
0.004873
0.005083
0.004871
0.004870
0.004874
0.004870
0.004870
0.004872
0.004867
0.004868
0.004869
0.004871
0.004872
0.004868
0.004872
0.004870
0.004868
0.004871
0.004875
0.004875
0.004871
0.004872
0.004868
0.004871
0.004983
0.004872
0.004867
0.004877
0.004871
0.004872
0.004869
0.004869
0.004867
0.004872
0.004870
0.004869
0.004870
0.004871
0.004867
0.004870
0.004872
0.004868
0.004875
0.004871
0.004872
0.004871
0.004870
0.004870
0.004866
0.004870
0.004869
0.004874
0.004867
0.004868
0.004874
0.004867
0.004874
0.004870
0.004868
0.004872
0.004872
0.004877
0.004869
0.004867
0.004866
0.004874
0.004871
0.004867
0.004869
0.004870
0.004870
0.004870
0.004867
0.004869
0.004909
0.004947
0.004870
0.004867
0.004873
0.004874
0.004987
0.004877
0.004873
0.004875
0.004869
0.004870
0.004871
0.004868
0.004871
0.004866
0.004871
0.004870
0.004874
0.004870
0.004873
0.004865
0.004870
0.004870
0.004866
0.004866
0.004869
0.004869
0.004866
0.004867
0.004869
0.004865
0.004888
0.004868
0.004867
0.004866
0.004868
0.004866
0.005010
0.004871
0.004870
0.004871
0.004870
0.004867
0.004867
0.004872
0.004868
0.004866
0.004865
0.004868
0.004871
0.004978
0.004874
0.004873
0.004863
0.004872
0.004862
0.004868
0.004864
0.004869
0.004865
0.004867
0.004866
0.004870
0.004870
0.004870
0.004869
0.004868
0.004867
0.004867
0.004866
0.004866
0.004865
0.004870
0.004868
0.004869
0.004870
0.004871
0.004869
0.004864
0.004867
0.004868
0.004869
0.004868
0.004890
0.004868
0.004863
0.004870
0.004868
0.004866
0.004868
0.004873
0.004866
0.004867
0.004868
0.004869
0.004956
0.004867
0.004867
0.004870
0.004869
0.004973
0.004874
0.004872
0.004872
0.004871
0.004869
0.004870
0.004865
0.004866
0.004873
0.004870
0.004874
0.004866
0.004868
0.004866
0.004865
0.004865
0.004868
0.004873
0.004863
0.004863
0.004864
0.004867
0.004865
0.004868
0.004866
0.004866
0.004870
0.004872
0.004868
0.004869
0.004922
0.004946
0.004868
0.004870
0.005317
0.004966
0.004903
0.004876
0.004872
0.004875
0.004866
0.004867
0.004870
0.004866
0.004868
0.004869
0.004862
0.004864
0.004869
0.004927
0.004916
0.004874
0.004868
0.004869
0.004866
0.004866
0.004868
0.004869
0.004868
0.004865
0.004870
0.004870
0.004869
0.004869
0.004866
0.004866
0.004871
0.004871
0.004870
0.004865
0.004868
0.004866
0.004872
0.004868
0.004869
0.004867
0.004872
0.004868
0.004863
0.004866
0.004870
0.004867
0.004865
0.004868
0.004865
0.004869
0.004869
0.004866
0.004868
0.004867
0.004870
0.004864
0.004869
0.004870
0.004871
0.004864
0.004868
0.004868
0.004867
0.004868
0.004978
0.004866
0.004872
0.004869
0.004867
0.004866
0.004868
0.004890
0.004873
0.004961
0.004873
0.004869
0.004872
0.004868
0.004867
0.004871
0.004869
0.004866
0.004866
0.004915
0.004965
0.004875
0.004868
0.004870
0.004870
0.004872
0.004868
0.004870
0.004869
0.004867
0.004870
0.004865
0.004868
0.004866
0.004865
0.004872
0.004866
0.004867
0.004866
0.004870
0.004974
0.004877
0.004872
0.004865
0.004875
0.004870
0.004868
0.004867
0.004868
0.004870
0.004979
0.004874
0.004870
0.004873
0.004870
0.004867
0.004868
0.004865
0.004870
0.004863
0.004865
0.004868
0.004872
0.004866
0.004866
0.004867
0.004869
0.004875
0.004867
0.004867
0.004867
0.004868
0.004874
0.004868
0.004867
0.004865
0.004867
0.004868
0.004870
0.004865
0.004869
0.004871
0.004869
0.004867
0.004869
0.004877
0.004868
0.004867
0.004866
0.004867
0.004870
0.004869
0.004870
0.004868
0.004868
0.004869
0.004869
0.004868
0.004869
0.004872
0.005000
0.004926
0.004868
0.004874
0.004868
0.004870
0.004867
0.005002
0.004872
0.004868
0.004864
0.004864
0.004864
0.004870
0.004865
0.004865
0.004867
0.004869
0.004863
0.004870
0.004863
0.004868
0.004868
0.004865
0.004863
0.004866
0.004978
0.004906
0.004868
0.004864
0.004872
0.004882
0.004870
0.004869
0.004865
0.004871
0.004865
0.004860
0.004870
0.004864
0.004870
0.004868
0.004873
0.004869
0.004871
0.004869
0.004867
0.004869
0.004869
0.004872
0.004865
0.004978
0.004871
0.004865
0.004875
0.004870
0.004866
0.004868
0.004867
0.004865
0.004865
0.004868
0.004862
0.004870
0.004863
0.004870
0.004864
0.004868
0.004865
0.004866
0.004868
0.004864
0.004871
0.004866
0.004866
0.004868
0.004867
0.004870
0.004865
0.004865
0.004876
0.004870
0.004867
0.004870
0.004867
0.004870
0.004870
0.004869
0.004865
0.004870
0.004866
0.004873
0.004866
0.004869
0.004957
0.004872
0.004868
0.004868
0.004866
0.004956
0.004865
0.004981
0.004870
0.004865
0.004872
0.004866
0.004866
0.004863
0.004867
0.004871
0.004883
0.004869
0.004869
0.004868
0.004977
0.004872
0.004869
0.004961
0.004870
0.004866
0.004865
0.004862
0.004870
0.004862
0.004870
0.004865
0.004868
0.004867
0.004870
0.004867
0.004868
0.004868
0.004865
0.004866
0.004867
0.004865
0.004871
0.004868
0.004862
0.004870
0.004867
0.004866
0.004865
0.004861
0.004868
0.004867
0.004994
0.004900
0.004867
0.004872
0.004874
0.004932
0.004918
0.004868
0.004872
0.004868
0.004866
0.004866
0.004868
0.004872
0.004867
0.004867
0.004865
0.004865
0.004864
0.004867
0.004868
0.004870
0.004867
0.004867
0.004870
0.004870
0.004873
0.004865
0.004866
0.004868
0.004865
0.004873
0.004864
0.004864
0.004863
0.004866
0.004870
0.004866
0.004866
0.004866
0.004869
0.004863
0.004864
0.004872
0.004865
0.004869
0.004866
0.004865
0.004867
0.004867
0.004872
0.004870
0.004869
0.004868
0.004867
0.004867
0.004981
0.004867
0.004870
0.004865
0.004864
0.004928
0.004873
0.004872
0.004865
0.004865
0.004869
0.004864
0.004870
0.004865
0.004866
0.004867
0.004869
0.004866
0.004867
0.004864
0.004867
0.004871
0.004867
0.004861
0.004868
0.004867
0.004868
0.004863
0.004869
0.004868
0.004869
0.004864
0.004862
0.004868
0.004866
0.004869
0.004870
0.004867
0.004863
0.005019
0.004872
0.004866
0.004868
0.004870
0.004866
0.004868
0.004882
0.004868
0.004868
0.004867
0.004975
0.004871
0.004866
0.004876
0.004867
0.004871
0.005055
0.005333
0.005637
0.005560
0.005306
0.005269
0.005475
0.005286
0.005114
0.005055
0.005111
0.005073
0.004993
0.005006
0.005080
0.005068
0.005221
0.005352
0.005107
0.005006
0.004964
0.005027
0.005022
0.004873
0.004873
0.004867
0.004866
0.004867
0.004868
0.004865
0.004872
0.004868
0.004869
0.004868
0.004864
0.004971
0.004988
0.004974
0.004970
0.004876
0.004868
0.004865
0.004871
0.005054
0.004870
0.004899
0.004871
0.004872
0.004876
0.004872
0.004868
0.004871
0.004877
0.004872
0.004871
0.004893
0.004896
0.004883
0.004868
0.004867
0.004974
0.004876
0.004868
0.004862
0.004868
0.004869
0.004870
0.004867
0.004866
0.004862
0.004998
0.004926
0.004869
0.004869
0.004866
0.004873
0.004870
0.004867
0.004866
0.004871
0.004869
0.004868
0.004869
0.004869
0.004871
0.004870
0.004867
0.004872
0.004874
0.004874
0.004868
0.004867
0.004868
0.005002
0.004871
0.004868
0.004878
0.004872
0.004873
0.004868
0.004868
0.004868
0.004877
0.004863
0.004866
0.004868
0.004867
0.004873
0.004866
0.004868
0.004867
0.004862
0.004870
0.004870
0.004867
0.004868
0.004872
0.004872
0.004871
0.004868
0.004868
0.004874
0.004868
0.004869
0.004870
0.004874
0.004867
0.004866
0.004867
0.004865
0.004870
0.004867
0.004865
0.004865
0.004865
0.004873
0.004867
0.004864
0.004871
0.004873
0.004872
0.004868
0.004868
0.004867
0.004977
0.004872
0.004869
0.004867
0.004874
0.004870
0.004870
0.004864
0.004871
0.004993
0.005013
0.004873
0.004870
0.004873
0.004868
0.004871
0.004871
0.004868
0.004868
0.004865
0.004867
0.004866
0.004866
0.004867
0.004865
0.004864
0.004867
0.004865
0.004869
0.004864
0.004870
0.004867
0.004866
0.005014
0.004874
0.004865
0.004874
0.004867
0.004869
0.004863
0.004867
0.004869
0.004868
0.004865
0.004865
0.004867
0.004869
0.004865
0.004868
0.004866
0.004984
0.004865
0.004869
0.004864
0.004870
0.004870
0.004872
0.004866
0.004865
0.004871
0.004862
0.004865
0.004868
0.004870
0.004863
0.004866
0.004867
0.004868
0.004867
0.004870
0.004866
0.004867
0.004872
0.004869
0.004868
0.004865
0.004868
0.004866
0.004868
0.004865
0.004861
0.004864
0.004872
0.004866
0.004866
0.004868
0.004871
0.004868
0.004864
0.004865
0.004865
0.004868
0.004869
0.004866
0.004869
0.004866
0.004871
0.004865
0.004866
0.004869
0.004980
0.004867
0.004871
0.004868
0.004868
0.004875
0.004870
0.004869
0.004864
0.004868
0.004867
0.004867
0.004869
0.004867
0.004990
0.004871
0.004866
0.004867
0.004873
0.004864
0.004866
0.004965
0.004965
0.004877
0.004868
0.004866
0.004866
0.004871
0.004870
0.004888
0.005037
0.004878
0.004876
0.004867
0.004871
0.004869
0.004870
0.004865
0.004870
0.004870
0.004864
0.004876
0.004867
0.004871
0.004870
0.004868
0.004867
0.004869
0.004864
0.004870
0.004892
0.005007
0.004866
0.005181
0.004879
0.004941
0.004871
0.004869
0.004870
0.004930
0.004903
0.004872
0.004872
0.004872
0.004866
0.004867
0.004867
0.004871
0.004871
0.004868
0.004866
0.004867
0.004870
0.004872
0.004863
0.004866
0.004871
0.004871
0.004867
0.004868
0.004868
0.004863
0.004871
0.004867
0.004868
0.004872
0.004871
0.004871
0.004865
0.004866
0.004864
0.004869
0.004870
0.004864
0.004872
0.004866
0.004870
0.004868
0.004871
0.004877
0.004876
0.005028
0.004871
0.004866
0.004873
0.004869
0.004872
0.004864
0.004868
0.004869
0.004869
0.004868
0.004869
0.004868
0.004872
0.004873
0.004867
0.004941
0.004871
0.004870
0.004868
0.004871
0.004865
0.004875
0.004868
0.004868
0.004871
0.004870
0.004865
0.004870
0.004866
0.004867
0.004869
0.004872
0.004869
0.004866
0.004866
0.004869
0.004869
0.004872
0.004871
0.004867
0.004871
0.004864
0.004865
0.004885
0.004875
0.004930
0.004967
0.004867
0.004873
0.005025
0.004872
0.004922
0.004872
0.004866
0.004869
0.004868
0.004870
0.004870
0.004869
0.004868
0.004866
0.004865
0.004869
0.004870
0.004867
0.004864
0.004868
0.004868
0.004869
0.004888
0.004868
0.004870
0.004863
0.004870
0.004865
0.004872
0.004867
0.004865
0.004866
0.004869
0.004873
0.004867
0.004866
0.004866
0.004865
0.004873
0.004868
0.004867
0.004868
0.004872
0.004870
0.004866
0.004863
0.004871
0.004873
0.004862
0.004864
0.004870
0.004873
0.004916
0.004927
0.004868
0.004870
0.004866
0.004863
0.004865
0.004870
0.004865
0.004862
0.004867
0.004863
0.004863
0.004871
0.004865
0.004866
0.004864
0.004864
0.004871
0.004867
0.004866
0.004866
0.004869
0.004867
0.004864
0.004965
0.004873
0.004875
0.004866
0.004867
0.004863
0.004866
0.004868
0.004863
0.004867
0.004865
0.005016
0.004874
0.004868
0.004872
0.004868
0.004865
0.004868
0.004867
0.004864
0.004874
0.004865
0.004868
0.004868
0.004867
0.004869
0.004972
0.004872
0.004867
0.004874
0.004864
0.004867
0.004870
0.004866
0.004870
0.004860
0.004867
0.004867
0.004873
0.004867
0.004861
0.004865
0.004864
0.004870
0.004866
0.004866
0.004859
0.004869
0.004865
0.004866
0.004866
0.004867
0.004869
0.004866
0.004865
0.004868
0.004859
0.004874
0.004866
0.004867
0.004862
0.004871
0.004861
0.004864
0.004863
0.004868
0.004868
0.004867
0.004861
0.004867
0.004863
0.004870
0.004863
0.004867
0.004866
0.004869
0.004982
0.004874
0.004866
0.004869
0.004872
0.004868
0.004865
0.004862
0.004869
0.004864
0.004865
0.004865
0.004867
0.004872
0.004865
0.004867
0.004866
0.004869
0.004874
0.004862
0.004868
0.004865
0.004935
0.004865
0.004866
0.004866
0.004869
0.004869
0.004862
0.004866
0.004869
0.004871
0.004868
0.004868
0.004868
0.004865
0.004870
0.004863
0.004866
0.004865
0.004866
0.004903
0.004980
0.004869
0.004869
0.004876
0.004867
0.004866
0.004866
0.004866
0.004899
0.004955
0.004868
0.004870
0.004867
0.004868
0.004862
0.004864
0.004868
0.004871
0.004867
0.004865
0.004861
0.004870
0.004865
0.004866
0.004864
0.004862
0.004868
0.004863
0.004867
0.004866
0.004869
0.004863
0.004866
0.004935
0.004985
0.004878
0.004867
0.004868
0.004868
0.004869
0.004864
0.004866
0.004868
0.004867
0.004872
0.004867
0.004862
0.004864
0.004865
0.004872
0.004866
0.004865
0.004867
0.004879
0.004868
0.004866
0.004868
0.004865
0.004872
0.004993
0.004867
0.004871
0.004872
0.004873
0.004866
0.004867
0.004909
0.004918
0.004871
0.004872
0.004867
0.004939
0.004895
0.004869
0.004871
0.004868
0.004868
0.004863
0.004869
0.004869
0.004868
0.004872
0.004867
0.004866
0.004867
0.004869
0.004864
0.004966
0.004961
0.004870
0.004872
0.004864
0.004870
0.004869
0.004867
0.004865
0.004866
0.004867
0.004867
0.004870
0.004863
0.004869
0.004868
0.004868
0.004864
0.004867
0.004868
0.004864
0.004867
0.005030
0.004873
0.004871
0.004869
0.004868
0.004864
0.004871
0.004869
0.004870
0.004863
0.004936
0.004949
0.004871
0.004882
0.004870
0.004862
0.004866
0.004870
0.004865
0.004868
0.004955
0.004873
0.004866
0.004866
0.004864
0.004865
0.004872
0.004864
0.004864
0.004863
0.004862
0.004866
0.004866
0.004868
0.004869
0.004870
0.004869
0.004866
0.004868
0.004868
0.004868
0.004868
0.004867
0.004867
0.004867
0.004864
0.004870
0.004866
0.004863
0.004871
0.004887
0.004960
0.004872
0.004890
0.004871
0.004867
0.004863
0.004864
0.004869
0.004868
0.004865
0.004867
0.004865
0.004869
0.004867
0.004864
0.004863
0.004870
0.004863
0.004867
0.004864
0.004863
0.004868
0.004867
0.004865
0.004867
0.004866
0.004930
0.004869
0.004870
0.004871
0.004871
0.004866
0.004862
0.004866
0.004867
0.004866
0.004864
0.004865
0.004864
0.004869
0.004865
0.004865
0.004862
0.004865
0.004872
0.004866
0.004864
0.004865
0.004870
0.004871
0.004977
0.004870
0.004868
0.004866
0.005013
0.004870
0.004869
0.004865
0.004874
0.004865
0.004867
0.004870
0.004871
0.004867
0.004864
0.004867
0.004866
0.004868
0.004864
0.004868
0.004872
0.004867
0.004867
0.004866
0.004868
0.004867
0.004865
0.004867
0.004863
0.004865
0.004865
0.004870
0.004865
0.004867
0.004866
0.004868
0.004870
0.004864
0.004865
0.004865
0.004871
0.004866
0.004870
0.004869
0.004869
0.004867
0.004865
0.004863
0.004867
0.004871
0.004959
0.004879
0.004870
0.004871
0.004866
0.004866
0.004864
0.004868
0.004874
0.004869
0.004866
0.004871
0.004866
0.004868
0.004861
0.004862
0.004859
0.004869
0.004864
0.004868
0.004869
0.004866
0.004864
0.004868
0.004869
0.004864
0.004867
0.004869
0.004867
0.004867
0.004864
0.004871
0.004934
0.004897
0.004871
0.004865
0.004869
0.004864
0.004865
0.004868
0.004872
0.004865
0.004864
0.005012
0.004876
0.004874
0.004871
0.004867
0.004868
0.004869
0.004869
0.004977
0.004868
0.004869
0.004865
0.004865
0.004863
0.004865
0.004871
0.004868
0.004868
0.004866
0.004866
0.004869
0.004866
0.004870
0.004869
0.004866
0.004864
0.004868
0.004864
0.004867
0.004871
0.004867
0.004865
0.004867
0.004866
0.004870
0.004867
0.004872
0.004869
0.004872
0.004870
0.004871
0.004869
0.004868
0.004870
0.004867
0.004864
0.004868
0.004871
0.004877
0.004866
0.004869
0.004869
0.004870
0.004869
0.004872
0.004869
0.004872
0.004868
0.004978
0.004869
0.004868
0.004872
0.004872
0.004868
0.004867
0.004865
0.004869
0.004868
0.004867
0.004877
0.004869
0.004864
0.004862
0.004864
0.004867
0.004869
0.004865
0.004865
0.004864
0.004864
0.004873
0.004865
0.004869
0.004868
0.004869
0.004862
0.004866
0.004869
0.004868
0.004866
0.004919
0.004871
0.004866
0.004869
0.004882
0.004869
0.004864
0.004870
0.004864
0.004865
0.004870
0.004865
0.004867
0.004867
0.004864
0.004864
0.004864
0.005015
0.004949
0.004899
0.004871
0.004865
0.004870
0.004867
0.004868
0.004866
0.004865
0.004862
0.004864
0.004868
0.004867
0.004871
0.004864
0.004865
0.004866
0.004866
0.004866
0.004863
0.004864
0.004864
0.004867
0.004869
0.004865
0.004862
0.005582
0.005923
0.005769
0.005610
0.005570
0.005473
0.005191
0.005084
0.005117
0.005163
0.005022
0.005041
0.005084
0.005174
0.005487
0.005503
0.005009
0.005009
0.004958
0.004878
0.004872
0.004965
0.004876
0.005034
0.004873
0.004926
0.004873
0.004875
0.004870
0.004874
0.004870
0.004872
0.004880
0.004868
0.005070
0.005037
0.005040
0.005020
0.004965
0.004962
0.004876
0.004867
0.004871
0.004945
0.004870
0.004877
0.004873
0.004868
0.004870
0.004881
0.004872
0.004873
0.004871
0.004869
0.004876
0.004868
0.004866
0.004914
0.004877
0.005048
0.004892
0.004873
0.004868
0.004870
0.004870
0.004870
0.004872
0.004875
0.004869
0.004869
0.004872
0.004866
0.004870
0.004979
0.004873
0.004870
0.004871
0.004869
0.004873
0.004866
0.004866
0.004870
0.004865
0.004873
0.004865
0.004864
0.004869
0.004865
0.004866
0.004866
0.004873
0.005012
0.004875
0.004870
0.004872
0.004874
0.004863
0.004866
0.004865
0.004868
0.004867
0.004862
0.004863
0.004865
0.004872
0.004864
