0.030320
0.024424
0.024257
0.024292
0.024229
0.024198
0.024225
0.024366
0.024190
0.024193
0.024305
0.024246
0.024287
0.024306
0.024230
0.024201
0.024175
0.024170
0.024181
0.024160
0.024272
0.024248
0.024236
0.024193
0.024198
0.024162
0.024218
0.024373
0.024376
0.024271
0.024838
0.024557
0.024561
0.024340
0.024301
0.024291
0.024348
0.024311
0.024328
0.024363
0.024598
0.024341
0.024298
0.024264
0.024308
0.024348
0.024328
0.024344
0.024344
0.024316
0.024344
0.024348
0.024562
0.024343
0.024319
0.024275
0.024368
0.024403
0.024263
0.024275
0.024287
0.024447
0.024546
0.024538
0.024504
0.024504
0.024440
0.024327
0.024354
0.024537
0.024339
0.024439
0.024306
0.024352
0.024367
0.024333
0.024477
0.024350
0.024435
0.024739
0.024347
0.024572
0.024378
0.024351
0.024312
0.024376
0.024342
0.024336
0.024319
0.024297
0.024325
0.024481
0.024383
0.024381
0.024309
0.024763
0.024379
0.024304
0.024324
0.024362
0.024321
0.024429
0.024336
0.024292
0.024269
0.024294
0.024306
0.024316
0.024326
0.024386
0.024452
0.024468
0.024429
0.024346
0.024298
0.024328
0.024311
0.024354
0.024357
0.024310
0.024607
0.024414
0.024333
0.024345
0.024411
0.024335
0.024359
0.024295
0.024248
0.024275
0.024295
0.024449
0.024702
0.024436
0.024642
0.024344
0.024327
0.024279
0.024267
0.024282
0.024250
0.024398
0.024304
0.024280
0.024278
0.024258
0.024283
0.024257
0.024257
0.024259
0.024294
0.024608
0.024370
0.024286
0.024259
0.024271
0.024314
0.024317
0.024480
0.024454
0.024291
0.024712
0.024386
0.024315
0.024303
0.024320
0.024335
0.024321
0.024330
0.024266
0.024253
0.024368
0.024312
0.024289
0.024327
0.024337
0.024312
0.024407
0.024305
0.024290
0.025846
0.028318
0.027360
0.027199
0.027186
0.026797
0.026449
0.026522
0.026095
0.026078
0.026170
0.026340
0.026019
0.026098
0.026117
0.025965
0.025909
0.025825
0.025929
0.025897
0.025807
0.026210
0.025546
0.024860
0.024593
0.024597
0.024647
0.024580
0.024528
0.024485
0.024782
0.024556
0.024523
0.024529
0.024812
0.024563
0.024496
0.024506
0.024469
0.024519
0.024753
0.024493
0.024466
0.024475
0.024558
0.024578
0.024607
0.024602
0.024616
0.024448
0.024586
0.024669
0.024528
0.024785
0.024557
0.024449
0.024415
0.024404
0.024547
0.024416
0.024685
0.024394
0.024756
0.024416
0.024366
0.024358
0.024333
0.024361
0.024371
0.024340
0.024479
0.024345
0.024322
0.024347
0.024354
0.024346
0.024341
0.024499
0.024391
0.024342
0.024480
0.024381
0.024347
0.024336
0.024323
0.024712
0.024531
0.024467
0.024480
0.024409
0.024532
0.024420
0.024540
0.024469
0.024539
0.024536
0.024444
0.024430
0.024360
0.024392
0.024517
0.024460
0.024440
0.024771
0.024582
0.024464
0.024398
0.024354
0.024378
0.024426
0.024643
0.024425
0.024439
0.024409
0.024430
0.024420
0.024659
0.024414
0.024366
0.024350
0.024478
0.024389
0.024558
0.024503
0.024453
0.024392
0.024448
0.024379
0.024337
0.024363
0.024646
0.024413
0.024444
0.024612
0.024396
0.024342
0.024322
0.024376
0.024390
0.024363
0.024684
0.024436
0.024353
0.024340
0.024651
0.024461
0.024367
0.024406
0.025144
0.024756
0.024588
0.024406
0.024371
0.024393
0.024367
0.024375
0.024364
0.024461
0.024466
0.024511
0.024498
0.024415
0.024383
0.024370
0.024379
0.024375
0.024388
0.024379
0.024365
0.024425
0.024540
0.024468
0.024376
0.024388
0.024500
0.024355
0.024399
0.024343
0.024320
0.024312
0.024435
0.024340
0.024364
0.024300
0.024313
0.024332
0.024741
0.024343
0.024323
0.024336
0.024438
0.024354
0.024333
0.024349
0.024318
0.024305
0.024313
0.024304
0.024677
0.024424
0.024454
0.024323
0.024315
0.027591
0.027563
0.026466
0.026460
0.025464
0.025124
0.025149
0.025272
0.024988
0.024729
0.024690
0.024883
0.024685
0.024611
0.024592
0.024614
0.024564
0.024685
0.024881
0.024860
0.024639
0.024596
0.024556
0.024955
0.024618
0.024523
0.024525
0.024891
0.024719
0.024508
0.024665
0.024524
0.024528
0.024462
0.024492
0.024513
0.024542
0.024828
0.024554
0.024567
0.024543
0.024531
0.024469
0.024543
0.024520
0.024484
0.024540
0.024720
0.024487
0.024510
0.024557
0.024611
0.024646
0.024526
0.024857
0.024976
0.024530
0.024766
0.024467
0.024426
0.024504
0.024480
0.024489
0.024508
0.024820
0.024636
0.024479
0.024556
0.024494
0.024466
0.024466
0.024464
0.024958
0.024585
0.024457
0.024481
0.024608
0.024654
0.024438
0.024440
0.024521
0.024447
0.024392
0.024407
0.024413
0.024415
0.024390
0.024539
0.024420
0.024366
0.024391
0.024383
0.024394
0.024633
0.024472
0.024455
0.024648
0.024638
0.024426
0.024543
0.024431
0.024427
0.024462
0.024441
0.024447
0.026165
0.025471
0.025103
0.024820
0.024972
0.024681
0.024585
0.024607
0.024602
0.024585
0.024561
0.024561
0.024641
0.024649
0.024537
0.024517
0.024533
0.024455
0.024446
0.024478
0.024492
0.024546
0.024673
0.024534
0.024490
0.024471
0.024422
0.024438
0.024575
0.024536
0.024466
0.024566
0.024654
0.024470
0.024422
0.024438
0.024476
0.024449
0.024462
0.024460
0.024523
0.024789
0.024686
0.024436
0.024416
0.024440
0.024428
0.024467
0.024473
0.024425
0.024464
0.024471
0.024792
0.024426
0.024410
0.024367
0.024372
0.024399
0.024385
0.024405
0.024401
0.024407
0.024691
0.024522
0.024437
0.024500
0.024479
0.024355
0.024390
0.024550
0.024375
0.024376
0.024480
0.024354
0.024320
0.024333
0.024424
0.024339
0.024329
0.024348
0.024326
0.024360
0.024454
0.024739
0.024357
0.024320
0.024316
0.024304
0.024327
0.024309
0.024325
0.024304
0.024463
0.024371
0.024344
0.024477
0.024324
0.024293
0.026422
0.027853
0.026859
0.026992
0.026480
0.026215
0.026022
0.026378
0.025978
0.025817
0.025763
0.025988
0.025841
0.025852
0.025367
0.024767
0.024626
0.024628
0.024615
0.024639
0.024571
0.024533
0.024514
0.024669
0.024515
0.024892
0.024509
0.024523
0.024517
0.024467
0.024486
0.024703
0.024600
0.024620
0.024516
0.024795
0.024810
0.024635
0.024510
0.024776
0.024692
0.024504
0.024796
0.025387
0.024524
0.024467
0.024425
0.024757
0.024529
0.024533
0.024428
0.024484
0.024682
0.024958
0.024632
0.024483
0.024421
0.024449
0.024553
0.024437
0.024403
0.024364
0.024428
0.024720
0.024484
0.024450
0.024743
0.024366
0.024324
0.024432
0.024517
0.024388
0.024344
0.024434
0.024394
0.024437
0.024451
0.024532
0.024574
0.024393
0.024357
0.024313
0.024354
0.024587
0.024356
0.024347
0.024336
0.024360
0.024447
0.024390
0.024367
0.024370
0.024412
0.024778
0.024458
0.024725
0.025015
0.024406
0.024371
0.024380
0.024409
0.024457
0.024399
0.024531
0.024488
0.024431
0.024359
0.024749
0.024403
0.024395
0.024382
0.024408
0.024442
0.024560
0.024387
0.024327
0.024618
0.024675
0.024450
0.024387
0.024450
0.024389
0.024387
0.024693
0.024426
0.024390
0.024424
0.024494
0.024347
0.024449
0.024507
0.024505
0.024411
0.024533
0.024507
0.024361
0.024422
0.024352
0.024334
0.024327
0.024471
0.024357
0.024324
0.024520
0.024355
0.024369
0.024343
0.024334
0.024668
0.024397
0.024340
0.024341
0.024317
0.024455
0.024363
0.024334
0.024362
0.024322
0.024334
0.025504
0.025392
0.025031
0.024787
0.024849
0.024634
0.024633
0.024586
0.024516
0.024546
0.024535
0.024553
0.024526
0.024477
0.024576
0.024609
0.024495
0.024514
0.024579
0.024494
0.024481
0.024449
0.024443
0.024503
0.024660
0.024449
0.024428
0.024473
0.024420
0.024402
0.024745
0.024449
0.024415
0.024470
0.024537
0.024425
0.024432
0.024425
0.024409
0.024523
0.024417
0.024395
0.024393
0.024405
0.027112
0.027617
0.027146
0.026624
0.026338
0.026019
0.026180
0.026371
0.025960
0.025963
0.025864
0.025880
0.025783
0.025800
0.025690
0.025726
0.025702
0.025653
0.025886
0.025826
0.025696
0.025627
0.025652
0.025670
0.025661
0.025616
0.026442
0.025825
0.025747
0.025740
0.026062
0.025256
0.024743
0.024510
0.024498
0.024457
0.024642
0.024484
0.024531
0.024485
0.024468
0.024444
0.024453
0.024445
0.024386
0.024419
0.024430
0.024427
0.024498
0.024507
0.024546
0.024536
0.024464
0.024760
0.024475
0.024440
0.024383
0.024407
0.024517
0.024451
0.024417
0.024400
0.024374
0.024390
0.024374
0.024391
0.024369
0.024772
0.024484
0.024421
0.024380
0.024372
0.024383
0.024336
0.024475
0.024493
0.024339
0.024371
0.024455
0.024409
0.024387
0.024380
0.024390
0.024357
0.024359
0.024346
0.024360
0.024406
0.024624
0.024530
0.024385
0.024414
0.024555
0.024439
0.024393
0.024400
0.024382
0.024385
0.024450
0.024574
0.024410
0.024454
0.024373
0.024376
0.024404
0.024547
0.024401
0.024358
0.024876
0.024520
0.024412
0.024423
0.024436
0.024416
0.024419
0.024418
0.024412
0.024723
0.024494
0.024372
0.024400
0.024421
0.024448
0.024386
0.024454
0.024352
0.024347
0.024352
0.024502
0.024458
0.024407
0.024376
0.024383
0.024493
0.024410
0.024498
0.024488
0.024381
0.024448
0.024418
0.024431
0.024424
0.024373
0.024342
0.024353
0.024417
0.024381
0.024378
0.024443
0.024903
0.024375
0.024355
0.024352
0.024347
0.024393
0.024369
0.024414
0.024632
0.024406
0.024453
0.024362
0.024400
0.024382
0.024390
0.024383
0.024390
0.024399
0.024344
0.024318
0.024514
0.024396
0.024427
0.024380
0.024389
0.024526
0.024426
0.024374
0.024401
0.024375
0.024436
0.024328
0.024459
0.024331
0.024328
0.024338
0.024320
0.024357
0.024320
0.024296
0.024392
0.024672
0.024362
0.024325
0.024293
0.024309
0.024297
0.024312
0.024290
0.024343
0.024446
0.024378
0.024318
0.024544
0.028053
0.027046
0.026487
0.026602
0.026271
0.026017
0.026073
0.025894
0.025853
0.025650
0.025743
0.025846
0.025739
0.025670
0.025727
0.025789
0.025735
0.025737
0.025341
0.024640
0.024642
0.024550
0.024577
0.024522
0.024497
0.024571
0.024483
0.024834
0.024539
0.024517
0.024705
0.024539
0.024460
0.024473
0.024580
0.024728
0.024494
0.024476
0.024530
0.024465
0.024454
0.024496
0.024476
0.024499
0.024670
0.024780
0.024614
0.024566
0.024642
0.024482
0.024445
0.024572
0.024484
0.024872
0.024618
0.024650
0.024493
0.024434
0.024615
0.024478
0.024435
0.024436
0.024453
0.024486
0.024451
0.024503
0.024461
0.024453
0.024729
0.024493
0.024426
0.024430
0.024421
0.024408
0.024423
0.024616
0.024438
0.024514
0.024459
0.024532
0.024434
0.024402
0.024391
0.024499
0.024401
0.024472
0.024346
0.024461
0.024365
0.024342
0.024330
0.024308
0.024426
0.024367
0.024301
0.024567
0.024352
0.024293
0.024326
0.024325
0.024294
0.024338
0.024291
0.024294
0.024331
0.024392
0.024310
0.024305
0.024294
0.024278
0.024679
0.024315
0.024273
0.024290
0.024311
0.024409
0.024419
0.024331
0.024319
0.024320
0.024330
0.024312
0.024359
0.024383
0.024327
0.024417
0.024330
0.024295
0.024266
0.024304
0.024270
0.024283
0.024270
0.024379
0.024318
0.024417
0.024306
0.024305
0.024267
0.024230
0.024384
0.024350
0.024256
0.024299
0.024269
0.024368
0.024314
0.024268
0.024256
0.024244
0.024260
0.024617
0.024288
0.024249
0.024268
0.024397
0.024289
0.024265
0.024244
0.024347
0.024290
0.024263
0.024220
0.024224
0.024243
0.024332
0.024302
0.024253
0.024261
0.024245
0.024266
0.024240
0.024250
0.024241
0.024339
0.024413
0.024305
0.024377
0.024295
0.024242
0.024250
0.024234
0.024269
0.024296
0.024250
0.024230
0.024390
0.024266
0.024261
0.024257
0.024261
0.024237
0.024241
0.024622
0.024261
0.024243
0.024376
0.024251
0.024338
0.024281
0.024226
0.024207
0.024234
0.025836
0.027694
0.026659
0.026707
0.026235
0.025702
0.025375
0.025975
0.025999
0.025562
0.025110
0.025551
0.025632
0.025164
0.025033
0.025244
0.024857
0.024761
0.024816
0.025004
0.024872
0.024889
0.025143
0.025085
0.024659
0.024701
0.024685
0.025004
0.024853
0.024895
0.025107
0.024605
0.024613
0.024505
0.024501
0.024470
0.024503
0.024597
0.024490
0.024503
0.024484
0.024427
0.024573
0.024460
0.024473
0.024461
0.024463
0.024591
0.024494
0.024418
0.024555
0.024538
0.024702
0.024487
0.025053
0.025002
0.024675
0.024705
0.024618
0.024778
0.024642
0.024718
0.024763
0.024758
0.024680
0.024622
0.024651
0.024637
0.024765
0.024606
0.024702
0.025020
0.024901
0.024592
0.024671
0.024555
0.024824
0.024578
0.024655
0.024554
0.024671
0.024714
0.024660
0.024626
0.024675
0.024783
0.024550
0.024709
0.024661
0.024663
0.024573
0.024729
0.024692
0.024900
0.024587
0.024640
0.024665
0.024568
0.024627
0.024592
0.024744
0.024622
0.024643
0.024539
0.024749
0.024574
0.024610
0.024525
0.024731
0.024548
0.024547
0.024700
0.025016
0.024635
0.024604
0.024629
0.024781
0.024656
0.024907
0.024705
0.024642
0.024718
0.024583
0.024618
0.024610
0.024612
0.024671
0.024610
0.024626
0.024545
0.024675
0.024604
0.024680
0.024635
0.024682
0.024576
0.024725
0.024566
0.024593
0.024506
0.024597
0.024749
0.024556
0.024593
0.024548
0.024683
0.024531
0.024588
0.024551
0.024677
0.024538
0.024661
0.024906
0.024763
0.024788
0.024728
0.024675
0.024777
0.024629
0.024611
0.024626
0.024770
0.024644
0.024567
0.024605
0.024644
0.024629
0.024555
0.024578
0.024886
0.024713
0.024771
0.024562
0.024757
0.024768
0.024697
0.024551
0.024643
0.024541
0.024574
0.024492
0.024927
0.024544
0.024553
0.024616
0.024672
0.024602
0.024542
0.024603
0.024589
0.024619
0.024610
0.024654
0.024932
0.024695
0.024537
0.024534
0.024646
0.024543
0.024668
0.024484
0.024788
0.026507
0.028057
0.027173
0.027186
0.026570
0.026288
0.026120
0.026253
0.026128
0.025947
0.025837
0.025905
0.025868
0.025791
0.025895
0.025773
0.025731
0.025653
0.025760
0.025677
0.025730
0.025743
0.025712
0.025617
0.025653
0.025639
0.025658
0.025623
0.025100
0.024550
0.024763
0.024890
0.024489
0.024446
0.024540
0.024496
0.024477
0.024607
0.024483
0.024450
0.024411
0.024407
0.024421
0.024403
0.024435
0.024392
0.024426
0.024553
0.024442
0.024429
0.024391
0.024608
0.024551
0.024853
0.024683
0.024534
0.024434
0.024499
0.024505
0.024397
0.024373
0.024325
0.024359
0.024344
0.024375
0.024347
0.024345
0.024423
0.024368
0.024370
0.024353
0.024318
0.024718
0.024354
0.024315
0.024363
0.024340
0.024581
0.024446
0.024363
0.024329
0.024321
0.024333
0.024304
0.024292
0.024721
0.024494
0.024570
0.024428
0.024450
0.024427
0.024371
0.024523
0.024475
0.024431
0.024752
0.024752
0.024550
0.024388
0.024352
0.024407
0.024392
0.024441
0.024395
0.024453
0.024391
0.024412
0.024555
0.024545
0.024387
0.024342
0.024365
0.024395
0.024773
0.024430
0.024383
0.024603
0.024747
0.024376
0.024346
0.024339
0.024377
0.024473
0.024494
0.024476
0.024460
0.024443
0.024448
0.024498
0.024516
0.024963
0.024404
0.024417
0.024618
0.024374
0.024358
0.024342
0.024349
0.024435
0.024355
0.024461
0.024402
0.024376
0.024345
0.024402
0.024519
0.024365
0.024393
0.025017
0.024503
0.024413
0.024372
0.024339
0.024359
0.024733
0.024376
0.024404
0.024349
0.024465
0.024445
0.024352
0.024348
0.024340
0.024330
0.024347
0.024360
0.024345
0.024355
0.024418
0.024350
0.024355
0.024345
0.024310
0.024326
0.024493
0.024373
0.024326
0.024446
0.024448
0.024352
0.024342
0.024370
0.024365
0.024354
0.024320
0.024322
0.024428
0.024346
0.024416
0.024339
0.024331
0.024368
0.024360
0.024396
0.024381
0.024328
0.024724
0.024331
0.024535
0.024320
0.024297
0.024289
0.024344
0.027349
0.027778
0.027261
0.026845
0.026372
0.025885
0.025878
0.026067
0.025378
0.025187
0.025305
0.025365
0.025155
0.024992
0.025231
0.025088
0.024917
0.024848
0.024957
0.024982
0.024888
0.024823
0.024959
0.024867
0.024890
0.024813
0.024848
0.024886
0.024807
0.024814
0.024887
0.024874
0.024739
0.025188
0.024916
0.024929
0.024725
0.024810
0.024726
0.024859
0.024707
0.024802
0.024699
0.024841
0.024792
0.024807
0.024765
0.024776
0.024724
0.024774
0.024869
0.024873
0.024775
0.025039
0.024873
0.024606
0.024600
0.024471
0.024521
0.024530
0.024491
0.024579
0.024428
0.024605
0.024518
0.024492
0.024455
0.024482
0.024471
0.024449
0.024427
0.024872
0.024602
0.024891
0.024688
0.024503
0.024417
0.024412
0.024405
0.024434
0.024464
0.024433
0.024425
0.024509
0.024592
0.024529
0.024550
0.024618
0.024588
0.024579
0.024471
0.024491
0.024697
0.024554
0.024468
0.024429
0.024448
0.024420
0.024432
0.024536
0.024492
0.024396
0.024460
0.024420
0.024908
0.025772
0.025114
0.024855
0.024760
0.024685
0.024631
0.024641
0.024626
0.024868
0.025161
0.024851
0.024920
0.024738
0.024881
0.024788
0.024823
0.024718
0.024777
0.024899
0.024804
0.024937
0.024669
0.024754
0.024757
0.024732
0.024629
0.024731
0.024731
0.024891
0.024653
0.024755
0.024732
0.024708
0.024613
0.024696
0.024781
0.024645
0.024662
0.024813
0.024834
0.024609
0.024683
0.024602
0.024751
0.024608
0.024701
0.024590
0.024717
0.024677
0.024663
0.024992
0.024885
0.024644
0.024666
0.024665
0.024670
0.024675
0.024588
0.024787
0.024663
0.024674
0.024553
0.024645
0.024650
0.024612
0.024589
0.024615
0.024680
0.024830
0.024692
0.024580
0.024660
0.024565
0.024634
0.024550
0.024761
0.024699
0.024633
0.024664
0.024739
0.024625
0.024614
0.024605
0.024579
0.024608
0.024550
0.024617
0.024584
0.024759
0.024538
0.024604
0.024953
0.024725
0.024553
0.024705
0.024593
0.024942
0.028418
0.027060
0.026514
0.026628
0.026421
0.026196
0.026045
0.025963
0.025910
0.025825
0.026101
0.025927
0.025884
0.025793
0.025757
0.025704
0.025698
0.025635
0.025678
0.025724
0.025730
0.025664
0.025637
0.025688
0.025697
0.025610
0.025607
0.025614
0.025619
0.025690
0.024584
0.024501
0.024504
0.024809
0.024549
0.024521
0.024594
0.024478
0.024485
0.024582
0.024503
0.024519
0.024481
0.024518
0.024432
0.024414
0.024709
0.024799
0.024430
0.024494
0.024472
0.024703
0.024603
0.024505
0.024429
0.024387
0.024450
0.024448
0.024517
0.024522
0.024422
0.024410
0.024551
0.024584
0.024487
0.024433
0.024368
0.024395
0.024456
0.024491
0.024428
0.024347
0.024352
0.024371
0.024781
0.024497
0.024446
0.024495
0.024400
0.024447
0.024408
0.024496
0.024380
0.024366
0.024318
0.024343
0.024329
0.024350
0.024358
0.024460
0.024339
0.024348
0.024490
0.024388
0.024418
0.024362
0.024350
0.024333
0.024366
0.024435
0.024348
0.024315
0.024382
0.024324
0.024357
0.024375
0.024343
0.024317
0.024292
0.024386
0.024370
0.024335
0.024267
0.024273
0.024281
0.024288
0.024807
0.024369
0.024293
0.024397
0.024337
0.024306
0.024482
0.024345
0.024311
0.024285
0.024285
0.024297
0.024294
0.024397
0.024302
0.024313
0.024302
0.024504
0.024326
0.024285
0.024283
0.024276
0.024268
0.024334
0.024508
0.024309
0.024256
0.024278
0.024342
0.024293
0.024261
0.024247
0.024269
0.024290
0.024430
0.024302
0.024293
0.024285
0.024264
0.024282
0.024282
0.024611
0.024306
0.024372
0.024415
0.024274
0.024224
0.024270
0.024258
0.024290
0.024261
0.024271
0.024235
0.024244
0.024407
0.024302
0.024347
0.024288
0.024399
0.024296
0.024256
0.024362
0.024262
0.024259
0.024367
0.024331
0.024270
0.024240
0.024283
0.024312
0.024288
0.024288
0.024239
0.024233
0.024419
0.024351
0.024334
0.024348
0.024270
0.024257
0.024275
0.024246
