0.006118
0.003811
0.003627
0.003473
0.003379
0.003262
0.003193
0.003161
0.003156
0.003154
0.003144
0.003147
0.003151
0.003141
0.003141
0.003140
0.003146
0.003157
0.003144
0.003137
0.003134
0.003142
0.003147
0.003147
0.003148
0.003142
0.003148
0.003136
0.003141
0.003124
0.003145
0.003153
0.003138
0.003126
0.003136
0.003132
0.003151
0.003139
0.003116
0.003130
0.003141
0.003141
0.003141
0.003134
0.003145
0.003134
0.003128
0.003130
0.003136
0.003143
0.003139
0.003134
0.003129
0.003129
0.003142
0.003132
0.003134
0.003122
0.003137
0.003140
0.003136
0.003135
0.003129
0.003135
0.003139
0.003132
0.003119
0.003129
0.003128
0.003138
0.003122
0.003127
0.003132
0.003134
0.003130
0.003132
0.003129
0.003126
0.003135
0.003131
0.003125
0.003136
0.003128
0.003134
0.003127
0.003130
0.003122
0.003128
0.003126
0.003124
0.003126
0.003126
0.003131
0.003127
0.003126
0.003141
0.003139
0.003141
0.003128
0.003136
0.003131
0.003126
0.003114
0.003121
0.003136
0.003139
0.003132
0.003132
0.003130
0.003128
0.003122
0.003128
0.003125
0.003133
0.003141
0.003141
0.003122
0.003136
0.003128
0.003131
0.003134
0.003126
0.003119
0.003133
0.003130
0.003124
0.003129
0.003134
0.003134
0.003135
0.003131
0.003129
0.003145
0.003150
0.003125
0.003128
0.003139
0.003132
0.003131
0.003125
0.003131
0.003132
0.003122
0.003134
0.003121
0.003135
0.003131
0.003138
0.003133
0.003123
0.003128
0.003135
0.003133
0.003124
0.003122
0.003127
0.003126
0.003133
0.003134
0.003128
0.003128
0.003127
0.003121
0.003118
0.003125
0.003134
0.003132
0.003114
0.003119
0.003127
0.003136
0.003139
0.003125
0.003137
0.003129
0.003135
0.003126
0.003127
0.003132
0.003124
0.003131
0.003134
0.003120
0.003130
0.003123
0.003124
0.003132
0.003131
0.003132
0.003129
0.003127
0.003139
0.003124
0.003125
0.003134
0.003124
0.003126
0.003131
0.003135
0.003130
0.003123
0.003132
0.003126
0.003134
0.003135
0.003129
0.003136
0.003124
0.003120
0.003124
0.003123
0.003133
0.003141
0.003129
0.003118
0.003124
0.003135
0.003123
0.003116
0.003131
0.003126
0.003129
0.003123
0.003125
0.003121
0.003127
0.003120
0.003125
0.003135
0.003136
0.003127
0.003122
0.003123
0.003123
0.003134
0.003134
0.003119
0.003157
0.003148
0.003146
0.003136
0.003130
0.003135
0.003143
0.003128
0.003131
0.003124
0.003124
0.003124
0.003130
0.003131
0.003127
0.003127
0.003134
0.003124
0.003113
0.003128
0.003130
0.003138
0.003120
0.003123
0.003136
0.003138
0.003132
0.003132
0.003138
0.003136
0.003124
0.003126
0.003130
0.003137
0.003135
0.003124
0.003125
0.003131
0.003135
0.003139
0.003138
0.003119
0.003142
0.003130
0.003137
0.003115
0.003126
0.003137
0.003140
0.003131
0.003123
0.003135
0.003132
0.003130
0.003126
0.003132
0.003132
0.003125
0.003133
0.003124
0.003134
0.003139
0.003131
0.003134
0.003134
0.003140
0.003131
0.003131
0.003126
0.003129
0.003140
0.003133
0.003129
0.003123
0.003138
0.003128
0.003128
0.003131
0.003118
0.003123
0.003130
0.003140
0.003129
0.006571
0.003268
0.003146
0.003129
0.003111
0.003110
0.003102
0.003091
0.003097
0.003099
0.003108
0.003111
0.003101
0.003096
0.003093
0.003102
0.003101
0.003095
0.003101
0.003092
0.003100
0.003086
0.003090
0.003097
0.003100
0.003109
0.003101
0.003101
0.003100
0.003110
0.003104
0.003100
0.003102
0.003094
0.003099
0.003100
0.003100
0.003111
0.003098
0.003095
0.003101
0.003105
0.003112
0.003091
0.003093
0.003103
0.003089
0.003091
0.003090
0.003097
0.003115
0.003105
0.003099
0.003099
0.003103
0.003097
0.003106
0.003101
0.003105
0.003108
0.003117
0.003101
0.003104
0.003113
0.003097
0.003103
0.003095
0.003118
0.003104
0.003127
0.003097
0.003103
0.003096
0.003091
0.003094
0.003091
0.003100
0.003102
0.003101
0.003097
0.003098
0.003101
0.003100
0.003106
0.003093
0.003099
0.003104
0.003098
0.003095
0.003100
0.003103
0.003104
0.003099
0.003088
0.003106
0.003099
0.003097
0.003083
0.003092
0.003098
0.003098
0.003089
0.003094
0.003096
0.003109
0.003111
0.003106
0.003113
0.003110
0.003112
0.003108
0.003109
0.003115
0.003118
0.003113
0.003111
0.003117
0.003117
0.003113
0.003114
0.003100
0.003118
0.003113
0.003113
0.003106
0.003111
0.003126
0.003109
0.003110
0.003102
0.003107
0.003113
0.003120
0.003110
0.003115
0.003113
0.003116
0.003110
0.003103
0.003121
0.003115
0.003131
0.003114
0.003114
0.003110
0.003114
0.003116
0.003110
0.003109
0.003120
0.003117
0.003105
0.003110
0.003109
0.003122
0.003121
0.003103
0.003119
0.003132
0.003123
0.003104
0.003112
0.003126
0.003120
0.003117
0.003113
0.003120
0.003119
0.003122
0.003102
0.003115
0.003120
0.003116
0.003116
0.003111
0.003115
0.003119
0.003115
0.003107
0.003107
0.003121
0.003123
0.003124
0.003102
0.003117
0.003119
0.003121
0.003117
0.003112
0.003116
0.003116
0.003117
0.003109
0.003117
0.003120
0.003120
0.003118
0.003101
0.003128
0.003122
0.003119
0.003101
0.003117
0.003121
0.003119
0.003142
0.003105
0.003115
0.003120
0.003118
0.003111
0.003115
0.003121
0.003111
0.003111
0.003111
0.003129
0.003114
0.003137
0.003114
0.003114
0.003127
0.003120
0.003110
0.003113
0.003116
0.003117
0.003116
0.003114
0.003111
0.003125
0.003122
0.003118
0.003120
0.003127
0.003132
0.003116
0.003110
0.003100
0.003122
0.003119
0.003133
0.003113
0.003114
0.003122
0.003119
0.003110
0.003101
0.003118
0.003122
0.003118
0.003107
0.003126
0.003115
0.003120
0.003113
0.003117
0.003118
0.003124
0.003111
0.003113
0.003117
0.003119
0.003122
0.003125
0.003106
0.003121
0.003121
0.003121
0.003105
0.003119
0.003115
0.003115
0.003121
0.003115
0.003120
0.003120
0.003118
0.003117
0.003115
0.003123
0.003122
0.003110
0.003126
0.003118
0.003116
0.003118
0.003123
0.003119
0.003124
0.003125
0.003122
0.003116
0.003116
0.003121
0.003116
0.003130
0.003106
0.003120
0.003119
0.003113
0.003113
0.003118
0.003125
0.003133
0.003124
0.003126
0.003125
0.003117
0.003116
0.003121
0.003117
0.003115
0.003116
0.003111
0.003117
0.003123
0.003118
0.003132
0.003127
0.006824
0.003533
0.003359
0.003203
0.003155
0.003147
0.003158
0.003153
0.003153
0.003138
0.003155
0.003156
0.003155
0.003152
0.003146
0.003150
0.003152
0.003151
0.003156
0.003151
0.003145
0.003143
0.003138
0.003148
0.003148
0.003149
0.003146
0.003154
0.003149
0.003157
0.003172
0.003149
0.003152
0.003152
0.003140
0.003157
0.003150
0.003156
0.003153
0.003154
0.003146
0.003150
0.003150
0.003144
0.003141
0.003150
0.003149
0.003149
0.003156
0.003155
0.003147
0.003158
0.003145
0.003144
0.003153
0.003152
0.003152
0.003147
0.003152
0.003154
0.003156
0.003141
0.003152
0.003136
0.003157
0.003144
0.003151
0.003153
0.003149
0.003157
0.003149
0.003148
0.003157
0.003140
0.003144
0.003148
0.003143
0.003162
0.003149
0.003159
0.003149
0.003148
0.003148
0.003148
0.003145
0.003143
0.003144
0.003147
0.003151
0.003137
0.003139
0.003155
0.003156
0.003147
0.003147
0.003146
0.003159
0.003157
0.003157
0.003148
0.003148
0.003140
0.003151
0.003143
0.003147
0.003146
0.003135
0.003150
0.003143
0.003137
0.003146
0.003150
0.003143
0.003146
0.003145
0.003143
0.003146
0.003144
0.003142
0.003144
0.003143
0.003147
0.003140
0.003139
0.003147
0.003151
0.003142
0.003148
0.003151
0.003151
0.003153
0.003149
0.003140
0.003150
0.003155
0.003155
0.003140
0.003148
0.003141
0.003148
0.003158
0.003144
0.003152
0.003145
0.003143
0.003148
0.003141
0.003150
0.003142
0.003147
0.003153
0.003143
0.003151
0.003144
0.003147
0.003147
0.003144
0.003146
0.003149
0.003146
0.003132
0.003138
0.003145
0.003150
0.003150
0.003149
0.003146
0.003148
0.003157
0.003147
0.003154
0.003149
0.003156
0.003160
0.003146
0.003151
0.003146
0.003156
0.003150
0.003140
0.003149
0.003151
0.003154
0.003148
0.003144
0.003162
0.003151
0.003159
0.003152
0.003152
0.003144
0.003147
0.003152
0.003146
0.003146
0.003148
0.003162
0.003151
0.003151
0.003148
0.003157
0.003147
0.003152
0.003155
0.003160
0.003148
0.003145
0.003146
0.003156
0.003156
0.003153
0.003155
0.003143
0.003154
0.003149
0.003145
0.003152
0.003147
0.003151
0.003147
0.003146
0.003145
0.003145
0.003154
0.003158
0.003149
0.003149
0.003153
0.003157
0.003154
0.003148
0.003143
0.003154
0.003150
0.003155
0.003141
0.003142
0.003151
0.003152
0.003144
0.003142
0.003152
0.003152
0.003150
0.003153
0.003148
0.003157
0.003157
0.003161
0.003162
0.003157
0.003165
0.003151
0.003152
0.003151
0.003147
0.003151
0.003153
0.003154
0.003153
0.003147
0.003154
0.003152
0.003148
0.003147
0.003156
0.003155
0.003157
0.003153
0.003149
0.003160
0.003154
0.003160
0.003158
0.003154
0.003155
0.003161
0.003156
0.003149
0.003159
0.003170
0.003148
0.003153
0.003146
0.003149
0.003149
0.003148
0.003147
0.003148
0.003156
0.003148
0.003151
0.003155
0.003158
0.003153
0.003147
0.003155
0.003145
0.003155
0.003151
0.003161
0.003154
0.003153
0.003158
0.003152
0.003158
0.003147
0.003134
0.003140
0.003179
0.003148
0.003148
0.003155
0.003150
0.003154
0.003166
0.003149
0.003149
0.003155
0.003144
0.003153
0.003154
0.003149
0.003157
0.003148
0.003140
0.003155
0.003149
0.003147
0.003150
0.003152
0.003146
0.003149
0.003150
0.003152
0.003149
0.003150
0.003159
0.003155
0.003146
0.003153
0.003152
0.003164
0.003168
0.003154
0.003154
0.003161
0.003151
0.003155
0.003147
0.003142
0.003145
0.003151
0.003142
0.003139
0.003159
0.003151
0.003153
0.003154
0.003153
0.003158
0.003165
0.003156
0.003146
0.003156
0.003145
0.003155
0.003160
0.003157
0.003156
0.003159
0.003162
0.003147
0.003151
0.003158
0.003151
0.003155
0.003150
0.003154
0.003155
0.003160
0.003154
0.003146
0.003153
0.003157
0.003158
0.003153
0.003151
0.003154
0.003155
0.003158
0.003147
0.003145
0.003154
0.003149
0.003156
0.003148
0.003154
0.003150
0.003151
0.003148
0.003143
0.003155
0.003147
0.003150
0.003157
0.003157
0.003159
0.003163
0.003161
0.003152
0.003146
0.003162
0.003158
0.003155
0.003134
0.003150
0.003150
0.003157
0.003157
0.003137
0.003161
0.003166
0.003151
0.003149
0.003142
0.003143
0.003144
0.003154
0.003150
0.003148
0.003148
0.003150
0.003153
0.003151
0.003144
0.003143
0.003147
0.003146
0.003150
0.003150
0.003149
0.003149
0.003141
0.003144
0.003155
0.003152
0.003152
0.003142
0.003150
0.003152
0.003153
0.003148
0.003140
0.003149
0.003144
0.003148
0.003141
0.003149
0.003153
0.003150
0.003145
0.003146
0.003152
0.003143
0.003144
0.003152
0.003144
0.003150
0.003156
0.003145
0.003156
0.003132
0.003149
0.003151
0.003149
0.003146
0.003147
0.003147
0.003143
0.003143
0.003146
0.003147
0.003152
0.003155
0.003154
0.003141
0.003152
0.003145
0.003147
0.003210
0.003411
0.004020
0.003314
0.003265
0.003219
0.003215
0.003213
0.003247
0.003230
0.003204
0.003192
0.003173
0.003178
0.003180
0.003203
0.003309
0.003283
0.003268
0.003221
0.003216
0.003192
0.003183
0.003187
0.003183
0.003180
0.003177
0.003175
0.003173
0.003178
0.003176
0.003178
0.003170
0.003175
0.003171
0.003170
0.003174
0.003161
0.003170
0.003175
0.003173
0.003172
0.003165
0.003161
0.003165
0.003171
0.003173
0.003154
0.003165
0.003172
0.003171
0.003168
0.003176
0.003168
0.003180
0.003170
0.003172
0.003166
0.003167
0.003159
0.003175
0.003156
0.003158
0.003163
0.003167
0.003179
0.003162
0.003168
0.003158
0.003170
0.003170
0.003165
0.003165
0.003170
0.003162
0.003168
0.003160
0.003172
0.003171
0.003175
0.003160
0.003165
0.003160
0.003164
0.003170
0.003161
0.003169
0.003169
0.003178
0.003172
0.003164
0.003167
0.003172
0.003174
0.003171
0.003159
0.003173
0.003169
0.003177
0.003161
0.003153
0.003162
0.003180
0.003156
0.003161
0.003169
0.003163
0.003167
0.003172
0.003150
0.003153
0.003168
0.003165
0.003153
0.003165
0.003160
0.003148
0.003165
0.003165
0.003161
0.003158
0.003159
0.003151
0.003153
0.003153
0.003165
0.003173
0.003167
0.003156
0.003165
0.003159
0.003162
0.003190
0.003128
0.003145
0.003139
0.003132
0.003125
0.003121
0.003123
0.003141
0.003140
0.003130
0.006138
0.003259
0.003195
0.003174
0.003165
0.003164
0.003161
0.003152
0.003158
0.003162
0.003156
0.003158
0.003152
0.003149
0.003162
0.003158
0.003157
0.003153
0.003150
0.003154
0.003157
0.003152
0.003145
0.003147
0.003156
0.003147
0.003141
0.003143
0.003154
0.003147
0.003147
0.003145
0.003142
0.003148
0.003149
0.003150
0.003148
0.003143
0.003149
0.003148
0.003153
0.003145
0.003151
0.003144
0.003149
0.003146
0.003139
0.003156
0.003140
0.003150
0.003146
0.003143
0.003143
0.003143
0.003147
0.003138
0.003141
0.003149
0.003146
0.003149
0.003152
0.003146
0.003138
0.003146
0.003142
0.003143
0.003152
0.003151
0.003149
0.003140
0.003150
0.003153
0.003142
0.003140
0.003146
0.003153
0.003145
0.003149
0.003140
0.003139
0.003144
0.003140
0.003144
0.003141
0.003154
0.003141
0.003147
0.003147
0.003148
0.003148
0.003147
0.003143
0.003136
0.003152
0.003152
0.003147
0.003147
0.003135
0.003147
0.003140
0.003152
0.003160
0.003160
0.003151
0.003154
0.003152
0.003149
0.003147
0.003149
0.003151
0.003157
0.003146
0.003156
0.003153
0.003151
0.003155
0.003142
0.003142
0.003134
0.003146
0.003146
0.003150
0.003151
0.003152
0.003149
0.003146
0.003145
0.003152
0.003155
0.003149
0.003144
0.003154
0.003148
0.003150
0.003150
0.003137
0.003154
0.003154
0.003146
0.003146
0.003139
0.003153
0.003148
0.003150
0.003150
0.003153
0.003148
0.003142
0.003151
0.003141
0.003151
0.003157
0.003152
0.003144
0.003151
0.003155
0.003152
0.003144
0.003145
0.003141
0.003156
0.003142
0.003147
0.003143
0.003142
0.003145
0.003149
0.003152
0.003144
0.003150
0.003149
0.003149
0.003132
0.003148
0.003145
0.003147
0.003142
0.003143
0.003147
0.003151
0.003149
0.003153
0.003134
0.003142
0.003138
0.003149
0.003141
0.003138
0.003156
0.003146
0.003152
0.003146
0.003145
0.003150
0.003156
0.003148
0.003134
0.003148
0.003143
0.003149
0.003138
0.003136
0.003142
0.003149
0.003146
0.003136
0.003149
0.003147
0.003147
0.003149
0.003148
0.003146
0.003151
0.003150
0.003145
0.003135
0.003148
0.003141
0.003148
0.003148
0.003152
0.003149
0.003146
0.003137
0.003137
0.003145
0.003140
0.003141
0.003150
0.003142
0.003147
0.003140
0.003140
0.003141
0.003143
0.003146
0.003149
0.003148
0.003136
0.003146
0.003141
0.003140
0.003141
0.003141
0.003147
0.003137
0.003137
0.003132
0.003138
0.003140
0.003144
0.003142
0.003137
0.003186
0.003166
0.003165
0.003157
0.003148
0.003148
0.003145
0.003143
0.003137
0.003144
0.003153
0.003139
0.003152
0.003141
0.003142
0.003153
0.003149
0.003148
0.003140
0.003143
0.003140
0.003154
0.003149
0.003134
0.003147
0.003142
0.003154
0.003169
0.003173
0.003159
0.003149
0.003145
0.003149
0.003150
0.003146
0.003155
0.003155
0.003152
0.003161
0.003156
0.003149
0.003149
0.003144
0.003156
0.003149
0.003154
0.003140
0.003148
0.003149
0.003158
0.003153
0.003143
0.003148
0.003155
0.003136
0.003150
0.003139
0.003147
0.003137
0.003140
0.003146
0.003152
0.003147
0.003145
0.003147
0.003141
0.003143
0.003144
0.003138
0.003147
0.003145
0.003145
0.003148
0.003143
0.003149
0.003135
0.003146
0.003152
0.003150
0.003145
0.003140
0.003143
0.003141
0.003150
0.003141
0.003138
0.003142
0.003147
0.003139
0.003141
0.003142
0.003160
0.003163
0.003146
0.003146
0.003139
0.003143
0.003154
0.003141
0.003144
0.003143
0.003146
0.003146
0.003143
0.003145
0.003146
0.003148
0.003141
0.003155
0.003154
0.003150
0.003149
0.003149
0.003144
0.003157
0.003154
0.003145
0.003139
0.003152
0.003158
0.003151
0.003142
0.003144
0.003145
0.003155
0.003153
0.003151
0.003150
0.003153
0.003150
0.003153
0.003150
0.003207
0.003209
0.003186
0.003185
0.003170
0.003184
0.003184
0.003183
0.003194
0.003184
0.003183
0.003189
0.003177
0.003185
0.003181
0.003170
0.003180
0.003180
0.003177
0.003169
0.003178
0.003179
0.003174
0.003175
0.003185
0.003184
0.003189
0.003183
0.003172
0.003186
0.003177
0.003179
0.003182
0.003175
0.003181
0.003179
0.003175
0.003177
0.003170
0.003170
0.003184
0.003186
0.003184
0.003167
0.003172
0.003176
0.003178
0.003175
0.003180
0.003183
0.003181
0.003185
0.003177
0.003174
0.003178
0.003184
0.003178
0.003170
0.003180
0.003179
0.003177
0.003178
0.003181
0.003175
0.003173
0.003186
0.003175
0.003175
0.003176
0.003193
0.003184
0.003182
0.003181
0.003176
0.003182
0.003183
0.003176
0.003178
0.003183
0.003186
0.003174
0.003173
0.003181
0.003187
0.003195
0.003191
0.003172
0.003170
0.003180
0.003180
0.003181
0.003180
0.003171
0.003178
0.003193
0.003173
0.003170
0.003179
0.003177
0.003178
0.003177
0.003181
0.003179
0.003185
0.003181
0.003181
0.003174
0.003179
0.003173
0.003170
0.003174
0.003168
0.003172
0.003171
0.003171
0.003180
0.003164
0.003173
0.003179
0.003183
0.003178
0.003169
0.003180
0.003189
0.003183
0.003174
0.003168
0.003175
0.003180
0.003177
0.003173
0.003165
0.003171
0.003181
0.003168
0.003184
0.003173
0.003183
0.003184
0.003183
0.003180
0.003184
0.003176
0.003182
0.003175
0.003181
0.003179
0.003175
0.003186
0.003185
0.003182
0.003185
0.003180
0.003181
0.003188
0.003184
0.003185
0.003186
0.003187
0.003182
0.003172
0.003181
0.003181
0.003185
0.003190
0.003183
0.003174
0.003173
0.003177
0.003191
0.003172
0.003172
0.003170
0.003172
0.003181
0.003175
0.003181
0.003172
0.003177
0.003178
0.003181
0.003185
0.003187
0.003179
0.003176
0.003176
0.003177
0.003179
0.003181
0.003182
0.003179
0.003185
0.003182
0.003182
0.003172
0.003184
0.003183
0.003187
0.003184
0.003176
0.003178
0.003181
0.003185
0.003173
0.003192
0.003180
0.003183
0.003186
0.003182
0.003181
0.003172
0.003176
0.003177
0.003183
0.003172
0.003185
0.003182
0.003186
0.003185
0.003173
0.003181
0.003181
0.003186
0.003185
0.003173
0.003186
0.003184
0.003166
0.003166
0.003181
0.003177
0.003171
0.003184
0.003175
0.003181
0.003178
0.003174
0.003177
0.003172
0.003171
0.003180
0.003179
0.003184
0.003245
0.003186
0.003182
0.003189
0.003486
0.004129
0.003317
0.003318
0.003310
0.003310
0.003307
0.003310
0.003305
0.003305
0.003311
0.003324
0.003310
0.003325
0.003312
0.003309
0.003316
0.003314
0.003315
0.003312
0.003308
0.003305
0.003307
0.003323
0.003320
0.003317
0.003313
0.003316
0.003314
0.003327
0.003322
0.003312
0.003312
0.003313
0.003316
0.003320
0.003320
0.003323
0.003317
0.003308
0.003324
0.003314
0.003317
0.003314
0.003309
0.003314
0.003331
0.003321
0.003325
0.003319
0.003320
0.003320
0.003327
0.003328
0.003329
0.003324
0.003320
0.003318
0.003322
0.003330
0.003339
0.003330
0.003311
0.003319
0.003316
0.003332
0.003321
0.003320
0.003322
0.003319
0.003324
0.003324
0.003336
0.003320
0.003316
0.003329
0.003323
0.003317
0.003326
0.003323
0.003319
0.003322
0.003321
0.003317
0.003321
0.003313
0.003317
0.003310
0.003326
0.003330
0.003319
0.003314
0.003334
0.003328
0.003322
