0.003444
0.001817
0.001980
0.001935
0.001892
0.001863
0.001753
0.001803
0.001711
0.001701
0.001705
0.001694
0.001715
0.001685
0.001691
0.001680
0.001687
0.001702
0.001689
0.001697
0.001682
0.001682
0.001681
0.001679
0.001678
0.001679
0.001685
0.001676
0.001682
0.001671
0.001681
0.001694
0.001674
0.001680
0.001667
0.001676
0.001691
0.001682
0.001692
0.001677
0.001678
0.001672
0.001681
0.001687
0.001676
0.001683
0.001669
0.001681
0.001666
0.001679
0.001689
0.001684
0.001681
0.001670
0.001674
0.001675
0.001665
0.001676
0.001675
0.001684
0.001674
0.001670
0.001673
0.001679
0.001684
0.001662
0.001681
0.001670
0.001675
0.001675
0.001669
0.001683
0.001669
0.001674
0.001666
0.001672
0.001671
0.001670
0.001680
0.001672
0.001670
0.001673
0.001669
0.001680
0.001666
0.001677
0.001665
0.001673
0.001721
0.001666
0.001678
0.001668
0.001672
0.001672
0.001671
0.001681
0.001674
0.001677
0.001681
0.001671
0.001712
0.001669
0.001676
0.001665
0.001673
0.001663
0.001667
0.001680
0.001678
0.001677
0.001665
0.001665
0.001668
0.001674
0.001682
0.001670
0.001675
0.001675
0.001681
0.001681
0.001676
0.001675
0.001668
0.001675
0.001672
0.001673
0.001683
0.001673
0.001674
0.001674
0.001693
0.001674
0.001670
0.001674
0.001672
0.001678
0.001677
0.001676
0.001679
0.001671
0.001673
0.001676
0.001674
0.001666
0.001676
0.001674
0.001674
0.001675
0.001669
0.001676
0.001673
0.001670
0.001675
0.001670
0.001670
0.001678
0.001676
0.001679
0.001680
0.001687
0.001676
0.001672
0.001672
0.001674
0.001674
0.001674
0.001675
0.001677
0.001679
0.001677
0.001671
0.001682
0.001676
0.001682
0.001668
0.001668
0.001696
0.001672
0.001683
0.001686
0.001675
0.001676
0.001671
0.001676
0.001669
0.001670
0.001673
0.001665
0.001673
0.001668
0.001670
0.001677
0.001672
0.001671
0.001666
0.001681
0.001672
0.001665
0.001676
0.001661
0.001676
0.001665
0.001680
0.001671
0.001672
0.001666
0.001672
0.001676
0.001668
0.001669
0.001667
0.001670
0.001674
0.001662
0.001683
0.001663
0.001667
0.001683
0.001673
0.001678
0.001677
0.001674
0.001678
0.001676
0.001677
0.001669
0.001681
0.001675
0.001669
0.001665
0.001667
0.001682
0.001659
0.001668
0.001667
0.001670
0.001679
0.001673
0.001682
0.001665
0.001671
0.001668
0.001668
0.001672
0.001660
0.001667
0.001681
0.001676
0.001671
0.001664
0.001684
0.001673
0.001680
0.001673
0.001671
0.001677
0.001668
0.001682
0.001665
0.001675
0.001665
0.001668
0.001669
0.001665
0.001668
0.001670
0.001671
0.001680
0.001672
0.001679
0.001673
0.001667
0.001667
0.001680
0.001673
0.001664
0.001671
0.001672
0.001669
0.001675
0.001674
0.001678
0.001661
0.001672
0.001673
0.001678
0.001680
0.001674
0.001661
0.001670
0.001663
0.001670
0.001661
0.001676
0.001664
0.001672
0.001672
0.001676
0.001667
0.001672
0.001672
0.001669
0.001667
0.001671
0.001666
0.001671
0.001665
0.001674
0.001668
0.001666
0.001675
0.001672
0.001676
0.001665
0.001673
0.001682
0.001671
0.001685
0.001677
0.001666
0.001670
0.001674
0.001675
0.001664
0.001666
0.001661
0.001666
0.001672
0.001660
0.001675
0.001663
0.001671
0.001664
0.001671
0.001674
0.001671
0.001675
0.001660
0.001671
0.001669
0.001668
0.001668
0.001670
0.001665
0.001667
0.001670
0.001681
0.001666
0.001686
0.001661
0.001672
0.001674
0.001675
0.001678
0.001667
0.001679
0.001671
0.001672
0.001678
0.001671
0.001667
0.001670
0.001668
0.001672
0.001667
0.001673
0.001657
0.001682
0.001664
0.001677
0.001665
0.001667
0.001674
0.001669
0.001671
0.001670
0.001672
0.001667
0.001671
0.001682
0.001671
0.001669
0.001682
0.001668
0.001681
0.001671
0.001666
0.001670
0.001675
0.001673
0.001670
0.001676
0.001671
0.001682
0.001673
0.001671
0.001683
0.001670
0.001683
0.001669
0.001672
0.001675
0.001670
0.001678
0.001662
0.001679
0.001670
0.001675
0.001680
0.001673
0.001680
0.001664
0.001677
0.001667
0.001666
0.001671
0.001669
0.001670
0.001672
0.001670
0.001680
0.001661
0.001680
0.001660
0.001672
0.001664
0.001664
0.001675
0.001662
0.001666
0.001672
0.001668
0.001671
0.001664
0.001680
0.001669
0.001672
0.001681
0.001672
0.001672
0.001665
0.001665
0.001669
0.001671
0.001670
0.001681
0.001678
0.001662
0.001682
0.001669
0.001669
0.001680
0.001666
0.001674
0.001672
0.001668
0.001672
0.001674
0.001676
0.001668
0.001667
0.001667
0.001668
0.001674
0.001670
0.001683
0.001668
0.001669
0.001669
0.001664
0.001680
0.001663
0.001673
0.001672
0.001667
0.001667
0.001673
0.001673
0.001681
0.001672
0.001672
0.001664
0.001687
0.001672
0.001673
0.001664
0.001667
0.001670
0.001660
0.001678
0.001670
0.001672
0.001674
0.001670
0.001672
0.001670
0.001685
0.001672
0.001670
0.001671
0.001667
0.001679
0.001668
0.001659
0.001676
0.001664
0.001675
0.001669
0.001670
0.001662
0.001671
0.001672
0.001664
0.001672
0.001668
0.001669
0.001677
0.001677
0.001669
0.001666
0.001686
0.001669
0.001677
0.001674
0.001670
0.001669
0.001664
0.001669
0.001671
0.001677
0.001666
0.001672
0.001675
0.001666
0.001674
0.001668
0.001676
0.001668
0.001669
0.001677
0.001668
0.001672
0.001673
0.001664
0.001678
0.001664
0.001669
0.001662
0.001664
0.001680
0.001676
0.001680
0.001665
0.001676
0.001674
0.001669
0.001666
0.001670
0.001671
0.001673
0.001668
0.001675
0.001666
0.001682
0.001668
0.001671
0.001665
0.001669
0.001673
0.001669
0.001674
0.001678
0.001670
0.001678
0.001667
0.001671
0.001665
0.001675
0.001679
0.001669
0.001670
0.001670
0.001672
0.001676
0.001675
0.001674
0.001670
0.001670
0.001661
0.001678
0.001670
0.001666
0.001673
0.001672
0.001672
0.001676
0.001672
0.001676
0.001674
0.001672
0.001676
0.001670
0.001729
0.001700
0.001672
0.001679
0.001681
0.001668
0.001671
0.001667
0.001667
0.001675
0.001664
0.001674
0.001672
0.001663
0.001676
0.001672
0.001672
0.001666
0.001676
0.001667
0.001670
0.001681
0.001661
0.001673
0.001667
0.001678
0.001681
0.001678
0.001679
0.001668
0.001672
0.001673
0.001665
0.001675
0.001675
0.001666
0.001670
0.001673
0.001677
0.001666
0.001677
0.001659
0.001664
0.001674
0.001667
0.001683
0.001667
0.001675
0.001671
0.001671
0.001671
0.001675
0.001678
0.001666
0.001671
0.001678
0.001673
0.001675
0.001662
0.001675
0.001664
0.001673
0.001674
0.001674
0.001680
0.001671
0.001685
0.001667
0.001662
0.001665
0.001666
0.001672
0.001664
0.001666
0.001667
0.001658
0.001675
0.001668
0.001672
0.001665
0.001671
0.001672
0.001676
0.001671
0.001676
0.001672
0.001669
0.001669
0.001674
0.001667
0.001671
0.001670
0.001668
0.001675
0.001671
0.001677
0.001666
0.001675
0.001665
0.001666
0.001672
0.001661
0.001679
0.001660
0.001669
0.001676
0.001671
0.001684
0.001671
0.001674
0.001668
0.001673
0.001670
0.001669
0.001679
0.001671
0.001672
0.001670
0.001675
0.001672
0.001660
0.001682
0.001666
0.001673
0.001674
0.001672
0.001675
0.001653
0.001672
0.001672
0.001670
0.001675
0.001661
0.001679
0.001667
0.001667
0.001665
0.001671
0.001673
0.001667
0.001674
0.001663
0.001675
0.001679
0.001663
0.001680
0.001664
0.001670
0.001669
0.001666
0.001671
0.001671
0.001671
0.001676
0.001674
0.001678
0.001665
0.001677
0.001669
0.001669
0.001674
0.001672
0.001682
0.001667
0.001670
0.001675
0.001673
0.001672
0.001672
0.001673
0.001672
0.001679
0.001679
0.001670
0.001678
0.001665
0.001686
0.001676
0.001674
0.001680
0.001668
0.001670
0.001670
0.001670
0.001661
0.001673
0.001710
0.001669
0.001675
0.001677
0.001668
0.001677
0.001675
0.001677
0.001664
0.001667
0.001665
0.001719
0.001673
0.001677
0.001680
0.001670
0.001677
0.001670
0.001668
0.001677
0.001667
0.001684
0.001716
0.001675
0.001668
0.001668
0.001670
0.001669
0.001674
0.001667
0.001662
0.001668
0.001661
0.001668
0.001665
0.001669
0.001673
0.001674
0.001673
0.001665
0.001663
0.001669
0.001672
0.001678
0.001664
0.001685
0.001667
0.001673
0.001672
0.001669
0.001672
0.001664
0.001669
0.001756
0.001670
0.001666
0.001670
0.001675
0.001669
0.001674
0.001672
0.001668
0.001680
0.001668
0.001677
0.001672
0.001673
0.001676
0.001662
0.001677
0.001669
0.001665
0.001677
0.001666
0.001678
0.001669
0.001678
0.001663
0.001671
0.001670
0.001668
0.001672
0.001677
0.001685
0.001681
0.001675
0.001679
0.001673
0.001682
0.001669
0.001672
0.001668
0.001676
0.001672
0.001677
0.001686
0.001676
0.001680
0.001672
0.001674
0.001688
0.001681
0.001678
0.001680
0.001675
0.001682
0.001673
0.001682
0.001671
0.001678
0.001677
0.001674
0.001681
0.001676
0.001670
0.001672
0.001675
0.001674
0.001674
0.001680
0.001670
0.001676
0.001675
0.001665
0.001678
0.001670
0.001674
0.001665
0.001676
0.001676
0.001677
0.001680
0.001670
0.001668
0.001671
0.001676
0.001679
0.001674
0.001674
0.001669
0.001668
0.001672
0.001670
0.001682
0.001674
0.001670
0.001672
0.001673
0.001673
0.001668
0.001673
0.001663
0.001660
0.001670
0.001705
0.001667
0.001676
0.001672
0.001663
0.001669
0.001684
0.001681
0.001672
0.001667
0.001675
0.001665
0.001671
0.001674
0.001675
0.001676
0.001670
0.001677
0.001682
0.001673
0.001684
0.001680
0.001674
0.001668
0.001677
0.001684
0.001667
0.001681
0.001670
0.001670
0.001673
0.001667
0.001679
0.001665
0.008529
0.007810
0.001740
0.001710
0.001749
0.001690
0.001683
0.001718
0.001758
0.001939
0.002423
0.002089
0.001687
0.001698
0.001682
0.001681
0.001719
0.001678
0.001692
0.001676
0.001684
0.008484
0.006679
0.004865
0.001686
0.001689
0.003436
0.001710
0.001680
0.001692
0.001679
0.001688
0.001678
0.001674
0.001688
0.001677
0.001680
0.001675
0.001679
0.001679
0.001675
0.002419
0.001679
0.001690
0.001677
0.001674
0.001675
0.001682
0.001685
0.001678
0.001679
0.001676
0.001671
0.001668
0.001671
0.001678
0.001670
0.001685
0.002319
0.001683
0.001669
0.001671
0.001678
0.001669
0.001678
0.001674
0.001679
0.001686
0.001679
0.001685
0.001676
0.001688
0.001674
0.001687
0.001675
0.001680
0.001685
0.001678
0.001683
0.001676
0.001670
0.001674
0.001667
0.001686
0.001673
0.006052
0.002357
0.002194
0.001673
0.001691
0.001672
0.001678
0.001679
0.001679
0.001684
0.001678
0.001681
0.001679
0.001682
0.001675
0.001673
0.001680
0.001669
0.001676
0.001677
0.001672
0.001679
0.001671
0.001685
0.001676
0.001676
0.001682
0.001674
0.001680
0.001670
0.001672
0.001690
0.001670
0.001690
0.001676
0.001679
0.001670
0.001679
0.001672
0.001675
0.001680
0.001677
0.001670
0.001676
0.001680
0.001674
0.001673
0.001679
0.001670
0.001679
0.001676
0.001673
0.001671
0.001672
0.001684
0.001678
0.001673
0.001675
0.001672
0.001684
0.001676
0.001674
0.001674
0.001669
0.001680
0.001676
0.001679
0.001666
0.001672
0.001683
0.001682
0.001677
0.001674
0.001669
0.001676
0.001673
0.001677
0.001668
0.001690
0.001670
0.001681
0.001672
0.001677
0.001686
0.001670
0.001681
0.001677
0.001676
0.001690
0.001677
0.001685
0.001675
0.001669
0.001676
0.001676
0.001674
0.001671
0.001678
0.001669
0.001675
0.001676
0.001676
0.001678
0.001675
0.001676
0.001676
0.001673
0.001672
0.001671
0.001683
0.001673
0.001673
0.001675
0.001678
0.002883
0.006176
0.009104
0.001641
0.001643
0.001641
0.001644
0.001645
0.001645
0.001659
0.001641
0.001639
0.001636
0.001624
0.001635
0.001633
0.001637
0.001630
0.001635
0.001631
0.001644
0.001640
0.001637
0.001634
0.001635
0.001631
0.001629
0.001634
0.001630
0.001635
0.001635
0.001640
0.001637
0.001642
0.001635
0.001637
0.001632
0.001632
0.001650
0.001633
0.001639
0.001626
0.001632
0.001634
0.001626
0.001628
0.001629
0.001637
0.001643
0.001636
0.001643
0.001634
0.001626
0.001655
0.001634
0.001649
0.001627
0.001643
0.001634
0.001631
0.001650
0.001624
0.001630
0.001634
0.001640
0.001642
0.001633
0.001636
0.001646
0.001639
0.001636
0.001632
0.001629
0.001637
0.001636
0.001643
0.001631
0.001639
0.001641
0.001632
0.001638
0.001634
0.001645
0.001637
0.001634
0.001638
0.001637
0.001650
0.001631
0.001636
0.001646
0.001641
0.001643
0.001638
0.001640
0.001628
0.001640
0.001638
0.001629
0.001646
0.001639
0.001634
0.001636
0.001637
0.001643
0.001636
0.001627
0.001651
0.001647
0.001643
0.001628
0.001634
0.001651
0.001636
0.001655
0.001633
0.001640
0.001633
0.001631
0.001641
0.001635
0.001643
0.001638
0.001626
0.001636
0.001635
0.001646
0.001632
0.001638
0.001640
0.001629
0.001635
0.001633
0.001638
0.001635
0.001645
0.001648
0.001637
0.001643
0.001636
0.001636
0.001629
0.001631
0.001638
0.001639
0.001628
0.001633
0.001642
0.001643
0.001627
0.001628
0.001634
0.001631
0.001642
0.001639
0.001646
0.001636
0.001637
0.001640
0.001637
0.001633
0.001629
0.001635
0.001630
0.001638
0.001641
0.001624
0.001639
0.001634
0.001635
0.001637
0.001639
0.001632
0.001643
0.001637
0.001641
0.001634
0.001642
0.001633
0.001633
0.001635
0.001631
0.001638
0.001626
0.001628
0.001633
0.001627
0.001644
0.001636
0.001643
0.001638
0.001654
0.001647
0.001634
0.001640
0.001628
0.001633
0.001642
0.001633
0.001641
0.001628
0.001652
0.001630
0.001635
0.001642
0.001643
0.001644
0.001633
0.001635
0.001623
0.001630
0.001634
0.001627
0.001648
0.001647
0.001642
0.001642
0.001641
0.001637
0.001641
0.001642
0.001646
0.001640
0.001630
0.001637
0.001641
0.001640
0.001635
0.001651
0.001636
0.001633
0.001631
0.001645
0.001654
0.001643
0.001642
0.001636
0.001629
0.001664
0.001644
0.001647
0.001638
0.001648
0.001643
0.001642
0.001639
0.001641
0.001643
0.001691
0.001638
0.001639
0.001635
0.001631
0.001636
0.001633
0.001634
0.001641
0.001638
0.001631
0.001651
0.001646
0.001641
0.001643
0.001636
0.001631
0.001642
0.001632
0.001636
0.001639
0.001631
0.001640
0.001641
0.001645
0.001642
0.001640
0.001643
0.001641
0.001639
0.001641
0.001638
0.001637
0.001637
0.001634
0.001634
0.001651
0.001637
0.001635
0.001634
0.001634
0.001642
0.001636
0.001639
0.001647
0.001645
0.001636
0.001642
0.001646
0.001629
0.001650
0.001639
0.001636
0.001636
0.001640
0.001637
0.001625
0.001631
0.001645
0.001631
0.001640
0.001648
0.001640
0.001630
0.001641
0.001646
0.001631
0.001639
0.001633
0.001629
0.001637
0.001627
0.001632
0.001642
0.001631
0.001638
0.001636
0.001632
0.001638
0.001639
0.001638
0.001639
0.001638
0.001646
0.001634
0.001645
0.001631
0.001643
0.001627
0.001637
0.001640
0.001630
0.001642
0.001620
0.001634
0.001634
0.001638
0.001641
0.001632
0.001634
0.001635
0.001636
0.001639
0.001630
0.001636
0.001626
0.001636
0.001635
0.001630
0.001632
0.001631
0.001630
0.001629
0.001638
0.001644
0.001622
0.001634
0.001620
0.001628
0.001640
0.001629
0.001628
0.001632
0.001641
0.001642
0.001643
0.001634
0.001634
0.001634
0.001632
0.001637
0.001631
0.001638
0.001633
0.001635
0.001639
0.001640
0.001636
0.001632
0.001643
0.001632
0.001642
0.001634
0.001634
0.001636
0.001638
0.001639
0.001639
0.001634
0.001640
0.001637
0.001634
0.001636
0.001645
0.001636
0.001632
0.001629
0.001630
0.001631
0.001639
0.001631
0.001632
0.001634
0.001641
0.001642
0.001639
0.001632
0.001638
0.001645
0.001627
0.001626
0.001647
0.001642
0.001641
0.001642
0.001640
0.001633
0.001628
0.001636
0.001628
0.001631
0.001637
0.001631
0.001638
0.001631
0.001643
0.001625
0.001629
0.001639
0.001630
0.001638
0.001633
0.001637
0.001643
0.001636
0.001640
0.001646
0.001636
0.001629
0.001637
0.001645
0.001634
0.001638
0.001642
0.001636
0.001641
0.001643
0.001649
0.001651
0.001642
0.001641
0.001636
0.001648
0.001635
0.001645
0.001641
0.001633
0.001646
0.001629
0.001643
0.001632
0.001639
0.001647
0.001634
0.001631
0.001630
0.001635
0.001638
0.001624
0.001637
0.001627
0.001636
0.001641
0.001643
0.001641
0.001634
0.001639
0.001624
0.001630
0.001634
0.001636
0.001644
0.001639
0.001635
0.001639
0.001632
0.001639
0.001636
0.001638
0.001638
0.001638
0.001649
0.001642
0.001644
0.001641
0.001645
0.001635
0.001635
0.001633
0.001630
0.001632
0.001640
0.001634
0.001635
0.001639
0.001633
0.001637
0.001636
0.001634
0.001628
0.001643
0.001646
0.001628
0.001645
0.001637
0.001643
0.001637
0.001640
0.004048
0.001650
0.001643
0.001652
0.001636
0.001640
0.001639
0.001645
0.001644
0.001635
0.001626
0.001633
0.001637
0.001636
0.001648
0.001641
0.001630
0.001630
0.001639
0.001637
0.001641
0.001637
0.001635
0.001633
0.001641
0.001648
0.001629
0.001635
0.001634
0.001630
0.001650
0.001646
0.001626
0.001631
0.001633
0.001639
0.001646
0.001648
0.001645
0.001639
0.001639
0.001635
0.001647
0.001636
0.001637
0.001634
0.001636
0.001646
0.001637
0.001642
0.001641
0.001640
0.001650
0.001627
0.002327
0.001634
0.001641
0.001634
0.001637
0.001642
0.001642
0.001649
0.001651
0.001645
0.001642
0.001645
0.001645
0.001645
0.001651
0.001631
0.001650
0.001644
0.001639
0.001640
0.001642
0.001652
0.001638
0.001635
0.001644
0.001633
0.001631
0.001629
0.001636
0.001636
0.001644
0.001627
0.001647
0.001650
0.001641
0.001635
0.001645
0.001644
0.001652
0.001654
0.001648
0.001634
0.001625
0.001637
0.001643
0.001641
0.001643
0.001646
0.001638
0.001627
0.001659
0.001643
0.001633
0.001638
0.001632
0.001634
0.001637
0.001642
0.001646
0.001637
0.001639
0.001637
0.001644
0.001645
0.001633
0.001640
0.001891
0.001673
0.001665
0.001661
0.001655
0.001658
0.001636
0.001644
0.001656
0.001640
0.001646
0.001648
0.001647
0.001643
0.001649
0.001656
0.001639
0.001659
0.001634
0.001634
0.001635
0.001638
0.001643
0.001630
0.001641
0.001642
0.001640
0.001650
0.001639
0.001644
0.001641
0.001634
0.001646
0.001632
0.001646
0.001634
0.001640
0.001636
0.001638
0.001649
0.001633
0.001633
0.001644
0.001638
0.001639
0.001639
0.001633
0.001637
0.001644
0.001639
0.001643
0.001630
0.001634
0.001636
0.001650
0.001637
0.001647
0.001632
0.001637
0.001644
0.001638
0.001647
0.001648
0.001646
0.001632
0.001635
0.001640
0.001643
0.001639
0.001642
0.001637
0.001644
0.001642
0.001647
0.001626
0.001648
0.001652
0.001641
0.001658
0.001647
0.001648
0.001635
0.001641
0.001635
0.001634
0.001636
0.001640
0.001637
0.001648
0.001648
0.001644
0.001635
0.001638
0.001640
0.001641
0.001640
0.001631
0.001645
0.001638
0.001633
0.001656
0.001648
0.001649
0.001643
0.001643
0.001644
0.001648
0.001641
0.001629
0.001634
0.001632
0.001631
0.001643
0.001636
0.001639
0.001621
0.001629
0.001642
0.001636
0.001634
0.001638
0.001638
0.001634
0.001638
0.001639
0.001627
0.001635
0.001640
0.001633
0.001639
0.001639
0.001640
0.001650
0.001642
0.001642
0.001634
0.001635
0.001634
0.001636
0.001649
0.001637
0.001632
0.001653
0.001646
0.001645
0.001640
0.001638
0.001638
0.001641
0.001646
0.001646
0.001652
0.001634
0.001645
0.001640
0.001638
0.001648
0.001629
0.001637
0.001635
0.001638
0.001651
0.001638
0.001629
0.001634
0.001641
0.001645
0.001640
0.001652
0.001639
0.001649
0.001634
0.001638
0.001633
0.001633
0.001626
0.001637
0.001632
0.001639
