0.003782
0.002760
0.002586
0.002502
0.002450
0.002434
0.002344
0.002352
0.002284
0.002338
0.002299
0.002315
0.002318
0.002299
0.002344
0.002273
0.002359
0.002303
0.002306
0.002331
0.002289
0.002335
0.002270
0.002333
0.002276
0.002276
0.002279
0.002275
0.002280
0.002272
0.002341
0.002278
0.002274
0.002276
0.002272
0.002274
0.002277
0.002299
0.002344
0.002275
0.002276
0.002273
0.002338
0.002274
0.002276
0.002275
0.002273
0.002324
0.002288
0.002340
0.002296
0.002316
0.002309
0.002298
0.002339
0.002274
0.002277
0.002278
0.002278
0.002279
0.002272
0.002276
0.002276
0.002275
0.002275
0.002273
0.002276
0.002269
0.002275
0.002327
0.002322
0.002274
0.002276
0.002278
0.002336
0.002338
0.002274
0.002278
0.002276
0.002276
0.002278
0.002272
0.002279
0.002273
0.002276
0.002277
0.002273
0.002276
0.002271
0.002274
0.002275
0.002336
0.002276
0.002273
0.002314
0.002299
0.002277
0.002271
0.002276
0.002276
0.002273
0.002274
0.002272
0.002274
0.002271
0.002275
0.002272
0.002277
0.002283
0.002274
0.002271
0.002274
0.002274
0.002274
0.002281
0.002275
0.002276
0.002275
0.002274
0.002279
0.002272
0.002277
0.002274
0.002273
0.002275
0.002272
0.002276
0.002273
0.002278
0.002279
0.002273
0.002275
0.002272
0.002278
0.002277
0.002335
0.002275
0.002273
0.002318
0.002290
0.002275
0.002277
0.002276
0.002299
0.002307
0.002319
0.002358
0.002436
0.002540
0.002485
0.002468
0.002508
0.002440
0.002396
0.002379
0.002417
0.002355
0.002453
0.002456
0.002408
0.002431
0.002352
0.002421
0.002357
0.002360
0.002408
0.002275
0.002400
0.002366
0.002376
0.002416
0.002294
0.002415
0.002346
0.002327
0.002377
0.002362
0.002344
0.002333
0.002339
0.002348
0.002341
0.002413
0.002389
0.002409
0.002384
0.002453
0.002487
0.002360
0.002343
0.002348
0.002347
0.002347
0.002345
0.002350
0.002346
0.002341
0.002348
0.002343
0.002345
0.002345
0.002341
0.002344
0.002339
0.002347
0.002344
0.002344
0.002345
0.002340
0.002341
0.002343
0.002342
0.002341
0.002343
0.002346
0.002353
0.002342
0.002345
0.002350
0.002345
0.002343
0.002344
0.002339
0.002344
0.002346
0.002339
0.002341
0.002338
0.002344
0.002347
0.002338
0.002341
0.002342
0.002345
0.002337
0.002344
0.002348
0.002339
0.002342
0.002339
0.002344
0.002343
0.002338
0.002345
0.002343
0.002343
0.002341
0.002343
0.002348
0.002342
0.002345
0.002343
0.002345
0.002346
0.002339
0.002345
0.002339
0.002343
0.002340
0.002339
0.002345
0.002340
0.002345
0.002338
0.002341
0.002346
0.002340
0.002344
0.002341
0.002346
0.002345
0.002339
0.002343
0.002340
0.002344
0.002342
0.002342
0.002344
0.002340
0.002350
0.002394
0.002342
0.002348
0.002339
0.002342
0.002342
0.002344
0.002348
0.002337
0.002345
0.002339
0.002343
0.002343
0.002346
0.002345
0.002338
0.002341
0.002341
0.002343
0.002343
0.002340
0.002343
0.002339
0.002345
0.002344
0.002343
0.002347
0.002342
0.002343
0.002341
0.002346
0.002345
0.002339
0.002341
0.002302
0.002271
0.002308
0.002323
0.002276
0.002270
0.002275
0.002274
0.002276
0.002272
0.002275
0.002276
0.002268
0.002278
0.002272
0.002273
0.002272
0.002275
0.002276
0.002272
0.002274
0.002270
0.002274
0.002270
0.002273
0.002274
0.002273
0.002274
0.002275
0.002278
0.002269
0.002275
0.002276
0.002269
0.002308
0.002296
0.002279
0.002275
0.002338
0.002296
0.002309
0.002278
0.002270
0.002273
0.002272
0.002272
0.002273
0.002269
0.002274
0.002271
0.002272
0.002269
0.002276
0.002272
0.002273
0.002274
0.002270
0.002271
0.002272
0.002272
0.002274
0.002273
0.002276
0.002273
0.002274
0.002266
0.002274
0.002269
0.002271
0.002274
0.002268
0.002274
0.002308
0.002329
0.002271
0.002273
0.002272
0.002333
0.002322
0.002285
0.002278
0.002276
0.002333
0.002308
0.002299
0.002275
0.002270
0.002273
0.002284
0.002273
0.002274
0.002270
0.002274
0.002268
0.002272
0.002271
0.002277
0.002273
0.002272
0.002269
0.002269
0.002269
0.002271
0.002274
0.002275
0.002270
0.002272
0.002270
0.002273
0.002269
0.002273
0.002275
0.002269
0.002272
0.002270
0.002274
0.002270
0.002294
0.002275
0.002271
0.002277
0.002270
0.004346
0.002413
0.002300
0.002316
0.002279
0.002341
0.002300
0.002273
0.002276
0.002314
0.002297
0.002320
0.002294
0.002277
0.002272
0.002339
0.002284
0.002273
0.002322
0.002291
0.002279
0.002273
0.002277
0.002275
0.002272
0.002276
0.002271
0.002276
0.002269
0.002279
0.002272
0.002272
0.002275
0.002273
0.002278
0.002271
0.002349
0.002278
0.002271
0.002276
0.002272
0.002275
0.002273
0.002336
0.002277
0.002271
0.002316
0.002298
0.002339
0.002271
0.002273
0.002277
0.002272
0.002275
0.002273
0.002277
0.002272
0.002355
0.002293
0.002272
0.002273
0.002300
0.002311
0.002272
0.002275
0.002274
0.002272
0.002273
0.002270
0.002275
0.002272
0.002306
0.002315
0.002269
0.002276
0.002272
0.002339
0.002277
0.002280
0.002280
0.002273
0.002275
0.002275
0.002275
0.002271
0.002279
0.002297
0.002310
0.002275
0.002273
0.002338
0.002273
0.002279
0.002275
0.002276
0.002274
0.002272
0.002275
0.002272
0.002281
0.002276
0.002271
0.002279
0.002273
0.002277
0.002272
0.002279
0.002273
0.002272
0.002272
0.002272
0.002276
0.002275
0.002273
0.002278
0.002272
0.002276
0.002275
0.002278
0.002271
0.002338
0.002275
0.002275
0.002276
0.002273
0.002276
0.002281
0.002277
0.002275
0.002273
0.002308
0.002300
0.002276
0.002268
0.002338
0.002294
0.002314
0.002277
0.002271
0.002276
0.002271
0.002275
0.002274
0.002273
0.002276
0.002270
0.002275
0.002270
0.002275
0.002270
0.002274
0.002276
0.002271
0.002274
0.002272
0.002276
0.002273
0.002274
0.002275
0.002269
0.002274
0.002275
0.002276
0.002272
0.002310
0.002334
0.002272
0.002278
0.002274
0.002334
0.002273
0.002276
0.002278
0.002271
0.002316
0.002288
0.002276
0.002273
0.002337
0.002277
0.002272
0.002276
0.002272
0.002275
0.002271
0.002274
0.002275
0.002274
0.002276
0.002272
0.002275
0.002272
0.002273
0.002273
0.002272
0.002274
0.002274
0.002275
0.002272
0.002278
0.002277
0.002271
0.002279
0.002273
0.002274
0.002271
0.002275
0.002276
0.002272
0.002275
0.002272
0.002274
0.002273
0.002273
0.002277
0.002273
0.002276
0.002273
0.002345
0.002274
0.002274
0.002295
0.002317
0.002278
0.002269
0.002272
0.002270
0.002275
0.002273
0.002274
0.002275
0.002271
0.002277
0.002273
0.002275
0.002276
0.002274
0.002275
0.002269
0.002278
0.002273
0.002273
0.002271
0.002274
0.002277
0.002269
0.002277
0.002275
0.002276
0.002275
0.002275
0.002273
0.002271
0.002356
0.002343
0.002342
0.002274
0.002339
0.002308
0.002297
0.002339
0.002272
0.002336
0.002273
0.002271
0.002313
0.002298
0.002279
0.002276
0.002341
0.002275
0.002272
0.002351
0.002330
0.002365
0.002272
0.002308
0.002305
0.002270
0.002273
0.002271
0.002273
0.002272
0.002274
0.002274
0.002272
0.002273
0.002271
0.002277
0.002269
0.002276
0.002349
0.002275
0.002279
0.002272
0.002276
0.002274
0.002277
0.002273
0.002271
0.002276
0.002275
0.002276
0.002272
0.002278
0.002280
0.002278
0.002312
0.002298
0.002275
0.002273
0.002339
0.002275
0.002272
0.002280
0.002275
0.002279
0.002298
0.002324
0.002274
0.002272
0.002277
0.002274
0.002275
0.002273
0.002275
0.002275
0.002272
0.002276
0.002272
0.002276
0.002275
0.002274
0.002272
0.002272
0.002279
0.002272
0.002276
0.002274
0.002275
0.002277
0.002269
0.002276
0.002270
0.002275
0.002272
0.002275
0.002271
0.002274
0.002274
0.002273
0.002319
0.002288
0.002273
0.002271
0.002338
0.002275
0.002276
0.002274
0.002273
0.002275
0.002276
0.002276
0.002273
0.002273
0.002278
0.002272
0.002273
0.002269
0.002272
0.002276
0.002283
0.002275
0.002274
0.002274
0.002271
0.002275
0.002278
0.002274
0.002312
0.002330
0.002339
0.002272
0.002276
0.002333
0.002273
0.002273
0.002271
0.002277
0.002272
0.002274
0.002277
0.002272
0.002278
0.002271
0.002335
0.002277
0.002274
0.002305
0.002307
0.002331
0.002288
0.002279
0.002274
0.002273
0.002274
0.002272
0.002277
0.002271
0.002277
0.002273
0.002273
0.002276
0.002272
0.002277
0.002272
0.002276
0.002271
0.002275
0.002272
0.002273
0.002274
0.002275
0.002275
0.002273
0.002275
0.002275
0.002270
0.002274
0.002272
0.002276
0.002276
0.002278
0.002274
0.002270
0.002276
0.002272
0.002275
0.002272
0.002336
0.002276
0.002273
0.002329
0.002301
0.002337
0.002271
0.002278
0.002274
0.002274
0.002277
0.002272
0.002276
0.002275
0.002335
0.002277
0.002271
0.002274
0.002270
0.002276
0.002273
0.002273
0.002276
0.002270
0.002274
0.002272
0.002271
0.002274
0.002273
0.002277
0.002272
0.002276
0.002275
0.002360
0.002285
0.002280
0.002274
0.002332
0.002274
0.002273
0.002273
0.002272
0.002274
0.002275
0.002336
0.002313
0.002294
0.002338
0.002348
0.002357
0.002278
0.002274
0.002302
0.002306
0.002276
0.002270
0.002277
0.002274
0.002276
0.002276
0.002271
0.002276
0.002272
0.002273
0.002275
0.002271
0.002274
0.002272
0.002275
0.002274
0.002273
0.002275
0.002272
0.002274
0.002273
0.002274
0.002274
0.002278
0.002273
0.002270
0.002278
0.002278
0.002275
0.002273
0.002275
0.002277
0.002273
0.002306
0.002304
0.002280
0.002272
0.002337
0.002294
0.002313
0.002274
0.002279
0.002274
0.002271
0.002273
0.002275
0.002271
0.002275
0.002275
0.002275
0.002270
0.002275
0.002271
0.002277
0.002273
0.002273
0.002275
0.002272
0.002274
0.002274
0.002274
0.002272
0.002273
0.002277
0.002271
0.002276
0.002270
0.002275
0.002277
0.002272
0.002274
0.002272
0.002276
0.002271
0.002275
0.002301
0.002310
0.002276
0.002271
0.002336
0.002271
0.002278
0.002299
0.002309
0.002273
0.002269
0.002275
0.002273
0.002275
0.002275
0.002271
0.002273
0.002274
0.002272
0.002269
0.002275
0.002273
0.002274
0.002275
0.002273
0.002276
0.002307
0.002338
0.002277
0.002268
0.002276
0.002320
0.002286
0.002268
0.002276
0.002285
0.002273
0.002276
0.002271
0.002274
0.002270
0.002276
0.002272
0.002272
0.002311
0.002295
0.002273
0.002272
0.002338
0.002295
0.002308
0.002274
0.002274
0.002277
0.002270
0.002274
0.002279
0.002269
0.002270
0.002270
0.002275
0.002272
0.002275
0.002275
0.002273
0.002279
0.002271
0.002277
0.002273
0.002277
0.002285
0.002271
0.002276
0.002271
0.002277
0.002271
0.002275
0.002273
0.002335
0.002276
0.002273
0.002274
0.002272
0.002275
0.002268
0.002274
0.002273
0.002271
0.002325
0.002286
0.002274
0.002272
0.002339
0.002278
0.002272
0.002322
0.002288
0.002274
0.002274
0.002274
0.002274
0.002274
0.002273
0.002269
0.002275
0.002275
0.002275
0.002275
0.002269
0.002274
0.002268
0.002274
0.002271
0.002281
0.002275
0.002270
0.002273
0.002272
0.002278
0.002277
0.002276
0.002275
0.002274
0.002275
0.002270
0.002274
0.002271
0.002277
0.002278
0.002276
0.002274
0.002271
0.002336
0.002273
0.002332
0.002344
0.002309
0.002274
0.002272
0.002370
0.002300
0.002335
0.002274
0.002271
0.002277
0.002275
0.002275
0.002271
0.002274
0.002274
0.002273
0.002276
0.002269
0.002276
0.002272
0.002339
0.002276
0.002270
0.002275
0.002276
0.002274
0.002274
0.002272
0.002275
0.002271
0.002274
0.002271
0.002278
0.002275
0.002280
0.002276
0.002270
0.002275
0.002269
0.002275
0.002269
0.002276
0.002290
0.002315
0.002273
0.002276
0.002338
0.002275
0.002340
0.002280
0.002269
0.002274
0.002270
0.002354
0.002272
0.002276
0.002275
0.002272
0.002276
0.002272
0.002273
0.002272
0.002274
0.002275
0.002268
0.002275
0.002275
0.002274
0.002273
0.002276
0.002275
0.002271
0.002276
0.002273
0.002274
0.002274
0.002273
0.002274
0.002336
0.002312
0.002297
0.002336
0.002270
0.002276
0.002275
0.002271
0.002309
0.002300
0.002274
0.002272
0.002337
0.002278
0.002271
0.002311
0.002295
0.002275
0.002274
0.002276
0.002274
0.002269
0.002276
0.002272
0.002276
0.002274
0.002273
0.002274
0.002302
0.002341
0.002271
0.002274
0.002272
0.002323
0.002294
0.002272
0.002274
0.002271
0.002274
0.002274
0.002273
0.002278
0.002271
0.002278
0.002270
0.002273
0.002273
0.002277
0.002274
0.002277
0.002274
0.002272
0.002321
0.002288
0.002278
0.002270
0.002338
0.002275
0.002272
0.002275
0.002272
0.002272
0.002271
0.002275
0.002275
0.002273
0.002274
0.002272
0.002283
0.002272
0.002273
0.002272
0.002271
0.002276
0.002274
0.002277
0.002272
0.002274
0.002276
0.002271
0.002275
0.002269
0.002273
0.002271
0.002274
0.002276
0.002272
0.002288
0.002270
0.002278
0.002270
0.002275
0.002276
0.002273
0.003626
0.002514
0.002302
0.002276
0.002273
0.002337
0.002275
0.002271
0.002275
0.002269
0.002274
0.002272
0.002276
0.002273
0.002276
0.002304
0.002310
0.002274
0.002271
0.002274
0.002272
0.002274
0.002277
0.002273
0.002275
0.002270
0.002276
0.002271
0.002273
0.002273
0.002271
0.002274
0.002272
0.002275
0.002273
0.002273
0.002276
0.002272
0.002275
0.002271
0.002273
0.002303
0.002337
0.002275
0.002271
0.002316
0.002340
0.002291
0.002268
0.002337
0.002277
0.002270
0.002276
0.002273
0.002274
0.002271
0.002276
0.002302
0.002305
0.002274
0.002273
0.002276
0.002272
0.002275
0.002274
0.002271
0.002275
0.002273
0.002275
0.002272
0.002274
0.002273
0.002324
0.002321
0.002275
0.002276
0.002274
0.002337
0.002276
0.002274
0.002276
0.002270
0.002276
0.002270
0.002275
0.002274
0.002270
0.002275
0.002268
0.002336
0.002272
0.002273
0.002297
0.002306
0.002315
0.002292
0.002275
0.002275
0.002275
0.002275
0.002278
0.002276
0.002269
0.002272
0.002270
0.002273
0.002273
0.002269
0.002276
0.002269
0.002313
0.002333
0.002277
0.002273
0.002272
0.002275
0.002269
0.002277
0.002271
0.002273
0.002274
0.002274
0.002276
0.002272
0.002275
0.002272
0.002276
0.002295
0.002326
0.002279
0.002272
0.002274
0.002271
0.002336
0.002274
0.002274
0.002314
0.002297
0.002337
0.002278
0.002275
0.002272
0.002270
0.002276
0.002272
0.002274
0.002272
0.002274
0.002274
0.002344
0.002302
0.002271
0.002277
0.002271
0.002335
0.002275
0.002271
0.002275
0.002273
0.002274
0.002272
0.002277
0.002276
0.002274
0.002278
0.002271
0.002272
0.002270
0.002275
0.002276
0.002273
0.002274
0.002270
0.002273
0.002271
0.002274
0.002272
0.002336
0.002276
0.002270
0.002323
0.002282
0.002275
0.002275
0.002272
0.002274
0.002271
0.002275
0.002272
0.002275
0.002272
0.002274
0.002276
0.002273
0.002275
0.002274
0.002275
0.002273
0.002273
0.002274
0.002272
0.002272
0.002273
0.002277
0.002273
0.002275
0.002274
0.002275
0.002276
0.002274
0.002272
0.002272
0.002275
0.002277
0.002271
0.002273
0.002269
0.002273
0.002273
0.002275
0.002293
0.002311
0.002276
0.002270
0.002334
0.002269
0.002279
0.002275
0.002272
0.002272
0.002271
0.002276
0.002273
0.002277
0.002271
0.002270
0.002275
0.002272
0.002278
0.002269
0.002336
0.002277
0.002270
0.002273
0.002268
0.002273
0.002269
0.002275
0.002277
0.002269
0.002276
0.002272
0.002273
0.002271
0.002276
0.002271
0.002294
0.002349
0.002271
0.002272
0.002268
0.002310
0.002299
0.002282
0.002303
0.002302
0.002275
0.002270
0.002354
0.002274
0.002352
0.002290
0.002270
0.002276
0.002323
0.002289
0.002278
0.002274
0.002274
0.002269
0.002277
0.002272
0.002339
0.002278
0.002270
0.002275
0.002271
0.002274
0.002271
0.002273
0.002277
0.002275
0.002274
0.002272
0.002277
0.002270
0.002275
0.002274
0.002273
0.002279
0.002274
0.002274
0.002271
0.002277
0.002271
0.002273
0.002281
0.002272
0.002320
0.002288
0.002277
0.002275
0.002337
0.002275
0.002275
0.002276
0.002273
0.002274
0.002299
0.002318
0.002278
0.002272
0.002273
0.002270
0.002275
0.002268
0.002276
0.002274
0.002269
0.002277
0.002273
0.002272
0.002270
0.002279
0.002275
0.002275
0.002274
0.002272
0.002275
0.002272
0.002273
0.002277
0.002270
0.002281
0.002275
0.002280
0.002270
0.002275
0.002275
0.002272
0.002273
0.002270
0.002339
0.002277
0.002277
0.002297
0.002314
0.002312
0.002292
0.002274
0.002271
0.002274
0.002276
0.002274
0.002330
0.002314
0.002275
0.002270
0.002275
0.002333
0.002272
0.002276
0.002271
0.002275
0.002272
0.002275
0.002273
0.002271
0.002276
0.002270
0.002275
0.002271
0.002275
0.002276
0.002274
0.002280
0.002268
0.002276
0.002272
0.002274
0.002279
0.002270
0.002275
0.002270
0.002322
0.002286
0.002275
0.002293
0.002315
0.002277
0.002271
0.002335
0.002273
0.002275
0.002275
0.002271
0.002276
0.002273
0.002298
0.002269
0.002273
0.002274
0.002271
0.002272
0.002271
0.002274
0.002272
0.002275
0.002274
0.002275
0.002274
0.002269
0.002274
0.002271
0.002276
0.002273
0.002273
0.002274
0.002272
0.002274
0.002271
0.002274
0.002268
0.002277
0.002274
0.002273
0.002274
0.002275
0.002337
0.002273
0.002274
0.002300
0.002305
0.002321
0.002292
0.002275
0.002274
0.002275
0.002275
0.002272
0.002284
0.002271
0.002275
0.002270
0.002337
0.002274
0.002272
0.002282
0.002275
0.002277
0.002272
0.002273
0.002275
0.002274
0.002316
0.002341
0.002343
0.002338
0.002321
0.002334
0.002286
0.002297
0.002347
0.002350
0.002304
0.002268
0.002317
0.002337
0.002294
0.002271
0.002275
0.002295
0.002312
0.002276
0.002273
0.002337
0.002270
0.002276
0.002299
0.002309
0.002276
0.002271
0.002273
0.002271
0.002276
0.002278
0.002271
0.002274
0.002272
0.002275
0.002270
0.002274
0.002275
0.002271
0.002304
0.002329
0.002340
0.002273
0.002284
0.002294
0.002308
0.002276
0.002272
0.002278
0.002270
0.002277
0.002296
0.002312
0.002276
0.002269
0.002275
0.002271
0.002274
0.002275
0.002272
0.002311
0.002297
0.002274
0.002272
0.002338
0.002295
0.002311
0.002276
0.002274
0.002276
0.002270
0.002274
0.002278
0.002271
0.002272
0.002274
0.002276
0.002272
0.002288
0.002275
0.002270
0.002272
0.002271
0.002275
0.002270
0.002278
0.002275
0.002272
0.002276
0.002271
0.002337
0.002271
0.002274
0.002270
0.002269
0.002275
0.002270
0.002272
0.002271
0.002276
0.002268
0.002274
0.002275
0.002268
0.002319
0.002287
0.002276
0.002270
0.002336
0.002275
0.002271
0.002380
0.002308
0.002275
0.002344
0.002299
0.002274
0.002271
0.002271
0.002332
0.002273
0.002273
0.002271
0.002273
0.002271
0.002275
0.002272
0.002275
0.002274
0.002275
0.002274
0.002272
0.002273
0.002269
0.002281
0.002270
0.002334
0.002275
0.002269
0.002272
0.002271
0.002273
0.002270
0.002275
0.002279
0.002271
0.002273
0.002273
0.002335
0.002273
0.002275
0.002306
0.002301
0.002325
0.002283
0.002274
0.002272
0.002275
0.002274
0.002270
0.002272
0.002291
0.002316
0.002273
0.002276
0.002338
0.002272
0.002274
0.002272
0.002276
0.002309
0.002296
0.002276
0.002274
0.002335
0.002269
0.002276
0.002269
0.002275
0.002334
0.002269
0.002324
0.002305
0.002312
0.002271
0.002270
0.002270
0.002272
0.002283
0.002273
0.002274
0.002273
0.002336
0.002278
0.002274
0.002323
0.002287
0.002275
0.002280
0.002272
0.002276
0.002270
0.002337
0.002297
0.002310
0.002316
0.002293
0.002337
0.002270
0.002335
0.002270
0.002274
0.002273
0.002275
0.002274
0.002273
0.002279
0.002272
0.002273
0.002273
0.002273
0.002316
0.002325
0.002275
