0.052582
0.043631
0.043536
0.043517
0.043487
0.043471
0.043440
0.043112
0.043158
0.043728
0.043500
0.042724
0.042224
0.042299
0.042498
0.042519
0.042509
0.042341
0.042424
0.042361
0.042498
0.042777
0.042865
0.042330
0.042134
0.042098
0.042168
0.051763
0.042382
0.040690
0.040742
0.040757
0.040716
0.040699
0.041114
0.041226
0.040666
0.040743
0.040801
0.040714
0.040763
0.040695
0.040874
0.040901
0.040862
0.041242
0.041349
0.041180
0.040996
0.040944
0.041005
0.040970
0.041300
0.040918
0.040946
0.041130
0.041091
0.041572
0.041025
0.040940
0.041026
0.040981
0.041164
0.040950
0.041243
0.041202
0.041210
0.041373
0.041066
0.041193
0.041031
0.041052
0.041203
0.040991
0.041035
0.041074
0.041059
0.040908
0.052999
0.041417
0.041043
0.041307
0.041158
0.041242
0.041064
0.040974
0.041082
0.041162
0.041191
0.041198
0.041139
0.041187
0.041078
0.041253
0.041067
0.041048
0.041249
0.041069
0.041263
0.041112
0.041170
0.041061
0.040982
0.041166
0.040984
0.041361
0.041166
0.041076
0.041194
0.041023
0.041159
0.050719
0.042920
0.042353
0.042041
0.042192
0.041940
0.042069
0.041860
0.041918
0.041932
0.041911
0.041906
0.041967
0.041932
0.041931
0.041900
0.041921
0.041968
0.041965
0.041209
0.040936
0.040834
0.040767
0.041022
0.040802
0.040812
0.040745
0.040871
0.040929
0.040848
0.041198
0.040906
0.040874
0.040921
0.040771
0.040883
0.040721
0.040838
0.040843
0.040773
0.040896
0.040939
0.041051
0.040837
0.040731
0.040855
0.040777
0.049243
0.041194
0.040851
0.040926
0.040854
0.041142
0.041085
0.040830
0.040827
0.040735
0.040940
0.040794
0.040996
0.040717
0.040888
0.040988
0.040723
0.040950
0.041062
0.040794
0.040858
0.040804
0.040869
0.040892
0.040908
0.040903
0.040737
0.040857
0.040719
0.040799
0.040987
0.040713
0.040908
0.040771
0.040922
0.040816
0.040858
0.040926
0.040698
0.040858
0.040781
0.040749
0.040979
0.040755
0.040965
0.040903
0.040803
0.040855
0.040954
0.040895
0.040696
0.040808
0.040863
0.040727
0.040974
0.040785
0.040825
0.040851
0.040759
0.040948
0.040878
0.040783
0.040738
0.040724
0.040906
0.040729
0.040998
0.040904
0.040911
0.040482
0.040468
0.040577
0.040707
0.040578
0.042062
0.042840
0.041852
0.041069
0.041224
0.041420
0.041288
0.041402
0.041139
0.041415
0.041310
0.041159
0.041211
0.041023
0.041132
0.041107
0.041345
0.041235
0.041095
0.041404
0.041172
0.041090
0.040937
0.040901
0.041007
0.040808
0.040929
0.041033
0.041012
0.041132
0.040889
0.040887
0.040875
0.040789
0.040825
0.040531
0.040651
0.040537
0.040688
0.040605
0.040572
0.040665
0.040557
0.040656
0.040505
0.040573
0.040748
0.040502
0.040581
0.040500
0.040484
0.040699
0.040817
0.040914
0.040738
0.040745
0.041030
0.040899
0.041023
0.040778
0.040670
0.040910
0.040851
0.040893
0.040906
0.040733
0.040827
0.040818
0.040945
0.040725
0.040971
0.040776
0.040694
0.040787
0.040881
0.041048
0.040962
0.040788
0.040798
0.040746
0.040815
0.040930
0.040926
0.041013
0.040660
0.040793
0.052348
0.042156
0.041001
0.041294
0.041116
0.041026
0.041175
0.040966
0.041146
0.041103
0.040994
0.040998
0.040988
0.040969
0.041079
0.041109
0.041195
0.040941
0.041082
0.041166
0.041213
0.041348
0.041063
0.041152
0.041084
0.041060
0.041259
0.041067
0.041282
0.041128
0.041275
0.041126
0.041195
0.041333
0.041107
0.041201
0.042773
0.042569
0.042072
0.041953
0.042138
0.041999
0.042054
0.042016
0.041919
0.042106
0.041999
0.041930
0.041989
0.041782
0.041772
0.041708
0.041918
0.041841
0.041864
0.041846
0.041530
0.041156
0.040931
0.041037
0.041017
0.041270
0.041134
0.040982
0.041132
0.041166
0.041278
0.041184
0.041039
0.041103
0.040756
0.040910
0.040795
0.040898
0.040848
0.040808
0.041006
0.040908
0.040905
0.041057
0.040758
0.040837
0.040728
0.040826
0.040846
0.040878
0.040954
0.040776
0.041006
0.040996
0.040908
0.041145
0.041074
0.041231
0.041270
0.040981
0.041102
0.041087
0.041223
0.041935
0.041189
0.041350
0.041130
0.041396
0.040929
0.041043
0.040760
0.040792
0.040895
0.040865
0.040849
0.040773
0.040771
0.040961
0.040729
0.041103
0.040882
0.040744
0.041065
0.040905
0.040912
0.040910
0.040788
0.040885
0.040766
0.040914
0.040796
0.041089
0.040863
0.040800
0.040940
0.040742
0.040860
0.040914
0.040779
0.040985
0.040970
0.040948
0.040953
0.040859
0.041007
0.040787
0.040863
0.040886
0.040957
0.040873
0.040708
0.040843
0.040768
0.040810
0.040861
0.041021
0.040940
0.040725
0.041502
0.040821
0.040924
0.042065
0.042768
0.042463
0.041860
0.041789
0.041858
0.041841
0.041928
0.041751
0.041764
0.041805
0.041800
0.041749
0.041716
0.041645
0.041664
0.041664
0.041552
0.041144
0.041548
0.040946
0.041017
0.041112
0.041294
0.041622
0.041065
0.041266
0.040968
0.040957
0.041354
0.040972
0.041376
0.041591
0.040914
0.040921
0.040956
0.041001
0.040811
0.040826
0.040795
0.040743
0.041057
0.041042
0.040905
0.040735
0.041469
0.041073
0.041032
0.040806
0.040792
0.040832
0.040844
0.040721
0.041031
0.040801
0.040906
0.040772
0.040704
0.040965
0.040934
0.040916
0.040737
0.040808
0.040912
0.040741
0.040933
0.040824
0.040856
0.040881
0.040707
0.040884
0.040863
0.040783
0.040800
0.040747
0.040890
0.041048
0.041117
0.041095
0.040706
0.041003
0.040718
0.040873
0.040995
0.040840
0.040816
0.040752
0.040914
0.040728
0.040940
0.040905
0.040854
0.040919
0.040701
0.040781
0.041007
0.040805
0.040913
0.040734
0.040668
0.040854
0.040881
0.040979
0.040729
0.040823
0.041384
0.040865
0.041282
0.040795
0.040909
0.040804
0.040774
0.040907
0.040864
0.040939
0.040835
0.040929
0.040886
0.040794
0.041051
0.040884
0.040792
0.042500
0.042711
0.042170
0.042110
0.041896
0.041956
0.041947
0.041951
0.041897
0.041893
0.041946
0.041862
0.041843
0.041819
0.041824
0.041644
0.041696
0.041633
0.040959
0.040765
0.040885
0.041049
0.040812
0.040862
0.040826
0.040743
0.040868
0.040811
0.040860
0.040747
0.041103
0.040901
0.040946
0.040956
0.040840
0.040801
0.040886
0.040807
0.040877
0.040867
0.040817
0.040781
0.040806
0.041024
0.040742
0.040910
0.040873
0.040812
0.040875
0.040822
0.040782
0.040926
0.040855
0.041167
0.040924
0.040842
0.040849
0.040831
0.040983
0.040767
0.040954
0.040807
0.040791
0.040958
0.040759
0.040891
0.040801
0.040821
0.040945
0.040970
0.040956
0.040829
0.040877
0.040811
0.040728
0.040988
0.040760
0.040880
0.040732
0.040748
0.040895
0.040931
0.040849
0.040916
0.040760
0.040876
0.040755
0.040922
0.040787
0.040809
0.040903
0.040742
0.040941
0.040956
0.040833
0.040768
0.040702
0.040940
0.040793
0.040955
0.040710
0.040740
0.040792
0.040723
0.040846
0.040969
0.040747
0.041056
0.040828
0.040829
0.040785
0.040871
0.040840
0.040779
0.040931
0.040870
0.040883
0.041001
0.040785
0.040920
0.040786
0.049475
0.045475
0.042663
0.041872
0.041470
0.042154
0.041734
0.041940
0.042309
0.042159
0.042162
0.042056
0.042044
0.042203
0.042104
0.042059
0.042040
0.041370
0.041146
0.041426
0.041049
0.041085
0.041081
0.041017
0.041028
0.041061
0.041121
0.041132
0.041097
0.041417
0.041213
0.041293
0.041114
0.041306
0.041564
0.041222
0.041208
0.041364
0.041340
0.041354
0.041212
0.041263
0.041445
0.041468
0.041247
0.041241
0.041309
0.041299
0.041545
0.041348
0.041219
0.041347
0.041172
0.041260
0.041230
0.041514
0.041495
0.041200
0.041330
0.041221
0.041296
0.041237
0.041127
0.041355
0.041319
0.041468
0.041210
0.041310
0.041340
0.041204
0.041328
0.041388
0.041367
0.041367
0.041165
0.041252
0.041432
0.041417
0.041239
0.041305
0.041409
0.041229
0.041500
0.041184
0.041172
0.041276
0.041172
0.041320
0.041322
0.041354
0.041405
0.041187
0.041227
0.041213
0.041469
0.041240
0.041207
0.041312
0.041189
0.041244
0.041240
0.041204
0.041488
0.041366
0.041381
0.041348
0.041341
0.041470
0.041291
0.041350
0.041300
0.041355
0.041275
0.041216
0.041448
0.041273
0.041324
0.041317
0.041197
0.041315
0.041421
0.042150
0.043062
0.042768
0.042403
0.042397
0.042538
0.042247
0.042293
0.042283
0.042304
0.042154
0.041777
0.041384
0.041163
0.041230
0.041275
0.041210
0.041482
0.041337
0.041236
0.041231
0.041393
0.041210
0.041400
0.041327
0.041183
0.041300
0.041172
0.041237
0.041199
0.041211
0.041496
0.041291
0.041836
0.041292
0.041319
0.041271
0.041253
0.041439
0.041386
0.041207
0.041292
0.041271
0.041358
0.041154
0.041182
0.041343
0.041293
0.041453
0.041256
0.041317
0.041361
0.041259
0.041500
0.041209
0.041298
0.041243
0.041213
0.041451
0.041348
0.041153
0.041158
0.041203
0.041311
0.041379
0.041430
0.041329
0.041285
0.041287
0.041236
0.041567
0.041327
0.041337
0.041120
0.041214
0.041093
0.041245
0.041320
0.041223
0.041384
0.041398
0.041147
0.041356
0.041096
0.041173
0.041154
0.041051
0.041258
0.041197
0.041253
0.041228
0.041154
0.041220
0.041542
0.041322
0.041172
0.041333
0.041181
0.041030
0.041268
0.041328
0.041373
0.041414
0.041122
0.041292
0.041181
0.041373
0.041117
0.041174
0.041215
0.041115
0.041275
0.041294
0.041352
0.041110
0.041120
0.041225
0.041080
0.041481
0.041126
0.041179
0.042490
0.042830
0.042352
0.041632
0.041487
0.041332
0.041169
0.041503
0.041386
0.041503
0.041278
0.041009
0.041041
0.040940
0.040991
0.041149
0.041006
0.041127
0.041197
0.041226
0.041104
0.041159
0.041025
0.041005
0.041144
0.040976
0.041097
0.041086
0.040981
0.041047
0.040968
0.041164
0.041099
0.041394
0.041311
0.041165
0.041279
0.041148
0.041358
0.041172
0.041066
0.041130
0.041114
0.041210
0.041273
0.041227
0.041280
0.041160
0.041360
0.041228
0.041196
0.041223
0.041303
0.041183
0.041090
0.041303
0.041331
0.041212
0.041330
0.041147
0.041282
0.041084
0.041161
0.041278
0.041104
0.041344
0.041209
0.041218
0.041363
0.041211
0.041127
0.041111
0.041286
0.041285
0.041269
0.041363
0.041423
0.041426
0.041378
0.041162
0.041476
0.041177
0.041314
0.041128
0.041292
0.041292
0.041253
0.041297
0.041198
0.041456
0.041222
0.041202
0.041300
0.041219
0.041367
0.041054
0.041207
0.041162
0.041387
0.041300
0.041088
0.041166
0.041157
0.041084
0.041310
0.041258
0.041241
0.041102
0.041194
0.041243
0.041223
0.041372
0.041137
0.041163
0.041187
0.041109
0.041500
0.041148
0.041211
0.041252
0.041058
0.041810
0.043910
0.043149
0.041990
0.041716
0.041705
0.041583
0.041648
0.041567
0.041569
0.041464
0.041470
0.041477
0.041497
0.041576
0.041402
0.041403
0.041421
0.041594
0.041569
0.041417
0.041604
0.041374
0.041408
0.041586
0.041364
0.041552
0.041433
0.041420
0.041420
0.041573
0.041566
0.041556
0.041562
0.041505
0.041427
0.041568
0.041400
0.041574
0.041401
0.041447
0.041429
0.041536
0.041650
0.041536
0.041525
0.041387
0.041392
0.041557
0.041360
0.041498
0.041466
0.041454
0.041612
0.041474
0.041588
0.041491
0.041486
0.041602
0.041513
0.041038
0.040938
0.041012
0.041144
0.040964
0.041047
0.041064
0.041021
0.041088
0.041113
0.041093
0.040942
0.041183
0.040951
0.040991
0.041103
0.041001
0.041055
0.041077
0.041116
0.041184
0.041037
0.041128
0.040918
0.041268
0.040947
0.040950
0.041044
0.040953
0.041128
0.041134
0.041001
0.041128
0.041015
0.040981
0.040954
0.041183
0.041003
0.040931
0.041093
0.041006
0.041125
0.041120
0.040962
0.041031
0.041080
0.041026
0.040893
0.041133
0.041084
0.040956
0.041071
0.040949
0.040925
0.041087
0.041026
0.041064
0.040979
0.041142
0.040990
0.041092
0.041695
0.042966
0.042374
0.041532
0.041181
0.041477
0.041188
0.041286
0.041180
0.041078
0.041073
0.040987
0.041020
0.040972
0.041011
0.040939
0.041042
0.041048
0.040908
0.041138
0.040964
0.040909
0.041163
0.041001
0.041007
0.041197
0.041069
0.041139
0.041262
0.041404
0.041166
0.041145
0.041150
0.041023
0.041177
0.041020
0.041004
0.040968
0.041025
0.040928
0.041014
0.041053
0.040982
0.040901
0.040977
0.040903
0.041154
0.040967
0.041013
0.040931
0.040926
0.040905
0.041106
0.041021
0.040925
0.040967
0.040871
0.040964
0.041188
0.040975
0.041046
0.040919
0.040947
0.041037
0.041091
0.040938
0.040916
0.040910
0.041180
0.040948
0.041192
0.040930
0.040868
0.040961
0.040924
0.040999
0.041091
0.041022
0.040934
0.040974
0.041069
0.041057
0.041050
0.041069
0.040932
0.040975
0.040913
0.040974
0.041051
0.040911
0.040972
0.040955
0.040939
0.040914
0.041027
0.041088
0.040929
0.040975
0.040903
0.040865
0.041039
0.040868
0.040933
0.040884
0.040909
0.040945
0.041123
0.040982
0.040894
0.040955
0.040943
0.040945
0.041005
0.040940
0.041033
0.041014
0.040912
0.040961
0.041025
0.040999
0.040916
0.040929
0.042219
0.042987
0.042917
0.042363
0.042240
0.042343
0.042220
0.042171
0.042101
0.042151
0.042137
0.042149
0.042060
0.042085
0.042167
0.042133
0.042217
0.042087
0.042202
0.042119
0.042004
0.042062
0.042080
0.041665
0.040909
0.041107
0.041221
0.041088
0.041220
0.041016
0.041283
0.041220
0.041245
0.040974
0.040923
0.040992
0.040834
0.040996
0.040965
0.040911
0.040963
0.040897
0.040895
0.041124
0.040887
0.041031
0.040916
0.040878
0.040956
0.041018
0.041035
0.040915
0.041162
0.040927
0.040891
0.041075
0.040942
0.041013
0.040972
0.040909
0.040928
0.040963
0.041107
0.040962
0.040898
0.040961
0.040912
0.041013
0.040915
0.040904
0.040929
0.040876
0.040959
0.041023
0.040923
0.040899
0.040924
0.041017
0.040858
0.040990
0.040966
0.040949
0.041058
0.040948
0.041111
0.041001
0.040866
0.040900
0.040866
0.040992
0.040974
0.041028
0.041012
0.040991
0.040937
0.040927
0.040921
0.041003
0.041124
0.041289
0.041358
0.041437
0.041609
0.041327
0.041194
0.041233
0.041260
0.041335
0.041191
0.041396
0.041308
0.041227
0.041534
0.041552
0.041485
0.041526
0.041415
0.041265
0.041417
0.041247
0.041284
0.042601
0.042639
0.042273
0.042229
0.042320
0.042413
0.042431
0.042294
0.042302
0.042334
0.042275
0.042336
0.042338
0.042304
0.042271
0.042330
0.042319
0.042233
0.042450
0.041186
0.041011
0.041110
0.040937
0.040925
0.040864
0.040724
0.040750
0.040745
0.040812
0.040862
0.040883
0.040777
0.040978
0.040856
0.040936
0.040978
0.040829
0.040813
0.040831
0.040760
0.040774
0.040903
0.040804
0.041021
0.040708
0.040791
0.040787
0.040923
0.040810
0.040767
0.040758
0.040762
0.040814
0.051193
0.041687
0.040652
0.040648
0.040620
0.040726
0.040740
0.040740
0.040587
0.040648
0.040603
0.040607
0.040826
0.040606
0.040741
0.040680
0.040629
0.040704
0.040688
0.040743
0.040606
0.040535
0.040829
0.040783
0.040933
0.040856
0.040623
0.040843
0.040663
0.040720
0.040914
0.040608
0.040720
0.040584
0.040702
0.040576
0.040764
0.040711
0.040580
0.040653
0.040654
0.040780
0.040750
0.040626
0.040726
0.040564
0.040654
0.040564
0.040775
0.040651
0.040586
0.040718
0.040682
0.040651
0.040898
0.040608
0.040693
0.040671
0.040590
0.040712
0.040684
0.040789
0.040562
0.040575
0.040759
0.040612
0.040890
0.040616
0.040669
0.042360
0.042485
0.042029
0.041774
0.041616
0.041570
0.041682
0.041597
0.041469
0.041592
0.041585
0.041551
0.041415
0.041417
0.041498
0.041526
0.041544
0.041469
0.041161
0.040693
0.040517
0.040908
0.040600
0.040508
0.040646
0.040602
0.040670
0.040705
0.040663
0.040691
0.040899
0.040908
0.040739
0.040823
0.040802
0.040535
0.040790
0.040579
0.040721
0.040795
0.040621
0.040705
0.040599
0.040784
0.040588
0.040830
0.040718
0.040572
0.040591
0.040543
0.040551
0.040969
0.040662
0.040782
0.040797
0.040610
0.040703
0.040725
0.040771
0.040837
0.040692
0.040647
0.040580
0.041039
0.040672
0.040628
0.040658
0.040628
0.040727
0.040801
0.040767
0.040764
0.040795
0.040753
0.040625
0.040853
0.040640
0.040619
0.040622
0.040610
0.040693
0.040685
0.040671
0.040802
0.040641
0.040808
0.040518
0.040824
0.040637
0.040574
0.040682
0.040600
0.040713
0.040870
0.040743
0.040717
0.040646
0.040702
0.040605
0.040564
0.040827
0.040588
0.040665
0.040556
0.040597
0.040637
0.040717
0.040651
0.040758
0.040652
0.040730
0.040570
0.040853
0.040563
0.040681
0.040723
0.040563
0.040782
0.040693
0.040785
0.040755
0.040551
0.041421
0.042576
0.042291
0.041851
0.041877
0.041793
0.041819
0.041719
0.041730
0.041815
0.041812
0.041684
0.041699
0.041634
0.041649
0.041724
0.041678
0.041636
0.041676
0.041748
0.041639
0.041535
0.040567
0.040562
0.040473
0.040670
0.040630
0.040703
0.040816
0.040883
0.040529
0.040697
0.040592
0.040601
0.040727
0.040574
0.040643
0.040706
0.040572
0.040539
0.040528
0.040745
0.040542
0.040729
0.040604
0.040614
0.040640
0.040538
0.040645
0.040747
0.040514
0.040516
0.040751
0.040736
0.040566
0.040680
0.040632
0.040620
0.040653
0.040697
0.040557
0.040683
0.040587
0.040668
0.040566
0.040584
0.040517
0.040646
0.040659
0.040561
0.040565
0.040544
0.040531
0.040613
0.040635
0.040588
0.040541
0.040637
0.040550
0.040562
0.040629
0.040508
0.040529
0.040598
0.040669
0.040736
0.040667
0.040525
0.040558
0.040505
0.040857
0.040649
0.040584
0.040530
0.040599
0.040708
0.040576
0.040510
0.040599
0.040571
0.040570
0.040561
0.040557
0.040568
0.040583
0.040630
0.040624
0.040620
0.040690
0.040538
0.040667
0.040510
0.040589
0.040504
0.040534
0.040564
0.040610
0.040629
0.040539
0.040531
0.040565
0.040511
0.040753
0.042545
0.042480
0.042193
0.041616
0.041605
0.041577
0.041390
0.041569
0.041442
0.041395
0.041588
0.041587
0.041455
0.041464
0.041600
0.041535
0.041534
0.041582
0.041257
0.040749
0.040593
0.040711
0.040566
0.040747
0.040595
0.040553
0.040705
0.040664
0.040745
0.040658
0.040905
0.040799
0.041111
0.040936
0.040732
0.040619
0.040756
0.040552
0.040737
0.040645
0.040629
0.040691
0.040593
0.040885
0.040865
0.040661
0.040837
0.040652
0.040776
0.040542
0.040674
0.040679
0.040670
0.040749
0.040532
0.040712
0.040552
0.041136
0.040822
0.040724
0.040708
0.040682
0.040556
0.041121
0.040772
0.040902
0.040650
0.040609
0.040638
0.040687
0.041093
0.040933
0.040655
0.040679
0.040653
0.040787
0.040586
0.040724
0.040591
0.040554
0.040772
0.041051
0.041111
0.040745
0.040645
0.040748
0.040644
0.040746
0.040607
0.040680
0.040706
0.040653
0.040697
0.041296
0.040596
0.040641
0.040584
0.040728
0.040602
0.040611
0.040734
0.040726
0.040836
0.040746
0.040627
0.040584
0.041242
0.040699
0.040744
0.040685
0.040566
0.040659
0.040672
0.040645
0.040693
0.040726
0.040536
0.040679
0.040569
0.041085
0.040998
0.040623
0.042100
0.042668
0.042368
0.041674
0.041613
0.041563
0.041540
0.041485
0.041677
0.041511
0.041540
0.041522
0.041537
0.041546
0.041510
0.041511
0.041113
0.040779
0.040717
0.041062
0.041159
0.040722
0.041130
0.040846
0.041360
0.040583
0.040995
0.040724
0.040701
0.041431
0.040731
0.041134
0.041262
0.041373
0.040995
0.041429
0.040787
0.040545
0.041174
0.040890
0.040618
0.040682
0.040795
0.040719
0.040591
0.041064
0.041304
0.040764
0.040650
0.040594
0.040626
0.040663
0.040584
0.040741
0.040596
0.040662
0.040655
0.040719
0.040833
0.040678
0.040619
0.040774
0.040580
0.040740
0.040606
0.040694
