0.006704
0.005058
0.004984
0.004920
0.004916
0.004924
0.004906
0.004894
0.004902
0.004898
0.004869
0.004871
0.004865
0.004855
0.004865
0.004884
0.004866
0.004853
0.004865
0.004867
0.004878
0.004881
0.004854
0.004852
0.004858
0.004849
0.004866
0.004871
0.004871
0.004851
0.004867
0.004861
0.004851
0.004854
0.004862
0.004851
0.004857
0.004845
0.004860
0.004842
0.004865
0.004864
0.004856
0.004858
0.004863
0.004864
0.004847
0.004862
0.004866
0.004847
0.004838
0.004852
0.004865
0.004850
0.004858
0.004854
0.004847
0.004861
0.004857
0.004858
0.004853
0.004849
0.004856
0.004843
0.004874
0.004845
0.004853
0.004846
0.004852
0.004848
0.004852
0.004847
0.004863
0.004863
0.004858
0.004924
0.004859
0.004847
0.004870
0.004868
0.004867
0.004857
0.004868
0.004847
0.004855
0.004844
0.004847
0.004840
0.004845
0.004846
0.004856
0.004843
0.004843
0.004855
0.004853
0.004843
0.004841
0.004843
0.004844
0.004845
0.004847
0.004838
0.004846
0.004848
0.004848
0.004827
0.004831
0.004842
0.004841
0.004834
0.004842
0.004832
0.004835
0.004823
0.004845
0.004830
0.004851
0.004850
0.004841
0.004857
0.004850
0.004837
0.004858
0.004852
0.004838
0.004812
0.004750
0.004651
0.004609
0.004585
0.004572
0.004567
0.004560
0.004592
0.004696
0.004619
0.004582
0.004574
0.004572
0.004585
0.004567
0.004587
0.004564
0.004590
0.004571
0.004498
0.004509
0.004508
0.004505
0.004565
0.004570
0.004507
0.004501
0.004512
0.004491
0.004511
0.004495
0.004492
0.004489
0.004486
0.004478
0.004486
0.004571
0.004540
0.004535
0.004708
0.004696
0.004685
0.004654
0.004653
0.004606
0.004595
0.004621
0.004559
0.004557
0.004583
0.004573
0.004577
0.004548
0.004601
0.004735
0.004734
0.004707
0.004672
0.004702
0.004680
0.004627
0.004600
0.004594
0.004611
0.004640
0.004583
0.004557
0.004582
0.004586
0.004589
0.004603
0.004566
0.004564
0.004549
0.004556
0.004593
0.004577
0.004578
0.004570
0.004555
0.004557
0.004559
0.004577
0.004604
0.004589
0.004663
0.007788
0.005533
0.004734
0.004595
0.004549
0.004501
0.004495
0.004475
0.004480
0.004476
0.004543
0.004492
0.004517
0.004485
0.004517
0.004561
0.004515
0.004490
0.004519
0.004494
0.004495
0.004466
0.004476
0.004476
0.004526
0.004431
0.004421
0.004480
0.004421
0.004414
0.004425
0.004403
0.004414
0.004486
0.005003
0.004972
0.004855
0.004736
0.004735
0.004714
0.004657
0.004645
0.004608
0.004605
0.004742
0.004802
0.004733
0.004746
0.004748
0.004679
0.004678
0.004632
0.004591
0.004584
0.004578
0.004569
0.004587
0.004575
0.004569
0.004559
0.004559
0.004556
0.004588
0.004612
0.004591
0.004572
0.004577
0.004582
0.004571
0.004566
0.004567
0.004576
0.004603
0.004598
0.004575
0.004585
0.004571
0.004554
0.004569
0.004557
0.004562
0.004565
0.004563
0.004557
0.004552
0.004564
0.004552
0.004559
0.004580
0.004586
0.004581
0.004570
0.004580
0.004648
0.004617
0.004593
0.004638
0.004646
0.004614
0.004612
0.004605
0.004582
0.004557
0.004581
0.004545
0.004560
0.004561
0.004560
0.004561
0.004555
0.004551
0.004579
0.004604
0.004602
0.004558
0.004565
0.004561
0.004574
0.004566
0.004570
0.004551
0.004560
0.004564
0.004553
0.004558
0.004553
0.004562
0.004569
0.004562
0.004558
0.004549
0.004556
0.004564
0.004556
0.004558
0.004562
0.004549
0.004560
0.004543
0.004545
0.004556
0.004556
0.004560
0.004564
0.004560
0.004554
0.004552
0.004549
0.004553
0.004551
0.004566
0.004553
0.004557
0.004548
0.004552
0.004552
0.004546
0.004550
0.004549
0.004559
0.004552
0.004555
0.004572
0.004568
0.004552
0.004560
0.004565
0.004547
0.004558
0.004550
0.004550
0.004554
0.004558
0.004562
0.004549
0.004546
0.004557
0.004550
0.004544
0.004569
0.004575
0.004567
0.004553
0.004566
0.004565
0.004563
0.004524
0.004431
0.004425
0.004425
0.004473
0.004426
0.004415
0.004427
0.004413
0.004418
0.004415
0.004492
0.004439
0.004417
0.004421
0.004419
0.004427
0.004423
0.004473
0.004421
0.004420
0.004416
0.004420
0.004422
0.004416
0.004428
0.004412
0.004409
0.004424
0.004423
0.004419
0.004429
0.004414
0.004410
0.004420
0.004415
0.004420
0.004420
0.004417
0.004459
0.004481
0.004414
0.004483
0.004411
0.004420
0.004419
0.004429
0.004432
0.004417
0.004420
0.004417
0.004415
0.004412
0.004414
0.004430
0.004416
0.004419
0.004428
0.004426
0.004415
0.004408
0.004413
0.004408
0.004416
0.004413
0.004413
0.004423
0.004429
0.004424
0.004417
0.004414
0.004418
0.004413
0.004416
0.004427
0.004426
0.004421
0.004406
0.004425
0.004421
0.004418
0.004408
0.004421
0.004463
0.004435
0.004422
0.004416
0.004415
0.004431
0.004416
0.004411
0.004413
0.004418
0.004428
0.004417
0.004505
0.004429
0.004457
0.004439
0.004410
0.004413
0.004433
0.004422
0.004422
0.004418
0.004418
0.004412
0.004420
0.004415
0.004416
0.004413
0.004423
0.004477
0.004416
0.004412
0.004414
0.004408
0.004415
0.004404
0.004411
0.004414
0.004422
0.004414
0.004421
0.004409
0.004410
0.004411
0.004416
0.004533
0.004431
0.004423
0.004412
0.004417
0.004423
0.004479
0.004418
0.004414
0.004421
0.004411
0.004424
0.004417
0.004427
0.004430
0.004404
0.004459
0.004504
0.004423
0.004416
0.004423
0.004417
0.004474
0.004465
0.004422
0.004484
0.004414
0.004409
0.004415
0.004412
0.004409
0.004402
0.004416
0.004408
0.004412
0.004406
0.004418
0.004507
0.004457
0.004428
0.004421
0.004419
0.004453
0.004420
0.004414
0.004410
0.004398
0.004414
0.004422
0.004411
0.004484
0.004428
0.004418
0.004408
0.004412
0.004410
0.004417
0.004416
0.004417
0.004418
0.004429
0.004429
0.004412
0.004419
0.004406
0.004408
0.004425
0.004419
0.004417
0.004408
0.004418
0.004412
0.004417
0.004407
0.004407
0.004414
0.004419
0.004419
0.004513
0.004424
0.004471
0.004422
0.004408
0.004416
0.004428
0.004419
0.004422
0.004409
0.004422
0.004426
0.004422
0.004414
0.004416
0.004428
0.004424
0.004420
0.004418
0.004413
0.004418
0.004414
0.004411
0.004414
0.004417
0.004418
0.004410
0.004410
0.004427
0.004404
0.004410
0.004417
0.004412
0.004412
0.004418
0.004423
0.004418
0.004421
0.004415
0.004417
0.004424
0.004413
0.004420
0.004407
0.004473
0.004426
0.004424
0.004417
0.004426
0.004418
0.004418
0.004416
0.004407
0.004424
0.006857
0.004628
0.004447
0.004491
0.004422
0.004429
0.004421
0.004427
0.004420
0.004424
0.004425
0.004429
0.004425
0.004427
0.004436
0.004429
0.004429
0.004424
0.004419
0.004422
0.004423
0.004417
0.004419
0.004431
0.004416
0.004436
0.004423
0.004406
0.004411
0.004407
0.004412
0.004421
0.004413
0.004419
0.004413
0.004410
0.004419
0.004419
0.004407
0.004414
0.004412
0.004423
0.004417
0.004408
0.004414
0.004422
0.004421
0.004410
0.004405
0.004415
0.004425
0.004425
0.004423
0.004418
0.004474
0.004422
0.004469
0.004438
0.004419
0.004462
0.004419
0.004418
0.004422
0.004411
0.004418
0.004409
0.004410
0.004421
0.004402
0.004417
0.004433
0.004415
0.004412
0.004420
0.004416
0.004419
0.004423
0.004414
0.004423
0.004419
0.004420
0.004436
0.004420
0.004492
0.004424
0.004419
0.004411
0.004413
0.004408
0.004404
0.004417
0.004423
0.004412
0.004420
0.004411
0.004410
0.004404
0.004426
0.004414
0.004421
0.004414
0.004408
0.004417
0.004415
0.004433
0.004496
0.004416
0.004435
0.004419
0.004413
0.004411
0.004412
0.004513
0.004417
0.004465
0.004423
0.004418
0.004428
0.004425
0.004425
0.004410
0.004408
0.004412
0.004427
0.004411
0.004412
0.004419
0.004419
0.004415
0.004417
0.004443
0.004464
0.004416
0.004408
0.004446
0.004418
0.004419
0.004418
0.004408
0.004415
0.004411
0.004475
0.004421
0.004404
0.004409
0.004421
0.004425
0.004423
0.004427
0.004470
0.004419
0.004404
0.004421
0.004415
0.004416
0.004415
0.004419
0.004426
0.004420
0.004408
0.004414
0.004428
0.004419
0.004397
0.004426
0.004420
0.004424
0.004500
0.004448
0.004451
0.004455
0.004423
0.004427
0.004424
0.004422
0.004417
0.004423
0.004423
0.004418
0.004411
0.004418
0.004410
0.004438
0.004413
0.004458
0.004431
0.004419
0.004421
0.004413
0.004423
0.004417
0.004421
0.004415
0.004426
0.004414
0.004420
0.004425
0.004420
0.004423
0.004475
0.004411
0.004416
0.004427
0.004419
0.004418
0.004412
0.004423
0.004411
0.004424
0.004411
0.004431
0.004415
0.004432
0.004422
0.004422
0.004425
0.004426
0.004411
0.004405
0.004416
0.004441
0.004453
0.004435
0.004487
0.004415
0.004481
0.004410
0.004414
0.004414
0.004415
0.004425
0.004427
0.004418
0.004417
0.004417
0.004418
0.004420
0.004414
0.004415
0.004426
0.004419
0.004423
0.004422
0.004422
0.004413
0.004408
0.004416
0.004421
0.004421
0.004415
0.004423
0.004418
0.004419
0.004677
0.004470
0.004427
0.004414
0.004411
0.004405
0.004413
0.004417
0.004426
0.004414
0.004415
0.004417
0.004415
0.004423
0.004429
0.004418
0.004482
0.004438
0.004407
0.004413
0.004424
0.004420
0.004447
0.004495
0.004428
0.004482
0.004425
0.004484
0.004426
0.004415
0.004419
0.004415
0.004481
0.004427
0.004421
0.004415
0.004426
0.004419
0.004410
0.004415
0.004520
0.004429
0.004477
0.004419
0.004418
0.004427
0.004420
0.004422
0.004476
0.004425
0.004479
0.004419
0.004410
0.004411
0.004425
0.004423
0.004410
0.004423
0.004406
0.004414
0.004399
0.004410
0.004418
0.004424
0.004421
0.004421
0.004421
0.004410
0.004415
0.004407
0.004402
0.004417
0.004417
0.004422
0.004428
0.004416
0.004422
0.004413
0.004502
0.004424
0.004471
0.004459
0.004421
0.004416
0.004431
0.004425
0.004422
0.004416
0.004420
0.004415
0.004422
0.004419
0.004418
0.004413
0.004421
0.004423
0.004415
0.004408
0.004408
0.004415
0.004423
0.004536
0.004449
0.004417
0.004415
0.004413
0.004416
0.004415
0.004418
0.004425
0.004417
0.004417
0.004431
0.004421
0.004422
0.004414
0.004418
0.004412
0.004413
0.004420
0.004413
0.004408
0.004423
0.004430
0.004405
0.004482
0.004414
0.004419
0.004425
0.004418
0.004426
0.004420
0.004416
0.004432
0.004482
0.004418
0.004472
0.004430
0.004413
0.004417
0.004407
0.004419
0.004420
0.004418
0.004409
0.004416
0.004422
0.004429
0.004425
0.004419
0.004420
0.004418
0.004414
0.004486
0.004474
0.004473
0.004460
0.004481
0.004464
0.004477
0.004455
0.004470
0.004467
0.004467
0.004466
0.004462
0.004467
0.004472
0.004477
0.004470
0.004458
0.004452
0.004466
0.004469
0.004469
0.004454
0.004466
0.004459
0.004462
0.004448
0.004446
0.004451
0.004447
0.004453
0.004468
0.004460
0.004452
0.004467
0.004482
0.004523
0.004468
0.004523
0.004450
0.004468
0.004466
0.004462
0.004527
0.004460
0.004470
0.004463
0.004470
0.004481
0.004469
0.004462
0.004474
0.004460
0.004469
0.004466
0.004462
0.004464
0.004470
0.004470
0.004468
0.004482
0.004458
0.004467
0.004466
0.004471
0.004477
0.004468
0.004467
0.004465
0.004459
0.004448
0.004463
0.004466
0.004455
0.004474
0.004466
0.004457
0.004454
0.004447
0.004469
0.004461
0.004476
0.004469
0.004470
0.004457
0.004459
0.004447
0.004458
0.004470
0.004454
0.004499
0.004528
0.004471
0.004535
0.004466
0.004462
0.004459
0.004463
0.004465
0.004451
0.004513
0.004469
0.004458
0.004453
0.004457
0.004469
0.004459
0.004470
0.004467
0.004454
0.004457
0.004458
0.004456
0.004455
0.004450
0.004466
0.004449
0.004457
0.004450
0.004459
0.004454
0.004447
0.004463
0.004456
0.004450
0.004469
0.004457
0.004470
0.004449
0.004457
0.004458
0.004457
0.004457
0.004469
0.004466
0.004470
0.004461
0.004471
0.004448
0.004462
0.004457
0.004470
0.004464
0.004471
0.004456
0.004498
0.004509
0.004454
0.004525
0.004467
0.004471
0.004458
0.004462
0.004460
0.004444
0.004440
0.004460
0.004512
0.004498
0.004468
0.004452
0.004466
0.004455
0.004465
0.004469
0.004464
0.004457
0.004469
0.004475
0.004463
0.004465
0.004469
0.004560
0.004487
0.004478
0.004463
0.004471
0.004474
0.004464
0.004464
0.004460
0.004472
0.004460
0.004475
0.004480
0.004459
0.004469
0.004476
0.004456
0.004460
0.004468
0.004465
0.004472
0.004466
0.004466
0.004467
0.004455
0.004451
0.004457
0.004466
0.004530
0.004575
0.004471
0.004534
0.004458
0.004464
0.004460
0.004471
0.004470
0.004466
0.004467
0.004472
0.004461
0.004452
0.004467
0.004459
0.004458
0.004464
0.004459
0.004467
0.004457
0.004461
0.004465
0.004446
0.004605
0.007289
0.004705
0.004638
0.004624
0.004608
0.004623
0.004609
0.004607
0.004603
0.004604
0.004671
0.004608
0.004611
0.004597
0.004589
0.004604
0.004607
0.004635
0.004603
0.004604
0.004613
0.004599
0.004601
0.004595
0.004617
0.004594
0.004609
0.004606
0.004622
0.004671
0.004590
0.004660
0.004603
0.004601
0.004603
0.004590
0.004600
0.004598
0.004596
0.004604
0.004601
0.004607
0.004602
0.004604
0.004602
0.004650
0.004601
0.004594
0.004602
0.004605
0.004597
0.004584
0.004610
0.004603
0.004610
0.004604
0.004597
0.004595
0.004601
0.004593
0.004610
0.004612
0.004620
0.004615
0.004606
0.004600
0.004597
0.004600
0.004604
0.004609
0.004604
0.004650
0.005030
0.005511
0.005562
0.004923
0.004907
0.005016
0.004948
0.004881
0.004806
0.004810
0.004762
0.004749
0.004778
0.004784
0.004784
0.004829
0.004936
0.004815
0.004792
0.004759
0.004735
0.004757
0.004767
0.004699
0.004725
0.004739
0.004746
0.004710
0.004743
0.004734
0.004735
0.004719
0.004701
0.004741
0.004715
0.004702
0.004706
0.004760
0.004720
0.004747
0.004724
0.004729
0.004719
0.004726
0.004729
0.004736
0.004722
0.004723
0.004714
0.004721
0.004735
0.004727
0.004715
0.004723
0.004727
0.004728
0.004734
0.004720
0.004723
0.004726
0.004728
0.004734
0.004728
0.004731
0.004734
0.004723
0.004737
0.004748
0.004730
0.004723
0.004715
0.004725
0.004730
0.004730
0.004718
0.004727
0.004727
0.004717
0.004717
0.004728
0.004727
0.004720
0.004723
0.004726
0.004724
0.004725
0.004711
0.004717
0.004720
0.004753
0.004761
0.004617
0.004611
0.004610
0.004605
0.004603
0.004629
0.004721
0.004605
0.004604
0.004595
0.004609
0.004598
0.004616
0.004596
0.004611
0.004605
0.004596
0.004610
0.004589
0.004596
0.004610
0.004594
0.004686
0.004673
0.004662
0.004635
0.004609
0.004604
0.004596
0.004595
0.004610
0.004605
0.004676
0.004618
0.004606
0.004595
0.004610
0.004601
0.004609
0.004593
0.004605
0.004594
0.004598
0.004617
0.004596
0.004607
0.004605
0.004603
0.004607
0.004600
0.004605
0.004617
0.004610
0.004603
0.004593
0.004611
0.004604
0.004607
0.004602
0.004593
0.004613
0.004596
0.004604
0.004608
0.004615
0.004612
0.004609
0.004594
0.004595
0.004597
0.004597
0.004611
0.004602
0.004690
0.004614
0.004673
0.004649
0.004622
0.004644
0.004596
0.004597
0.004605
0.004600
0.004609
0.004607
0.004612
0.004600
0.004596
0.004601
0.004623
0.004607
0.004612
0.004618
0.004603
0.004590
0.004608
0.004609
0.004608
0.004611
0.004593
0.004603
0.004657
0.004591
0.004594
0.004601
0.004609
0.004604
0.004601
0.004593
0.004606
0.004609
0.004612
0.004598
0.004603
0.004597
0.004609
0.004599
0.004616
0.004594
0.004588
0.004598
0.004594
0.004593
0.004609
0.004606
0.004613
0.004589
0.004596
0.004640
0.004674
0.004604
0.004664
0.004590
0.004600
0.004602
0.004595
0.004593
0.004599
0.004601
0.004596
0.004596
0.004613
0.004652
0.004603
0.004595
0.004593
0.004604
0.004596
0.004598
0.004592
0.004591
0.004601
0.004596
0.004592
0.004603
0.004596
0.004592
0.004602
0.004607
0.004592
0.004575
0.004601
0.004596
0.004601
0.004593
0.004597
0.004600
0.004596
0.004615
0.004605
0.004600
0.004593
0.004590
0.004599
0.004595
0.004611
0.004603
0.004734
0.004712
0.004664
0.004707
0.004687
0.004709
0.004624
0.004669
0.004602
0.004603
0.004611
0.004609
0.004603
0.004589
0.004678
0.004617
0.004613
0.004616
0.004611
0.004670
0.004594
0.004605
0.004604
0.004602
0.004592
0.004608
0.004602
0.004601
0.004597
0.004600
0.004609
0.004607
0.004610
0.004605
0.004615
0.004664
0.004615
0.004607
0.004601
0.004678
0.004594
0.004636
0.004605
0.004611
0.004589
0.004606
0.004600
0.004589
0.004604
0.004609
0.004601
0.004606
0.004613
0.004598
0.004603
0.004609
0.004603
0.004604
0.004686
0.004604
0.004658
0.004596
0.004598
0.004597
0.004592
0.004601
0.004591
0.004591
0.004595
0.004597
0.004608
0.004600
0.004591
0.004601
0.004602
0.004603
0.004603
0.004652
0.004610
0.004607
0.004608
0.004607
0.004606
0.004604
0.004589
0.004587
0.004584
0.004584
0.004600
0.004613
0.004611
0.004598
0.004603
0.004598
0.004594
0.004610
0.004609
0.004611
0.004606
0.004594
0.004600
0.004593
0.004607
0.004601
0.004654
0.004604
0.004596
0.004601
0.004603
0.004595
0.004605
0.004676
0.004622
0.004641
0.004639
0.004602
0.004588
0.004591
0.004591
0.004594
0.004602
0.004615
0.004604
0.004591
0.004597
0.004616
0.004605
0.004612
0.004607
0.004612
0.004611
0.004596
0.004591
0.004593
0.004609
0.004601
0.004596
0.004612
0.004596
0.004600
0.004608
0.004607
0.004602
0.004608
0.004598
0.004577
0.004653
0.004612
0.004604
0.004607
0.004608
0.004599
0.004610
0.004598
0.004621
0.004592
0.004596
0.004607
0.004601
0.004605
0.004595
0.004607
0.004592
0.004609
0.004638
0.004647
0.004604
0.004659
0.004599
0.004599
0.004591
0.004601
0.004594
0.004603
0.004606
0.004590
0.004597
0.004604
0.004593
0.004602
0.004639
0.004644
0.004610
0.004600
0.004607
0.004663
0.004610
0.004612
0.004609
0.004667
0.004603
0.004609
0.004614
0.004606
0.004594
0.004621
0.004610
0.004599
0.004595
0.004614
0.004591
0.004597
0.004607
0.004609
0.004620
0.004652
0.004666
0.004613
0.004614
0.004613
0.004616
0.004604
0.004614
0.004605
0.004605
0.004593
0.004600
0.004617
0.004669
0.004602
0.004665
0.004601
0.004605
0.004594
0.004591
0.004615
0.004587
0.004603
0.004602
0.004603
0.004600
0.004602
0.004606
0.004609
0.004595
0.004607
0.004671
0.004603
0.004610
0.004602
0.004593
0.004589
0.004585
0.004610
0.004590
0.004600
0.004610
0.004607
0.004604
0.004604
0.004590
0.004609
0.004607
0.004595
0.004607
0.004596
0.004706
0.004704
0.004621
0.004603
0.004605
0.004602
0.004595
0.004588
0.004610
0.004603
0.004598
0.004606
0.004613
0.004605
0.004596
0.004696
0.004610
0.004670
0.004616
0.004602
0.004599
0.004606
0.004600
0.004609
0.004613
0.004605
0.004603
0.004598
0.004598
0.004599
0.004613
0.004608
0.004601
0.004596
0.004597
0.004643
0.004637
0.004612
0.004603
0.004607
0.004588
0.004684
0.004601
0.004673
0.004605
0.004598
0.004604
0.004612
0.004596
0.004604
0.004602
0.004587
0.004599
0.004590
0.004600
0.004603
0.004602
0.004598
0.004621
0.004611
0.004607
0.004599
0.004604
0.004610
0.004597
0.004600
0.004606
0.004601
0.004688
0.004602
0.004646
0.004621
0.004608
0.004617
0.004599
0.004612
0.004612
0.004610
0.004607
0.004605
0.004609
0.004617
0.004609
0.004605
0.004593
0.004598
0.004601
0.004602
0.004605
0.004597
0.004593
0.004602
0.004604
0.004593
0.004608
0.004604
0.004600
0.004609
0.004602
0.004592
0.004585
0.004603
0.004591
0.004602
0.004591
0.004590
0.004602
0.004602
0.004605
0.004612
0.004605
0.004597
0.004658
0.004670
0.004603
