0.000967
0.000618
0.000623
0.000572
0.000562
0.000562
0.000561
0.000560
0.000558
0.000582
0.000542
0.000545
0.000538
0.000544
0.000538
0.000540
0.000538
0.000551
0.000521
0.000522
0.000520
0.000519
0.000522
0.000520
0.000534
0.000590
0.000505
0.000503
0.000503
0.000502
0.000502
0.000503
0.000518
0.000504
0.000490
0.000487
0.000487
0.000487
0.000486
0.000487
0.000498
0.000482
0.000469
0.000473
0.000472
0.000470
0.000475
0.000474
0.000489
0.000475
0.000458
0.000456
0.000456
0.000454
0.000456
0.000457
0.000454
0.000468
0.000441
0.000441
0.000447
0.000443
0.000442
0.000440
0.000444
0.000440
0.000444
0.000443
0.000440
0.000443
0.000442
0.000450
0.000430
0.000427
0.000429
0.000453
0.000443
0.000443
0.000445
0.000429
0.000429
0.000431
0.000429
0.000429
0.000453
0.000444
0.000441
0.000445
0.000430
0.000432
0.000428
0.000425
0.000427
0.000432
0.000458
0.000443
0.000446
0.000430
0.000429
0.000428
0.000441
0.000428
0.000427
0.000460
0.000442
0.000449
0.000428
0.000429
0.000430
0.000428
0.000428
0.000428
0.000459
0.000442
0.000441
0.000440
0.000426
0.000426
0.000428
0.000429
0.000428
0.000460
0.000440
0.000443
0.000442
0.000431
0.000429
0.000430
0.000429
0.000429
0.000452
0.000443
0.000443
0.000443
0.000430
0.000430
0.000427
0.000428
0.000429
0.000451
0.000442
0.000441
0.000444
0.000430
0.000432
0.000431
0.000436
0.000429
0.000453
0.000441
0.000441
0.000447
0.000427
0.000429
0.000428
0.000430
0.000427
0.000433
0.000462
0.000440
0.000443
0.000441
0.000441
0.000442
0.000443
0.000428
0.000429
0.000459
0.000445
0.000448
0.000444
0.000444
0.000441
0.000451
0.000428
0.000429
0.000458
0.000441
0.000450
0.000427
0.000444
0.000428
0.000456
0.000444
0.000448
0.000458
0.000442
0.000450
0.000429
0.000428
0.000430
0.000430
0.000438
0.000454
0.000445
0.000444
0.000442
0.000438
0.000430
0.000427
0.000428
0.000429
0.000428
0.000456
0.000443
0.000442
0.000441
0.000428
0.000428
0.000429
0.000427
0.000430
0.000454
0.000439
0.000441
0.000444
0.000429
0.000431
0.000430
0.000430
0.000428
0.000448
0.000444
0.000443
0.000447
0.000428
0.000428
0.000427
0.000429
0.000426
0.000430
0.000457
0.000443
0.000447
0.000429
0.000430
0.000430
0.000429
0.000428
0.000430
0.000458
0.000443
0.000451
0.000430
0.000429
0.000430
0.000429
0.000428
0.000430
0.000460
0.000440
0.000452
0.000428
0.000429
0.000426
0.000426
0.000429
0.000430
0.000455
0.000441
0.000443
0.000442
0.000429
0.000435
0.000426
0.000428
0.000429
0.000454
0.000441
0.000442
0.000442
0.000430
0.000431
0.000427
0.000429
0.000429
0.000451
0.000441
0.000441
0.000446
0.000429
0.000430
0.000428
0.000428
0.000428
0.000432
0.000457
0.000443
0.000449
0.000426
0.000429
0.000427
0.000429
0.000428
0.000425
0.000460
0.000443
0.000451
0.000429
0.000427
0.000430
0.000428
0.000427
0.000428
0.000455
0.000444
0.000441
0.000438
0.000427
0.000429
0.000427
0.000429
0.000428
0.000450
0.000442
0.000443
0.000441
0.000431
0.000428
0.000427
0.000431
0.000432
0.000451
0.000445
0.000441
0.000440
0.000428
0.000427
0.000427
0.000428
0.000433
0.000447
0.000444
0.000441
0.000446
0.000429
0.000429
0.000429
0.000428
0.000428
0.000431
0.000460
0.000441
0.000451
0.000427
0.000430
0.000430
0.000428
0.000433
0.000428
0.000455
0.000442
0.000449
0.000427
0.000429
0.000436
0.000430
0.000428
0.000429
0.000457
0.000442
0.000440
0.000438
0.000429
0.000427
0.000430
0.000427
0.000431
0.000452
0.000438
0.000441
0.000440
0.000427
0.000428
0.000427
0.000436
0.000428
0.000451
0.000443
0.000441
0.000446
0.000429
0.000428
0.000427
0.000432
0.000428
0.000449
0.000444
0.000441
0.000447
0.000431
0.000428
0.000430
0.000430
0.000429
0.000431
0.000462
0.000442
0.000449
0.000430
0.000431
0.000429
0.000431
0.000429
0.000427
0.000460
0.000441
0.000453
0.000431
0.000428
0.000430
0.000428
0.000433
0.000429
0.000457
0.000442
0.000443
0.000442
0.000429
0.000428
0.000430
0.000432
0.000430
0.000453
0.000443
0.000443
0.000440
0.000430
0.000429
0.000429
0.000431
0.000428
0.000454
0.000443
0.000443
0.000441
0.000432
0.000430
0.000429
0.000428
0.000431
0.000451
0.000443
0.000441
0.000448
0.000429
0.000428
0.000432
0.000431
0.000429
0.000449
0.000442
0.000440
0.000448
0.000431
0.000431
0.000430
0.000430
0.000430
0.000430
0.000458
0.000444
0.000450
0.000429
0.000431
0.000428
0.000439
0.000430
0.000431
0.000459
0.000443
0.000450
0.000430
0.000430
0.000431
0.000429
0.000431
0.000430
0.000460
0.000444
0.000442
0.000439
0.000429
0.000433
0.000430
0.000430
0.000428
0.000456
0.000441
0.000444
0.000443
0.000432
0.000429
0.000429
0.000428
0.000431
0.000454
0.000441
0.000445
0.000443
0.000431
0.000430
0.000429
0.000429
0.000430
0.000449
0.000444
0.000442
0.000445
0.000428
0.000431
0.000431
0.000428
0.000428
0.000449
0.000449
0.000444
0.000448
0.000429
0.000427
0.000429
0.000428
0.000430
0.000430
0.000460
0.000442
0.000449
0.000430
0.000429
0.000430
0.000430
0.000432
0.000430
0.000458
0.000443
0.000452
0.000429
0.000428
0.000428
0.000432
0.000430
0.000431
0.000455
0.000442
0.000442
0.000443
0.000430
0.000428
0.000431
0.000430
0.000431
0.000454
0.000444
0.000445
0.000442
0.000429
0.000431
0.000430
0.000433
0.000428
0.000453
0.000443
0.000444
0.000445
0.000431
0.000430
0.000429
0.000429
0.000428
0.000452
0.000444
0.000442
0.000447
0.000427
0.000430
0.000431
0.000431
0.000430
0.000448
0.000443
0.000443
0.000450
0.000431
0.000429
0.000431
0.000429
0.000431
0.000433
0.000459
0.000442
0.000449
0.000429
0.000429
0.000426
0.000430
0.000431
0.000431
0.000458
0.000440
0.000453
0.000430
0.000430
0.000433
0.000428
0.000426
0.000431
0.000457
0.000440
0.000441
0.000444
0.000432
0.000430
0.000428
0.000429
0.000429
0.000454
0.000441
0.000446
0.000442
0.000430
0.000432
0.000430
0.000428
0.000429
0.000450
0.000443
0.000444
0.000443
0.000432
0.000430
0.000431
0.000430
0.000428
0.000449
0.000446
0.000444
0.000452
0.000431
0.000430
0.000429
0.000430
0.000428
0.000429
0.000461
0.000442
0.000449
0.000430
0.000429
0.000429
0.000430
0.000439
0.000432
0.000462
0.000444
0.000452
0.000428
0.000432
0.000430
0.000429
0.000430
0.000430
0.000459
0.000441
0.000453
0.000430
0.000430
0.000428
0.000431
0.000431
0.000432
0.000454
0.000444
0.000444
0.000440
0.000430
0.000431
0.000430
0.000430
0.000429
0.000454
0.000445
0.000445
0.000445
0.000431
0.000431
0.000427
0.000429
0.000430
0.000451
0.000444
0.000442
0.000444
0.000430
0.000429
0.000430
0.000431
0.000431
0.000449
0.000443
0.000442
0.000447
0.000431
0.000428
0.000429
0.000430
0.000430
0.000428
0.000462
0.000443
0.000449
0.000434
0.000429
0.000430
0.000433
0.000429
0.000432
0.000461
0.000444
0.000451
0.000432
0.000429
0.000432
0.000433
0.000429
0.000431
0.000460
0.000445
0.000454
0.000429
0.000447
0.000442
0.000443
0.000442
0.000441
0.000443
0.000443
0.000449
0.000431
0.000429
0.000428
0.000430
0.000430
0.000432
0.000458
0.000443
0.000442
0.000442
0.000429
0.000427
0.000428
0.000431
0.000432
0.000453
0.000445
0.000442
0.000442
0.000443
0.000446
0.000431
0.000429
0.000431
0.000451
0.000444
0.000447
0.000444
0.000431
0.000428
0.000430
0.000430
0.000429
0.000450
0.000441
0.000445
0.000449
0.000428
0.000428
0.000430
0.000428
0.000430
0.000433
0.000455
0.000441
0.000451
0.000431
0.000431
0.000431
0.000429
0.000431
0.000431
0.000464
0.000445
0.000455
0.000431
0.000428
0.000429
0.000431
0.000430
0.000431
0.000460
0.000441
0.000451
0.000431
0.000430
0.000430
0.000429
0.000432
0.000433
0.000457
0.000442
0.000443
0.000439
0.000430
0.000432
0.000431
0.000429
0.000432
0.000453
0.000443
0.000443
0.000443
0.000430
0.000429
0.000431
0.000431
0.000429
0.000454
0.000444
0.000441
0.000445
0.000429
0.000431
0.000431
0.000431
0.000430
0.000449
0.000444
0.000443
0.000447
0.000429
0.000428
0.000430
0.000432
0.000429
0.000431
0.000460
0.000440
0.000448
0.000431
0.000429
0.000429
0.000428
0.000426
0.000429
0.000460
0.000445
0.000449
0.000431
0.000430
0.000427
0.000429
0.000433
0.000432
0.000459
0.000443
0.000453
0.000429
0.000430
0.000427
0.000429
0.000431
0.000431
0.000457
0.000443
0.000444
0.000445
0.000431
0.000426
0.000432
0.000433
0.000428
0.000454
0.000442
0.000443
0.000442
0.000429
0.000430
0.000429
0.000427
0.000428
0.000451
0.000441
0.000445
0.000446
0.000431
0.000430
0.000430
0.000430
0.000429
0.000449
0.000441
0.000439
0.000447
0.000432
0.000429
0.000431
0.000430
0.000430
0.000429
0.000462
0.000442
0.000452
0.000428
0.000429
0.000431
0.000429
0.000429
0.000428
0.000460
0.000443
0.000450
0.000430
0.000432
0.000430
0.000430
0.000429
0.000432
0.000457
0.000442
0.000443
0.000446
0.000431
0.000429
0.000428
0.000428
0.000428
0.000458
0.000445
0.000445
0.000443
0.000431
0.000430
0.000431
0.000431
0.000432
0.000453
0.000443
0.000444
0.000443
0.000430
0.000428
0.000431
0.000431
0.000430
0.000452
0.000442
0.000441
0.000446
0.000429
0.000430
0.000429
0.000431
0.000430
0.000448
0.000444
0.000443
0.000448
0.000430
0.000429
0.000429
0.000432
0.000434
0.000431
0.000458
0.000443
0.000447
0.000431
0.000427
0.000428
0.000430
0.000430
0.000428
0.000460
0.000447
0.000451
0.000431
0.000428
0.000429
0.000428
0.000428
0.000430
0.000455
0.000444
0.000446
0.000439
0.000432
0.000432
0.000431
0.000431
0.000429
0.000454
0.000442
0.000444
0.000440
0.000432
0.000430
0.000429
0.000428
0.000430
0.000453
0.000442
0.000443
0.000448
0.000432
0.000431
0.000431
0.000429
0.000428
0.000449
0.000441
0.000442
0.000444
0.000431
0.000431
0.000426
0.000431
0.000430
0.000447
0.000444
0.000442
0.000448
0.000429
0.000430
0.000429
0.000430
0.000432
0.000430
0.000456
0.000443
0.000451
0.000431
0.000428
0.000430
0.000431
0.000431
0.000429
0.000458
0.000445
0.000452
0.000431
0.000431
0.000428
0.000429
0.000431
0.000429
0.000457
0.000442
0.000442
0.000439
0.000431
0.000432
0.000431
0.000427
0.000432
0.000456
0.000441
0.000444
0.000445
0.000429
0.000431
0.000429
0.000428
0.000430
0.000452
0.000442
0.000440
0.000447
0.000430
0.000430
0.000431
0.000428
0.000432
0.000449
0.000442
0.000441
0.000448
0.000428
0.000429
0.000430
0.000430
0.000429
0.000433
0.000460
0.000443
0.000447
0.000428
0.000431
0.000429
0.000429
0.000430
0.000431
0.000459
0.000443
0.000454
0.000433
0.000429
0.000430
0.000432
0.000426
0.000432
0.000458
0.000445
0.000451
0.000430
0.000429
0.000429
0.000428
0.000430
0.000431
0.000456
0.000443
0.000442
0.000441
0.000429
0.000432
0.000429
0.000433
0.000431
0.000454
0.000444
0.000443
0.000443
0.000429
0.000429
0.000426
0.000432
0.000431
0.000452
0.000444
0.000441
0.000444
0.000429
0.000429
0.000429
0.000430
0.000429
0.000448
0.000444
0.000441
0.000447
0.000429
0.000431
0.000429
0.000430
0.000429
0.000430
0.000462
0.000441
0.000450
0.000430
0.000428
0.000428
0.000429
0.000430
0.000430
0.000458
0.000442
0.000452
0.000428
0.000432
0.000430
0.000427
0.000429
0.000432
0.000454
0.000451
0.000444
0.000440
0.000430
0.000429
0.000429
0.000431
0.000430
0.000454
0.000445
0.000441
0.000452
0.000432
0.000432
0.000428
0.000454
0.000445
0.000446
0.000443
0.000443
0.000451
0.000430
0.000427
0.000427
0.000430
0.000428
0.000453
0.000442
0.000441
0.000446
0.000431
0.000430
0.000430
0.000432
0.000428
0.000449
0.000443
0.000445
0.000444
0.000444
0.000441
0.000450
0.000429
0.000431
0.000449
0.000444
0.000442
0.000451
0.000431
0.000432
0.000430
0.000430
0.000432
0.000429
0.000462
0.000442
0.000446
0.000429
0.000429
0.000429
0.000427
0.000429
0.000432
0.000458
0.000442
0.000449
0.000431
0.000430
0.000430
0.000430
0.000429
0.000432
0.000457
0.000443
0.000443
0.000439
0.000433
0.000429
0.000431
0.000428
0.000430
0.000454
0.000444
0.000443
0.000444
0.000432
0.000432
0.000430
0.000432
0.000429
0.000453
0.000441
0.000443
0.000444
0.000429
0.000430
0.000428
0.000431
0.000431
0.000448
0.000443
0.000443
0.000446
0.000429
0.000430
0.000429
0.000431
0.000434
0.000449
0.000442
0.000443
0.000446
0.000430
0.000431
0.000430
0.000429
0.000446
0.000448
0.000444
0.000442
0.000442
0.000445
0.000441
0.000434
0.000432
0.000429
0.000429
0.000459
0.000444
0.000451
0.000432
0.000431
0.000431
0.000431
0.000431
0.000429
0.000461
0.000444
0.000452
0.000430
0.000428
0.000448
0.000443
0.000441
0.000443
0.000459
0.000443
0.000450
0.000430
0.000429
0.000430
0.000428
0.000431
0.000429
0.000453
0.000442
0.000442
0.000441
0.000428
0.000428
0.000429
0.000432
0.000428
0.000453
0.000443
0.000444
0.000443
0.000431
0.000427
0.000429
0.000433
0.000433
0.000451
0.000446
0.000440
0.000445
0.000431
0.000429
0.000428
0.000430
0.000432
0.000449
0.000441
0.000443
0.000449
0.000431
0.000431
0.000429
0.000431
0.000429
0.000431
0.000462
0.000444
0.000449
0.000430
0.000430
0.000429
0.000431
0.000429
0.000429
0.000458
0.000446
0.000450
0.000432
0.000428
0.000428
0.000428
0.000431
0.000431
0.000455
0.000442
0.000442
0.000440
0.000430
0.000431
0.000430
0.000429
0.000428
0.000457
0.000444
0.000442
0.000444
0.000431
0.000430
0.000428
0.000429
0.000429
0.000452
0.000445
0.000444
0.000445
0.000431
0.000432
0.000431
0.000428
0.000429
0.000450
0.000443
0.000446
0.000447
0.000430
0.000428
0.000431
0.000430
0.000433
0.000448
0.000443
0.000445
0.000450
0.000432
0.000430
0.000431
0.000428
0.000428
0.000428
0.000465
0.000443
0.000451
0.000428
0.000430
0.000430
0.000429
0.000428
0.000428
0.000458
0.000442
0.000452
0.000431
0.000430
0.000430
0.000429
0.000456
0.000444
0.000445
0.000446
0.000451
0.000430
0.000430
0.000432
0.000430
0.000432
0.000428
0.000459
0.000444
0.000442
0.000441
0.000430
0.000429
0.000431
0.000430
0.000431
0.000452
0.000445
0.000443
0.000445
0.000429
0.000431
0.000428
0.000430
0.000430
0.000453
0.000444
0.000443
0.000446
0.000430
0.000430
0.000430
0.000431
0.000427
0.000448
0.000440
0.000444
0.000444
0.000429
0.000428
0.000430
0.000430
0.000428
0.000426
0.000459
0.000440
0.000447
0.000431
0.000430
0.000427
0.000430
0.000431
0.000430
0.000459
0.000444
0.000451
0.000431
0.000428
0.000430
0.000431
0.000431
0.000430
0.000457
0.000443
0.000441
0.000442
0.000430
0.000429
0.000429
0.000429
0.000430
0.000453
0.000441
0.000443
0.000443
0.000430
0.000429
0.000429
0.000429
0.000431
0.000450
0.000443
0.000444
0.000445
0.000429
0.000429
0.000429
0.000433
0.000429
0.000453
0.000444
0.000445
0.000446
0.000430
0.000427
0.000430
0.000428
0.000428
0.000434
0.000456
0.000442
0.000448
0.000431
0.000429
0.000430
0.000430
0.000430
0.000429
0.000460
0.000442
0.000451
0.000429
0.000428
0.000427
0.000430
0.000431
0.000432
0.000460
0.000445
0.000454
0.000429
0.000430
0.000429
0.000430
0.000431
0.000430
0.000456
0.000442
0.000443
0.000441
0.000431
0.000430
0.000430
0.000428
0.000429
0.000455
0.000445
0.000442
0.000443
0.000431
0.000431
0.000429
0.000429
0.000431
0.000451
0.000441
0.000441
0.000443
0.000429
0.000431
0.000430
0.000428
0.000431
0.000447
0.000443
0.000443
0.000447
0.000432
0.000428
0.000427
0.000432
0.000429
0.000431
0.000461
0.000443
0.000449
0.000431
0.000431
0.000428
0.000426
0.000432
0.000429
0.000461
0.000443
0.000447
0.000433
0.000430
0.000430
0.000433
0.000432
0.000431
0.000459
0.000443
0.000444
0.000438
0.000430
0.000429
0.000430
0.000429
0.000431
0.000453
0.000446
0.000444
0.000444
0.000429
0.000431
0.000429
0.000431
0.000431
0.000454
0.000441
0.000443
0.000444
0.000429
0.000431
0.000430
0.000429
0.000430
0.000453
0.000442
0.000445
0.000448
0.000433
0.000431
0.000429
0.000429
0.000429
0.000451
0.000443
0.000443
0.000448
0.000430
0.000431
0.000430
0.000431
0.000430
0.000429
0.000462
0.000445
0.000448
0.000432
0.000432
0.000432
0.000430
0.000432
0.000432
0.000460
0.000444
0.000451
0.000429
0.000429
0.000431
0.000432
0.000431
0.000432
0.000461
0.000441
0.000451
0.000429
0.000429
0.000429
0.000429
0.000432
0.000432
0.000457
0.000441
0.000443
0.000438
0.000431
0.000427
0.000432
0.000430
0.000431
0.000453
0.000444
0.000446
0.000444
0.000431
0.000430
0.000429
0.000429
0.000429
0.000452
0.000442
0.000446
0.000451
0.000430
0.000429
0.000431
0.000431
0.000427
0.000450
0.000443
0.000442
0.000445
0.000430
0.000431
0.000428
0.000432
0.000428
0.000434
0.000461
0.000441
0.000449
0.000429
0.000428
0.000430
0.000429
0.000431
0.000429
0.000460
0.000442
0.000451
0.000432
0.000433
0.000431
0.000429
0.000429
0.000429
0.000457
0.000443
0.000450
0.000430
0.000433
0.000430
0.000430
0.000431
0.000430
0.000456
0.000443
0.000444
0.000443
0.000433
0.000433
0.000429
0.000428
0.000432
0.000455
0.000445
0.000442
0.000441
0.000432
0.000432
0.000430
0.000430
0.000430
0.000451
0.000443
0.000440
0.000446
0.000430
0.000429
0.000429
0.000429
0.000430
0.000451
0.000442
0.000443
0.000445
0.000430
0.000430
0.000429
0.000429
0.000430
0.000435
0.000460
0.000441
0.000451
0.000433
0.000430
0.000428
0.000431
0.000428
0.000430
0.000458
0.000442
0.000452
0.000429
0.000430
0.000428
0.000429
0.000433
0.000430
0.000458
0.000443
0.000453
0.000430
0.000430
0.000429
0.000431
0.000432
0.000430
0.000454
0.000444
0.000443
0.000441
0.000431
0.000429
0.000428
0.000432
0.000428
0.000456
0.000450
0.000446
0.000445
0.000430
0.000431
0.000430
0.000427
0.000428
0.000452
0.000443
0.000442
0.000443
0.000441
0.000443
0.000443
0.000453
0.000427
0.000450
0.000444
0.000440
0.000444
0.000429
0.000435
0.000432
0.000430
0.000430
0.000451
0.000443
0.000442
0.000448
0.000431
0.000430
0.000432
0.000429
0.000429
0.000454
0.000441
0.000441
0.000449
0.000429
0.000429
0.000430
0.000432
0.000442
0.000428
0.000459
0.000443
0.000451
0.000430
0.000430
0.000432
0.000431
0.000430
0.000429
0.000457
0.000443
0.000451
0.000431
0.000428
0.000429
0.000431
0.000430
0.000431
0.000457
0.000443
0.000443
0.000443
0.000430
0.000430
0.000430
0.000432
0.000433
0.000455
0.000444
0.000445
0.000443
0.000430
0.000429
0.000430
0.000430
0.000429
0.000453
0.000442
0.000441
0.000445
0.000429
0.000429
0.000429
0.000430
0.000430
0.000450
0.000444
0.000443
0.000449
0.000429
0.000429
0.000430
0.000431
0.000429
0.000431
0.000463
0.000444
0.000447
0.000428
0.000430
0.000429
0.000429
0.000432
0.000428
0.000461
0.000443
0.000448
0.000429
0.000431
0.000429
0.000430
0.000428
0.000426
0.000456
0.000443
0.000454
0.000430
0.000432
0.000431
0.000430
0.000428
0.000431
0.000456
0.000443
0.000441
0.000441
0.000430
0.000432
0.000430
0.000431
0.000430
0.000455
0.000442
0.000444
0.000444
0.000432
0.000431
0.000429
0.000430
0.000433
0.000452
0.000441
0.000443
0.000445
0.000431
0.000430
0.000431
0.000434
0.000430
0.000448
0.000442
0.000445
0.000445
0.000431
