0.000385
0.000261
0.000261
0.000261
0.000269
0.000261
0.000261
0.000262
0.000261
0.000262
0.000261
0.000262
0.000261
0.000261
0.000261
0.000261
0.000261
0.000261
0.000261
0.000268
0.000262
0.000261
0.000262
0.000263
0.000262
0.000261
0.000262
0.000262
0.000262
0.000263
0.000263
0.000261
0.000262
0.000261
0.000266
0.000266
0.000250
0.000251
0.000251
0.000251
0.000251
0.000251
0.000252
0.000251
0.000251
0.000250
0.000251
0.000251
0.000251
0.000251
0.000255
0.000251
0.000262
0.000242
0.000241
0.000242
0.000241
0.000242
0.000242
0.000242
0.000241
0.000241
0.000242
0.000242
0.000242
0.000241
0.000241
0.000246
0.000249
0.000233
0.000233
0.000233
0.000233
0.000233
0.000232
0.000233
0.000232
0.000233
0.000233
0.000232
0.000232
0.000232
0.000233
0.000232
0.000236
0.000235
0.000224
0.000224
0.000224
0.000224
0.000223
0.000224
0.000224
0.000224
0.000224
0.000225
0.000224
0.000224
0.000225
0.000224
0.000224
0.000228
0.000236
0.000216
0.000217
0.000216
0.000216
0.000217
0.000217
0.000217
0.000216
0.000217
0.000217
0.000216
0.000216
0.000216
0.000217
0.000216
0.000216
0.000217
0.000220
0.000209
0.000209
0.000209
0.000209
0.000209
0.000209
0.000209
0.000210
0.000209
0.000209
0.000209
0.000209
0.000209
0.000209
0.000209
0.000209
0.000210
0.000209
0.000221
0.000203
0.000202
0.000203
0.000202
0.000202
0.000203
0.000203
0.000203
0.000202
0.000203
0.000202
0.000203
0.000203
0.000203
0.000203
0.000202
0.000203
0.000203
0.000206
0.000202
0.000202
0.000203
0.000202
0.000202
0.000211
0.000196
0.000196
0.000196
0.000196
0.000196
0.000196
0.000196
0.000196
0.000196
0.000197
0.000196
0.000196
0.000196
0.000199
0.000196
0.000196
0.000196
0.000196
0.000196
0.000207
0.000190
0.000189
0.000190
0.000190
0.000190
0.000190
0.000191
0.000190
0.000191
0.000190
0.000190
0.000190
0.000191
0.000190
0.000210
0.000196
0.000196
0.000196
0.000197
0.000196
0.000202
0.000184
0.000185
0.000184
0.000184
0.000185
0.000184
0.000185
0.000184
0.000184
0.000185
0.000185
0.000185
0.000185
0.000185
0.000186
0.000184
0.000184
0.000184
0.000184
0.000184
0.000185
0.000184
0.000185
0.000185
0.000185
0.000184
0.000185
0.000184
0.000184
0.000185
0.000185
0.000184
0.000184
0.000185
0.000184
0.000184
0.000186
0.000184
0.000184
0.000184
0.000184
0.000184
0.000185
0.000185
0.000185
0.000186
0.000184
0.000184
0.000185
0.000185
0.000185
0.000184
0.000185
0.000185
0.000184
0.000184
0.000184
0.000185
0.000211
0.000197
0.000196
0.000196
0.000197
0.000196
0.000196
0.000184
0.000184
0.000184
0.000186
0.000185
0.000185
0.000185
0.000185
0.000185
0.000185
0.000185
0.000185
0.000185
0.000185
0.000187
0.000184
0.000184
0.000184
0.000183
0.000184
0.000185
0.000184
0.000185
0.000184
0.000184
0.000184
0.000184
0.000185
0.000185
0.000185
0.000185
0.000185
0.000184
0.000185
0.000185
0.000204
0.000197
0.000196
0.000196
0.000196
0.000196
0.000204
0.000184
0.000185
0.000185
0.000184
0.000185
0.000184
0.000184
0.000184
0.000184
0.000185
0.000184
0.000185
0.000184
0.000185
0.000188
0.000185
0.000184
0.000185
0.000185
0.000185
0.000185
0.000185
0.000185
0.000186
0.000185
0.000184
0.000184
0.000184
0.000185
0.000184
0.000184
0.000204
0.000196
0.000196
0.000196
0.000196
0.000199
0.000197
0.000197
0.000197
0.000184
0.000184
0.000184
0.000184
0.000184
0.000185
0.000184
0.000184
0.000184
0.000185
0.000185
0.000185
0.000185
0.000184
0.000184
0.000184
0.000185
0.000187
0.000185
0.000185
0.000185
0.000185
0.000185
0.000183
0.000184
0.000185
0.000185
0.000184
0.000185
0.000184
0.000185
0.000184
0.000184
0.000184
0.000184
0.000184
0.000184
0.000185
0.000185
0.000188
0.000184
0.000184
0.000185
0.000185
0.000185
0.000185
0.000185
0.000184
0.000184
0.000185
0.000185
0.000184
0.000184
0.000185
0.000185
0.000184
0.000184
0.000184
0.000184
0.000185
0.000187
0.000185
0.000185
0.000185
0.000184
0.000184
0.000184
0.000185
0.000185
0.000185
0.000185
0.000184
0.000185
0.000185
0.000185
0.000185
0.000185
0.000185
0.000185
0.000185
0.000185
0.000184
0.000187
0.000185
0.000185
0.000185
0.000185
0.000184
0.000185
0.000184
0.000185
0.000185
0.000185
0.000185
0.000185
0.000186
0.000184
0.000184
0.000185
0.000185
0.000185
0.000184
0.000184
0.000187
0.000185
0.000185
0.000184
0.000185
0.000185
0.000185
0.000185
0.000186
0.000185
0.000185
0.000185
0.000185
0.000186
0.000185
0.000185
0.000184
0.000184
0.000185
0.000185
0.000184
0.000184
0.000187
0.000185
0.000185
0.000185
0.000185
0.000185
0.000185
0.000185
0.000185
0.000184
0.000185
0.000185
0.000184
0.000184
0.000184
0.000184
0.000185
0.000185
0.000185
0.000185
0.000185
0.000184
0.000186
0.000185
0.000185
0.000184
0.000185
0.000184
0.000184
0.000186
0.000184
0.000184
0.000185
0.000185
0.000185
0.000184
0.000184
0.000185
0.000185
0.000184
0.000184
0.000185
0.000185
0.000186
0.000185
0.000184
0.000184
0.000184
0.000185
0.000185
0.000185
0.000185
0.000184
0.000184
0.000184
0.000185
0.000185
0.000185
0.000184
0.000185
0.000185
0.000185
0.000185
0.000185
0.000184
0.000188
0.000184
0.000184
0.000185
0.000185
0.000184
0.000185
0.000185
0.000184
0.000184
0.000184
0.000185
0.000185
0.000185
0.000185
0.000185
0.000185
0.000185
0.000185
0.000185
0.000185
0.000186
0.000185
0.000184
0.000185
0.000185
0.000184
0.000184
0.000184
0.000184
0.000185
0.000185
0.000185
0.000185
0.000185
0.000184
0.000184
0.000185
0.000185
0.000185
0.000185
0.000184
0.000185
0.000188
0.000184
0.000184
0.000184
0.000185
0.000185
0.000185
0.000185
0.000184
0.000185
0.000185
0.000185
0.000185
0.000184
0.000184
0.000185
0.000185
0.000185
0.000185
0.000185
0.000184
0.000184
0.000186
0.000185
0.000185
0.000185
0.000185
0.000185
0.000185
0.000185
0.000185
0.000185
0.000184
0.000185
0.000185
0.000185
0.000185
0.000185
0.000185
0.000185
0.000185
0.000184
0.000184
0.000186
0.000185
0.000184
0.000184
0.000185
0.000184
0.000184
0.000185
0.000185
0.000184
0.000184
0.000184
0.000184
0.000184
0.000185
0.000185
0.000185
0.000185
0.000185
0.000185
0.000184
0.000184
0.000187
0.000185
0.000185
0.000185
0.000184
0.000184
0.000184
0.000184
0.000185
0.000185
0.000185
0.000185
0.000185
0.000184
0.000185
0.000185
0.000184
0.000184
0.000184
0.000184
0.000185
0.000187
0.000184
0.000184
0.000184
0.000185
0.000185
0.000185
0.000185
0.000185
0.000185
0.000184
0.000184
0.000184
0.000184
0.000185
0.000184
0.000184
0.000185
0.000185
0.000185
0.000184
0.000185
0.000187
0.000184
0.000184
0.000184
0.000184
0.000184
0.000184
0.000186
0.000184
0.000184
0.000184
0.000184
0.000184
0.000185
0.000185
0.000185
0.000185
0.000184
0.000185
0.000185
0.000185
0.000186
0.000187
0.000185
0.000184
0.000184
0.000184
0.000185
0.000185
0.000185
0.000185
0.000185
0.000185
0.000184
0.000184
0.000184
0.000184
0.000185
0.000185
0.000185
0.000185
0.000185
0.000185
0.000186
0.000185
0.000184
0.000184
0.000185
0.000184
0.000185
0.000184
0.000185
0.000184
0.000184
0.000185
0.000185
0.000184
0.000184
0.000184
0.000184
0.000184
0.000185
0.000185
0.000185
0.000185
0.000187
0.000184
0.000184
0.000185
0.000185
0.000185
0.000185
0.000185
0.000185
0.000185
0.000185
0.000185
0.000185
0.000184
0.000184
0.000184
0.000185
0.000185
0.000185
0.000185
0.000184
0.000185
0.000186
0.000185
0.000185
0.000185
0.000185
0.000185
0.000184
0.000184
0.000185
0.000185
0.000184
0.000185
0.000184
0.000184
0.000185
0.000184
0.000184
0.000184
0.000185
0.000185
0.000185
0.000187
0.000185
0.000185
0.000185
0.000185
0.000185
0.000185
0.000185
0.000184
0.000184
0.000185
0.000184
0.000185
0.000185
0.000184
0.000184
0.000185
0.000184
0.000184
0.000185
0.000185
0.000184
0.000187
0.000184
0.000185
0.000184
0.000184
0.000184
0.000185
0.000185
0.000185
0.000184
0.000185
0.000184
0.000185
0.000184
0.000184
0.000185
0.000185
0.000185
0.000185
0.000184
0.000184
0.000187
0.000184
0.000185
0.000184
0.000184
0.000184
0.000184
0.000185
0.000185
0.000184
0.000184
0.000185
0.000184
0.000184
0.000184
0.000185
0.000185
0.000185
0.000185
0.000184
0.000184
0.000184
0.000186
0.000185
0.000184
0.000184
0.000185
0.000184
0.000185
0.000185
0.000185
0.000184
0.000185
0.000185
0.000184
0.000184
0.000184
0.000185
0.000185
0.000185
0.000185
0.000185
0.000185
0.000184
0.000187
0.000184
0.000185
0.000185
0.000185
0.000185
0.000185
0.000185
0.000185
0.000185
0.000185
0.000185
0.000185
0.000184
0.000184
0.000184
0.000184
0.000185
0.000185
0.000185
0.000185
0.000188
0.000185
0.000184
0.000185
0.000185
0.000185
0.000185
0.000185
0.000185
0.000185
0.000185
0.000184
0.000184
0.000185
0.000184
0.000185
0.000184
0.000185
0.000184
0.000184
0.000185
0.000184
0.000187
0.000185
0.000184
0.000184
0.000184
0.000183
0.000184
0.000184
0.000185
0.000185
0.000185
0.000184
0.000184
0.000184
0.000185
0.000185
0.000185
0.000184
0.000185
0.000185
0.000185
0.000187
0.000185
0.000185
0.000185
0.000184
0.000185
0.000184
0.000185
0.000184
0.000184
0.000184
0.000184
0.000184
0.000184
0.000185
0.000184
0.000185
0.000184
0.000184
0.000184
0.000185
0.000184
0.000187
0.000185
0.000185
0.000185
0.000184
0.000185
0.000185
0.000184
0.000184
0.000185
0.000185
0.000185
0.000185
0.000184
0.000185
0.000184
0.000185
0.000185
0.000185
0.000185
0.000185
0.000185
0.000187
0.000185
0.000185
0.000185
0.000184
0.000185
0.000185
0.000185
0.000184
0.000184
0.000184
0.000185
0.000184
0.000185
0.000184
0.000184
0.000184
0.000184
0.000185
0.000185
0.000184
0.000187
0.000185
0.000185
0.000184
0.000184
0.000185
0.000185
0.000184
0.000184
0.000184
0.000184
0.000185
0.000184
0.000184
0.000184
0.000185
0.000185
0.000185
0.000185
0.000184
0.000184
0.000184
0.000186
0.000185
0.000185
0.000185
0.000184
0.000184
0.000185
0.000184
0.000185
0.000184
0.000185
0.000184
0.000184
0.000184
0.000184
0.000184
0.000184
0.000184
0.000184
0.000184
0.000185
0.000185
0.000187
0.000184
0.000184
0.000184
0.000185
0.000185
0.000185
0.000185
0.000185
0.000185
0.000184
0.000185
0.000185
0.000185
0.000184
0.000185
0.000185
0.000184
0.000185
0.000185
0.000185
0.000187
0.000185
0.000185
0.000185
0.000184
0.000184
0.000184
0.000185
0.000185
0.000184
0.000185
0.000185
0.000185
0.000185
0.000184
0.000185
0.000184
0.000185
0.000185
0.000185
0.000185
0.000185
0.000186
0.000185
0.000185
0.000184
0.000184
0.000184
0.000185
0.000184
0.000186
0.000185
0.000185
0.000185
0.000185
0.000185
0.000185
0.000185
0.000185
0.000185
0.000186
0.000185
0.000185
0.000187
0.000185
0.000184
0.000184
0.000185
0.000185
0.000185
0.000185
0.000185
0.000185
0.000185
0.000185
0.000185
0.000184
0.000185
0.000184
0.000185
0.000185
0.000184
0.000184
0.000185
0.000185
0.000186
0.000184
0.000184
0.000184
0.000185
0.000184
0.000184
0.000184
0.000185
0.000185
0.000185
0.000185
0.000185
0.000185
0.000185
0.000185
0.000184
0.000184
0.000184
0.000185
0.000184
0.000184
0.000186
0.000185
0.000185
0.000185
0.000184
0.000185
0.000184
0.000184
0.000184
0.000185
0.000184
0.000184
0.000184
0.000185
0.000185
0.000185
0.000185
0.000185
0.000184
0.000185
0.000184
0.000187
0.000184
0.000184
0.000185
0.000185
0.000184
0.000184
0.000185
0.000185
0.000185
0.000184
0.000185
0.000185
0.000185
0.000184
0.000184
0.000185
0.000184
0.000184
0.000184
0.000184
0.000184
0.000187
0.000185
0.000185
0.000184
0.000185
0.000184
0.000185
0.000184
0.000184
0.000185
0.000185
0.000184
0.000186
0.000184
0.000184
0.000185
0.000185
0.000185
0.000185
0.000185
0.000185
0.000189
0.000185
0.000185
0.000184
0.000184
0.000184
0.000185
0.000184
0.000185
0.000185
0.000185
0.000184
0.000185
0.000185
0.000184
0.000184
0.000184
0.000185
0.000184
0.000184
0.000185
0.000185
0.000195
0.000184
0.000184
0.000185
0.000184
0.000184
0.000185
0.000185
0.000185
0.000184
0.000185
0.000184
0.000185
0.000185
0.000184
0.000184
0.000185
0.000185
0.000185
0.000185
0.000184
0.000184
0.000186
0.000184
0.000185
0.000185
0.000185
0.000184
0.000184
0.000185
0.000184
0.000184
0.000184
0.000184
0.000185
0.000184
0.000184
0.000185
0.000185
0.000185
0.000184
0.000184
0.000185
0.000187
0.000185
0.000184
0.000185
0.000185
0.000185
0.000184
0.000185
0.000185
0.000185
0.000184
0.000184
0.000185
0.000185
0.000185
0.000185
0.000185
0.000185
0.000185
0.000185
0.000186
0.000184
0.000187
0.000185
0.000185
0.000185
0.000185
0.000185
0.000185
0.000185
0.000184
0.000185
0.000185
0.000185
0.000185
0.000185
0.000184
0.000185
0.000184
0.000184
0.000184
0.000185
0.000185
0.000187
0.000184
0.000233
0.000197
0.000197
0.000197
0.000197
0.000195
0.000185
0.000184
0.000184
0.000185
0.000185
0.000185
0.000185
0.000185
0.000185
0.000184
0.000185
0.000184
0.000184
0.000188
0.000185
0.000184
0.000185
0.000185
0.000185
0.000184
0.000184
0.000184
0.000185
0.000185
0.000185
0.000185
0.000185
0.000185
0.000185
0.000186
0.000184
0.000184
0.000185
0.000185
0.000184
0.000187
0.000185
0.000185
0.000185
0.000185
0.000184
0.000184
0.000184
0.000184
0.000185
0.000185
0.000185
0.000184
0.000185
0.000184
0.000185
0.000185
0.000185
0.000185
0.000184
0.000185
0.000185
0.000188
0.000185
0.000185
0.000185
0.000185
0.000184
0.000185
0.000184
0.000184
0.000184
0.000185
0.000185
0.000185
0.000185
0.000184
0.000185
0.000184
0.000184
0.000185
0.000185
0.000185
0.000187
0.000185
0.000185
0.000185
0.000185
0.000184
0.000185
0.000184
0.000185
0.000185
0.000185
0.000185
0.000185
0.000185
0.000185
0.000184
0.000184
0.000184
0.000185
0.000185
0.000185
0.000185
0.000187
0.000185
0.000185
0.000184
0.000184
0.000185
0.000185
0.000184
0.000185
0.000184
0.000185
0.000185
0.000185
0.000185
0.000185
0.000185
0.000185
0.000184
0.000184
0.000184
0.000184
0.000187
0.000184
0.000184
0.000184
0.000185
0.000184
0.000184
0.000185
0.000185
0.000185
0.000185
0.000185
0.000185
0.000185
0.000185
0.000184
0.000185
0.000184
0.000185
0.000185
0.000185
0.000185
0.000187
0.000185
0.000185
0.000185
0.000185
0.000185
0.000184
0.000184
0.000184
0.000184
0.000185
0.000184
0.000185
0.000185
0.000185
0.000185
0.000184
0.000184
0.000185
0.000185
0.000184
0.000185
0.000187
0.000185
0.000184
0.000185
0.000184
0.000185
0.000184
0.000185
0.000185
0.000185
0.000185
0.000185
0.000185
0.000185
0.000184
0.000184
0.000185
0.000184
0.000184
0.000184
0.000185
0.000187
0.000185
0.000185
0.000185
0.000185
0.000184
0.000184
0.000184
0.000184
0.000185
0.000186
0.000184
0.000185
0.000185
0.000185
0.000185
0.000184
0.000185
0.000185
0.000185
0.000185
0.000184
0.000188
0.000185
0.000185
0.000184
0.000184
0.000185
0.000185
0.000185
0.000185
0.000184
0.000184
0.000184
0.000185
0.000184
0.000184
0.000184
0.000185
0.000184
0.000184
0.000184
0.000185
0.000184
0.000187
0.000184
0.000184
0.000184
0.000184
0.000185
0.000185
0.000184
0.000185
0.000185
0.000185
0.000184
0.000184
0.000184
0.000185
0.000185
0.000185
0.000184
0.000184
0.000184
0.000184
0.000186
0.000185
0.000184
0.000184
0.000185
0.000185
0.000186
0.000185
0.000185
0.000185
0.000185
0.000185
0.000185
0.000185
0.000184
0.000185
0.000185
0.000185
0.000184
0.000184
0.000184
0.000185
0.000186
0.000184
0.000184
0.000185
0.000185
0.000185
0.000185
0.000185
0.000185
0.000185
0.000184
0.000185
0.000185
0.000184
0.000185
0.000185
0.000185
0.000185
0.000185
0.000185
0.000185
0.000186
0.000185
0.000185
0.000185
0.000186
0.000185
0.000185
0.000185
0.000185
0.000185
0.000185
0.000185
0.000185
0.000185
0.000184
0.000184
0.000185
0.000184
0.000185
0.000185
0.000185
0.000185
0.000186
0.000184
0.000185
0.000209
0.000196
0.000197
0.000196
0.000196
0.000196
0.000196
0.000203
0.000185
0.000185
0.000184
0.000184
0.000185
0.000185
0.000185
0.000185
0.000185
0.000185
0.000187
0.000184
0.000184
0.000184
0.000185
0.000185
0.000184
0.000185
0.000185
0.000185
0.000185
0.000185
0.000184
0.000184
0.000185
0.000184
0.000185
0.000185
0.000185
0.000186
0.000185
0.000184
0.000187
0.000185
0.000185
0.000185
0.000185
0.000184
0.000184
0.000184
0.000184
0.000185
0.000184
0.000185
0.000185
0.000184
0.000185
0.000185
0.000184
0.000185
0.000185
0.000184
0.000184
0.000187
0.000184
0.000186
0.000185
0.000185
0.000184
0.000184
0.000184
0.000184
0.000184
0.000184
0.000185
0.000185
0.000185
0.000185
0.000184
0.000184
0.000184
0.000185
0.000185
0.000185
0.000185
0.000186
0.000185
0.000184
0.000185
0.000185
0.000185
0.000185
0.000185
0.000185
0.000185
0.000185
0.000185
0.000185
0.000185
0.000185
0.000185
0.000185
0.000184
0.000185
0.000185
0.000185
0.000188
0.000185
0.000185
0.000185
0.000185
0.000184
0.000184
0.000185
0.000185
0.000185
0.000185
0.000185
0.000185
0.000185
0.000185
0.000184
0.000185
0.000185
0.000185
0.000185
0.000185
0.000185
0.000187
0.000185
0.000185
0.000185
0.000185
0.000184
0.000185
0.000184
0.000184
0.000184
0.000185
0.000185
0.000185
0.000184
0.000185
0.000185
0.000185
0.000185
0.000185
0.000185
0.000185
0.000184
0.000186
0.000184
0.000184
0.000186
0.000185
0.000185
0.000184
0.000185
0.000185
0.000185
0.000185
0.000184
0.000184
0.000185
0.000186
0.000185
0.000185
0.000185
0.000185
0.000185
0.000184
0.000187
0.000184
0.000185
0.000185
0.000185
0.000184
0.000185
0.000184
0.000184
0.000184
0.000185
0.000185
0.000185
0.000184
0.000185
0.000185
0.000184
0.000184
0.000184
0.000184
0.000184
0.000185
0.000186
0.000186
0.000184
0.000184
0.000185
0.000185
0.000185
0.000185
0.000184
0.000185
0.000184
0.000184
0.000184
0.000184
0.000185
0.000184
0.000184
0.000185
0.000185
0.000185
0.000184
0.000188
0.000184
0.000185
0.000184
0.000185
0.000185
0.000184
0.000184
0.000185
0.000185
0.000184
0.000184
0.000185
0.000185
0.000184
0.000184
0.000185
0.000184
0.000184
0.000184
0.000185
0.000184
0.000186
0.000185
0.000185
0.000185
0.000185
0.000185
0.000185
0.000184
0.000184
0.000184
0.000184
0.000185
0.000185
0.000184
0.000185
0.000185
0.000184
0.000185
0.000184
0.000184
0.000185
0.000185
0.000187
0.000185
0.000184
0.000185
0.000185
0.000184
0.000185
0.000185
0.000185
0.000185
0.000185
0.000184
0.000184
0.000184
0.000185
0.000185
0.000185
0.000185
0.000185
0.000184
0.000184
0.000188
0.000185
0.000185
0.000185
0.000184
0.000184
0.000185
0.000184
0.000185
0.000185
0.000185
0.000185
0.000185
0.000185
0.000185
0.000185
0.000185
0.000185
0.000184
0.000184
0.000184
0.000184
0.000187
0.000184
0.000184
0.000184
0.000184
0.000185
0.000184
0.000184
0.000184
0.000185
0.000184
0.000184
0.000185
0.000185
0.000185
0.000184
0.000184
0.000184
0.000185
0.000185
0.000185
0.000184
0.000188
0.000184
0.000185
0.000185
0.000184
0.000184
0.000185
0.000185
0.000185
0.000185
