0.019715
0.011426
0.011483
0.011426
0.011441
0.011385
0.011422
0.011427
0.011389
0.011384
0.011397
0.011437
0.011339
0.011393
0.011394
0.011359
0.011420
0.011383
0.011412
0.011417
0.011429
0.011431
0.011347
0.011371
0.011500
0.011408
0.011445
0.011439
0.011363
0.011379
0.011376
0.011373
0.011324
0.011375
0.011429
0.011393
0.011349
0.011436
0.011400
0.011386
0.011373
0.011439
0.011362
0.011390
0.011425
0.011466
0.011386
0.011389
0.011356
0.011374
0.011373
0.011333
0.011397
0.011338
0.011394
0.011373
0.011334
0.011365
0.011400
0.011363
0.011411
0.011409
0.011377
0.011366
0.011412
0.011406
0.011413
0.011379
0.011380
0.011326
0.011384
0.011389
0.011314
0.011384
0.011423
0.011372
0.011461
0.011415
0.011435
0.011349
0.011390
0.011375
0.011382
0.011364
0.011431
0.011383
0.011414
0.015142
0.011587
0.011129
0.011150
0.011107
0.011144
0.011115
0.011107
0.011189
0.011147
0.011101
0.011086
0.011108
0.011093
0.011111
0.011097
0.011096
0.011170
0.011120
0.011145
0.011106
0.011101
0.011100
0.011098
0.011096
0.011138
0.011182
0.011134
0.011118
0.011108
0.011102
0.011109
0.011135
0.011158
0.011081
0.011143
0.011175
0.011118
0.011146
0.011091
0.011073
0.011125
0.011133
0.011094
0.011142
0.011139
0.011124
0.011063
0.011101
0.011126
0.011116
0.011128
0.011110
0.011121
0.011176
0.011130
0.011144
0.011116
0.011105
0.011117
0.011172
0.011133
0.011127
0.011178
0.011173
0.011080
0.011120
0.011092
0.011093
0.011130
0.011124
0.011099
0.011177
0.011161
0.011128
0.011105
0.011104
0.011125
0.011111
0.011110
0.011123
0.011168
0.011178
0.011261
0.011143
0.011223
0.011194
0.011183
0.011212
0.011145
0.031472
0.011632
0.011045
0.011092
0.011064
0.011078
0.011089
0.011151
0.011053
0.011031
0.011050
0.011040
0.011077
0.011055
0.011089
0.011103
0.011098
0.011027
0.011066
0.011082
0.011087
0.011063
0.011067
0.011056
0.011124
0.011096
0.011079
0.011057
0.011051
0.011102
0.011089
0.011082
0.011082
0.011068
0.014047
0.011085
0.011138
0.011098
0.011072
0.011082
0.011052
0.011078
0.011117
0.011085
0.011075
0.011121
0.011053
0.011092
0.011129
0.011085
0.011060
0.011112
0.011065
0.012275
0.011117
0.011149
0.011054
0.011101
0.011070
0.011092
0.011102
0.011125
0.011071
0.011077
0.011198
0.011085
0.011148
0.011026
0.011085
0.011080
0.011195
0.011051
0.011078
0.011148
0.011094
0.011095
0.011071
0.011077
0.011067
0.011113
0.011096
0.011039
0.011115
0.011079
0.011102
0.011106
0.011081
0.011121
0.011093
0.011064
0.011072
0.011086
0.011136
0.011072
0.011079
0.011074
0.011101
0.011097
0.011094
0.011096
0.011097
0.011080
0.011119
0.011098
0.011078
0.011085
0.011126
0.011119
0.011087
0.011160
0.011075
0.011054
0.011070
0.011082
0.011098
0.011145
0.011065
0.011121
0.011069
0.011097
0.011056
0.011109
0.011054
0.011030
0.011099
0.011060
0.011074
0.011073
0.011087
0.011097
0.011056
0.011058
0.011114
0.011086
0.011072
0.011109
0.011091
0.011084
0.011131
0.011074
0.011060
0.011091
0.011113
0.011100
0.011074
0.011123
0.011163
0.011108
0.011049
0.011058
0.011100
0.011166
0.011061
0.011130
0.011080
0.011097
0.011115
0.011102
0.011103
0.011133
0.011125
0.011080
0.011074
0.011104
0.011112
0.011089
0.011064
0.011135
0.011051
0.011085
0.011112
0.011071
0.011171
0.011103
0.011112
0.011084
0.011050
0.011075
0.011103
0.011055
0.011079
0.011161
0.011098
0.011114
0.011074
0.011071
0.011940
0.011197
0.011117
0.011050
0.011098
0.011100
0.011108
0.011148
0.011066
0.011105
0.011132
0.011090
0.011076
0.011089
0.011142
0.011126
0.011097
0.011083
0.011079
0.011106
0.011111
0.011092
0.011075
0.011147
0.011132
0.011090
0.011069
0.011076
0.011104
0.011070
0.011085
0.011136
0.011123
0.011121
0.011070
0.011123
0.011077
0.011064
0.011129
0.011111
0.011090
0.011138
0.011084
0.011084
0.011108
0.011137
0.011091
0.011096
0.011080
0.011052
0.011168
0.011093
0.011134
0.011059
0.011091
0.011086
0.011095
0.011035
0.011132
0.011127
0.011097
0.011020
0.011091
0.011144
0.011048
0.011124
0.011062
0.011075
0.011162
0.011103
0.011064
0.011140
0.011109
0.011106
0.011110
0.011079
0.011063
0.011107
0.011087
0.011169
0.011046
0.011100
0.011119
0.011123
0.011093
0.011064
0.011070
0.011093
0.011119
0.011055
0.014958
0.018460
0.011000
0.010831
0.010914
0.010927
0.010907
0.010891
0.010923
0.010862
0.010867
0.010881
0.010938
0.010886
0.010851
0.010923
0.010890
0.010866
0.010854
0.010927
0.010897
0.010913
0.010890
0.010920
0.010899
0.010861
0.010909
0.010919
0.010868
0.010876
0.010896
0.010895
0.010930
0.010845
0.010905
0.010897
0.010848
0.010890
0.010879
0.010867
0.010962
0.010886
0.010891
0.010885
0.010936
0.010898
0.010919
0.010898
0.010921
0.010910
0.010899
0.010908
0.010905
0.010905
0.010877
0.010869
0.010904
0.010881
0.010855
0.010915
0.010882
0.010863
0.010886
0.010863
0.015507
0.010893
0.010864
0.010895
0.010894
0.010866
0.010905
0.010906
0.010891
0.010867
0.010898
0.010919
0.010885
0.010873
0.010893
0.010898
0.010872
0.010900
0.010901
0.010893
0.010860
0.010937
0.010959
0.010878
0.010861
0.010903
0.010900
0.010876
0.010941
0.010921
0.010881
0.010867
0.010899
0.010934
0.010933
0.010862
0.010926
0.010899
0.010867
0.010848
0.010936
0.010878
0.010959
0.011422
0.010936
0.010895
0.010863
0.010895
0.010909
0.010897
0.010904
0.010987
0.010889
0.010916
0.010920
0.010908
0.010893
0.010897
0.010829
0.010908
0.010902
0.010901
0.010929
0.010912
0.010900
0.010895
0.010915
0.010888
0.010861
0.010891
0.010912
0.010890
0.010875
0.010919
0.010861
0.010883
0.010861
0.010901
0.010887
0.010891
0.010875
0.010907
0.010892
0.010874
0.010896
0.010898
0.010898
0.010843
0.010870
0.010888
0.010871
0.010875
0.010913
0.010900
0.010931
0.010894
0.010960
0.010892
0.010882
0.010897
0.010883
0.010894
0.011037
0.011180
0.010909
0.010943
0.010973
0.010980
0.010927
0.010998
0.010926
0.010949
0.010914
0.010963
0.010972
0.010942
0.010931
0.010959
0.011007
0.011050
0.010943
0.010948
0.011006
0.010963
0.010982
0.010965
0.010953
0.010981
0.010947
0.010979
0.010988
0.010948
0.010936
0.010988
0.011025
0.010944
0.010945
0.011013
0.010926
0.010945
0.010956
0.010981
0.010967
0.010951
0.010947
0.011008
0.010995
0.010905
0.010954
0.010938
0.010963
0.010964
0.010965
0.010964
0.010955
0.010956
0.010964
0.010998
0.011027
0.010942
0.010976
0.010955
0.011017
0.010999
0.010963
0.010969
0.010996
0.010994
0.010933
0.010959
0.010944
0.010952
0.011003
0.010925
0.010965
0.010985
0.011040
0.010974
0.010982
0.010956
0.011032
0.010961
0.010946
0.011195
0.012728
0.010937
0.010992
0.010917
0.010947
0.010942
0.010972
0.010888
0.010911
0.010903
0.010931
0.013721
0.010990
0.010944
0.010923
0.010954
0.010956
0.010962
0.010902
0.010907
0.010931
0.010940
0.010924
0.010946
0.010973
0.010957
0.010946
0.010911
0.010921
0.010912
0.010934
0.010975
0.010917
0.010881
0.010920
0.010947
0.010904
0.010882
0.010885
0.010932
0.012007
0.010880
0.010863
0.010884
0.010921
0.010862
0.010902
0.010889
0.010892
0.010905
0.010924
0.010929
0.010893
0.010921
0.010917
0.010896
0.010906
0.010912
0.010901
0.010916
0.010906
0.010896
0.010925
0.010906
0.010880
0.010893
0.010906
0.010906
0.010925
0.010923
0.010910
0.010916
0.010928
0.010940
0.010892
0.010871
0.010882
0.010891
0.010895
0.010912
0.010946
0.010939
0.010866
0.010935
0.010909
0.010943
0.010917
0.010916
0.010932
0.010910
0.010914
0.010937
0.010929
0.010905
0.010920
0.010903
0.010918
0.010913
0.010878
0.010900
0.010873
0.010883
0.010936
0.010936
0.010882
0.010906
0.010875
0.010939
0.010891
0.010896
0.010903
0.010886
0.010925
0.010962
0.010894
0.010909
0.010895
0.010910
0.010895
0.010880
0.010868
0.010897
0.010890
0.010911
0.010964
0.010873
0.010882
0.010923
0.010943
0.010892
0.010895
0.010910
0.010893
0.010911
0.010915
0.010911
0.010928
0.010887
0.010886
0.010910
0.010929
0.010906
0.010911
0.010893
0.010877
0.010903
0.010886
0.010883
0.010901
0.010905
0.010910
0.010927
0.010899
0.010942
0.010920
0.010984
0.010947
0.010897
0.010910
0.010916
0.010883
0.010927
0.010871
0.010893
0.010917
0.010894
0.010931
0.010898
0.010923
0.010919
0.010934
0.010882
0.010921
0.010921
0.010932
0.010925
0.010901
0.010936
0.010915
0.010883
0.010905
0.010928
0.010938
0.010974
0.010940
0.011000
0.010909
0.010912
0.010924
0.010928
0.010890
0.010910
0.010946
0.010908
0.010926
0.010925
0.010937
0.010903
0.010925
0.010903
0.010917
0.010930
0.010960
0.010941
0.010945
0.010886
0.010906
0.010951
0.010878
0.010917
0.010833
0.010929
0.010913
0.010957
0.010903
0.010935
0.010903
0.010904
0.010981
0.010915
0.010888
0.010884
0.010954
0.010956
0.010946
0.010891
0.010900
0.010941
0.010919
0.010927
0.010947
0.010914
0.010934
0.010927
0.010915
0.010914
0.010887
0.010907
0.010932
0.010932
0.010954
0.010894
0.010915
0.010917
0.010958
0.010931
0.010934
0.010910
0.010962
0.010946
0.010896
0.010906
0.010937
0.010894
0.010946
0.010897
0.010897
0.010910
0.010930
0.010926
0.010909
0.010925
0.010971
0.010946
0.010927
0.010903
0.010927
0.010973
0.010924
0.010939
0.010926
0.010939
0.010921
0.010960
0.010959
0.010938
0.010928
0.010954
0.010936
0.010932
0.010848
0.010935
0.010928
0.010915
0.010942
0.010958
0.010914
0.010920
0.010936
0.010975
0.010924
0.010888
0.010914
0.010981
0.010976
0.010908
0.010942
0.010939
0.010959
0.010904
0.010951
0.010875
0.010914
0.010946
0.010931
0.010956
0.010915
0.010912
0.010956
0.010915
0.010928
0.010975
0.010914
0.010923
0.010927
0.010915
0.010987
0.010931
0.010904
0.010953
0.010925
0.010916
0.010949
0.010958
0.010930
0.010931
0.010917
0.010967
0.010926
0.010927
0.010912
0.010928
0.010908
0.010974
0.010935
0.010929
0.010972
0.010853
0.010941
0.010931
0.010912
0.010919
0.010974
0.010904
0.010919
0.010931
0.010964
0.010912
0.010967
0.010940
0.010929
0.010957
0.010957
0.010931
0.010945
0.010915
0.010930
0.010965
0.010886
0.010899
0.010950
0.010968
0.010895
0.010947
0.010914
0.010944
0.016924
0.012752
0.011139
0.011083
0.011034
0.011034
0.011080
0.011052
0.011169
0.011871
0.011101
0.011091
0.011104
0.016087
0.010961
0.010984
0.010950
0.010886
0.010870
0.010891
0.010911
0.010875
0.010919
0.010941
0.013523
0.010920
0.010891
0.010892
0.010903
0.010906
0.010928
0.010922
0.010922
0.010935
0.010935
0.010897
0.010913
0.010935
0.010939
0.010922
0.010930
0.010950
0.010869
0.010910
0.010901
0.010907
0.010897
0.010946
0.010954
0.010957
0.010868
0.010909
0.010894
0.010902
0.010935
0.010952
0.010918
0.010927
0.010923
0.010958
0.010918
0.010936
0.010936
0.010912
0.010923
0.010913
0.010913
0.010918
0.010930
0.010896
0.010922
0.010940
0.010927
0.010930
0.010992
0.010961
0.010884
0.010921
0.010919
0.010935
0.010943
0.010918
0.010919
0.010916
0.010939
0.010959
0.010916
0.010931
0.010919
0.010918
0.010924
0.010932
0.010924
0.010921
0.010935
0.010915
0.010926
0.010939
0.010925
0.010930
0.010916
0.010917
0.010913
0.010938
0.010984
0.010924
0.010922
0.010932
0.010923
0.010942
0.010987
0.010926
0.010905
0.010942
0.010916
0.010969
0.010970
0.010897
0.010936
0.010948
0.010921
0.010918
0.010919
0.010950
0.010943
0.010940
0.010920
0.010921
0.010918
0.010936
0.010919
0.010922
0.010925
0.010924
0.010983
0.010933
0.010926
0.010912
0.010924
0.010917
0.010939
0.010908
0.010915
0.010930
0.010920
0.010955
0.010920
0.010927
0.010955
0.010951
0.010930
0.010960
0.010927
0.010957
0.010942
0.010941
0.010923
0.010932
0.010919
0.010931
0.010941
0.010940
0.010919
0.010916
0.010961
0.010921
0.010916
0.010924
0.010911
0.010944
0.010921
0.010917
0.010924
0.010915
0.010915
0.010935
0.010923
0.010946
0.010935
0.010967
0.010920
0.010939
0.010937
0.010915
0.010933
0.010941
0.010915
0.010930
0.010932
0.010915
0.010948
0.010916
0.010931
0.010934
0.010913
0.010963
0.010942
0.010913
0.010953
0.010951
0.010931
0.010930
0.010926
0.010950
0.010888
0.010921
0.010927
0.010940
0.010906
0.010994
0.010964
0.010925
0.010958
0.010915
0.010945
0.010921
0.010912
0.010920
0.010945
0.010905
0.010945
0.010936
0.010933
0.010929
0.010927
0.010932
0.010903
0.010926
0.010949
0.010938
0.010938
0.010908
0.010977
0.010902
0.010941
0.010939
0.010918
0.010946
0.010940
0.010942
0.010929
0.010937
0.010919
0.010956
0.010942
0.010917
0.010953
0.010934
0.010924
0.010930
0.010906
0.010974
0.010855
0.010934
0.010928
0.010933
0.010950
0.010933
0.010947
0.010953
0.010896
0.010960
0.010916
0.010936
0.010922
0.010913
0.010929
0.010937
0.010944
0.010951
0.010916
0.010918
0.010948
0.010954
0.010906
0.010945
0.010948
0.010961
0.010911
0.010963
0.010926
0.010926
0.010938
0.010916
0.010943
0.010945
0.010930
0.010912
0.010912
0.010936
0.010950
0.010885
0.010966
0.010921
0.010912
0.010946
0.010926
0.010932
0.010940
0.010900
0.010974
0.010917
0.010928
0.010917
0.010908
0.010956
0.010922
0.010941
0.010963
0.010920
0.010937
0.010969
0.010911
0.010939
0.010918
0.010925
0.010942
0.010944
0.010942
0.010906
0.010929
0.010945
0.010973
0.010924
0.010918
0.010923
0.010920
0.010933
0.010930
0.010941
0.010937
0.010937
0.010948
0.010943
0.010933
0.010887
0.010932
0.010932
0.010947
0.010940
0.010963
0.010941
0.010942
0.010923
0.010928
0.010905
0.010897
0.010933
0.010948
0.010940
0.010927
0.010958
0.010937
0.010932
0.010918
0.010958
0.010931
0.010915
0.010915
0.010918
0.010949
0.010932
0.010940
0.010936
0.010926
0.010922
0.010919
0.010969
0.010918
0.010903
0.010918
0.010937
0.010931
0.010896
0.010931
0.010931
0.010933
0.010919
0.010930
0.010933
0.010909
0.010926
0.010916
0.010928
0.010926
0.010932
0.010957
0.010920
0.010912
0.010912
0.010934
0.010900
0.010922
0.010925
0.010938
0.010941
0.010913
0.011003
0.010926
0.010950
0.010913
0.010904
0.010917
0.010950
0.010930
0.010949
0.010940
0.010910
0.010931
0.010919
0.010925
0.010923
0.010982
0.010936
0.010942
0.010943
0.010960
0.010922
0.010925
0.010920
0.010937
0.010944
0.010946
0.010947
0.010891
0.010902
0.010950
0.010930
0.010933
0.010931
0.010935
0.010981
0.010914
0.010922
0.010924
0.010961
0.010917
0.010910
0.010939
0.010957
0.010933
0.010933
0.010958
0.010949
0.010987
0.010942
0.010941
0.010933
0.010959
0.010920
0.010937
0.010932
0.010947
0.010931
0.010900
0.010931
0.010912
0.010948
0.010922
0.010924
0.010928
0.010934
0.010939
0.010921
0.011034
0.016114
0.011084
0.011086
0.011016
0.011088
0.011082
0.011025
0.011025
0.013759
0.010903
0.013263
0.011093
0.011013
0.010977
0.010981
0.010968
0.011007
0.010974
0.010955
0.010985
0.011024
0.010994
0.010958
0.010961
0.010993
0.010980
0.010927
0.010984
0.011010
0.010966
0.010953
0.011019
0.011022
0.010940
0.010944
0.010948
0.010952
0.010974
0.010975
0.010971
0.010970
0.010995
0.010967
0.010978
0.010974
0.010907
0.010960
0.010971
0.011326
0.010972
0.010953
0.010969
0.013880
0.010938
0.010968
0.010960
0.010969
0.011009
0.010967
0.010963
0.010958
0.010970
0.010997
0.012403
0.011022
0.010989
0.011002
0.011037
0.011013
0.010958
0.011002
0.010950
0.010980
0.011007
0.010952
0.011004
0.010996
0.010986
0.010940
0.011012
0.010972
0.011024
0.010973
0.010995
0.011001
0.010992
0.011038
0.010980
0.011001
0.011021
0.010957
0.011033
0.011062
0.010968
0.010975
0.010977
0.010985
0.011009
0.010988
0.010955
0.010973
0.011006
0.010973
0.010991
0.011006
0.010993
0.010958
0.010989
0.010964
0.010980
0.010986
0.010979
0.011013
0.010979
0.011012
0.010983
0.010988
0.010967
0.010968
0.010976
0.010987
0.011002
0.011036
0.010962
0.010961
0.010982
0.010992
0.011015
0.010994
0.010982
0.010972
0.010975
0.010998
0.010966
0.011034
0.011009
0.010994
0.010946
0.010998
0.010992
0.010960
0.011019
0.010947
0.011058
0.010952
0.010957
0.010990
0.010994
0.010983
0.010989
0.011003
0.010983
0.011009
0.010986
0.011026
0.011004
0.010986
0.010987
0.010996
0.010989
0.010985
0.010980
0.010988
0.011038
0.010988
0.010987
0.010962
0.011003
0.011023
0.010957
0.010982
0.011031
0.010989
0.010991
0.010992
0.011016
0.011024
0.010950
0.010983
0.011005
0.010980
0.011021
0.010994
0.011025
0.010964
0.010954
0.010973
0.011002
0.010998
0.010983
0.010981
0.010973
0.011022
0.010974
0.011016
0.010951
0.010969
0.010946
0.011001
0.011007
0.011001
0.010982
0.010990
0.010985
0.011004
0.010959
0.011008
0.011028
0.010979
0.011022
0.010958
0.010979
0.011015
0.010975
0.010970
0.010985
0.010986
0.011003
0.010960
0.010996
0.010997
0.010988
0.010971
0.010994
0.010995
0.010963
0.010996
0.010982
0.010976
0.011007
0.010977
0.011020
0.010989
0.011009
0.010992
0.011049
0.010958
0.010976
0.010969
0.010951
0.010985
0.010958
0.010982
0.010970
0.010945
0.010983
0.011029
0.011012
0.010977
0.010967
0.010966
0.010997
0.010997
0.010972
0.010964
0.011013
0.010980
0.010978
0.010980
0.010989
0.010994
0.011000
0.011002
0.011050
0.010992
0.010956
0.011022
0.010979
0.010993
0.011020
0.010984
0.010993
0.011018
0.010942
0.010980
0.011015
0.011000
0.010979
0.011031
0.010996
0.010974
0.011016
0.010962
0.010976
0.011017
0.010960
0.010991
0.016090
0.010965
0.010925
0.010951
0.010981
0.010975
0.011014
0.010965
0.010984
0.011031
0.010934
0.010968
0.010980
0.010964
0.011009
0.011017
0.010939
0.011024
0.010987
0.010960
0.010986
0.010996
0.010989
0.010995
0.010970
0.011001
0.011013
0.010985
0.011022
0.015591
0.010955
0.010982
0.010979
0.010985
0.010972
0.010969
0.010987
0.011021
0.010958
0.010982
0.010970
0.010964
0.011013
0.010979
0.010961
0.011002
0.010976
0.011006
0.010997
0.010997
0.010999
0.011012
0.010978
0.010997
0.010979
0.010969
0.011032
0.011021
0.010959
0.010978
0.010928
0.011021
0.010971
0.010960
0.011020
0.010971
0.010998
0.010990
0.011056
0.010990
0.011010
0.010979
0.010979
0.011002
0.010964
0.010996
0.010981
0.011014
0.010956
0.010975
0.010998
0.011004
0.010998
0.010992
0.010977
0.011003
0.010994
0.011012
0.010968
0.010986
0.010989
0.011008
0.011001
0.011026
0.010989
0.010997
0.011032
0.010984
0.010960
0.010945
0.010989
0.010975
0.010998
0.010958
0.011005
0.010972
0.011010
0.010999
0.010974
0.011012
0.010992
0.010979
0.011008
0.010962
0.011009
0.011003
0.010989
0.011004
0.010993
0.010971
0.010967
0.011025
0.010994
0.010949
0.010972
0.011048
0.010964
0.010973
0.010984
0.011012
0.010994
0.011008
0.010987
0.011024
0.011020
0.011052
0.011051
0.010978
0.010981
0.010986
0.010993
0.011019
0.010999
0.010980
0.010977
0.011014
0.010979
0.010993
0.011008
0.011007
0.010994
0.011010
0.011009
0.010998
0.011009
0.011000
0.011050
0.011082
0.010996
0.011041
0.011033
0.011019
0.011001
0.011004
0.011001
0.011149
0.010947
0.011036
0.011008
0.010995
0.010968
0.010977
0.011017
0.011019
0.010942
0.010958
0.011002
0.011034
0.010982
0.010977
0.011012
