0.132592
0.110678
0.110375
0.110501
0.109925
0.106033
0.106282
0.105962
0.106232
0.106426
0.106488
0.106094
0.106146
0.106013
0.105996
0.107497
0.106016
0.106534
0.106848
0.107058
0.106844
0.106150
0.106035
0.106066
0.107418
0.106025
0.106153
0.106043
0.106256
0.106209
0.106070
0.106101
0.106078
0.106257
0.107279
0.106021
0.106503
0.106229
0.106130
0.106018
0.106118
0.105993
0.106008
0.107234
0.110680
0.109789
0.106728
0.106721
0.106195
0.106218
0.106075
0.106136
0.107298
0.106096
0.106072
0.105899
0.106291
0.106014
0.105983
0.106067
0.105950
0.106084
0.107244
0.106006
0.105935
0.106075
0.105919
0.105969
0.106020
0.105915
0.105981
0.107150
0.106197
0.106035
0.106056
0.106161
0.105939
0.106043
0.105979
0.106041
0.105942
0.107285
0.106028
0.105947
0.106089
0.105987
0.106036
0.105934
0.105868
0.105931
0.107113
0.110119
0.111623
0.110654
0.110408
0.110323
0.110270
0.110347
0.108104
0.106114
0.107322
0.105926
0.106133
0.106279
0.106150
0.105940
0.105961
0.106016
0.106030
0.107247
0.105956
0.106207
0.106023
0.105942
0.106396
0.105981
0.105964
0.105960
0.106347
0.107361
0.105965
0.106033
0.106067
0.106045
0.106093
0.105968
0.105937
0.106308
0.107282
0.105939
0.106016
0.106021
0.106026
0.106014
0.105900
0.105982
0.105948
0.106191
0.112158
0.107534
0.106487
0.107656
0.106139
0.106230
0.106331
0.106202
0.107421
0.107294
0.106142
0.106134
0.106274
0.106158
0.106045
0.106073
0.105943
0.106023
0.107194
0.106046
0.106368
0.106055
0.106041
0.105906
0.106019
0.105930
0.106006
0.105970
0.107299
0.106092
0.105940
0.106177
0.105981
0.105959
0.106257
0.105989
0.106041
0.107177
0.106128
0.105986
0.106147
0.106027
0.105968
0.106015
0.105926
0.106017
0.105951
0.112894
0.107688
0.106803
0.106368
0.106280
0.106574
0.106498
0.106310
0.106106
0.107227
0.106071
0.106195
0.106378
0.106081
0.106036
0.106012
0.106387
0.106088
0.105984
0.107275
0.105955
0.106246
0.105958
0.106097
0.106784
0.106330
0.106143
0.106091
0.107260
0.106061
0.106031
0.106109
0.105987
0.106012
0.106006
0.106031
0.106166
0.105970
0.107190
0.106169
0.106157
0.105983
0.106137
0.105965
0.106059
0.105944
0.106088
0.113609
0.110766
0.110690
0.110331
0.110356
0.110263
0.110446
0.110176
0.106368
0.107248
0.106121
0.106180
0.106342
0.106319
0.106056
0.106106
0.106056
0.105951
0.106100
0.107185
0.106113
0.106035
0.106113
0.105932
0.106063
0.105963
0.105906
0.106120
0.107309
0.106275
0.106121
0.106063
0.105971
0.105900
0.106001
0.105946
0.105999
0.105948
0.107240
0.105923
0.106034
0.106117
0.105866
0.106113
0.105928
0.106002
0.107538
0.111917
0.107054
0.106585
0.106409
0.106111
0.106122
0.106120
0.106183
0.106035
0.106026
0.107298
0.106003
0.106334
0.105936
0.106079
0.105990
0.105938
0.106097
0.105948
0.107205
0.106163
0.106184
0.106028
0.106044
0.106017
0.105944
0.106000
0.105959
0.106075
0.107200
0.106110
0.106178
0.105922
0.106109
0.105969
0.105968
0.106034
0.105953
0.107219
0.105981
0.106217
0.105984
0.106097
0.105908
0.105997
0.105910
0.107521
0.110206
0.107549
0.106524
0.106280
0.106175
0.106192
0.106069
0.106147
0.106391
0.106117
0.107399
0.106428
0.106364
0.106287
0.106488
0.105984
0.106072
0.105995
0.106512
0.105972
0.107324
0.106182
0.106389
0.106332
0.106157
0.106153
0.105980
0.106224
0.106252
0.107240
0.106355
0.106075
0.106288
0.106100
0.106178
0.106019
0.106020
0.106464
0.105949
0.107387
0.106243
0.106572
0.106128
0.106064
0.106227
0.106003
0.107951
0.112497
0.110456
0.106678
0.107068
0.107787
0.106201
0.106485
0.106039
0.106305
0.106122
0.107404
0.106297
0.106328
0.106100
0.105898
0.106102
0.105995
0.106168
0.105962
0.105904
0.107368
0.106015
0.106241
0.106064
0.106265
0.105978
0.106182
0.106390
0.106016
0.107313
0.106233
0.106309
0.105988
0.106409
0.106022
0.106268
0.106321
0.106033
0.106250
0.107488
0.106372
0.106007
0.106085
0.106105
0.106062
0.106341
0.108761
0.110205
0.109032
0.108169
0.107830
0.107080
0.107599
0.107131
0.106440
0.106226
0.106259
0.105967
0.107398
0.106561
0.106386
0.106215
0.106030
0.106070
0.106126
0.106238
0.106430
0.107242
0.106243
0.106226
0.106040
0.105964
0.106382
0.106579
0.106109
0.106331
0.106346
0.107570
0.106042
0.106160
0.106229
0.106208
0.106156
0.106066
0.106058
0.106003
0.107287
0.106195
0.105937
0.106027
0.106027
0.106051
0.106097
0.109583
0.112849
0.110846
0.111979
0.109919
0.106731
0.106285
0.106441
0.106129
0.106444
0.106077
0.106022
0.107691
0.106582
0.106202
0.105999
0.106168
0.106464
0.106361
0.106056
0.106069
0.107364
0.106269
0.106144
0.106261
0.106384
0.106090
0.106020
0.106325
0.106502
0.106267
0.107530
0.106320
0.106037
0.106129
0.106221
0.105975
0.106349
0.105942
0.106220
0.107376
0.106077
0.106196
0.106166
0.106156
0.106127
0.106034
0.110231
0.111411
0.110809
0.111982
0.110731
0.110522
0.110584
0.110085
0.106715
0.106010
0.106113
0.106409
0.107246
0.106113
0.105954
0.106019
0.105831
0.105943
0.106512
0.105917
0.105937
0.106998
0.106102
0.105739
0.105803
0.105815
0.105848
0.105965
0.105962
0.105972
0.105842
0.107222
0.105838
0.105958
0.105816
0.105795
0.105873
0.105813
0.105943
0.105804
0.107078
0.106081
0.105777
0.105895
0.105738
0.105852
0.105897
0.112561
0.111097
0.110673
0.111570
0.110295
0.110299
0.110453
0.110214
0.107517
0.105956
0.105859
0.105975
0.107517
0.106034
0.106083
0.105841
0.105958
0.105923
0.105881
0.105890
0.105791
0.106001
0.107018
0.106051
0.105746
0.106237
0.105815
0.105904
0.105792
0.105761
0.105877
0.107166
0.105926
0.105779
0.105778
0.105931
0.105966
0.105978
0.105951
0.106151
0.105921
0.106969
0.106064
0.105793
0.106109
0.105719
0.106357
0.112376
0.110652
0.108338
0.107561
0.106274
0.106103
0.106107
0.106022
0.106020
0.105917
0.105822
0.105955
0.106163
0.107151
0.105974
0.105840
0.105778
0.105760
0.105968
0.105789
0.105855
0.105863
0.107215
0.105861
0.105783
0.106008
0.105793
0.106007
0.105972
0.106040
0.105962
0.105980
0.107261
0.105735
0.105983
0.105797
0.105851
0.105834
0.105840
0.105875
0.105865
0.107220
0.105761
0.105848
0.105791
0.105818
0.106071
0.113391
0.110639
0.110385
0.111675
0.110584
0.107869
0.105994
0.106207
0.105911
0.105783
0.105844
0.105837
0.106556
0.107184
0.105917
0.105827
0.105759
0.106028
0.105761
0.105870
0.105925
0.105988
0.106970
0.105973
0.105895
0.105819
0.105889
0.106066
0.105847
0.105763
0.105906
0.105984
0.107140
0.105877
0.105781
0.106220
0.105967
0.105776
0.105885
0.105832
0.105968
0.106979
0.106077
0.105759
0.105816
0.105726
0.107255
0.111498
0.106218
0.106181
0.106159
0.107244
0.105819
0.105787
0.106043
0.106058
0.105975
0.105763
0.106089
0.105964
0.106983
0.106093
0.105818
0.105838
0.105797
0.105992
0.106052
0.105810
0.106027
0.105946
0.107153
0.105767
0.105979
0.105761
0.105975
0.106104
0.105809
0.105917
0.105999
0.107164
0.105801
0.106136
0.105828
0.105812
0.106134
0.105798
0.105921
0.105847
0.106062
0.106951
0.105793
0.105942
0.105800
0.106513
0.112448
0.107252
0.106566
0.106007
0.107553
0.106147
0.106350
0.105932
0.105991
0.105814
0.105777
0.105945
0.106054
0.106026
0.106967
0.105913
0.105999
0.105867
0.105937
0.105764
0.105917
0.105983
0.105842
0.107058
0.106132
0.105994
0.105761
0.106000
0.105771
0.105848
0.105791
0.105932
0.105798
0.107038
0.105849
0.105777
0.105902
0.105753
0.105886
0.105885
0.105931
0.105877
0.107058
0.105974
0.105823
0.105888
0.105969
0.112913
0.106533
0.106333
0.107469
0.106170
0.107226
0.105965
0.105946
0.106179
0.105878
0.106075
0.105875
0.106280
0.105877
0.107441
0.105895
0.105846
0.105923
0.106051
0.106049
0.105757
0.106055
0.105986
0.105810
0.107130
0.105782
0.105976
0.105987
0.106018
0.105851
0.105923
0.106039
0.105764
0.107201
0.105848
0.105965
0.105757
0.106861
0.106025
0.105864
0.106066
0.106007
0.105881
0.107095
0.105954
0.105860
0.105912
0.112870
0.109688
0.107866
0.107765
0.107605
0.108434
0.107285
0.106120
0.106028
0.106047
0.105876
0.106178
0.106223
0.106102
0.107108
0.105911
0.105923
0.105762
0.105959
0.105768
0.106212
0.106134
0.105859
0.106375
0.107101
0.105930
0.105858
0.106400
0.106107
0.105797
0.105956
0.106043
0.106481
0.107004
0.106058
0.105936
0.106379
0.106366
0.105921
0.106013
0.106029
0.105957
0.105993
0.107207
0.106057
0.105842
0.106664
0.113207
0.110894
0.110689
0.110854
0.110051
0.107157
0.105906
0.105828
0.106196
0.105858
0.106020
0.106037
0.106217
0.105936
0.105913
0.107108
0.105826
0.105887
0.106062
0.105864
0.105825
0.105950
0.106085
0.105833
0.107082
0.105831
0.105894
0.105892
0.106005
0.105903
0.105846
0.105925
0.105891
0.105907
0.106999
0.105805
0.105925
0.105889
0.105851
0.105812
0.105956
0.105872
0.105681
0.107056
0.105832
0.105880
0.107361
0.110137
0.107260
0.106443
0.106083
0.106165
0.106233
0.107580
0.106107
0.105918
0.106038
0.105886
0.105795
0.106291
0.106176
0.106118
0.107200
0.106112
0.106052
0.106108
0.106226
0.105961
0.106249
0.105938
0.106150
0.106010
0.107391
0.106134
0.106260
0.106074
0.106518
0.106077
0.105972
0.105917
0.105829
0.106938
0.106246
0.106017
0.105918
0.105862
0.106073
0.106034
0.105811
0.105883
0.105815
0.107189
0.105810
0.107380
0.110633
0.107540
0.106999
0.106591
0.106268
0.105878
0.107295
0.106008
0.105938
0.105880
0.105840
0.106021
0.106039
0.105958
0.105853
0.107013
0.105945
0.105837
0.106018
0.106220
0.106159
0.105916
0.106004
0.105773
0.105813
0.107102
0.105773
0.105936
0.105938
0.106002
0.105872
0.105947
0.105849
0.105860
0.107378
0.105894
0.105836
0.105928
0.105780
0.105989
0.105882
0.105962
0.105778
0.105949
0.107107
0.105889
0.106759
0.112186
0.107099
0.106525
0.106485
0.106357
0.106418
0.107598
0.106197
0.106090
0.105887
0.105945
0.105879
0.106260
0.105962
0.105873
0.105937
0.107339
0.106093
0.105902
0.105919
0.106041
0.105963
0.105988
0.105865
0.106655
0.107036
0.105961
0.105940
0.106005
0.105775
0.105854
0.106046
0.105942
0.105901
0.105793
0.107179
0.105781
0.105800
0.105923
0.105777
0.106046
0.105779
0.105883
0.105739
0.107007
0.105955
0.106058
0.111753
0.107072
0.106626
0.106444
0.106283
0.106407
0.106050
0.107089
0.106202
0.106330
0.106062
0.106585
0.106301
0.106025
0.106227
0.105871
0.107132
0.106071
0.106011
0.105858
0.105820
0.106046
0.105911
0.106010
0.105766
0.105883
0.107183
0.105812
0.106022
0.105820
0.105844
0.105961
0.105920
0.105902
0.105726
0.107079
0.105823
0.106030
0.105809
0.105859
0.105812
0.105892
0.105880
0.105730
0.105859
0.106987
0.106167
0.112975
0.108206
0.107207
0.106355
0.106302
0.105807
0.106208
0.107205
0.106011
0.105940
0.105881
0.105962
0.106044
0.106228
0.105895
0.105954
0.105794
0.107023
0.106171
0.105784
0.105965
0.105935
0.105912
0.105880
0.105785
0.105896
0.106928
0.106458
0.106023
0.105854
0.105864
0.105989
0.105861
0.105723
0.105878
0.105774
0.107170
0.105854
0.105979
0.106192
0.105941
0.105918
0.105820
0.105835
0.105769
0.107146
0.105932
0.111926
0.107596
0.106278
0.106414
0.106221
0.106459
0.106136
0.106417
0.107532
0.105837
0.105947
0.106000
0.106263
0.105878
0.106148
0.105783
0.105813
0.107099
0.105971
0.105960
0.105798
0.105961
0.105928
0.105756
0.105985
0.105760
0.105838
0.107150
0.106061
0.105851
0.105989
0.106025
0.105854
0.106047
0.105703
0.105951
0.106918
0.105894
0.105924
0.105779
0.105871
0.105878
0.105795
0.105761
0.105717
0.105894
0.107089
0.111789
0.110736
0.110628
0.110378
0.110347
0.110532
0.109137
0.106073
0.107085
0.105985
0.105780
0.105992
0.106061
0.106142
0.105802
0.105811
0.105885
0.107002
0.105985
0.105772
0.106121
0.105906
0.105806
0.106215
0.105819
0.105910
0.105825
0.107362
0.105823
0.105807
0.105961
0.105890
0.105903
0.105752
0.105872
0.106022
0.107192
0.105950
0.105689
0.105952
0.105859
0.105894
0.105814
0.105726
0.105909
0.105791
0.107659
0.112913
0.107465
0.106892
0.106482
0.106688
0.106148
0.106326
0.105986
0.107156
0.105862
0.105958
0.106238
0.106010
0.106136
0.105965
0.105882
0.105851
0.105823
0.107155
0.105978
0.106005
0.105909
0.105926
0.105789
0.105872
0.105798
0.105800
0.107108
0.105971
0.105985
0.105719
0.105965
0.105805
0.105886
0.106093
0.105794
0.105828
0.107090
0.105903
0.105783
0.105917
0.105838
0.105792
0.105874
0.105725
0.105880
0.107190
0.112066
0.107777
0.106851
0.106401
0.106165
0.106434
0.106203
0.106081
0.105807
0.107237
0.105909
0.105859
0.106154
0.105983
0.105922
0.105902
0.106091
0.105863
0.107138
0.105942
0.105806
0.106016
0.105752
0.105922
0.106325
0.106045
0.105970
0.105792
0.107229
0.105807
0.105948
0.105914
0.106019
0.105837
0.105762
0.105878
0.105850
0.107163
0.105751
0.106189
0.106112
0.105831
0.105890
0.106058
0.105892
0.105858
0.105920
0.114946
0.108194
0.107625
0.106350
0.106059
0.105884
0.105926
0.105885
0.106206
0.107380
0.106179
0.106138
0.106165
0.105952
0.106034
0.105970
0.106188
0.105926
0.106039
0.107161
0.105871
0.105862
0.105827
0.105800
0.105778
0.105933
0.105784
0.105869
0.107121
0.106112
0.105978
0.105983
0.105869
0.105776
0.105804
0.105771
0.105807
0.105870
0.107027
0.106061
0.105807
0.105830
0.105775
0.105841
0.105795
0.105727
0.105961
0.114326
0.106579
0.106097
0.106258
0.106025
0.105958
0.105994
0.106041
0.105942
0.105833
0.107145
0.106064
0.106152
0.105917
0.105824
0.105835
0.105810
0.105974
0.105915
0.107160
0.106084
0.105943
0.105932
0.105792
0.105943
0.105804
0.105913
0.105886
0.105829
0.107109
0.105806
0.105983
0.105885
0.105860
0.105826
0.105751
0.105947
0.105911
0.107154
0.105821
0.106024
0.105838
0.105756
0.105914
0.105775
0.105787
0.105730
0.112901
0.112136
0.110779
0.110546
0.110482
0.110378
0.110430
0.109109
0.106098
0.106061
0.107212
0.106159
0.106214
0.105845
0.106008
0.105827
0.105959
0.105775
0.106130
0.106934
0.105823
0.105982
0.105864
0.105973
0.105758
0.105878
0.105722
0.106103
0.106007
0.107031
0.105839
0.105936
0.105814
0.105849
0.105744
0.105912
0.105823
0.106045
0.106973
0.105948
0.105893
0.106001
0.105863
0.105767
0.105890
0.105844
0.106880
0.112006
0.109260
0.107304
0.107076
0.107364
0.107055
0.106375
0.105839
0.105922
0.105929
0.106998
0.105961
0.106074
0.106103
0.105772
0.105940
0.105802
0.105727
0.105938
0.105775
0.107148
0.105909
0.105913
0.105826
0.105901
0.105848
0.105799
0.106097
0.105869
0.107108
0.105853
0.105927
0.105778
0.105833
0.105851
0.105978
0.105944
0.105837
0.105942
0.107195
0.105941
0.105835
0.105826
0.105773
0.105730
0.105832
0.106546
0.111359
0.107543
0.106143
0.108781
0.109443
0.108006
0.106521
0.106316
0.106332
0.105992
0.106240
0.107318
0.106519
0.105929
0.106077
0.105782
0.105747
0.105887
0.105868
0.106123
0.107457
0.106244
0.106228
0.105998
0.106254
0.106014
0.106483
0.106246
0.106087
0.107375
0.106260
0.106255
0.105990
0.106265
0.106217
0.106125
0.105949
0.106268
0.105960
0.107220
0.106222
0.106170
0.106189
0.105922
0.106035
0.105959
0.107386
0.112512
0.110424
0.108444
0.108179
0.107890
0.108175
0.108642
0.107348
0.106066
0.106142
0.105950
0.107587
0.106288
0.106243
0.106096
0.106052
0.106339
0.106210
0.106190
0.106155
0.107841
0.106268
0.106018
0.106325
0.106588
0.106356
0.106235
0.106431
0.106365
0.106260
0.107410
0.106152
0.106154
0.106092
0.106087
0.106191
0.105992
0.106086
0.105983
0.107330
0.106247
0.106082
0.106053
0.106017
0.106027
0.106084
0.109577
0.112770
0.112294
0.112933
0.111603
0.111372
0.110818
0.106258
0.106920
0.108254
0.106668
0.107171
0.108011
0.106384
0.106149
0.106672
0.106180
0.106224
0.106299
0.106352
0.106373
0.107931
0.107027
0.106995
0.106747
0.106844
0.106961
0.106873
0.106908
0.106956
0.106686
0.108207
0.106977
0.106778
0.106844
0.106800
0.106982
0.106791
0.106881
0.106755
0.108027
0.107034
0.106827
0.106918
0.106793
0.106973
0.107095
0.113210
0.108640
0.108451
0.106725
0.106467
0.106210
0.106162
0.106411
0.106173
0.106114
0.106174
0.106355
0.107889
0.106174
0.106147
0.105954
0.105981
0.106074
0.106261
0.105947
0.106006
0.107474
0.106169
0.105870
0.106260
0.105951
0.106048
0.106106
0.106280
0.105876
0.106051
0.107245
0.106147
0.106176
0.105960
0.105960
0.106555
0.106998
0.106714
0.106986
0.108264
0.106802
0.106856
0.106886
0.107005
0.106717
0.106917
0.114020
0.111557
0.110972
0.112079
0.107887
0.106218
0.106085
0.105988
0.106201
0.106230
0.106006
0.106416
0.107980
0.106315
0.106177
0.106191
0.105977
0.106029
0.106278
0.106086
0.106096
0.107280
0.106209
0.106081
0.106253
0.106252
0.105917
0.106254
0.106155
0.106416
0.106097
0.107499
0.106100
0.106044
0.106051
0.106060
0.106104
0.105971
0.105965
0.106197
0.107173
0.106377
0.105920
0.106108
0.105996
0.105908
0.108157
0.112938
0.111037
0.107067
0.107515
0.106122
0.106458
0.106419
0.106143
0.106036
0.105898
0.105913
0.106002
0.107396
0.106006
0.105952
0.105945
0.105786
0.105883
0.105818
0.105860
0.105979
0.106005
0.107254
0.105891
0.105988
0.105804
0.105889
0.106213
0.105954
0.105838
0.105826
0.107123
0.105970
0.105929
0.105784
0.106262
0.105854
0.105871
0.105916
0.105819
0.106010
0.107069
0.105955
0.105764
0.105836
0.105839
0.107662
0.109794
0.109142
0.110949
0.111835
0.110606
0.110731
0.109782
0.106343
0.106061
0.106161
0.106319
0.106176
0.107459
0.106143
0.106199
0.106071
0.106061
0.106033
0.106219
0.106411
0.106146
0.106078
0.107315
0.106148
0.106231
0.106300
0.106252
0.106477
0.106291
0.106022
0.106547
0.107351
0.106299
0.106791
0.106533
0.106166
0.106171
0.106344
0.106191
0.106185
0.106347
0.107602
0.106226
0.106121
0.106377
0.106071
0.109888
0.109838
0.108989
0.108114
0.108645
0.107559
0.107089
0.106910
0.106239
0.106370
0.106152
0.106338
0.106507
0.107019
0.108386
0.107012
0.106952
0.107372
0.107167
0.106862
0.106996
0.106231
0.106239
0.107565
0.106932
0.106837
0.106341
0.106330
0.106294
0.106201
0.106332
0.106194
0.106482
0.107494
0.106248
0.106057
0.106123
0.106364
0.106189
0.106611
0.106019
0.106514
0.107447
0.106299
0.106128
0.106082
0.106341
0.111078
0.109472
0.111416
0.111398
0.112607
0.109569
0.107035
0.107052
0.107509
0.108084
0.107556
0.107338
0.107493
0.106666
0.107891
0.106511
0.106347
0.106568
0.106468
0.106679
0.106161
0.106258
0.106220
0.107442
0.106269
0.106042
0.106339
0.106211
0.106334
0.106495
0.106418
0.106502
0.106207
0.107555
0.106028
0.106363
0.105996
0.106863
0.106647
0.106240
0.106350
0.106264
0.107396
0.106276
0.106374
0.106209
0.106784
0.113315
0.108620
0.107897
0.107527
0.108709
0.107833
0.107274
0.107611
0.106563
0.106488
0.106098
0.106655
0.106410
0.106493
0.107448
0.106227
0.106216
0.106267
0.106518
0.106207
0.106613
0.106281
0.106100
0.107527
0.106621
0.106351
0.105947
0.106112
0.106176
0.106237
0.106306
0.106291
