0.001828
0.001297
0.001309
0.001243
0.001242
0.001244
0.001231
0.001194
0.001191
0.001188
0.001150
0.001149
0.001157
0.001119
0.001109
0.001109
0.001088
0.001036
0.001035
0.001035
0.001040
0.001000
0.001001
0.001000
0.000996
0.000971
0.000971
0.000970
0.000968
0.000943
0.000943
0.000943
0.000946
0.000943
0.000940
0.000943
0.000954
0.000915
0.000914
0.000916
0.000917
0.000908
0.000890
0.000889
0.000888
0.000894
0.000891
0.000889
0.000889
0.000889
0.000893
0.000888
0.000889
0.000888
0.000891
0.000888
0.000889
0.000890
0.000888
0.000894
0.000890
0.000890
0.000890
0.000890
0.000889
0.000889
0.000889
0.000889
0.000892
0.000888
0.000889
0.000887
0.000891
0.000889
0.000890
0.000888
0.000889
0.000890
0.000889
0.000888
0.000888
0.000891
0.000890
0.000889
0.000888
0.000888
0.000891
0.000889
0.000888
0.000888
0.000891
0.000889
0.000888
0.000889
0.000891
0.000892
0.000887
0.000889
0.000890
0.000892
0.000887
0.000887
0.000887
0.000890
0.000890
0.000888
0.000888
0.000889
0.000890
0.000889
0.000886
0.000889
0.000888
0.000890
0.000890
0.000889
0.000888
0.000893
0.000888
0.000890
0.000887
0.000888
0.000891
0.000887
0.000888
0.000888
0.000891
0.000890
0.000888
0.000888
0.000888
0.000892
0.000889
0.000888
0.000890
0.000891
0.000888
0.000890
0.000889
0.000888
0.000891
0.000889
0.000889
0.000888
0.000890
0.000889
0.000889
0.000889
0.000890
0.000888
0.000888
0.000887
0.000887
0.000892
0.000887
0.000888
0.000888
0.000889
0.000888
0.000889
0.000888
0.000887
0.000892
0.000889
0.000888
0.000889
0.000893
0.000886
0.000888
0.000887
0.000887
0.000889
0.000889
0.000889
0.000888
0.000891
0.000887
0.000888
0.000887
0.000890
0.000888
0.000886
0.000889
0.000888
0.000893
0.000886
0.000887
0.000888
0.000889
0.000892
0.000891
0.000923
0.000941
0.000915
0.000890
0.000888
0.000888
0.000889
0.000893
0.000886
0.000886
0.000891
0.000891
0.000888
0.000887
0.000887
0.000888
0.000941
0.000931
0.000888
0.000890
0.000893
0.000890
0.000890
0.000889
0.000890
0.000891
0.000888
0.000888
0.000889
0.000892
0.000888
0.000890
0.000887
0.000889
0.000891
0.000889
0.000891
0.000888
0.000892
0.000888
0.000889
0.000888
0.000887
0.000891
0.000887
0.000888
0.000888
0.000891
0.000890
0.000889
0.000888
0.000888
0.000892
0.000889
0.000888
0.000887
0.000888
0.000888
0.000888
0.000888
0.000888
0.000892
0.000890
0.000889
0.000889
0.000893
0.000889
0.000888
0.000888
0.000889
0.000889
0.000888
0.000888
0.000887
0.000891
0.000887
0.000889
0.000890
0.000887
0.000890
0.000887
0.000888
0.000889
0.000891
0.000888
0.000889
0.000890
0.000888
0.000891
0.000889
0.000888
0.000888
0.000891
0.000890
0.000889
0.000890
0.000888
0.000891
0.000889
0.000889
0.000889
0.000891
0.000891
0.000889
0.000888
0.000889
0.000892
0.000888
0.000890
0.000889
0.000891
0.000888
0.000888
0.000887
0.000888
0.000891
0.000889
0.000888
0.000890
0.000894
0.000889
0.000889
0.000887
0.000889
0.000892
0.000888
0.000892
0.000900
0.000896
0.000889
0.000887
0.000889
0.000889
0.000892
0.000888
0.000888
0.000888
0.000894
0.000890
0.000888
0.000889
0.000888
0.000891
0.000889
0.000891
0.000890
0.000891
0.000889
0.000889
0.000888
0.000888
0.000891
0.000888
0.000889
0.000891
0.000893
0.000889
0.000890
0.000888
0.000887
0.000891
0.000888
0.000889
0.000888
0.000894
0.000888
0.000888
0.000887
0.000890
0.000891
0.000888
0.000888
0.000890
0.000892
0.000889
0.000888
0.000889
0.000889
0.000891
0.000889
0.000888
0.000890
0.000894
0.000888
0.000889
0.000888
0.000889
0.000891
0.000891
0.000889
0.000890
0.000892
0.000889
0.000889
0.000889
0.000888
0.000893
0.000889
0.000887
0.000887
0.000892
0.000888
0.000890
0.000888
0.000887
0.000894
0.000888
0.000889
0.000887
0.000892
0.000890
0.000890
0.000889
0.000887
0.000891
0.000888
0.000888
0.000888
0.000891
0.000888
0.000889
0.000888
0.000889
0.000890
0.000887
0.000889
0.000889
0.000892
0.000888
0.000886
0.000888
0.000889
0.000955
0.000915
0.000889
0.000890
0.000891
0.000889
0.000889
0.000889
0.000893
0.000888
0.000889
0.000889
0.000932
0.000942
0.000889
0.000888
0.000890
0.000891
0.000890
0.000889
0.000888
0.000887
0.000893
0.000888
0.000887
0.000890
0.000891
0.000888
0.000889
0.000888
0.000887
0.000892
0.000889
0.000889
0.000888
0.000894
0.000888
0.000889
0.000888
0.000888
0.000891
0.000888
0.000888
0.000905
0.000944
0.000930
0.000888
0.000888
0.000890
0.000892
0.000888
0.000888
0.000888
0.000892
0.000889
0.000887
0.000889
0.000890
0.000892
0.000889
0.000888
0.000888
0.000892
0.000890
0.000888
0.000888
0.000888
0.000890
0.000924
0.000946
0.000888
0.000889
0.000888
0.000888
0.000889
0.000891
0.000888
0.000890
0.000888
0.000888
0.000891
0.000887
0.000888
0.000888
0.000894
0.000889
0.000889
0.000888
0.000889
0.000892
0.000889
0.000890
0.000890
0.000890
0.000888
0.000888
0.000888
0.000889
0.000894
0.000889
0.000888
0.000888
0.000891
0.000887
0.000890
0.000889
0.000889
0.000893
0.000888
0.000890
0.000889
0.000892
0.000889
0.000889
0.000889
0.000888
0.000893
0.000889
0.000886
0.000888
0.000892
0.000889
0.000888
0.000889
0.000889
0.000892
0.000888
0.000889
0.000889
0.000892
0.000888
0.000890
0.000891
0.000890
0.000892
0.000888
0.000889
0.000889
0.000889
0.000890
0.000887
0.000889
0.000887
0.000902
0.000888
0.000887
0.000888
0.000894
0.000887
0.000889
0.000891
0.000888
0.000892
0.000889
0.000888
0.000888
0.000894
0.000888
0.000888
0.000889
0.000888
0.000893
0.000889
0.000888
0.000889
0.000893
0.000889
0.000891
0.000888
0.000890
0.000893
0.000891
0.000888
0.000888
0.000893
0.000889
0.000888
0.000888
0.000889
0.000893
0.000889
0.000889
0.000890
0.000893
0.000889
0.000889
0.000889
0.000890
0.000892
0.000891
0.000888
0.000889
0.000892
0.000889
0.000891
0.000887
0.000890
0.000892
0.000889
0.000889
0.000887
0.000891
0.000889
0.000890
0.000889
0.000889
0.000892
0.000890
0.000889
0.000888
0.000892
0.000889
0.000888
0.000888
0.000887
0.000891
0.000889
0.000888
0.000887
0.000892
0.000888
0.000890
0.000889
0.000889
0.000890
0.000888
0.000890
0.000888
0.000891
0.000890
0.000887
0.000887
0.000889
0.000892
0.000889
0.000888
0.000889
0.000890
0.000887
0.000887
0.000887
0.000887
0.000891
0.000889
0.000890
0.000887
0.000893
0.000888
0.000889
0.000888
0.000889
0.000893
0.000889
0.000888
0.000888
0.000893
0.000888
0.000887
0.000889
0.000888
0.000890
0.000889
0.000890
0.000889
0.000890
0.000889
0.000888
0.000889
0.000889
0.000892
0.000889
0.000888
0.000887
0.000892
0.000890
0.000890
0.000890
0.000888
0.000892
0.000891
0.000889
0.000889
0.000893
0.000888
0.000889
0.000890
0.000888
0.000891
0.000890
0.000889
0.000888
0.000891
0.000890
0.000889
0.000889
0.000890
0.000891
0.000890
0.000888
0.000888
0.000894
0.000889
0.000890
0.000888
0.000890
0.000891
0.000889
0.000891
0.000890
0.000892
0.000889
0.000888
0.000889
0.000890
0.000892
0.000890
0.000889
0.000890
0.000891
0.000931
0.000943
0.000906
0.000888
0.000894
0.000889
0.000890
0.000889
0.000890
0.000891
0.000888
0.000888
0.000889
0.000893
0.000890
0.000888
0.000887
0.000892
0.000887
0.000890
0.000889
0.000888
0.000890
0.000889
0.000888
0.000889
0.000893
0.000888
0.000888
0.000888
0.000891
0.000890
0.000890
0.000891
0.000888
0.000892
0.000889
0.000888
0.000890
0.000892
0.000888
0.000887
0.000889
0.000889
0.000890
0.000891
0.000888
0.000888
0.000892
0.000887
0.000890
0.000888
0.000888
0.000892
0.000888
0.000891
0.000888
0.000892
0.000889
0.000887
0.000889
0.000888
0.000893
0.000889
0.000888
0.000890
0.000892
0.000887
0.000889
0.000889
0.000889
0.000892
0.000888
0.000888
0.000890
0.000891
0.000888
0.000889
0.000892
0.000889
0.000893
0.000889
0.000890
0.000888
0.000892
0.000888
0.000889
0.000890
0.000889
0.000891
0.000889
0.000889
0.000889
0.000892
0.000888
0.000890
0.000890
0.000890
0.000893
0.000890
0.000888
0.000887
0.000890
0.000888
0.000888
0.000887
0.000888
0.000891
0.000889
0.000888
0.000888
0.000892
0.000888
0.000890
0.000888
0.000889
0.000893
0.000887
0.000890
0.000890
0.000893
0.000889
0.000888
0.000888
0.000891
0.000891
0.000891
0.000889
0.000890
0.000892
0.000889
0.000887
0.000889
0.000890
0.000891
0.000889
0.000890
0.000889
0.000892
0.000890
0.000889
0.000891
0.000889
0.000892
0.000888
0.000890
0.000890
0.000892
0.000891
0.000887
0.000889
0.000888
0.000893
0.000889
0.000889
0.000890
0.000892
0.000888
0.000888
0.000889
0.000890
0.000892
0.000887
0.000888
0.000890
0.000892
0.000889
0.000888
0.000888
0.000887
0.000892
0.000888
0.000887
0.000891
0.000891
0.000889
0.000890
0.000889
0.000889
0.000891
0.000889
0.000889
0.000889
0.000893
0.000889
0.000887
0.000888
0.000889
0.000892
0.000888
0.000890
0.000889
0.000895
0.000889
0.000889
0.000889
0.000888
0.000894
0.000889
0.000889
0.000889
0.000893
0.000888
0.000891
0.000888
0.000889
0.000894
0.000888
0.000890
0.000888
0.000894
0.000889
0.000889
0.000889
0.000886
0.000891
0.000889
0.000889
0.000889
0.000892
0.000888
0.000889
0.000890
0.000887
0.000890
0.000889
0.000888
0.000889
0.000892
0.000888
0.000888
0.000887
0.000889
0.000891
0.000888
0.000889
0.000890
0.000891
0.000887
0.000889
0.000888
0.000887
0.000891
0.000890
0.000888
0.000890
0.000890
0.000889
0.000890
0.000889
0.000889
0.000895
0.000892
0.000889
0.000891
0.000891
0.000887
0.000889
0.000891
0.000890
0.000891
0.000890
0.000890
0.000890
0.000890
0.000891
0.000889
0.000888
0.000887
0.000891
0.000889
0.000889
0.000889
0.000893
0.000890
0.000888
0.000951
0.000936
0.000891
0.000890
0.000891
0.000889
0.000892
0.000889
0.000888
0.000890
0.000889
0.000891
0.000889
0.000888
0.000888
0.000892
0.000890
0.000888
0.000889
0.000889
0.000892
0.000889
0.000888
0.000888
0.000892
0.000889
0.000889
0.000891
0.000892
0.000887
0.000890
0.000889
0.000888
0.000891
0.000890
0.000888
0.000888
0.000891
0.000887
0.000888
0.000890
0.000888
0.000894
0.000889
0.000889
0.000887
0.000892
0.000888
0.000889
0.000888
0.000888
0.000891
0.000889
0.000889
0.000889
0.000893
0.000889
0.000888
0.000940
0.000928
0.000892
0.000889
0.000890
0.000887
0.000893
0.000889
0.000890
0.000890
0.000889
0.000891
0.000888
0.000888
0.000890
0.000893
0.000889
0.000888
0.000889
0.000888
0.000892
0.000890
0.000890
0.000888
0.000890
0.000891
0.000889
0.000888
0.000888
0.000893
0.000890
0.000889
0.000887
0.000892
0.000888
0.000889
0.000889
0.000889
0.000893
0.000887
0.000887
0.000889
0.000891
0.000890
0.000889
0.000889
0.000887
0.000891
0.000887
0.000888
0.000889
0.000893
0.000889
0.000888
0.000886
0.000889
0.000891
0.000889
0.000889
0.000890
0.000892
0.000890
0.000888
0.000887
0.000890
0.000892
0.000890
0.000888
0.000887
0.000889
0.000889
0.000887
0.000889
0.000888
0.000890
0.000890
0.000887
0.000890
0.000892
0.000890
0.000888
0.000888
0.000888
0.000891
0.000889
0.000888
0.000888
0.000891
0.000888
0.000887
0.000889
0.000888
0.000891
0.000889
0.000889
0.000889
0.000891
0.000888
0.000889
0.000890
0.000887
0.000892
0.000888
0.000889
0.000888
0.000891
0.000891
0.000888
0.000888
0.000890
0.000892
0.000890
0.000889
0.000887
0.000890
0.000890
0.000890
0.000888
0.000889
0.000892
0.000890
0.000889
0.000887
0.000892
0.000888
0.000889
0.000889
0.000889
0.000891
0.000891
0.000888
0.000890
0.000892
0.000891
0.000890
0.000889
0.000889
0.000891
0.000888
0.000888
0.000887
0.000892
0.000887
0.000889
0.000888
0.000888
0.000890
0.000889
0.000963
0.000978
0.000985
0.001003
0.001027
0.001037
0.001011
0.001023
0.001027
0.001029
0.001009
0.000998
0.000971
0.000972
0.001014
0.000998
0.000972
0.001010
0.001007
0.001000
0.000953
0.000942
0.001013
0.001005
0.000976
0.000887
0.000961
0.001019
0.000990
0.000887
0.000932
0.001002
0.000901
0.000890
0.000891
0.001012
0.000935
0.000889
0.000888
0.000974
0.000978
0.000889
0.000888
0.000942
0.001003
0.000893
0.000888
0.000887
0.001020
0.000933
0.000888
0.000889
0.000986
0.000959
0.000889
0.000889
0.000957
0.001005
0.000889
0.000887
0.000916
0.001001
0.000924
0.000888
0.000954
0.001030
0.000948
0.000887
0.000889
0.000974
0.000991
0.000887
0.000890
0.000941
0.001017
0.000934
0.000937
0.000924
0.001010
0.000930
0.000890
0.000888
0.000978
0.000932
0.000888
0.000888
0.000961
0.000983
0.000888
0.000890
0.000924
0.000971
0.001010
0.000972
0.000986
0.000971
0.000970
0.000971
0.000982
0.000970
0.000955
0.000963
0.000973
0.000999
0.000960
0.000985
0.000971
0.000977
0.000974
0.000970
0.000969
0.000977
0.000966
0.000988
0.001018
0.000995
0.000960
0.001000
0.001023
0.001020
0.000943
0.000942
0.000939
0.000932
0.000942
0.000943
0.000940
0.000946
0.000941
0.000902
0.000916
0.000942
0.000930
0.000951
0.000939
0.000941
0.000947
0.000942
0.000942
0.000941
0.000948
0.000943
0.000941
0.000941
0.000948
0.000940
0.000941
0.000939
0.000941
0.000945
0.000946
0.000929
0.000919
0.000987
0.000935
0.000942
0.000942
0.000949
0.000938
0.000923
0.000941
0.000949
0.000942
0.000907
0.000938
0.000931
0.000957
0.000942
0.000940
0.000942
0.000945
0.000941
0.000927
0.000924
0.000944
0.000941
0.000942
0.000909
0.000944
0.000943
0.000939
0.000940
0.000942
0.000945
0.000915
0.000940
0.000944
0.001004
0.000958
0.000942
0.000942
0.000948
0.000942
0.000920
0.000928
0.000966
0.000959
0.000901
0.000955
0.000914
0.000956
0.000942
0.000941
0.000942
0.000944
0.000941
0.000940
0.000942
0.000982
0.000944
0.000942
0.000941
0.000968
0.000955
0.000940
0.000942
0.000947
0.000942
0.000941
0.000907
0.000952
0.000985
0.000964
0.000942
0.000942
0.000981
0.000969
0.000939
0.000941
0.000981
0.000986
0.000917
0.000950
0.000975
0.000979
0.000948
0.000891
0.000979
0.000961
0.000960
0.000942
0.000935
0.000952
0.000944
0.000902
0.000951
0.000945
0.000942
0.000940
0.000941
0.000946
0.000939
0.000940
0.000940
0.000945
0.000942
0.000941
0.000940
0.000942
0.000944
0.000940
0.000939
0.000943
0.000944
0.000942
0.000941
0.000942
0.000946
0.000939
0.000941
0.000943
0.000945
0.000943
0.000942
0.000941
0.000942
0.000943
0.000940
0.000941
0.000944
0.000946
0.000942
0.000943
0.000941
0.000946
0.000941
0.000941
0.000940
0.000947
0.000942
0.000941
0.000943
0.000941
0.000943
0.000940
0.000942
0.000940
0.000944
0.000943
0.000942
0.000940
0.000945
0.000942
0.000941
0.000942
0.000945
0.000941
0.000942
0.000943
0.000942
0.000963
0.000941
0.000942
0.000972
0.000982
0.000941
0.000942
0.000941
0.000947
0.000943
0.000943
0.000941
0.000945
0.000942
0.000942
0.000942
0.000946
0.000942
0.000943
0.000942
0.000942
0.000945
0.000940
0.000941
0.000939
0.000947
0.000942
0.000943
0.000941
0.000943
0.000940
0.000942
0.000941
0.000944
0.000942
0.000941
0.000940
0.000941
0.000943
0.000942
0.000944
0.000942
0.000944
0.000942
0.000942
0.000941
0.000945
0.000941
0.000940
0.000941
0.000945
0.000942
0.000942
0.000943
0.000943
0.000944
0.000942
0.000941
0.000944
0.000944
0.000942
0.000941
0.000943
0.000947
0.000942
0.000941
0.000941
0.000943
0.000941
0.000942
0.000942
0.000941
0.000946
0.000941
0.000941
0.000942
0.000946
0.000940
0.000942
0.000940
0.000946
0.000941
0.000942
0.000942
0.000944
0.000942
0.000941
0.000941
0.000941
0.000944
0.000943
0.000942
0.000943
0.000943
0.000940
0.000940
0.000911
0.000941
0.000942
0.000941
0.000943
0.000946
0.000941
0.000941
0.000940
0.000941
0.000946
0.000941
0.000941
0.000941
0.000944
0.000942
0.000943
0.000943
0.000944
0.000942
0.000943
0.000944
0.000956
0.000950
0.000936
0.000942
0.000946
0.000942
0.000910
0.000951
0.000917
0.000939
0.000942
0.000940
0.000943
0.000945
0.000941
0.000942
0.000942
0.000944
0.000939
0.000941
0.000941
0.000946
0.000941
0.000942
0.000942
0.000942
0.000945
0.000942
0.000942
0.000942
0.000944
0.000942
0.000942
0.000942
0.000947
0.000942
0.000944
0.000941
0.000946
0.000943
0.000943
0.000941
0.000940
0.000942
0.000943
0.000943
0.000943
0.000943
0.000936
0.000932
0.000969
0.000962
0.000942
0.000914
0.000937
0.000938
0.000918
0.000940
0.000942
0.000940
0.000954
0.000943
0.000934
0.000921
0.000945
0.000942
0.000941
0.000911
0.000938
0.000932
0.000918
0.000941
0.000940
0.000943
0.000940
0.000941
0.000941
0.000947
0.000941
0.000941
0.000942
0.000944
0.000941
0.000940
0.000943
0.000946
0.000942
0.000943
0.000942
0.000946
0.000941
0.000942
0.000941
0.000941
0.000946
0.000942
0.000941
0.000941
0.000944
0.000941
0.000942
0.000942
0.000945
0.000942
0.000944
0.000943
0.000944
0.000942
0.000942
0.000943
0.000941
0.000945
0.000942
0.000942
0.000941
0.000945
0.000942
0.000942
0.000942
0.000945
0.000942
0.000942
0.000941
0.000945
0.000943
0.000941
0.000941
0.000943
0.000943
0.000940
0.000940
0.000941
0.000944
0.000943
0.000943
0.000940
0.000936
0.000918
0.000950
0.000887
0.000958
0.000943
0.000941
0.000942
0.000939
0.000948
0.000941
0.000905
0.000948
0.000946
0.000942
0.000940
0.000911
0.000944
0.000905
0.000945
0.000939
0.000942
0.000944
0.000912
0.000941
0.000908
0.000947
0.000943
0.000941
0.000942
0.000942
0.000941
0.000942
0.000913
0.000943
0.000943
0.000942
0.000939
0.000942
0.000944
0.000943
0.000941
0.000941
0.000946
0.000944
0.000943
0.000941
0.000946
0.000943
0.000941
0.000943
0.000946
0.000943
0.000940
0.000940
0.000942
0.000946
0.000942
0.000942
0.000941
0.000944
0.000942
0.000941
0.000942
0.000947
0.000944
0.000942
0.000943
0.000947
0.000941
0.000941
0.000941
0.000942
0.000945
0.000943
0.000941
0.000942
0.000946
0.000940
0.000942
0.000943
0.000945
0.000943
0.000942
0.000941
0.000945
0.000942
0.000943
0.000942
0.000946
0.000941
0.000941
0.000943
0.000942
0.000944
0.000940
0.000940
0.000941
0.000947
0.000940
0.000943
0.000941
0.000946
0.000942
0.000943
0.000941
0.000946
0.000941
0.000941
0.000940
0.000943
0.000945
0.000941
0.000942
0.000941
0.000946
0.000941
0.000941
0.000943
0.000945
0.000941
0.000942
0.000940
0.000914
0.000934
0.000934
0.000919
0.000940
0.000945
0.000942
0.000940
0.000943
0.000946
0.000943
0.000940
0.000942
0.000936
0.000941
0.000920
0.000931
0.000945
0.000940
0.000941
0.000941
0.000941
0.000945
0.000942
0.000942
0.000942
0.000944
0.000942
0.000941
0.000941
0.000945
0.000941
0.000941
0.000943
0.000947
0.000942
0.000943
0.000942
0.000942
0.000945
0.000968
0.000971
0.000961
0.000945
0.000942
0.000943
0.000942
0.000945
0.000943
0.000943
0.000942
0.000946
0.000941
0.000943
0.000942
0.000941
0.000947
0.000944
0.000943
0.000941
0.000946
0.000942
0.000942
0.000941
0.000947
0.000941
0.000943
0.000942
0.000945
0.000941
0.000942
0.000941
0.000942
0.000947
0.000941
0.000942
0.000942
0.000946
0.000943
0.000942
0.000942
0.000945
0.000942
0.000941
0.000942
0.000947
0.000939
0.000939
0.000942
