0.018003
0.008198
0.007889
0.007916
0.007901
0.007929
0.007890
0.007927
0.007908
0.007938
0.007900
0.007907
0.007916
0.007914
0.007891
0.007891
0.007848
0.007898
0.007842
0.007873
0.007907
0.007913
0.007888
0.007887
0.007866
0.007889
0.007898
0.007877
0.007858
0.007903
0.007872
0.007866
0.007863
0.007881
0.007895
0.007883
0.007912
0.007890
0.007894
0.007906
0.007923
0.007908
0.007906
0.007937
0.007930
0.007905
0.007892
0.007934
0.007925
0.007893
0.007914
0.007909
0.007869
0.007901
0.007915
0.007883
0.007865
0.007910
0.007874
0.007860
0.007839
0.007843
0.007899
0.007867
0.007923
0.007874
0.007904
0.007872
0.007901
0.007898
0.007892
0.007853
0.007908
0.007861
0.007896
0.007890
0.007922
0.007900
0.007896
0.007883
0.007907
0.007921
0.007888
0.007915
0.007934
0.007895
0.007887
0.007908
0.007918
0.007888
0.007899
0.007928
0.007894
0.007904
0.007857
0.007916
0.007826
0.007871
0.007860
0.007895
0.007902
0.007882
0.007896
0.007853
0.007873
0.007876
0.007872
0.007902
0.007910
0.018485
0.008372
0.008022
0.008034
0.007987
0.007981
0.008014
0.008011
0.007996
0.008028
0.008009
0.007996
0.007984
0.008019
0.007995
0.008008
0.007964
0.007991
0.008022
0.007970
0.007981
0.008003
0.008020
0.010696
0.007995
0.007947
0.007967
0.007972
0.007999
0.008050
0.007981
0.008006
0.007990
0.007944
0.007969
0.007996
0.007975
0.007990
0.007979
0.008016
0.007949
0.007969
0.007969
0.007940
0.007978
0.007984
0.007962
0.007972
0.008019
0.007961
0.007982
0.007971
0.007958
0.007980
0.007994
0.007969
0.007995
0.007959
0.007952
0.007977
0.007964
0.007936
0.007975
0.007982
0.007985
0.007999
0.007970
0.007955
0.007964
0.007981
0.007976
0.007966
0.007983
0.007975
0.007971
0.008002
0.007964
0.008007
0.008012
0.007964
0.007965
0.007967
0.007971
0.007993
0.008001
0.007953
0.007976
0.007963
0.008014
0.008000
0.007970
0.007960
0.007980
0.008009
0.007954
0.007969
0.007984
0.007975
0.007973
0.008004
0.007994
0.008026
0.007992
0.008023
0.007994
0.007964
0.007947
0.007952
0.007964
0.007990
0.007988
0.007998
0.007973
0.008006
0.008025
0.007997
0.007946
0.007977
0.007966
0.007982
0.007970
0.007996
0.007993
0.008000
0.007987
0.007962
0.007989
0.007958
0.008001
0.007978
0.008012
0.007986
0.007968
0.008010
0.007980
0.007962
0.007950
0.007974
0.009830
0.008009
0.016181
0.029453
0.007925
0.007775
0.007883
0.007787
0.007835
0.007844
0.007854
0.007870
0.007827
0.007821
0.007848
0.007800
0.007822
0.007805
0.007796
0.007809
0.008757
0.007798
0.007778
0.007794
0.007797
0.007991
0.007823
0.007812
0.007802
0.007786
0.007796
0.007854
0.007804
0.007814
0.007833
0.007850
0.007845
0.007880
0.007829
0.007826
0.007811
0.007865
0.007841
0.007839
0.007859
0.007785
0.007793
0.007802
0.007762
0.007794
0.007788
0.007844
0.007846
0.007823
0.007818
0.007799
0.007803
0.007802
0.007837
0.007839
0.007851
0.007819
0.007819
0.007844
0.007825
0.007846
0.007843
0.007797
0.007742
0.007762
0.007804
0.007793
0.007840
0.007826
0.007862
0.007832
0.007848
0.007799
0.007799
0.007793
0.007869
0.007833
0.007887
0.007848
0.007844
0.007817
0.007847
0.007842
0.007882
0.007900
0.007841
0.007827
0.007816
0.007839
0.007857
0.007833
0.007809
0.007853
0.007795
0.007808
0.007835
0.007873
0.007828
0.007812
0.007808
0.007815
0.007848
0.007816
0.007855
0.007831
0.007831
0.007816
0.007845
0.007866
0.007845
0.007837
0.007837
0.007810
0.010161
0.012837
0.017893
0.014056
0.014861
0.012783
0.017333
0.012896
0.013568
0.017328
0.017696
0.013585
0.008502
0.017698
0.012782
0.016065
0.017127
0.012792
0.013393
0.017700
0.017364
0.012970
0.014725
0.017489
0.012973
0.013206
0.015614
0.013184
0.017672
0.017565
0.014896
0.022742
0.009001
0.016051
0.017447
0.012829
0.011294
0.007837
0.007796
0.007807
0.007858
0.007848
0.007805
0.007808
0.007804
0.007847
0.007811
0.007788
0.007784
0.007851
0.007877
0.007827
0.007836
0.007790
0.007841
0.007834
0.007825
0.007789
0.007828
0.007812
0.007819
0.007789
0.007801
0.007814
0.007868
0.007799
0.007829
0.007822
0.007827
0.007777
0.007798
0.007817
0.007813
0.007789
0.007835
0.007812
0.007842
0.007813
0.011189
0.007812
0.007817
0.007863
0.007809
0.007849
0.007751
0.007779
0.007841
0.007848
0.007810
0.007779
0.007790
0.007748
0.007858
0.007828
0.007825
0.007777
0.007837
0.007747
0.007832
0.007740
0.007803
0.007788
0.007791
0.007892
0.007782
0.007834
0.007826
0.007795
0.007834
0.007808
0.017251
0.008400
0.007806
0.007828
0.007834
0.007795
0.007804
0.007762
0.007823
0.009267
0.007799
0.007814
0.007771
0.007774
0.007808
0.007800
0.007773
0.007845
0.007775
0.007776
0.007804
0.007883
0.007778
0.007796
0.007731
0.007793
0.007780
0.007823
0.007764
0.007788
0.007843
0.007805
0.007868
0.007805
0.007799
0.007829
0.007822
0.007780
0.007816
0.007855
0.007798
0.009979
0.007797
0.007827
0.007826
0.007778
0.007776
0.007812
0.007761
0.007805
0.007788
0.007799
0.007777
0.007776
0.010405
0.007761
0.007767
0.007779
0.007765
0.007747
0.007789
0.007784
0.007781
0.007778
0.007761
0.007801
0.007761
0.007775
0.007745
0.007779
0.007827
0.007766
0.007760
0.007828
0.007803
0.007801
0.007825
0.007765
0.007784
0.007770
0.007793
0.007775
0.007733
0.007782
0.007770
0.007779
0.007778
0.007803
0.007788
0.007760
0.007801
0.007818
0.007749
0.007784
0.007775
0.007794
0.007741
0.007772
0.007768
0.007776
0.007763
0.007775
0.007782
0.007759
0.007795
0.007780
0.007792
0.007796
0.007783
0.007794
0.007797
0.007782
0.007796
0.007815
0.007779
0.007779
0.007783
0.007797
0.007755
0.007788
0.007758
0.007783
0.007790
0.007765
0.007793
0.007833
0.007790
0.010572
0.007800
0.007831
0.007784
0.007765
0.007825
0.007784
0.007788
0.007756
0.007781
0.007790
0.007792
0.007773
0.007800
0.007781
0.007768
0.007795
0.007845
0.007834
0.007809
0.007765
0.007768
0.007750
0.007761
0.007780
0.007770
0.007798
0.007779
0.007776
0.007794
0.007775
0.007805
0.007771
0.007797
0.011678
0.007800
0.021585
0.007984
0.007812
0.007770
0.007780
0.007769
0.007740
0.007764
0.007781
0.007757
0.007761
0.007752
0.007773
0.007756
0.007797
0.007777
0.007748
0.007761
0.007769
0.007758
0.007774
0.007752
0.007781
0.007743
0.007775
0.007744
0.007769
0.007757
0.007761
0.007776
0.007779
0.007732
0.007746
0.007754
0.007778
0.007833
0.007761
0.007780
0.007770
0.007793
0.007787
0.014116
0.007811
0.007775
0.007778
0.009924
0.007758
0.007775
0.007791
0.007792
0.007795
0.007764
0.007772
0.007753
0.007751
0.007797
0.007792
0.007760
0.007768
0.007782
0.007797
0.007775
0.007792
0.007780
0.007788
0.007795
0.007777
0.007769
0.007773
0.007789
0.007768
0.007761
0.007767
0.007757
0.007790
0.007782
0.007763
0.007781
0.007761
0.007795
0.007796
0.007771
0.007787
0.007790
0.007772
0.007778
0.007778
0.007780
0.007773
0.007786
0.007779
0.007797
0.007778
0.007789
0.007787
0.007771
0.007776
0.007783
0.007790
0.007783
0.007778
0.007768
0.007777
0.007790
0.007792
0.007776
0.007787
0.007802
0.007769
0.007783
0.007780
0.007797
0.007785
0.007785
0.007771
0.007789
0.007792
0.007801
0.007806
0.007799
0.007838
0.007789
0.007783
0.007812
0.007768
0.007812
0.007770
0.007789
0.007789
0.007790
0.007793
0.007773
0.007794
0.007781
0.007800
0.007790
0.007779
0.007765
0.007786
0.007762
0.007782
0.007775
0.007779
0.007777
0.007789
0.007772
0.007780
0.007756
0.007779
0.007764
0.007800
0.007810
0.007785
0.007765
0.007783
0.007764
0.007787
0.012500
0.007791
0.007781
0.007778
0.007788
0.007803
0.007763
0.007748
0.007758
0.007775
0.007774
0.007783
0.007759
0.007740
0.007765
0.007784
0.007775
0.007769
0.007817
0.007763
0.007784
0.007755
0.007792
0.007790
0.007788
0.007767
0.007774
0.007795
0.007785
0.007757
0.007776
0.007766
0.007790
0.007771
0.007783
0.007787
0.007788
0.007787
0.007778
0.007786
0.007786
0.007780
0.007832
0.007780
0.007770
0.007774
0.007786
0.007777
0.007773
0.007774
0.007787
0.007779
0.007772
0.007778
0.007795
0.007781
0.007783
0.007754
0.007796
0.007764
0.007784
0.007752
0.007756
0.007768
0.007789
0.007760
0.007777
0.007770
0.007778
0.007765
0.007784
0.007773
0.007775
0.007771
0.007789
0.007768
0.007791
0.007763
0.007779
0.007780
0.007768
0.007766
0.007763
0.007778
0.007783
0.007748
0.007767
0.007780
0.007771
0.007786
0.007787
0.007815
0.007791
0.007780
0.007776
0.007784
0.007780
0.007752
0.007781
0.007792
0.007788
0.007769
0.007768
0.007770
0.007767
0.007770
0.007745
0.007771
0.007786
0.007798
0.007789
0.007771
0.007782
0.007774
0.007784
0.007766
0.007786
0.007775
0.007791
0.007774
0.007784
0.007740
0.007797
0.007779
0.007769
0.007762
0.007764
0.007769
0.007765
0.007755
0.007790
0.007784
0.007788
0.007772
0.007759
0.007754
0.007802
0.007785
0.007767
0.007788
0.007771
0.007800
0.007765
0.007758
0.007760
0.007797
0.007778
0.007751
0.007800
0.007794
0.007802
0.007772
0.007786
0.007773
0.007751
0.007762
0.007775
0.007765
0.007754
0.007797
0.007759
0.007755
0.007769
0.007782
0.007767
0.007767
0.007775
0.007791
0.007776
0.007777
0.007786
0.011240
0.012528
0.007807
0.012840
0.014886
0.011347
0.012782
0.007730
0.007764
0.007774
0.007755
0.007860
0.007810
0.007756
0.007776
0.007777
0.007721
0.007736
0.007757
0.007751
0.012830
0.012802
0.007794
0.007803
0.007794
0.007791
0.008582
0.007807
0.007838
0.007847
0.007813
0.007816
0.007806
0.007802
0.007788
0.008420
0.007799
0.007798
0.007813
0.007823
0.007814
0.007829
0.007815
0.007817
0.007810
0.007800
0.007818
0.007788
0.007823
0.007815
0.007815
0.007811
0.007806
0.007820
0.007836
0.007772
0.007789
0.007809
0.007829
0.007825
0.013376
0.012803
0.008645
0.012739
0.014183
0.012638
0.012815
0.007771
0.009632
0.009158
0.010220
0.010176
0.010184
0.010192
0.009188
0.010168
0.012805
0.007799
0.010170
0.010800
0.008298
0.012682
0.013671
0.009686
0.007592
0.007631
0.007613
0.007608
0.007609
0.007619
0.009969
0.007596
0.007595
0.007594
0.007615
0.007582
0.007583
0.007605
0.007626
0.007620
0.007606
0.007579
0.007606
0.007612
0.007595
0.007595
0.007568
0.007597
0.007594
0.007607
0.007632
0.007589
0.007607
0.007582
0.007605
0.007620
0.007598
0.007593
0.007599
0.007592
0.007602
0.007593
0.007604
0.007588
0.007612
0.007587
0.007587
0.007597
0.007592
0.007590
0.007608
0.007578
0.007621
0.007598
0.007600
0.007591
0.007604
0.007607
0.007594
0.007623
0.007588
0.007600
0.007599
0.007589
0.007566
0.007562
0.007597
0.007590
0.012643
0.007605
0.007599
0.007587
0.007595
0.007622
0.007587
0.007592
0.007589
0.007583
0.007602
0.007595
0.007600
0.007606
0.007614
0.007594
0.007581
0.007585
0.007608
0.007561
0.007569
0.007578
0.007580
0.007638
0.007593
0.007598
0.007586
0.007585
0.007607
0.007591
0.007604
0.007586
0.007603
0.007591
0.007596
0.012637
0.007627
0.007608
0.007593
0.007602
0.007619
0.007582
0.007602
0.007605
0.007594
0.007614
0.007619
0.007603
0.007604
0.007617
0.007602
0.007591
0.007596
0.007583
0.007627
0.007578
0.012640
0.015869
0.012964
0.015223
0.016402
0.012674
0.013668
0.012615
0.013276
0.007592
0.007593
0.007600
0.007597
0.007618
0.007585
0.007577
0.007613
0.007579
0.007576
0.007589
0.007588
0.007588
0.007612
0.007628
0.007590
0.007578
0.007580
0.007577
0.007617
0.007592
0.007611
0.007587
0.007606
0.007597
0.007611
0.007597
0.007585
0.007605
0.007586
0.007585
0.007586
0.007581
0.007598
0.007619
0.007606
0.007589
0.007613
0.007594
0.007606
0.007599
0.007571
0.007637
0.007597
0.007596
0.007624
0.007572
0.007563
0.007585
0.007603
0.007577
0.007597
0.007617
0.007606
0.007604
0.007605
0.007628
0.007572
0.007604
0.007596
0.007601
0.007583
0.007591
0.007595
0.007592
0.007590
0.007579
0.007571
0.007592
0.007586
0.007592
0.007573
0.007594
0.007599
0.007585
0.007599
0.007586
0.007585
0.007597
0.007599
0.007616
0.007613
0.007579
0.007616
0.007602
0.007587
0.007594
0.007611
0.007610
0.007572
0.007588
0.007604
0.007582
0.007571
0.007621
0.007634
0.007589
0.007601
0.007600
0.007593
0.007596
0.007588
0.007576
0.008534
0.007655
0.007603
0.007593
0.007609
0.007640
0.007582
0.007596
0.007602
0.007610
0.007593
0.007606
0.007601
0.007589
0.007606
0.007603
0.007625
0.007602
0.007604
0.007610
0.007605
0.007572
0.007588
0.007608
0.007611
0.007604
0.007586
0.007600
0.007579
0.007596
0.007603
0.007578
0.007955
0.007584
0.007578
0.007616
0.007610
0.007584
0.007589
0.007608
0.007573
0.007596
0.007612
0.022798
0.010936
0.007614
0.007639
0.009212
0.007602
0.007607
0.007636
0.007602
0.007640
0.007589
0.007601
0.007611
0.007635
0.007579
0.007582
0.007574
0.007602
0.007609
0.007586
0.007621
0.007626
0.007616
0.007601
0.007585
0.007602
0.007606
0.007590
0.007598
0.007584
0.007610
0.007582
0.007635
0.007627
0.007593
0.007611
0.007611
0.007616
0.007607
0.007606
0.007600
0.007604
0.007616
0.007629
0.012722
0.012866
0.012697
0.007639
0.007655
0.007637
0.007657
0.007631
0.007608
0.007647
0.007617
0.007674
0.007633
0.007624
0.007635
0.007615
0.007655
0.007633
0.007612
0.007611
0.007647
0.007683
0.007654
0.007665
0.007622
0.007611
0.007636
0.007655
0.007622
0.007639
0.007638
0.007613
0.007649
0.007644
0.007675
0.007642
0.007644
0.007625
0.007612
0.009639
0.007606
0.007579
0.007630
0.007626
0.007600
0.007589
0.007602
0.007599
0.007625
0.007617
0.007602
0.007593
0.007612
0.007589
0.007598
0.007632
0.007587
0.007626
0.007607
0.007596
0.007592
0.007616
0.007625
0.007605
0.007620
0.007604
0.007621
0.007619
0.007596
0.007587
0.007598
0.007586
0.007614
0.007628
0.007585
0.007604
0.007618
0.007599
0.007606
0.007631
0.007622
0.007589
0.007619
0.007630
0.007620
0.007612
0.007620
0.007566
0.007633
0.007621
0.007599
0.007596
0.007608
0.007630
0.007612
0.007588
0.007596
0.007607
0.007607
0.007584
0.007601
0.007619
0.007604
0.007614
0.007605
0.007608
0.007585
0.007601
0.007586
0.007608
0.007609
0.007609
0.007585
0.007583
0.007591
0.007578
0.007596
0.007578
0.007628
0.007621
0.007621
0.007565
0.007555
0.007625
0.007615
0.007621
0.007599
0.007623
0.007609
0.007583
0.007586
0.007616
0.007610
0.007598
0.007619
0.007595
0.007602
0.007619
0.007593
0.007589
0.007610
0.007615
0.007606
0.007598
0.007612
0.007590
0.007601
0.007618
0.007596
0.007612
0.007600
0.007605
0.007622
0.007596
0.007699
0.007607
0.007590
0.007622
0.007587
0.007574
0.007588
0.007621
0.007607
0.007614
0.007596
0.007628
0.007579
0.007624
0.007602
0.007635
0.007626
0.007604
0.007625
0.007607
0.007586
0.007622
0.007618
0.007608
0.007610
0.007604
0.007608
0.007617
0.007630
0.007600
0.007603
0.007602
0.007614
0.007597
0.009452
0.007577
0.007603
0.007602
0.007631
0.007596
0.007603
0.007608
0.007609
0.007600
0.007576
0.007618
0.007604
0.007622
0.007610
0.007611
0.007609
0.007611
0.007626
0.007628
0.007638
0.007598
0.007596
0.007605
0.007616
0.007578
0.007598
0.007618
0.007601
0.007622
0.007633
0.007625
0.007584
0.007608
0.007618
0.007749
0.012737
0.008660
0.007646
0.007615
0.007607
0.007715
0.010379
0.015333
0.013182
0.010884
0.008087
0.008053
0.008073
0.008027
0.008078
0.008021
0.008053
0.008076
0.008015
0.008899
0.010143
0.009059
0.008017
0.007987
0.007999
0.007952
0.008049
0.008009
0.008001
0.008052
0.010825
0.007767
0.007687
0.007770
0.007688
0.007706
0.007704
0.007697
0.009935
0.007739
0.007694
0.007655
0.007646
0.007690
0.007691
0.007665
0.007705
0.007694
0.007685
0.007662
0.007692
0.007680
0.007655
0.007692
0.007694
0.007677
0.007686
0.007710
0.007705
0.007684
0.007702
0.007678
0.007656
0.007689
0.007738
0.007689
0.007725
0.007698
0.007673
0.007694
0.007699
0.007759
0.007658
0.010355
0.007680
0.007665
0.007679
0.007668
0.007669
0.007650
0.007693
0.007673
0.007672
0.007679
0.007680
0.007685
0.007682
0.007666
0.007656
0.007680
0.007662
0.007656
0.007669
0.007673
0.007690
0.007681
0.007670
0.007687
0.007640
0.007646
0.007626
0.007662
0.007735
0.007641
0.007660
0.007672
0.007667
0.007690
0.007658
0.007684
0.007860
0.007672
0.009113
0.012694
0.013504
0.012211
0.012785
0.013745
0.007743
0.007705
0.007671
0.007697
0.007692
0.007720
0.007659
0.007671
0.007649
0.007653
0.007801
0.007686
0.007688
0.007743
0.007671
0.007741
0.007670
0.007699
0.007705
0.007709
0.007661
0.007678
0.007714
0.007675
0.007676
0.007651
0.007673
0.007710
0.007700
0.007709
0.007706
0.007729
0.007695
0.007729
0.007674
0.007677
0.007676
0.007670
0.007703
0.007758
0.007693
0.007713
0.007707
0.007684
0.007682
0.007636
0.007788
0.007697
0.007690
0.007707
0.007692
0.007671
0.007673
0.007705
0.007733
0.010360
0.007714
0.007681
0.007692
0.007654
0.007679
0.007685
0.007681
0.007698
0.007708
0.007685
0.007701
0.007667
0.007718
0.007677
0.007696
0.007718
0.007674
0.007755
0.007692
0.007704
0.007702
0.007691
0.007691
0.007678
0.007659
0.007662
0.007681
0.007714
0.007698
0.007709
0.007658
0.007729
0.007700
0.007685
0.007719
0.007666
0.007678
0.007669
0.007667
0.007772
0.007670
0.007680
0.007693
0.007696
0.007660
0.007702
0.007675
0.007731
0.007778
0.007688
0.007654
0.007704
0.007689
0.007711
0.007660
0.007668
0.007685
0.007698
0.007712
0.007674
0.010403
0.007697
0.007670
0.007698
0.007671
0.007669
0.007716
0.007683
0.007690
0.007802
0.007711
0.007694
0.007676
0.007768
0.007750
0.007636
0.007679
0.007664
0.007665
0.007669
0.007735
0.007668
0.007691
0.007699
0.007718
0.007667
0.007709
0.007698
0.007649
0.007701
0.007673
0.007711
0.007670
0.007647
0.007712
0.007692
0.007777
0.007696
0.007707
0.007680
0.007772
0.007703
0.007656
0.007667
0.007690
0.007689
0.007698
0.007691
0.007713
0.007695
0.007669
0.007692
0.007683
0.007656
0.007684
0.007702
0.007682
0.007672
0.007703
0.007681
0.007694
0.007691
0.007656
0.007666
0.007652
0.007747
0.007700
0.007677
0.007668
0.007684
0.007683
0.007640
0.007658
0.007711
0.007709
0.007659
0.007668
0.007676
0.007685
0.007697
0.007669
0.007660
0.007678
0.007760
0.007632
0.007680
0.007706
0.007678
0.007670
0.007702
0.007633
0.007663
0.007667
0.007677
0.007669
0.007674
0.007651
0.007657
0.007683
0.007690
0.007698
0.007713
0.007755
0.007663
0.007693
0.007680
0.007721
0.007676
0.007686
0.007700
0.007640
0.007678
0.007707
0.007664
0.007735
0.007678
0.007675
0.007654
0.007747
0.007654
0.007707
0.007669
0.007652
0.007664
0.007668
0.007675
0.007670
0.007689
0.007670
0.007652
0.007657
0.007643
0.007688
0.007684
0.007688
0.007649
0.007681
0.007685
0.007700
0.007677
0.007656
0.007669
0.007692
0.007764
0.007696
0.007681
0.007674
0.007706
0.007673
0.007698
0.007698
0.007678
0.007696
0.007669
0.007667
0.007673
0.007659
0.007648
0.007678
0.007681
0.007681
0.007653
0.007631
0.007697
0.007671
0.007705
0.007675
0.007680
0.007659
0.007719
0.007609
0.007708
0.007678
