0.065867
0.069394
0.069112
0.068946
0.068807
0.068895
0.068954
0.068990
0.068845
0.068917
0.068719
0.068824
0.068882
0.068804
0.068809
0.068887
0.068749
0.068894
0.069000
0.068945
0.068735
0.068554
0.068855
0.068694
0.069117
0.068583
0.068599
0.068643
0.068709
0.068749
0.068882
0.068737
0.069006
0.068805
0.068754
0.068761
0.068864
0.068851
0.069424
0.068718
0.068961
0.073018
0.075152
0.071761
0.089851
0.090058
0.089452
0.089017
0.088696
0.088519
0.095842
0.124828
0.069274
0.068594
0.068387
0.068384
0.068295
0.068202
0.068519
0.068542
0.068437
0.068440
0.068428
0.068416
0.068494
0.068407
0.068334
0.068469
0.068434
0.068658
0.068594
0.068624
0.068451
0.068739
0.068522
0.068464
0.068521
0.068529
0.068565
0.068910
0.068499
0.068462
0.068584
0.068525
0.068542
0.068616
0.068373
0.068348
0.068046
0.068188
0.068134
0.068075
0.068102
0.068365
0.068151
0.068170
0.068211
0.068177
0.068105
0.068111
0.068104
0.068113
0.068239
0.068243
0.068124
0.068249
0.068138
0.068206
0.068151
0.068734
0.068160
0.074024
0.072475
0.069937
0.070065
0.069514
0.069588
0.069446
0.069346
0.069432
0.069290
0.069221
0.069239
0.069190
0.069143
0.069043
0.069013
0.068930
0.068993
0.068976
0.069040
0.068898
0.068816
0.068769
0.068706
0.068501
0.068606
0.068599
0.069232
0.068530
0.068528
0.068561
0.068549
0.068621
0.068443
0.068437
0.068390
0.068357
0.068395
0.068401
0.068380
0.068389
0.068445
0.068519
0.068649
0.068536
0.068509
0.068427
0.068512
0.068444
0.068376
0.068353
0.068422
0.068411
0.068407
0.068335
0.068403
0.069452
0.068347
0.068319
0.068364
0.068275
0.068246
0.068321
0.068355
0.068309
0.068370
0.068240
0.068198
0.068301
0.068421
0.068386
0.068298
0.068248
0.073910
0.071949
0.070241
0.070334
0.070121
0.069881
0.069688
0.069484
0.069381
0.069348
0.069342
0.069400
0.069671
0.069220
0.069251
0.069034
0.069071
0.069364
0.069073
0.069088
0.069005
0.068904
0.068816
0.068874
0.068969
0.068864
0.068915
0.068899
0.069000
0.068780
0.068717
0.068880
0.068786
0.068698
0.068736
0.068752
0.068686
0.068622
0.068768
0.068856
0.068725
0.069275
0.068512
0.068462
0.068780
0.068626
0.068650
0.068571
0.068491
0.068682
0.068510
0.068550
0.068613
0.069469
0.068935
0.068604
0.068633
0.068632
0.068706
0.068736
0.068633
0.068616
0.068471
0.068532
0.068592
0.068493
0.068408
0.068563
0.068638
0.068436
0.069055
0.068637
0.071206
0.073007
0.070792
0.070201
0.069584
0.069503
0.069502
0.069320
0.069123
0.069200
0.069110
0.069069
0.069019
0.068934
0.068902
0.068869
0.068904
0.068840
0.068829
0.068846
0.068985
0.068893
0.068770
0.068753
0.068772
0.068708
0.068727
0.069191
0.068609
0.068568
0.068604
0.068601
0.068515
0.068416
0.068527
0.068468
0.068549
0.068574
0.069560
0.069518
0.069233
0.069118
0.069069
0.068881
0.068916
0.068867
0.068733
0.068629
0.068648
0.068640
0.068594
0.068556
0.068606
0.068582
0.068555
0.068597
0.069087
0.068489
0.068446
0.068444
0.068443
0.068582
0.068463
0.068511
0.068398
0.068425
0.068522
0.068441
0.068382
0.068307
0.068409
0.068462
0.068304
0.075051
0.072099
0.070906
0.070900
0.070896
0.070681
0.070471
0.070583
0.070392
0.070403
0.069509
0.069266
0.069642
0.068994
0.069353
0.069109
0.068965
0.069006
0.068889
0.069077
0.069020
0.069195
0.068848
0.068948
0.068982
0.069134
0.069011
0.068929
0.069150
0.069022
0.068838
0.068767
0.068702
0.068648
0.068656
0.068596
0.068651
0.068633
0.068624
0.068575
0.068610
0.069018
0.068565
0.068616
0.068629
0.068621
0.068794
0.068613
0.068598
0.068543
0.068487
0.068486
0.068482
0.068483
0.068647
0.068609
0.068551
0.068589
0.068635
0.068513
0.068549
0.068617
0.068555
0.068520
0.068487
0.068551
0.068488
0.068534
0.068621
0.068551
0.068527
0.068568
0.072394
0.071727
0.070300
0.070264
0.069885
0.069615
0.069453
0.069301
0.069205
0.069242
0.069378
0.069323
0.069188
0.069165
0.069205
0.069129
0.069040
0.069130
0.069158
0.069299
0.068880
0.068942
0.068871
0.068770
0.068806
0.068878
0.068831
0.068831
0.068779
0.068918
0.068925
0.068875
0.068904
0.068728
0.068750
0.068664
0.068739
0.068616
0.068703
0.068670
0.068646
0.068554
0.068654
0.069266
0.068906
0.068605
0.068662
0.068703
0.068596
0.068654
0.068529
0.068621
0.068452
0.068600
0.068486
0.068529
0.068457
0.068492
0.068540
0.068570
0.068520
0.068481
0.068531
0.068422
0.068475
0.068454
0.068361
0.068378
0.068492
0.068445
0.068454
0.068479
0.068430
0.075280
0.072025
0.071220
0.070546
0.070376
0.070312
0.070243
0.070059
0.070224
0.069633
0.069160
0.069050
0.069678
0.069052
0.068935
0.068800
0.068737
0.068790
0.068620
0.069506
0.068861
0.068785
0.068613
0.068607
0.068550
0.068536
0.068600
0.068590
0.068506
0.068587
0.068501
0.068591
0.068589
0.068787
0.068735
0.068602
0.068526
0.068491
0.068594
0.068438
0.068512
0.068509
0.068368
0.068421
0.068478
0.068434
0.068397
0.068406
0.068398
0.068365
0.068352
0.068456
0.068339
0.068348
0.068230
0.068363
0.068146
0.068181
0.068426
0.068437
0.068324
0.068244
0.068388
0.068260
0.068270
0.068356
0.068393
0.068181
0.068198
0.068271
0.068146
0.068678
0.070177
0.072451
0.070838
0.070856
0.070790
0.070634
0.070407
0.070472
0.070371
0.070358
0.070306
0.070355
0.070190
0.070134
0.069294
0.069094
0.068957
0.069051
0.069012
0.069235
0.069117
0.068980
0.069138
0.069113
0.069102
0.069200
0.068979
0.068823
0.068995
0.069121
0.068962
0.068906
0.068977
0.068948
0.068887
0.068776
0.069014
0.068911
0.068825
0.068802
0.068902
0.068787
0.068934
0.069383
0.069256
0.069260
0.069134
0.069156
0.069041
0.069130
0.069177
0.069087
0.069110
0.069086
0.069086
0.069151
0.069155
0.069559
0.068943
0.068960
0.068695
0.068948
0.068780
0.068800
0.068762
0.068745
0.068757
0.068858
0.068807
0.068834
0.068699
0.068658
0.069370
0.073299
0.071302
0.071202
0.070954
0.070736
0.070435
0.070424
0.070342
0.070245
0.070460
0.070393
0.069971
0.069379
0.069248
0.069248
0.069082
0.069196
0.069103
0.069162
0.069147
0.068987
0.068933
0.068883
0.068934
0.068886
0.068891
0.068856
0.068810
0.068816
0.068748
0.068900
0.068886
0.068703
0.068716
0.068825
0.068753
0.068560
0.068761
0.068774
0.068734
0.068663
0.068563
0.069253
0.068591
0.068812
0.068756
0.068861
0.068740
0.068744
0.068708
0.068620
0.068688
0.069182
0.068710
0.068600
0.068600
0.068534
0.068326
0.068427
0.068515
0.068451
0.068568
0.068516
0.068529
0.068486
0.068542
0.068694
0.068620
0.068608
0.068593
0.068672
0.068519
0.074572
0.074999
0.071432
0.071209
0.070654
0.070468
0.070370
0.070357
0.069701
0.069606
0.069386
0.069869
0.069589
0.069329
0.069369
0.069358
0.069224
0.069229
0.069281
0.069396
0.069063
0.069016
0.069188
0.068988
0.068968
0.068980
0.068929
0.069334
0.068792
0.068960
0.068878
0.069145
0.068852
0.068803
0.068717
0.068747
0.068855
0.069207
0.069758
0.069446
0.069402
0.069519
0.069116
0.069210
0.069112
0.068937
0.069039
0.068961
0.068978
0.068855
0.068849
0.068906
0.068821
0.068758
0.068836
0.068634
0.068764
0.068724
0.068736
0.068705
0.068682
0.068753
0.068793
0.068751
0.068595
0.068717
0.068695
0.068672
0.068656
0.068715
0.068673
0.068689
0.074571
0.072025
0.071092
0.070656
0.070269
0.070206
0.069978
0.070112
0.069927
0.070008
0.069890
0.069451
0.069376
0.069904
0.069361
0.069268
0.069312
0.069502
0.069182
0.069183
0.068957
0.068908
0.068838
0.068738
0.068865
0.068739
0.068825
0.068762
0.068803
0.068761
0.068634
0.068511
0.068685
0.068632
0.068584
0.068591
0.068527
0.068495
0.068550
0.068403
0.068407
0.068563
0.068521
0.068509
0.068501
0.068525
0.068613
0.068432
0.068510
0.068598
0.068542
0.068535
0.068571
0.068581
0.068584
0.068507
0.068468
0.068495
0.068587
0.068396
0.068362
0.068466
0.068402
0.068335
0.068296
0.068509
0.068418
0.068447
0.068482
0.068249
0.068325
0.068252
0.071121
0.072068
0.069999
0.069858
0.069495
0.069333
0.069395
0.069131
0.069132
0.069133
0.069312
0.069377
0.069071
0.068925
0.068889
0.068975
0.069060
0.068968
0.069060
0.068956
0.069139
0.068909
0.068931
0.068982
0.068871
0.068889
0.068764
0.068802
0.068756
0.068830
0.068820
0.068807
0.068707
0.068757
0.068864
0.068769
0.068703
0.068721
0.068746
0.068778
0.068750
0.068710
0.068900
0.068621
0.068685
0.068695
0.068557
0.068625
0.068597
0.068574
0.068559
0.068523
0.068581
0.068582
0.068499
0.068482
0.068529
0.068689
0.069205
0.068553
0.068677
0.068849
0.068689
0.068702
0.068540
0.068567
0.068686
0.068581
0.068668
0.068598
0.068586
0.068511
0.068613
0.072152
0.071143
0.069908
0.069554
0.069326
0.069100
0.068894
0.068809
0.068892
0.068770
0.068676
0.068694
0.068595
0.068527
0.068469
0.068500
0.068377
0.068449
0.068496
0.068741
0.068694
0.068670
0.068839
0.068680
0.068615
0.068528
0.068661
0.068414
0.068573
0.068683
0.068672
0.068738
0.068520
0.068621
0.068815
0.068717
0.068625
0.068620
0.068477
0.068441
0.070401
0.069503
0.068994
0.069379
0.068687
0.068661
0.068800
0.068654
0.068486
0.068466
0.068528
0.068584
0.068563
0.068548
0.068544
0.068458
0.068424
0.068415
0.068530
0.068383
0.068309
0.068416
0.068398
0.068268
0.068301
0.068348
0.068261
0.068372
0.068361
0.068366
0.068309
0.068202
0.068276
0.075096
0.071694
0.069998
0.069718
0.069482
0.069340
0.069324
0.069243
0.069047
0.068974
0.069131
0.068965
0.068706
0.068824
0.068739
0.068623
0.068554
0.068821
0.068748
0.068782
0.068604
0.068620
0.068604
0.068544
0.068580
0.068552
0.068586
0.068546
0.068999
0.068360
0.068192
0.068396
0.068409
0.068268
0.068177
0.068333
0.068146
0.068260
0.068249
0.068272
0.068262
0.068140
0.068412
0.068417
0.068206
0.068192
0.068272
0.068248
0.068283
0.068255
0.068296
0.068308
0.068179
0.068262
0.068139
0.068629
0.068420
0.068290
0.068279
0.068243
0.068303
0.068133
0.068238
0.068183
0.068065
0.067991
0.068039
0.068038
0.068044
0.068042
0.067997
0.068106
0.069471
0.073857
0.070479
0.069946
0.069700
0.069549
0.069506
0.069306
0.069274
0.069368
0.069418
0.069211
0.069052
0.068987
0.069482
0.068974
0.068927
0.069005
0.069226
0.068906
0.069082
0.068805
0.068748
0.068714
0.068848
0.068779
0.068797
0.068708
0.068689
0.068663
0.068622
0.068814
0.068815
0.068575
0.068587
0.068621
0.068540
0.068557
0.068593
0.068521
0.068446
0.068508
0.068532
0.068531
0.068562
0.068493
0.068502
0.068312
0.068408
0.068361
0.068297
0.068228
0.068327
0.068699
0.068498
0.068333
0.068416
0.068293
0.068255
0.068418
0.068384
0.068320
0.068403
0.068401
0.068253
0.068287
0.068233
0.068176
0.068208
0.068218
0.068340
0.068223
0.068210
0.072158
0.071564
0.070380
0.070382
0.070034
0.069810
0.069566
0.069650
0.069471
0.069298
0.069187
0.069234
0.069208
0.069171
0.069086
0.069262
0.069182
0.069110
0.069417
0.069213
0.069058
0.069020
0.069052
0.068992
0.068914
0.068893
0.068903
0.068815
0.068812
0.069032
0.068984
0.068774
0.068762
0.068796
0.068732
0.068722
0.068766
0.068671
0.071660
0.069913
0.069697
0.069421
0.069208
0.069269
0.069100
0.069063
0.069023
0.069036
0.068947
0.068892
0.068871
0.068820
0.068761
0.068743
0.068746
0.068664
0.068614
0.068652
0.069202
0.068523
0.068547
0.068696
0.068471
0.068485
0.068515
0.068520
0.068534
0.068449
0.068461
0.068526
0.068356
0.068417
0.070030
0.073122
0.070528
0.069828
0.069588
0.069482
0.069408
0.069285
0.069134
0.069158
0.069392
0.069261
0.069479
0.069097
0.069149
0.069172
0.068858
0.069150
0.068974
0.069046
0.069114
0.069002
0.068986
0.068952
0.068962
0.068943
0.068779
0.068846
0.068906
0.068977
0.068952
0.068786
0.068832
0.068728
0.068770
0.068685
0.068561
0.068604
0.068598
0.068637
0.068568
0.068543
0.068637
0.068550
0.069128
0.068497
0.068534
0.068545
0.068442
0.068252
0.068337
0.068388
0.068329
0.068412
0.068376
0.068328
0.068327
0.068400
0.068374
0.068362
0.068271
0.068264
0.068240
0.068157
0.068203
0.068273
0.068226
0.068285
0.068247
0.068185
0.068094
0.068151
0.068182
0.071602
0.072173
0.070300
0.070021
0.069443
0.069607
0.069335
0.069203
0.069238
0.069210
0.069172
0.069216
0.069165
0.068994
0.069043
0.069090
0.069111
0.068890
0.069099
0.069090
0.069061
0.068907
0.068798
0.068915
0.068652
0.068666
0.068818
0.068773
0.068773
0.069152
0.068686
0.068728
0.068845
0.068784
0.068616
0.068470
0.068593
0.068671
0.068668
0.068462
0.068577
0.068602
0.068573
0.068576
0.068494
0.068434
0.068439
0.068432
0.068360
0.068412
0.068280
0.068448
0.068352
0.068339
0.068366
0.068418
0.068426
0.068409
0.068378
0.068561
0.068383
0.068358
0.068398
0.068372
0.068290
0.068335
0.068362
0.068301
0.068381
0.068399
0.068350
0.068220
0.068286
0.074488
0.072680
0.071014
0.070750
0.070544
0.070485
0.070436
0.070319
0.070188
0.070264
0.069542
0.069305
0.069385
0.069330
0.069621
0.068993
0.068833
0.068949
0.068879
0.068919
0.068884
0.068857
0.068831
0.068779
0.068878
0.068871
0.068746
0.068704
0.068866
0.068726
0.068766
0.068658
0.068624
0.068542
0.068705
0.068733
0.068687
0.068635
0.068631
0.068719
0.068579
0.068589
0.068571
0.068579
0.068582
0.068600
0.068582
0.068567
0.068459
0.068409
0.068518
0.068459
0.068402
0.068580
0.068518
0.068545
0.068446
0.068381
0.068506
0.068348
0.068414
0.068468
0.068285
0.068309
0.068277
0.068235
0.068195
0.068303
0.068158
0.068257
0.068240
0.068263
0.071259
0.073400
0.069964
0.069970
0.069292
0.069054
0.069097
0.069326
0.069250
0.069280
0.069139
0.069177
0.069036
0.069002
0.068938
0.068977
0.068958
0.068981
0.068864
0.068954
0.068939
0.068693
0.068573
0.068651
0.068626
0.068696
0.068521
0.068599
0.068438
0.068492
0.068517
0.068534
0.068560
0.068592
0.068550
0.068601
0.068472
0.068479
0.068343
0.068428
0.068474
0.068464
0.068444
0.068755
0.068546
0.068387
0.068391
0.068396
0.068431
0.068470
0.068411
0.068383
0.068287
0.068394
0.068358
0.068369
0.068813
0.068620
0.068429
0.069169
0.068325
0.068500
0.068425
0.068428
0.068403
0.068371
0.068210
0.068180
0.068118
0.068084
0.068205
0.068164
0.068195
0.071329
0.071308
0.070000
0.070366
0.070353
0.070310
0.070087
0.069972
0.069861
0.069891
0.069986
0.069967
0.068832
0.068824
0.068776
0.068794
0.068686
0.068704
0.068788
0.068694
0.068725
0.068676
0.068879
0.068868
0.068796
0.068738
0.068669
0.068714
0.068729
0.068724
0.068818
0.068995
0.068803
0.068742
0.068765
0.068635
0.068746
0.068575
0.068582
0.068511
0.068641
0.068558
0.068621
0.068643
0.069183
0.068580
0.068600
0.068274
0.068204
0.068158
0.068203
0.068287
0.068140
0.068494
0.068283
0.068119
0.068107
0.068049
0.068123
0.068154
0.068166
0.068174
0.068142
0.068127
0.068061
0.068070
0.068046
0.068082
0.068053
0.068154
0.068098
0.067995
0.067945
0.073355
0.072251
0.071091
0.070848
0.070483
0.070365
0.070306
0.069404
0.069233
0.069130
0.069082
0.068801
0.068689
0.068636
0.068739
0.068756
0.068608
0.068759
0.068879
0.068792
0.068773
0.068521
0.068523
0.068470
0.068961
0.069037
0.068695
0.068637
0.068655
0.069046
0.068462
0.068651
0.068724
0.068560
0.068511
0.068533
0.068471
0.068760
0.069566
0.068999
0.068668
0.068465
0.068414
0.068497
0.068418
0.068345
0.068295
0.068359
0.068337
0.068380
0.068341
0.068318
0.068252
0.068370
0.068254
0.068230
0.068267
0.068213
0.068238
0.068151
0.068240
0.068228
0.068120
0.068191
0.068207
0.068167
0.068135
0.068204
0.068181
0.068210
0.068168
0.068252
0.071079
0.072818
0.071471
0.071060
0.070713
0.070748
0.070691
0.070617
0.070387
0.070234
0.070200
0.070123
0.070291
0.070264
0.069687
0.069621
0.069110
0.069098
0.068991
0.068954
0.068888
0.068731
0.068741
0.068796
0.068642
0.068683
0.068674
0.068463
0.068682
0.068674
0.068733
0.068632
0.068580
0.068533
0.068577
0.068402
0.068398
0.068432
0.068399
0.068343
0.068344
0.068414
0.068285
0.068299
0.068337
0.068330
0.068301
0.068264
0.068356
0.068221
0.068185
0.068189
0.068245
0.068163
0.068919
0.068417
0.068156
0.068044
0.067928
0.068070
0.068027
0.067986
0.067964
0.068079
0.068063
0.067942
0.068068
0.067921
0.067977
0.067984
0.068021
0.068010
0.067951
0.072727
0.072640
0.070845
0.070656
0.070361
0.070147
0.070059
0.070040
0.069904
0.069864
0.069874
0.069474
0.068804
0.068781
0.068784
0.068684
0.068595
0.068808
0.069000
0.068766
0.068709
0.068697
0.068614
0.068623
0.068543
0.068483
0.068517
0.068441
0.068368
0.068505
0.068437
0.068446
0.068483
0.068476
0.068450
0.068370
0.068446
0.068263
0.068166
0.068235
0.068229
0.068204
0.068291
0.068146
0.068284
0.068252
0.068348
0.068414
0.068299
0.068164
0.068216
0.068237
0.068201
0.068107
0.068114
0.068159
0.068121
0.068107
0.068061
0.068604
0.068051
0.068318
0.068145
0.068027
0.068037
0.068141
0.067921
0.067804
0.067937
0.067940
0.067852
0.067880
0.068062
0.075296
0.070890
0.070375
0.070125
0.069722
0.069524
0.069454
0.069347
0.069240
0.069217
0.069208
0.069138
0.068952
0.068878
0.068798
0.068805
0.068785
0.068766
0.068651
0.068752
0.068866
0.068605
0.068648
0.068560
0.068565
0.068541
0.068422
0.068540
0.068592
0.068594
0.068558
0.068497
0.068462
0.068466
0.068707
0.068567
0.068520
0.068441
0.068450
0.068428
0.068331
0.068360
0.068526
0.068365
0.068847
0.068470
0.068418
0.068430
0.068311
0.068347
0.068409
0.068354
0.068322
0.068298
0.068237
0.068174
0.068151
0.068154
0.068178
0.068193
0.068120
0.068147
0.068013
0.068018
0.068011
0.067956
0.067940
0.067945
0.067990
0.068039
0.068042
0.068029
0.069535
0.074535
0.071493
0.070441
0.070246
0.070149
0.070034
0.070047
0.070114
0.070001
0.069840
0.069825
0.069892
0.068856
0.068679
0.068534
0.068624
0.068705
0.068663
0.068756
0.068718
0.068589
0.068610
0.068598
0.068490
0.068490
0.068558
0.068407
0.068387
0.068296
0.068443
0.068921
0.068472
0.068354
0.068426
0.068338
0.068317
0.068360
0.068275
0.068241
0.068129
0.068186
0.068138
0.068471
0.068554
0.068330
0.068115
0.068117
0.068176
0.068114
0.068098
0.068068
0.068170
0.068101
0.068130
0.068121
0.068299
0.068309
0.068108
0.068186
0.068147
0.068031
0.068123
0.068065
0.067928
0.068080
0.068043
0.068061
0.068057
0.067932
0.068030
0.068019
0.067962
0.070662
0.073277
0.071271
0.072175
0.071128
0.070830
0.070758
0.070779
0.070706
0.070572
0.070795
0.070257
0.069290
0.069385
0.069109
0.069157
0.069555
0.069059
0.069023
0.068904
0.068887
0.068717
0.068661
0.068718
0.068686
0.068730
0.068648
0.068705
0.068596
0.068752
0.068470
0.068805
0.068593
0.068458
0.068485
0.068398
0.068461
0.068444
0.068417
0.068540
0.068544
0.068419
0.068452
0.068251
0.068324
0.068460
0.068491
0.068351
0.068334
0.068323
0.068293
0.068285
0.068391
0.068706
0.068419
0.068264
0.068333
0.068249
0.068254
0.068339
0.068333
0.068383
0.068275
0.068227
0.068130
0.068128
0.068090
0.068038
0.068164
0.068151
0.068118
0.068135
0.068113
0.073583
0.072250
