0.012182
0.010460
0.009575
0.009124
0.008837
0.008571
0.008452
0.008382
0.008341
0.008343
0.008208
0.008041
0.008039
0.008039
0.008599
0.009144
0.008788
0.008726
0.008628
0.008746
0.008670
0.008785
0.008836
0.008464
0.008390
0.008408
0.008419
0.008430
0.008463
0.008355
0.008355
0.008365
0.008503
0.008461
0.008440
0.008410
0.008381
0.008347
0.008413
0.008389
0.008377
0.008431
0.008290
0.008685
0.008732
0.008737
0.008578
0.008434
0.008220
0.008001
0.008086
0.008168
0.008061
0.008088
0.007990
0.008038
0.008250
0.008517
0.008641
0.008094
0.008395
0.008033
0.008033
0.008039
0.008071
0.007905
0.007936
0.008040
0.008311
0.008239
0.008106
0.008043
0.008033
0.008167
0.008114
0.008071
0.008056
0.008071
0.008059
0.008075
0.008020
0.008259
0.008199
0.008131
0.008103
0.008086
0.008045
0.008010
0.008073
0.008039
0.008037
0.008000
0.008028
0.008434
0.008193
0.008197
0.008168
0.008085
0.008029
0.008088
0.008082
0.008056
0.008015
0.008064
0.008109
0.008165
0.008154
0.008201
0.008053
0.008091
0.008061
0.008191
0.008177
0.008747
0.009312
0.008257
0.008208
0.008299
0.008264
0.008119
0.008358
0.008110
0.008069
0.008022
0.007926
0.007904
0.008092
0.008126
0.008021
0.008048
0.008106
0.008061
0.008033
0.008011
0.007975
0.007914
0.008033
0.008027
0.008103
0.008053
0.007941
0.007998
0.008178
0.008231
0.008087
0.008191
0.008138
0.008136
0.008012
0.008058
0.008115
0.008005
0.008060
0.008085
0.008131
0.008178
0.008049
0.008035
0.008078
0.008054
0.008002
0.007998
0.008045
0.008028
0.008060
0.008021
0.008189
0.008397
0.008250
0.008114
0.008631
0.008382
0.008149
0.008020
0.008056
0.008032
0.007991
0.007898
0.007943
0.008078
0.008186
0.008130
0.008039
0.008027
0.008016
0.008224
0.008084
0.007942
0.007955
0.008066
0.008131
0.008041
0.008147
0.008087
0.008138
0.008039
0.008145
0.008060
0.008081
0.007975
0.008074
0.008028
0.008030
0.007952
0.008214
0.008138
0.008062
0.008126
0.007970
0.008068
0.008058
0.008067
0.008030
0.007933
0.007966
0.008074
0.008209
0.008176
0.008076
0.008176
0.008129
0.008069
0.008058
0.008054
0.007906
0.008037
0.008073
0.008045
0.007998
0.008153
0.008086
0.008032
0.008036
0.008079
0.008332
0.008084
0.008253
0.008192
0.008179
0.008018
0.008013
0.008229
0.008197
0.008296
0.008281
0.008035
0.008028
0.008079
0.008059
0.008040
0.007976
0.007997
0.008096
0.008286
0.008280
0.008135
0.008025
0.008051
0.008048
0.008040
0.008058
0.008279
0.008444
0.008208
0.008143
0.008083
0.008209
0.008084
0.008108
0.008199
0.008052
0.008076
0.007938
0.008092
0.008129
0.008076
0.008014
0.007968
0.008222
0.008234
0.008154
0.008099
0.007979
0.008120
0.008076
0.008129
0.008024
0.008034
0.008031
0.008058
0.008150
0.008226
0.008085
0.008004
0.008230
0.008144
0.008302
0.008566
0.008120
0.008132
0.008050
0.008069
0.008979
0.008454
0.008119
0.007973
0.007985
0.007958
0.008102
0.008241
0.008021
0.008044
0.008096
0.008028
0.008044
0.008167
0.008092
0.008073
0.008015
0.008191
0.008219
0.008183
0.008057
0.008023
0.007997
0.007986
0.008044
0.008204
0.008275
0.008121
0.008027
0.008042
0.008079
0.008089
0.008063
0.008065
0.008067
0.008068
0.008079
0.008105
0.008238
0.008072
0.008144
0.008238
0.008312
0.008205
0.008027
0.008059
0.008130
0.008114
0.008088
0.007954
0.008299
0.008138
0.008028
0.008070
0.008042
0.007973
0.008247
0.008268
0.008089
0.008069
0.007979
0.008082
0.008318
0.008173
0.008032
0.008012
0.007937
0.008131
0.008120
0.008053
0.008033
0.008018
0.008100
0.008043
0.008059
0.008199
0.008077
0.008233
0.008131
0.008089
0.008015
0.007915
0.008073
0.008032
0.008021
0.008012
0.007935
0.008249
0.008190
0.008116
0.008224
0.008067
0.008046
0.008125
0.008015
0.008145
0.008003
0.008018
0.008056
0.008201
0.008145
0.008064
0.008027
0.007987
0.008019
0.008049
0.007982
0.007951
0.007975
0.008416
0.008250
0.008111
0.008225
0.008202
0.008020
0.008059
0.008007
0.008038
0.008144
0.008040
0.008069
0.008194
0.008038
0.007936
0.008186
0.008108
0.008034
0.007984
0.007923
0.008156
0.008133
0.008101
0.008047
0.008023
0.008099
0.008063
0.008155
0.008138
0.008042
0.007980
0.008087
0.008045
0.008055
0.008092
0.008069
0.008078
0.008018
0.008029
0.008037
0.008172
0.008114
0.008068
0.008058
0.008022
0.008034
0.008033
0.008068
0.008033
0.008016
0.007972
0.008025
0.008194
0.008193
0.008156
0.008053
0.008030
0.008053
0.008042
0.008048
0.008070
0.008023
0.008070
0.008054
0.008089
0.008196
0.008009
0.008090
0.008115
0.008095
0.008035
0.008064
0.008516
0.008140
0.008047
0.008150
0.008010
0.008173
0.008246
0.008354
0.008197
0.008039
0.007970
0.008037
0.008160
0.008177
0.008066
0.007994
0.008078
0.008209
0.008192
0.008172
0.007961
0.010180
0.008433
0.008230
0.007949
0.007906
0.007958
0.008441
0.008080
0.008169
0.008124
0.008020
0.007914
0.007898
0.007974
0.007964
0.007936
0.008032
0.008101
0.008005
0.008003
0.008033
0.008128
0.008034
0.008007
0.008037
0.008011
0.007949
0.007989
0.008072
0.008087
0.007979
0.007971
0.007951
0.008153
0.008159
0.008134
0.007986
0.007994
0.008024
0.008022
0.007947
0.007922
0.008144
0.007979
0.008000
0.008042
0.008159
0.008023
0.008011
0.008012
0.007995
0.007926
0.007894
0.008216
0.008358
0.008114
0.008105
0.007956
0.008237
0.008155
0.008274
0.015010
0.013081
0.011981
0.009505
0.009040
0.008658
0.008615
0.009299
0.011080
0.009316
0.009967
0.011421
0.009170
0.008513
0.009338
0.008435
0.008392
0.010487
0.010129
0.008992
0.008458
0.009446
0.008518
0.008320
0.008729
0.008311
0.008409
0.008066
0.008176
0.008422
0.008287
0.008206
0.008304
0.008190
0.008219
0.008176
0.008325
0.008552
0.008237
0.008185
0.008202
0.008441
0.008422
0.008351
0.008239
0.008108
0.008339
0.008260
0.008129
0.008197
0.008160
0.008317
0.008149
0.008375
0.008391
0.008286
0.008230
0.008127
0.008217
0.008244
0.008217
0.008336
0.009743
0.008646
0.008276
0.008279
0.008278
0.008225
0.008293
0.008312
0.008200
0.008239
0.008234
0.008786
0.008422
0.008411
0.008103
0.008374
0.008305
0.008390
0.008177
0.008169
0.008299
0.008192
0.008287
0.008233
0.008289
0.008191
0.008310
0.008622
0.008385
0.008373
0.008195
0.008155
0.008067
0.008185
0.008270
0.008287
0.008384
0.008102
0.008222
0.008325
0.008273
0.008212
0.008114
0.008045
0.008137
0.008223
0.008174
0.008077
0.008021
0.007978
0.008094
0.008231
0.008216
0.008111
0.007958
0.008075
0.008039
0.008063
0.008060
0.007965
0.008122
0.008067
0.008094
0.008297
0.008305
0.008124
0.008086
0.008077
0.008072
0.008057
0.008001
0.008145
0.008126
0.008104
0.008094
0.007984
0.008312
0.008261
0.008217
0.008164
0.008061
0.008053
0.008148
0.008140
0.008114
0.008120
0.008037
0.008126
0.008355
0.008331
0.008191
0.007972
0.008070
0.008147
0.008085
0.008178
0.008804
0.008609
0.008227
0.008211
0.008308
0.008342
0.008342
0.008077
0.008242
0.008297
0.008158
0.008095
0.008110
0.008158
0.008116
0.008130
0.008157
0.008435
0.008111
0.008106
0.008128
0.008132
0.008097
0.008031
0.008130
0.008180
0.008119
0.008079
0.008412
0.008497
0.008178
0.008099
0.008029
0.008014
0.007969
0.008000
0.008023
0.008163
0.008019
0.007916
0.008057
0.008187
0.008238
0.008127
0.007972
0.008031
0.008029
0.008049
0.008007
0.007960
0.007994
0.008012
0.008020
0.008100
0.011056
0.008561
0.007967
0.007947
0.007893
0.008007
0.007874
0.007841
0.008023
0.008056
0.008028
0.007945
0.008095
0.008097
0.007988
0.008007
0.007958
0.008894
0.008277
0.008062
0.008009
0.008118
0.008224
0.007923
0.008138
0.008110
0.007999
0.007978
0.007963
0.008245
0.008049
0.008033
0.007989
0.007990
0.007981
0.008021
0.008124
0.008184
0.008088
0.008006
0.008027
0.008086
0.008108
0.008049
0.008058
0.008125
0.008093
0.008213
0.008339
0.008354
0.008148
0.008167
0.008192
0.008162
0.008070
0.007985
0.008060
0.008038
0.008067
0.008003
0.007964
0.008279
0.008136
0.008174
0.008067
0.008082
0.008112
0.008291
0.008700
0.008283
0.008027
0.008200
0.008059
0.008195
0.008165
0.008018
0.007981
0.008057
0.008034
0.008094
0.008062
0.008067
0.008055
0.008027
0.008129
0.008214
0.008237
0.007978
0.008109
0.008117
0.008123
0.008094
0.008030
0.008117
0.008129
0.008119
0.008106
0.008021
0.008288
0.008173
0.008279
0.008328
0.008124
0.008185
0.008092
0.008127
0.008177
0.008082
0.008015
0.008059
0.008232
0.008253
0.008212
0.008119
0.008124
0.008122
0.008098
0.008096
0.007971
0.007999
0.008374
0.008160
0.008224
0.008226
0.008054
0.008047
0.008082
0.008113
0.009164
0.008349
0.008174
0.008317
0.008139
0.008181
0.008516
0.008244
0.008119
0.008046
0.008122
0.008059
0.008216
0.007992
0.008053
0.008616
0.008287
0.008080
0.008798
0.008450
0.008116
0.008041
0.007918
0.007945
0.007950
0.007959
0.008028
0.008045
0.007956
0.007901
0.007991
0.008094
0.008031
0.008030
0.007929
0.008073
0.008137
0.008064
0.008082
0.008022
0.008042
0.008050
0.008042
0.008059
0.008168
0.007988
0.008062
0.008261
0.008068
0.008049
0.007940
0.008050
0.008083
0.008087
0.008000
0.008031
0.008189
0.008167
0.008082
0.008053
0.008003
0.008105
0.008070
0.008300
0.008030
0.008022
0.007965
0.008314
0.008135
0.008229
0.008380
0.008111
0.008150
0.008030
0.008089
0.008014
0.008003
0.007992
0.008062
0.008067
0.008133
0.008182
0.008209
0.008216
0.008108
0.008074
0.008139
0.008017
0.008060
0.008047
0.008066
0.008014
0.007958
0.008179
0.008248
0.008437
0.008091
0.008004
0.008199
0.008101
0.008077
0.008160
0.007972
0.007976
0.008044
0.008193
0.008187
0.008028
0.007970
0.008031
0.008027
0.008165
0.008049
0.008015
0.008051
0.008092
0.008063
0.008095
0.008273
0.008281
0.008090
0.008113
0.008020
0.008079
0.008049
0.008123
0.008072
0.008099
0.008111
0.008019
0.008302
0.008222
0.008162
0.008137
0.007998
0.008062
0.008223
0.008113
0.008058
0.008016
0.007995
0.008184
0.008695
0.008264
0.008122
0.007957
0.008020
0.008143
0.008007
0.008029
0.007931
0.007964
0.008031
0.008022
0.008008
0.008115
0.008065
0.008035
0.008015
0.007983
0.007988
0.008068
0.008083
0.008007
0.008024
0.007980
0.008015
0.008194
0.008140
0.008035
0.008070
0.008022
0.008051
0.008054
0.008075
0.008009
0.008021
0.008069
0.008108
0.008074
0.008131
0.007981
0.008053
0.008145
0.008092
0.008155
0.008066
0.008345
0.008115
0.008123
0.007993
0.008158
0.008324
0.008075
0.008070
0.008037
0.008033
0.008138
0.008084
0.008018
0.008035
0.008007
0.007971
0.008058
0.008133
0.008157
0.008120
0.007991
0.008060
0.008251
0.008077
0.008017
0.008103
0.008030
0.008013
0.008052
0.008072
0.008187
0.007950
0.008033
0.008184
0.008103
0.008022
0.007909
0.008012
0.008312
0.007994
0.008027
0.007985
0.008227
0.008127
0.008023
0.008022
0.007985
0.007977
0.008022
0.008043
0.008080
0.008074
0.008039
0.008108
0.008497
0.008261
0.008078
0.007968
0.008063
0.008019
0.008038
0.008010
0.007968
0.008045
0.007996
0.007960
0.008021
0.008163
0.008076
0.008027
0.007968
0.007961
0.008070
0.008152
0.008111
0.008046
0.008064
0.007963
0.008015
0.008164
0.008146
0.008071
0.014834
0.014287
0.012243
0.009410
0.008785
0.008735
0.009840
0.010225
0.009346
0.009618
0.011325
0.008912
0.008437
0.008324
0.008269
0.008463
0.009586
0.008995
0.010666
0.010395
0.009005
0.008600
0.009135
0.008312
0.008322
0.008839
0.010014
0.008597
0.008817
0.008432
0.008415
0.008383
0.008418
0.008632
0.008403
0.008397
0.008345
0.008333
0.008627
0.008869
0.008623
0.008707
0.008457
0.008244
0.008234
0.008231
0.008208
0.008194
0.008215
0.008232
0.008285
0.008256
0.008369
0.008464
0.008440
0.008400
0.008402
0.008348
0.008444
0.008404
0.008409
0.008308
0.008317
0.008328
0.008396
0.008423
0.008352
0.008410
0.008410
0.008345
0.008377
0.008348
0.008398
0.008299
0.008304
0.008423
0.008505
0.008406
0.008211
0.008259
0.008296
0.008308
0.008320
0.008217
0.008359
0.008186
0.008165
0.008830
0.008554
0.008402
0.008301
0.008252
0.008243
0.008285
0.008240
0.007945
0.007976
0.007910
0.007974
0.008026
0.008085
0.008159
0.008035
0.008003
0.008040
0.008031
0.008033
0.007935
0.007993
0.008013
0.008004
0.007975
0.008038
0.008167
0.008237
0.008094
0.008079
0.008026
0.008354
0.008058
0.008073
0.008005
0.007998
0.007915
0.008025
0.008143
0.008192
0.008030
0.007916
0.008098
0.008040
0.008045
0.008033
0.007961
0.008031
0.007975
0.007978
0.008077
0.008231
0.008121
0.008147
0.008188
0.008186
0.008020
0.008043
0.008062
0.008033
0.008014
0.007904
0.008024
0.008380
0.008240
0.008093
0.007985
0.008041
0.008047
0.008015
0.008268
0.008704
0.008209
0.008008
0.008061
0.008223
0.008213
0.008319
0.007999
0.008032
0.008078
0.008044
0.008012
0.007965
0.008045
0.008052
0.008027
0.008120
0.008117
0.008101
0.008080
0.008041
0.008067
0.007995
0.008215
0.008134
0.008102
0.007988
0.008101
0.008078
0.008376
0.008287
0.008117
0.008135
0.008242
0.008264
0.008175
0.008131
0.008208
0.008064
0.008038
0.008146
0.008232
0.008217
0.008234
0.008042
0.008084
0.008070
0.008066
0.008063
0.008020
0.008083
0.008366
0.008247
0.008240
0.008254
0.008127
0.008060
0.008086
0.008053
0.008057
0.007973
0.008041
0.008069
0.008043
0.008002
0.007968
0.008227
0.008109
0.008144
0.008067
0.007980
0.008052
0.008207
0.008129
0.008082
0.008064
0.007979
0.008033
0.008180
0.008183
0.008129
0.007954
0.008049
0.008049
0.008095
0.007956
0.007993
0.008040
0.008014
0.007972
0.008033
0.008137
0.008145
0.008065
0.008041
0.007992
0.007967
0.007963
0.007989
0.007987
0.007965
0.007934
0.008057
0.008272
0.008124
0.008110
0.008046
0.007982
0.008038
0.008072
0.007994
0.007938
0.007972
0.008401
0.008271
0.008178
0.008103
0.007977
0.008045
0.008107
0.008070
0.007989
0.007991
0.008192
0.008089
0.008046
0.008016
0.007959
0.008195
0.008169
0.008526
0.008302
0.008056
0.007994
0.008032
0.008016
0.008014
0.007974
0.007957
0.008058
0.008138
0.008157
0.008147
0.008005
0.008032
0.008040
0.008047
0.008020
0.007914
0.008013
0.008124
0.008042
0.008084
0.008194
0.008265
0.008144
0.008093
0.008033
0.008400
0.008172
0.008054
0.008161
0.008049
0.008005
0.007962
0.008234
0.008182
0.008053
0.008003
0.007927
0.008266
0.008017
0.008086
0.008031
0.008027
0.008084
0.008063
0.008194
0.008250
0.008084
0.008009
0.008171
0.008102
0.008100
0.007946
0.007931
0.008015
0.008038
0.008023
0.008044
0.008224
0.008185
0.008125
0.008088
0.007978
0.007963
0.007979
0.008023
0.008052
0.007998
0.007938
0.008036
0.008295
0.008214
0.008126
0.008098
0.008362
0.008273
0.008106
0.008078
0.008001
0.007933
0.008058
0.008341
0.008327
0.008200
0.008165
0.008039
0.008095
0.008031
0.008103
0.008004
0.008002
0.008049
0.008020
0.008034
0.008019
0.008231
0.008220
0.008092
0.008125
0.008133
0.008048
0.008034
0.008067
0.008031
0.008004
0.007971
0.008013
0.008209
0.008135
0.008190
0.008038
0.008059
0.008051
0.008134
0.008167
0.008064
0.008002
0.008029
0.008030
0.008072
0.008163
0.007993
0.008043
0.008304
0.008194
0.008127
0.007952
0.008023
0.008046
0.008065
0.008045
0.008090
0.008353
0.008202
0.008098
0.008077
0.007998
0.008017
0.008063
0.008048
0.008046
0.008025
0.007917
0.008048
0.008206
0.008188
0.008074
0.007943
0.008332
0.008235
0.008160
0.008029
0.008086
0.008069
0.008043
0.008034
0.008088
0.008162
0.008021
0.008030
0.009251
0.008274
0.008016
0.007946
0.008085
0.008039
0.007990
0.007968
0.008200
0.008345
0.008200
0.008023
0.007974
0.007953
0.007966
0.008100
0.008093
0.008070
0.008001
0.007882
0.008027
0.008137
0.008158
0.008019
0.007901
0.008026
0.007979
0.008123
0.008003
0.007982
0.008021
0.008017
0.008081
0.008075
0.008171
0.008051
0.008052
0.008018
0.008079
0.007929
0.008107
0.008072
0.008066
0.008018
0.008026
0.008017
0.008255
0.008186
0.008156
0.008035
0.008068
0.008117
0.008129
0.008094
0.008064
0.008011
0.008055
0.008074
0.008166
0.008290
0.008127
0.008033
0.008103
0.008086
0.008054
0.008098
0.007983
0.008044
0.007973
0.008030
0.008007
0.008274
0.008211
0.008080
0.008082
0.008038
0.007982
0.008028
0.008206
0.008145
0.008111
0.007984
0.008052
0.008258
0.008240
0.008341
0.008081
0.008060
0.008364
0.008086
0.008162
0.007969
0.007960
0.007988
0.008015
0.008095
0.008128
0.008122
0.007996
0.008060
0.008046
0.008026
0.007959
0.008047
0.008019
0.007986
0.007979
0.007927
0.008185
0.008062
0.008044
0.008029
0.007983
0.007977
0.008026
0.008567
0.008921
0.008263
0.008005
0.007972
0.008176
0.008122
0.008104
0.007960
0.007990
0.007996
0.008156
0.008845
0.008292
0.008013
0.008075
0.008181
0.008170
0.008084
0.008282
0.007963
0.008029
0.008026
0.007999
0.007945
0.008011
0.008096
0.008020
0.008042
0.008020
0.008194
0.008107
0.008033
0.008062
0.008059
0.007957
0.008073
0.007990
0.008002
0.007972
0.007947
0.008042
0.008237
0.008228
0.008184
0.011729
0.014090
0.013067
0.009663
0.008795
0.008531
0.008633
0.008625
0.008599
0.009744
0.010247
0.009293
0.010071
0.009728
0.008624
0.008549
0.009281
0.008369
0.009735
0.010701
0.009120
0.008644
0.008685
0.008387
0.008195
0.008872
0.008404
0.008396
0.008314
0.008331
0.008417
0.008185
0.008342
0.008451
0.008309
0.008290
0.008234
0.008481
0.008446
0.008380
0.008390
0.009281
0.008610
0.008465
0.008328
0.008253
0.008256
0.008500
0.008225
0.008192
0.008155
0.008265
0.008204
0.008180
0.008180
0.008229
0.008148
0.008213
0.008160
0.008175
0.008190
0.008156
0.008164
0.008197
0.008269
0.008262
0.008381
0.008197
0.008133
0.008282
0.008232
0.008253
0.008153
0.008137
0.008431
0.008382
0.008456
0.008365
0.008255
0.008408
0.008365
0.008338
0.008287
0.008384
0.008304
0.008211
0.008227
0.008399
0.008311
0.008231
0.008239
0.008452
0.008284
0.008313
0.008402
0.008312
0.008278
0.008158
0.008194
0.008164
0.008287
0.008243
0.008402
0.008226
0.008011
0.007955
0.007941
0.007894
0.008111
0.007988
0.007932
0.007923
0.007891
0.007902
0.007911
0.008063
0.007931
0.007874
0.007889
0.007850
0.007912
0.007837
0.007845
0.007869
0.007898
0.007961
0.008091
0.008093
0.008124
0.008055
0.008025
0.007986
0.007976
0.008038
0.008043
0.008082
0.008040
0.008017
0.008083
0.008191
0.008128
0.007991
0.007949
0.007978
0.007932
0.007944
0.007972
0.007893
0.007965
0.007980
0.008002
0.008116
0.008012
0.008140
0.008040
0.008060
0.008000
0.007989
0.008062
0.008407
0.008287
0.008065
0.007952
0.007880
0.008028
0.008133
0.008189
0.008162
0.008049
0.007989
0.007963
0.008195
0.007908
0.007906
0.007913
0.008020
0.008049
0.007971
0.008003
0.007974
0.007995
0.007960
0.007939
0.007972
0.007963
0.008042
0.007957
0.007958
0.007925
0.008188
0.008120
0.007976
0.007934
0.007892
0.007893
0.007918
0.007890
0.007950
0.008297
0.008304
0.008041
0.007944
0.008168
0.008163
0.007916
0.007928
0.007888
0.007885
0.007865
0.007872
0.007905
0.007878
0.007888
0.007900
0.007908
0.007996
