0.000353
0.000333
0.000331
0.000331
0.000332
0.000331
0.000330
0.000331
0.000331
0.000330
0.000336
0.000340
0.000319
0.000318
0.000318
0.000319
0.000318
0.000317
0.000318
0.000318
0.000318
0.000319
0.000318
0.000331
0.000308
0.000307
0.000308
0.000306
0.000308
0.000307
0.000307
0.000307
0.000306
0.000307
0.000307
0.000307
0.000315
0.000313
0.000296
0.000296
0.000297
0.000296
0.000297
0.000298
0.000297
0.000298
0.000297
0.000298
0.000297
0.000305
0.000304
0.000303
0.000288
0.000288
0.000288
0.000287
0.000288
0.000286
0.000287
0.000287
0.000288
0.000287
0.000287
0.000293
0.000289
0.000290
0.000279
0.000279
0.000279
0.000278
0.000279
0.000279
0.000279
0.000279
0.000279
0.000279
0.000279
0.000283
0.000281
0.000284
0.000271
0.000271
0.000271
0.000271
0.000272
0.000271
0.000271
0.000271
0.000270
0.000271
0.000271
0.000271
0.000278
0.000283
0.000263
0.000263
0.000264
0.000264
0.000264
0.000264
0.000264
0.000264
0.000263
0.000263
0.000264
0.000264
0.000264
0.000269
0.000269
0.000256
0.000255
0.000256
0.000257
0.000257
0.000256
0.000256
0.000256
0.000256
0.000256
0.000256
0.000256
0.000257
0.000261
0.000263
0.000250
0.000250
0.000250
0.000250
0.000249
0.000249
0.000250
0.000249
0.000249
0.000248
0.000249
0.000250
0.000249
0.000250
0.000256
0.000250
0.000250
0.000250
0.000250
0.000258
0.000243
0.000261
0.000249
0.000249
0.000250
0.000249
0.000257
0.000244
0.000244
0.000244
0.000264
0.000250
0.000250
0.000249
0.000249
0.000253
0.000237
0.000238
0.000238
0.000238
0.000237
0.000238
0.000238
0.000238
0.000238
0.000238
0.000238
0.000269
0.000251
0.000250
0.000249
0.000258
0.000237
0.000238
0.000238
0.000238
0.000237
0.000238
0.000238
0.000262
0.000250
0.000250
0.000250
0.000283
0.000251
0.000249
0.000250
0.000260
0.000236
0.000239
0.000238
0.000238
0.000238
0.000238
0.000238
0.000238
0.000238
0.000238
0.000238
0.000240
0.000239
0.000237
0.000238
0.000238
0.000239
0.000238
0.000239
0.000238
0.000238
0.000238
0.000238
0.000238
0.000238
0.000238
0.000237
0.000237
0.000257
0.000250
0.000249
0.000249
0.000250
0.000271
0.000249
0.000249
0.000250
0.000250
0.000252
0.000237
0.000238
0.000238
0.000238
0.000237
0.000240
0.000240
0.000238
0.000238
0.000238
0.000238
0.000238
0.000238
0.000238
0.000238
0.000237
0.000238
0.000238
0.000238
0.000238
0.000238
0.000237
0.000241
0.000240
0.000239
0.000237
0.000237
0.000238
0.000238
0.000237
0.000238
0.000238
0.000237
0.000238
0.000239
0.000237
0.000238
0.000260
0.000252
0.000251
0.000250
0.000249
0.000250
0.000238
0.000238
0.000238
0.000238
0.000239
0.000238
0.000238
0.000237
0.000238
0.000237
0.000238
0.000238
0.000241
0.000239
0.000238
0.000238
0.000238
0.000238
0.000237
0.000238
0.000237
0.000237
0.000237
0.000237
0.000238
0.000237
0.000238
0.000238
0.000238
0.000243
0.000239
0.000238
0.000237
0.000238
0.000239
0.000238
0.000239
0.000261
0.000250
0.000249
0.000249
0.000249
0.000249
0.000238
0.000238
0.000241
0.000240
0.000237
0.000237
0.000238
0.000238
0.000237
0.000238
0.000237
0.000238
0.000237
0.000237
0.000237
0.000237
0.000237
0.000237
0.000238
0.000242
0.000238
0.000238
0.000238
0.000237
0.000237
0.000238
0.000238
0.000237
0.000239
0.000238
0.000238
0.000238
0.000254
0.000250
0.000249
0.000250
0.000253
0.000258
0.000238
0.000238
0.000237
0.000238
0.000238
0.000238
0.000238
0.000237
0.000239
0.000238
0.000237
0.000238
0.000238
0.000237
0.000241
0.000238
0.000237
0.000238
0.000238
0.000238
0.000238
0.000237
0.000237
0.000238
0.000239
0.000238
0.000239
0.000238
0.000239
0.000239
0.000238
0.000241
0.000238
0.000238
0.000238
0.000239
0.000238
0.000255
0.000250
0.000249
0.000250
0.000249
0.000256
0.000239
0.000238
0.000239
0.000238
0.000242
0.000239
0.000238
0.000239
0.000239
0.000238
0.000239
0.000238
0.000237
0.000238
0.000237
0.000238
0.000239
0.000238
0.000239
0.000238
0.000238
0.000240
0.000239
0.000237
0.000237
0.000238
0.000238
0.000238
0.000237
0.000239
0.000237
0.000237
0.000237
0.000237
0.000239
0.000238
0.000239
0.000256
0.000253
0.000252
0.000250
0.000249
0.000249
0.000249
0.000237
0.000238
0.000238
0.000237
0.000237
0.000237
0.000238
0.000238
0.000238
0.000238
0.000242
0.000239
0.000238
0.000238
0.000244
0.000239
0.000238
0.000238
0.000239
0.000238
0.000239
0.000238
0.000238
0.000238
0.000238
0.000237
0.000238
0.000279
0.000257
0.000256
0.000257
0.000256
0.000261
0.000250
0.000249
0.000248
0.000255
0.000238
0.000237
0.000238
0.000238
0.000237
0.000237
0.000241
0.000238
0.000237
0.000238
0.000238
0.000237
0.000237
0.000238
0.000238
0.000238
0.000237
0.000238
0.000238
0.000237
0.000238
0.000238
0.000237
0.000241
0.000239
0.000237
0.000238
0.000238
0.000238
0.000237
0.000237
0.000238
0.000237
0.000237
0.000238
0.000238
0.000237
0.000258
0.000249
0.000252
0.000251
0.000249
0.000253
0.000238
0.000238
0.000238
0.000238
0.000238
0.000238
0.000238
0.000237
0.000237
0.000237
0.000238
0.000239
0.000238
0.000242
0.000240
0.000238
0.000239
0.000237
0.000237
0.000238
0.000238
0.000238
0.000238
0.000237
0.000238
0.000238
0.000239
0.000238
0.000237
0.000237
0.000242
0.000239
0.000258
0.000250
0.000250
0.000251
0.000237
0.000262
0.000248
0.000249
0.000249
0.000249
0.000248
0.000237
0.000237
0.000239
0.000241
0.000239
0.000238
0.000238
0.000237
0.000238
0.000238
0.000238
0.000237
0.000238
0.000238
0.000238
0.000238
0.000237
0.000238
0.000238
0.000238
0.000242
0.000238
0.000237
0.000238
0.000238
0.000259
0.000250
0.000250
0.000250
0.000250
0.000250
0.000250
0.000249
0.000250
0.000249
0.000250
0.000254
0.000252
0.000239
0.000238
0.000238
0.000238
0.000239
0.000238
0.000237
0.000238
0.000237
0.000237
0.000239
0.000238
0.000237
0.000237
0.000237
0.000241
0.000238
0.000238
0.000237
0.000238
0.000237
0.000238
0.000238
0.000238
0.000237
0.000238
0.000238
0.000238
0.000237
0.000238
0.000237
0.000241
0.000263
0.000250
0.000250
0.000238
0.000256
0.000250
0.000250
0.000250
0.000250
0.000256
0.000238
0.000238
0.000238
0.000238
0.000238
0.000238
0.000243
0.000238
0.000238
0.000238
0.000238
0.000238
0.000238
0.000238
0.000237
0.000238
0.000238
0.000238
0.000238
0.000238
0.000238
0.000237
0.000240
0.000239
0.000237
0.000238
0.000238
0.000238
0.000238
0.000237
0.000238
0.000237
0.000239
0.000238
0.000237
0.000238
0.000238
0.000257
0.000251
0.000253
0.000250
0.000249
0.000254
0.000238
0.000238
0.000237
0.000238
0.000238
0.000237
0.000239
0.000237
0.000238
0.000238
0.000238
0.000238
0.000238
0.000243
0.000239
0.000238
0.000238
0.000239
0.000237
0.000238
0.000238
0.000238
0.000237
0.000237
0.000239
0.000238
0.000237
0.000237
0.000238
0.000241
0.000239
0.000238
0.000237
0.000238
0.000237
0.000237
0.000237
0.000258
0.000250
0.000250
0.000249
0.000249
0.000252
0.000238
0.000239
0.000237
0.000241
0.000239
0.000238
0.000238
0.000239
0.000238
0.000238
0.000237
0.000238
0.000237
0.000238
0.000238
0.000238
0.000239
0.000238
0.000237
0.000237
0.000241
0.000239
0.000238
0.000238
0.000236
0.000238
0.000237
0.000238
0.000238
0.000237
0.000238
0.000237
0.000239
0.000261
0.000249
0.000249
0.000253
0.000250
0.000248
0.000238
0.000238
0.000238
0.000237
0.000238
0.000236
0.000237
0.000237
0.000237
0.000237
0.000237
0.000238
0.000238
0.000238
0.000241
0.000239
0.000238
0.000238
0.000237
0.000237
0.000238
0.000238
0.000238
0.000239
0.000237
0.000237
0.000238
0.000238
0.000238
0.000237
0.000238
0.000242
0.000261
0.000250
0.000250
0.000259
0.000254
0.000250
0.000250
0.000250
0.000249
0.000255
0.000237
0.000239
0.000237
0.000236
0.000237
0.000261
0.000250
0.000250
0.000250
0.000250
0.000248
0.000237
0.000237
0.000238
0.000238
0.000237
0.000238
0.000238
0.000238
0.000238
0.000238
0.000241
0.000240
0.000239
0.000238
0.000237
0.000239
0.000238
0.000238
0.000237
0.000238
0.000237
0.000237
0.000238
0.000237
0.000238
0.000239
0.000259
0.000253
0.000251
0.000248
0.000249
0.000249
0.000248
0.000238
0.000239
0.000237
0.000238
0.000238
0.000238
0.000237
0.000237
0.000238
0.000238
0.000239
0.000238
0.000239
0.000237
0.000238
0.000239
0.000238
0.000237
0.000237
0.000237
0.000239
0.000238
0.000238
0.000238
0.000238
0.000238
0.000239
0.000259
0.000251
0.000250
0.000249
0.000249
0.000250
0.000250
0.000250
0.000249
0.000249
0.000238
0.000238
0.000237
0.000237
0.000237
0.000238
0.000241
0.000266
0.000250
0.000250
0.000249
0.000257
0.000237
0.000238
0.000238
0.000238
0.000238
0.000239
0.000240
0.000239
0.000238
0.000238
0.000238
0.000242
0.000238
0.000238
0.000238
0.000237
0.000238
0.000238
0.000238
0.000237
0.000238
0.000238
0.000238
0.000238
0.000256
0.000249
0.000249
0.000252
0.000251
0.000253
0.000238
0.000238
0.000238
0.000239
0.000238
0.000237
0.000239
0.000238
0.000238
0.000237
0.000237
0.000238
0.000237
0.000239
0.000241
0.000239
0.000238
0.000238
0.000237
0.000237
0.000238
0.000238
0.000238
0.000238
0.000238
0.000237
0.000238
0.000238
0.000238
0.000237
0.000238
0.000242
0.000257
0.000250
0.000249
0.000259
0.000237
0.000260
0.000249
0.000249
0.000250
0.000249
0.000250
0.000238
0.000238
0.000239
0.000238
0.000261
0.000251
0.000249
0.000249
0.000249
0.000248
0.000238
0.000238
0.000239
0.000237
0.000238
0.000237
0.000237
0.000238
0.000237
0.000238
0.000240
0.000238
0.000237
0.000257
0.000250
0.000258
0.000237
0.000238
0.000261
0.000248
0.000249
0.000249
0.000249
0.000250
0.000250
0.000250
0.000249
0.000254
0.000250
0.000250
0.000250
0.000256
0.000237
0.000238
0.000237
0.000237
0.000238
0.000239
0.000238
0.000238
0.000238
0.000238
0.000237
0.000260
0.000250
0.000250
0.000249
0.000250
0.000252
0.000238
0.000238
0.000238
0.000238
0.000238
0.000237
0.000237
0.000239
0.000238
0.000238
0.000240
0.000265
0.000250
0.000250
0.000249
0.000249
0.000249
0.000250
0.000250
0.000249
0.000252
0.000237
0.000237
0.000237
0.000237
0.000237
0.000238
0.000242
0.000238
0.000238
0.000237
0.000238
0.000239
0.000238
0.000238
0.000236
0.000237
0.000237
0.000237
0.000238
0.000237
0.000238
0.000238
0.000242
0.000239
0.000238
0.000238
0.000237
0.000238
0.000238
0.000238
0.000238
0.000239
0.000239
0.000238
0.000238
0.000238
0.000238
0.000260
0.000249
0.000253
0.000249
0.000249
0.000250
0.000238
0.000238
0.000238
0.000237
0.000237
0.000237
0.000238
0.000238
0.000238
0.000238
0.000238
0.000238
0.000238
0.000242
0.000238
0.000238
0.000238
0.000237
0.000238
0.000238
0.000238
0.000238
0.000238
0.000239
0.000237
0.000237
0.000237
0.000238
0.000239
0.000241
0.000239
0.000238
0.000238
0.000238
0.000238
0.000238
0.000237
0.000261
0.000249
0.000249
0.000249
0.000250
0.000249
0.000238
0.000238
0.000237
0.000242
0.000239
0.000238
0.000238
0.000238
0.000238
0.000237
0.000237
0.000237
0.000237
0.000237
0.000237
0.000237
0.000238
0.000239
0.000237
0.000237
0.000241
0.000238
0.000238
0.000237
0.000238
0.000237
0.000237
0.000237
0.000237
0.000237
0.000238
0.000237
0.000237
0.000264
0.000250
0.000250
0.000253
0.000258
0.000237
0.000238
0.000238
0.000238
0.000238
0.000237
0.000237
0.000239
0.000238
0.000238
0.000237
0.000238
0.000238
0.000237
0.000238
0.000241
0.000239
0.000239
0.000238
0.000238
0.000237
0.000237
0.000238
0.000238
0.000239
0.000237
0.000237
0.000238
0.000238
0.000237
0.000237
0.000237
0.000241
0.000265
0.000249
0.000249
0.000250
0.000270
0.000250
0.000251
0.000249
0.000249
0.000253
0.000238
0.000238
0.000238
0.000259
0.000248
0.000254
0.000251
0.000251
0.000255
0.000238
0.000238
0.000238
0.000238
0.000238
0.000238
0.000238
0.000257
0.000250
0.000250
0.000249
0.000249
0.000260
0.000239
0.000238
0.000238
0.000239
0.000236
0.000237
0.000237
0.000238
0.000238
0.000237
0.000237
0.000237
0.000257
0.000249
0.000249
0.000252
0.000251
0.000250
0.000249
0.000249
0.000255
0.000238
0.000238
0.000239
0.000237
0.000239
0.000237
0.000237
0.000238
0.000239
0.000238
0.000238
0.000243
0.000239
0.000237
0.000237
0.000238
0.000238
0.000237
0.000238
0.000239
0.000238
0.000238
0.000239
0.000237
0.000238
0.000238
0.000237
0.000237
0.000264
0.000250
0.000250
0.000250
0.000249
0.000250
0.000250
0.000250
0.000249
0.000250
0.000254
0.000237
0.000238
0.000238
0.000237
0.000237
0.000242
0.000238
0.000238
0.000239
0.000238
0.000238
0.000237
0.000238
0.000239
0.000238
0.000239
0.000238
0.000238
0.000237
0.000238
0.000238
0.000237
0.000241
0.000239
0.000238
0.000238
0.000238
0.000238
0.000238
0.000238
0.000238
0.000238
0.000238
0.000239
0.000238
0.000238
0.000238
0.000257
0.000252
0.000251
0.000250
0.000250
0.000254
0.000239
0.000238
0.000238
0.000239
0.000238
0.000238
0.000237
0.000237
0.000237
0.000238
0.000238
0.000238
0.000242
0.000239
0.000237
0.000237
0.000239
0.000237
0.000237
0.000238
0.000239
0.000237
0.000239
0.000238
0.000238
0.000239
0.000237
0.000237
0.000238
0.000243
0.000238
0.000237
0.000253
0.000250
0.000250
0.000250
0.000250
0.000257
0.000238
0.000238
0.000237
0.000237
0.000237
0.000237
0.000238
0.000242
0.000240
0.000237
0.000238
0.000236
0.000238
0.000238
0.000238
0.000237
0.000238
0.000238
0.000238
0.000237
0.000237
0.000238
0.000237
0.000238
0.000242
0.000239
0.000237
0.000237
0.000238
0.000239
0.000237
0.000237
0.000238
0.000237
0.000238
0.000238
0.000237
0.000255
0.000249
0.000249
0.000251
0.000251
0.000257
0.000238
0.000238
0.000238
0.000238
0.000239
0.000238
0.000238
0.000238
0.000238
0.000237
0.000236
0.000238
0.000236
0.000238
0.000241
0.000238
0.000238
0.000237
0.000237
0.000238
0.000238
0.000237
0.000238
0.000238
0.000238
0.000238
0.000237
0.000238
0.000237
0.000238
0.000238
0.000241
0.000255
0.000249
0.000249
0.000250
0.000250
0.000258
0.000250
0.000250
0.000250
0.000250
0.000252
0.000237
0.000238
0.000237
0.000237
0.000278
0.000257
0.000256
0.000257
0.000256
0.000262
0.000237
0.000238
0.000238
0.000238
0.000238
0.000237
0.000238
0.000238
0.000238
0.000239
0.000241
0.000237
0.000238
0.000238
0.000239
0.000238
0.000238
0.000238
0.000238
0.000238
0.000238
0.000238
0.000237
0.000238
0.000238
0.000239
0.000254
0.000253
0.000251
0.000250
0.000249
0.000255
0.000237
0.000238
0.000238
0.000238
0.000237
0.000238
0.000238
0.000237
0.000237
0.000238
0.000238
0.000239
0.000238
0.000238
0.000238
0.000238
0.000238
0.000238
0.000238
0.000237
0.000238
0.000237
0.000238
0.000238
0.000238
0.000238
0.000238
0.000237
0.000239
0.000263
0.000250
0.000249
0.000250
0.000250
0.000250
0.000249
0.000249
0.000259
0.000239
0.000237
0.000237
0.000238
0.000239
0.000238
0.000241
0.000264
0.000249
0.000250
0.000249
0.000257
0.000238
0.000238
0.000237
0.000238
0.000238
0.000237
0.000237
0.000237
0.000239
0.000238
0.000238
0.000241
0.000239
0.000237
0.000237
0.000237
0.000237
0.000237
0.000239
0.000237
0.000238
0.000237
0.000237
0.000238
0.000256
0.000249
0.000249
0.000252
0.000252
0.000250
0.000250
0.000239
0.000237
0.000237
0.000237
0.000238
0.000238
0.000238
0.000238
0.000237
0.000238
0.000237
0.000238
0.000237
0.000241
0.000239
0.000237
0.000238
0.000238
0.000239
0.000237
0.000238
0.000238
0.000238
0.000238
0.000237
0.000237
0.000238
0.000237
0.000238
0.000238
0.000241
0.000239
0.000238
0.000238
0.000237
0.000238
0.000239
0.000263
0.000250
0.000250
0.000250
0.000249
0.000247
0.000237
0.000238
0.000237
0.000241
0.000240
0.000237
0.000238
0.000239
0.000238
0.000238
0.000238
0.000237
0.000238
0.000238
0.000238
0.000238
0.000237
0.000238
0.000237
0.000238
0.000241
0.000240
0.000237
0.000237
0.000238
0.000237
0.000237
0.000237
0.000237
0.000238
0.000238
0.000238
0.000257
0.000250
0.000249
0.000249
0.000250
0.000254
0.000250
0.000249
0.000250
0.000257
0.000237
0.000237
0.000238
0.000237
0.000238
0.000238
0.000238
0.000237
0.000237
0.000237
0.000237
0.000240
0.000238
0.000237
0.000238
0.000238
0.000238
0.000239
0.000238
0.000239
0.000238
0.000237
0.000238
0.000238
0.000237
0.000239
0.000237
0.000238
0.000262
0.000250
0.000250
0.000249
0.000250
0.000251
0.000250
0.000250
0.000250
0.000255
0.000237
0.000238
0.000239
0.000238
0.000238
0.000237
0.000242
0.000237
0.000237
0.000237
0.000238
0.000238
0.000238
0.000236
0.000237
0.000237
0.000237
0.000238
0.000239
0.000238
0.000237
0.000237
0.000238
0.000241
0.000238
0.000237
0.000238
0.000238
0.000238
0.000238
0.000238
0.000238
0.000238
0.000237
0.000237
0.000237
0.000237
0.000257
0.000249
0.000249
0.000276
0.000258
0.000262
0.000250
0.000256
0.000238
0.000237
0.000238
0.000239
0.000238
0.000237
0.000238
0.000239
0.000238
0.000237
0.000238
0.000241
0.000237
0.000237
0.000238
0.000238
0.000237
0.000237
0.000238
0.000237
0.000238
0.000238
0.000238
0.000236
0.000237
0.000238
0.000238
0.000237
0.000241
0.000239
0.000237
0.000237
0.000238
0.000237
0.000238
0.000263
0.000250
0.000249
0.000250
0.000251
0.000249
0.000238
0.000237
0.000238
0.000241
0.000239
0.000237
0.000238
0.000237
0.000238
0.000238
0.000238
0.000238
0.000238
0.000237
0.000238
0.000239
0.000238
0.000239
0.000238
0.000239
0.000242
0.000239
0.000238
0.000238
0.000238
0.000238
0.000237
0.000238
0.000238
0.000237
0.000238
0.000238
0.000258
0.000249
0.000250
0.000249
0.000253
0.000254
0.000239
0.000239
0.000238
0.000238
0.000238
0.000236
0.000239
0.000238
0.000238
0.000238
0.000237
0.000238
0.000237
0.000237
0.000238
0.000241
0.000239
0.000238
0.000238
0.000238
0.000237
0.000238
0.000238
0.000238
0.000237
0.000238
0.000238
0.000238
0.000239
0.000238
0.000238
0.000238
0.000242
0.000238
0.000238
0.000238
0.000239
0.000259
0.000250
0.000250
0.000250
0.000249
0.000252
0.000238
0.000238
0.000238
0.000238
0.000239
0.000242
0.000239
0.000238
0.000238
0.000238
0.000238
0.000238
0.000238
0.000238
0.000238
0.000237
0.000238
0.000238
0.000238
0.000238
0.000239
0.000238
0.000241
0.000238
0.000237
0.000237
0.000237
0.000283
0.000249
0.000250
0.000249
0.000249
0.000255
0.000238
0.000238
0.000237
0.000254
0.000250
0.000252
0.000250
0.000250
0.000257
0.000237
0.000239
0.000238
0.000239
0.000238
0.000239
0.000238
0.000239
0.000238
0.000238
0.000238
0.000238
0.000238
0.000241
0.000237
0.000237
0.000238
0.000237
0.000237
0.000238
0.000238
0.000238
0.000238
0.000238
0.000237
0.000238
0.000238
0.000238
0.000237
0.000241
0.000239
0.000238
0.000237
0.000238
0.000238
0.000239
0.000237
0.000257
0.000249
0.000250
0.000249
0.000249
0.000255
0.000238
0.000237
0.000238
0.000242
0.000239
0.000238
0.000238
0.000238
0.000238
0.000238
0.000238
0.000237
0.000237
0.000238
0.000238
0.000237
0.000238
0.000237
0.000237
0.000237
0.000241
0.000239
0.000238
0.000238
0.000238
0.000237
0.000238
0.000238
