0.001668
0.001540
0.001540
0.001530
0.001502
0.001525
0.001440
0.001438
0.001445
0.001416
0.001410
0.001423
0.001409
0.001416
0.001412
0.001386
0.001390
0.001377
0.001363
0.001361
0.001416
0.001379
0.001335
0.001338
0.001337
0.001337
0.001331
0.001337
0.001376
0.001362
0.001332
0.001341
0.001332
0.001338
0.001342
0.001379
0.001355
0.001339
0.001332
0.001338
0.001339
0.001332
0.001331
0.001408
0.001331
0.001337
0.001339
0.001337
0.001332
0.001339
0.001360
0.001377
0.001336
0.001337
0.001332
0.001344
0.001332
0.001332
0.001384
0.001355
0.001332
0.001341
0.001332
0.001336
0.001340
0.001380
0.001356
0.001340
0.001333
0.001339
0.001342
0.001331
0.001354
0.001387
0.001353
0.001332
0.001338
0.001338
0.001332
0.001391
0.001380
0.001360
0.001343
0.001337
0.001338
0.001336
0.001336
0.001383
0.001358
0.001332
0.001338
0.001400
0.001338
0.001332
0.001354
0.001389
0.001335
0.001334
0.001332
0.001341
0.001338
0.001338
0.001373
0.001371
0.001332
0.001335
0.001338
0.001333
0.001335
0.001338
0.001386
0.001353
0.001337
0.001332
0.001336
0.001332
0.001332
0.001391
0.001345
0.001336
0.001339
0.001338
0.001333
0.001339
0.001358
0.001384
0.001336
0.001332
0.001337
0.001340
0.001332
0.001331
0.001379
0.001362
0.001337
0.001339
0.001333
0.001338
0.001342
0.001373
0.001363
0.001377
0.001362
0.001333
0.001343
0.001335
0.001333
0.001400
0.001356
0.001337
0.001338
0.001332
0.001337
0.001380
0.001381
0.001364
0.001341
0.001332
0.001332
0.001341
0.001334
0.001378
0.001367
0.001331
0.001332
0.001361
0.001381
0.001365
0.001343
0.001403
0.001337
0.001337
0.001333
0.001336
0.001435
0.001332
0.001373
0.001373
0.001332
0.001358
0.001384
0.001333
0.001341
0.001375
0.001389
0.001373
0.001375
0.001338
0.001339
0.001338
0.001338
0.001408
0.001331
0.001333
0.001341
0.001338
0.001397
0.001341
0.001362
0.001369
0.001339
0.001331
0.001336
0.001339
0.001338
0.001333
0.001386
0.001353
0.001338
0.001339
0.001332
0.001332
0.001336
0.001383
0.001347
0.001339
0.001332
0.001338
0.001338
0.001335
0.001352
0.001385
0.001359
0.001331
0.001338
0.001333
0.001337
0.001383
0.001386
0.001361
0.001337
0.001332
0.001338
0.001342
0.001339
0.001337
0.001410
0.001338
0.001332
0.001339
0.001332
0.001333
0.001408
0.001391
0.001338
0.001455
0.001344
0.001340
0.001332
0.001337
0.001376
0.001359
0.001332
0.001340
0.001338
0.001332
0.001341
0.001333
0.001386
0.001347
0.001337
0.001332
0.001341
0.001332
0.001332
0.001407
0.001333
0.001337
0.001339
0.001338
0.001337
0.001335
0.001368
0.001369
0.001342
0.001335
0.001332
0.001340
0.001334
0.001332
0.001387
0.001355
0.001332
0.001338
0.001337
0.001337
0.001338
0.001334
0.001405
0.001339
0.001334
0.001337
0.001429
0.001514
0.001502
0.001572
0.001466
0.001471
0.001466
0.001472
0.001507
0.001518
0.001490
0.001478
0.001472
0.001474
0.001472
0.001467
0.001515
0.001486
0.001472
0.001472
0.001471
0.001472
0.001504
0.001500
0.001474
0.001471
0.001470
0.001475
0.001466
0.001503
0.001501
0.001472
0.001474
0.001515
0.001468
0.001510
0.001524
0.001505
0.001473
0.001472
0.001475
0.001466
0.001488
0.001526
0.001465
0.001471
0.001478
0.001473
0.001473
0.001483
0.001512
0.001473
0.001472
0.001468
0.001477
0.001472
0.001485
0.001524
0.001465
0.001472
0.001471
0.001472
0.001471
0.001523
0.001466
0.001478
0.001469
0.001475
0.001469
0.001466
0.001530
0.001488
0.001471
0.001478
0.001471
0.001491
0.001523
0.001519
0.001474
0.001472
0.001472
0.001472
0.001466
0.001486
0.001525
0.001467
0.001470
0.001471
0.001471
0.001513
0.001532
0.001467
0.001541
0.001471
0.001469
0.001472
0.001472
0.001541
0.001466
0.001518
0.001515
0.001472
0.001471
0.001489
0.001514
0.001478
0.001471
0.001471
0.001490
0.001472
0.001530
0.001466
0.001465
0.001472
0.001470
0.001471
0.001473
0.001531
0.001475
0.001472
0.001466
0.001472
0.001472
0.001467
0.001542
0.001472
0.001466
0.001479
0.001472
0.001473
0.001507
0.001528
0.001479
0.001466
0.001471
0.001472
0.001466
0.001514
0.001505
0.001467
0.001472
0.001467
0.001472
0.001528
0.001528
0.001468
0.001466
0.001466
0.001477
0.001470
0.001473
0.001536
0.001472
0.001471
0.001479
0.001466
0.001476
0.001514
0.001478
0.001477
0.001466
0.001466
0.001479
0.001469
0.001515
0.001481
0.001466
0.001514
0.001486
0.001469
0.001475
0.001517
0.001482
0.001471
0.001472
0.001477
0.001472
0.001472
0.001526
0.001475
0.001466
0.001473
0.001466
0.001471
0.001501
0.001492
0.001471
0.001466
0.001465
0.001477
0.001472
0.001512
0.001490
0.001466
0.001477
0.001472
0.001472
0.001477
0.001510
0.001493
0.001465
0.001473
0.001475
0.001466
0.001492
0.001528
0.001480
0.001472
0.001481
0.001471
0.001499
0.001523
0.001496
0.001478
0.001465
0.001471
0.001473
0.001465
0.001513
0.001492
0.001465
0.001471
0.001466
0.001466
0.001479
0.001507
0.001490
0.001472
0.001465
0.001503
0.001491
0.001497
0.001510
0.001465
0.001475
0.001466
0.001465
0.001494
0.001534
0.001496
0.001477
0.001466
0.001466
0.001479
0.001466
0.001502
0.001495
0.001466
0.001472
0.001472
0.001472
0.001497
0.001517
0.001475
0.001466
0.001472
0.001477
0.001472
0.001492
0.001518
0.001466
0.001475
0.001466
0.001473
0.001476
0.001490
0.001507
0.001477
0.001471
0.001472
0.001474
0.001472
0.001531
0.001503
0.001471
0.001471
0.001467
0.001465
0.001532
0.001515
0.001470
0.001466
0.001471
0.001476
0.001471
0.001485
0.001523
0.001472
0.001493
0.001510
0.001473
0.001477
0.001489
0.001508
0.001472
0.001466
0.001468
0.001465
0.001466
0.001530
0.001469
0.001466
0.001518
0.001477
0.001466
0.001494
0.001513
0.001502
0.001505
0.001465
0.001474
0.001466
0.001488
0.001521
0.001466
0.001471
0.001465
0.001466
0.001474
0.001491
0.001502
0.001475
0.001466
0.001491
0.001513
0.001465
0.001532
0.001471
0.001465
0.001477
0.001466
0.001466
0.001495
0.001514
0.001471
0.001466
0.001471
0.001474
0.001472
0.001486
0.001535
0.001472
0.001471
0.001473
0.001466
0.001536
0.001526
0.001472
0.001480
0.001469
0.001476
0.001472
0.001465
0.001532
0.001465
0.001466
0.001479
0.001465
0.001475
0.001488
0.001514
0.001470
0.001465
0.001471
0.001475
0.001472
0.001489
0.001586
0.001472
0.001474
0.001472
0.001467
0.001473
0.001530
0.001468
0.001473
0.001465
0.001475
0.001497
0.001508
0.001537
0.001466
0.001466
0.001473
0.001472
0.001475
0.001465
0.001529
0.001474
0.001472
0.001465
0.001476
0.001472
0.001509
0.001492
0.001472
0.001476
0.001472
0.001473
0.001476
0.001517
0.001476
0.001479
0.001468
0.001470
0.001472
0.001471
0.001526
0.001490
0.001466
0.001540
0.001472
0.001496
0.001523
0.001523
0.001514
0.001523
0.001474
0.001473
0.001471
0.001517
0.001475
0.001466
0.001473
0.001472
0.001465
0.001477
0.001513
0.001474
0.001465
0.001472
0.001471
0.001472
0.001473
0.001543
0.001473
0.001471
0.001479
0.001465
0.001475
0.001512
0.001485
0.001472
0.001472
0.001468
0.001472
0.001466
0.001514
0.001483
0.001472
0.001474
0.001466
0.001466
0.001477
0.001515
0.001477
0.001465
0.001471
0.001476
0.001472
0.001472
0.001524
0.001473
0.001471
0.001478
0.001472
0.001474
0.001498
0.001491
0.001474
0.001472
0.001472
0.001478
0.001465
0.001505
0.001514
0.001473
0.001476
0.001471
0.001465
0.001525
0.001518
0.001484
0.001471
0.001466
0.001472
0.001466
0.001496
0.001505
0.001466
0.001471
0.001474
0.001465
0.001471
0.001497
0.001492
0.001541
0.001513
0.001462
0.001560
0.001461
0.001507
0.001482
0.001461
0.001502
0.001477
0.001463
0.001474
0.001497
0.001479
0.001457
0.001462
0.001467
0.001459
0.001488
0.001501
0.001456
0.001457
0.001469
0.001456
0.001463
0.001489
0.001493
0.001471
0.001462
0.001455
0.001467
0.001456
0.001494
0.001492
0.001462
0.001462
0.001461
0.001457
0.001470
0.001522
0.001457
0.001469
0.001456
0.001467
0.001456
0.001462
0.001526
0.001477
0.001457
0.001473
0.001456
0.001484
0.001508
0.001505
0.001465
0.001456
0.001457
0.001467
0.001462
0.001480
0.001523
0.001456
0.001464
0.001456
0.001457
0.001473
0.001502
0.001467
0.001467
0.001463
0.001459
0.001462
0.001457
0.001516
0.001473
0.001461
0.001465
0.001457
0.001460
0.001474
0.001507
0.001474
0.001459
0.001455
0.001466
0.001462
0.001488
0.001502
0.001462
0.001466
0.001457
0.001510
0.001478
0.001489
0.001484
0.001469
0.001462
0.001455
0.001475
0.001462
0.001501
0.001485
0.001457
0.001470
0.001456
0.001462
0.001487
0.001505
0.001465
0.001456
0.001456
0.001464
0.001456
0.001481
0.001521
0.001468
0.001456
0.001475
0.001456
0.001491
0.001513
0.001494
0.001469
0.001456
0.001461
0.001467
0.001463
0.001487
0.001499
0.001456
0.001462
0.001463
0.001463
0.001513
0.001518
0.001456
0.001474
0.001462
0.001468
0.001457
0.001462
0.001531
0.001457
0.001463
0.001468
0.001462
0.001479
0.001503
0.001517
0.001469
0.001458
0.001463
0.001468
0.001456
0.001511
0.001474
0.001457
0.001466
0.001462
0.001461
0.001465
0.001508
0.001468
0.001467
0.001462
0.001465
0.001463
0.001462
0.001515
0.001474
0.001462
0.001466
0.001456
0.001462
0.001473
0.001501
0.001477
0.001462
0.001457
0.001469
0.001457
0.001487
0.001532
0.001457
0.001461
0.001464
0.001462
0.001499
0.001507
0.001487
0.001471
0.001461
0.001456
0.001474
0.001456
0.001506
0.001479
0.001456
0.001467
0.001463
0.001462
0.001497
0.001499
0.001461
0.001463
0.001463
0.001465
0.001458
0.001487
0.001509
0.001463
0.001457
0.001474
0.001456
0.001464
0.001486
0.001502
0.001464
0.001463
0.001462
0.001474
0.001464
0.001485
0.001496
0.001456
0.001469
0.001456
0.001456
0.001471
0.001524
0.001456
0.001473
0.001457
0.001464
0.001457
0.001456
0.001530
0.001462
0.001457
0.001467
0.001462
0.001464
0.001456
0.001524
0.001464
0.001462
0.001462
0.001469
0.001460
0.001495
0.001525
0.001455
0.001465
0.001456
0.001457
0.001507
0.001514
0.001470
0.001474
0.001456
0.001486
0.001597
0.001462
0.001545
0.001494
0.001455
0.001473
0.001462
0.001460
0.001495
0.001484
0.001466
0.001462
0.001456
0.001471
0.001457
0.001494
0.001489
0.001461
0.001462
0.001457
0.001460
0.001464
0.001498
0.001479
0.001529
0.001456
0.001461
0.001462
0.001456
0.001511
0.001483
0.001463
0.001471
0.001462
0.001463
0.001523
0.001494
0.001465
0.001461
0.001456
0.001467
0.001462
0.001481
0.001517
0.001462
0.001469
0.001455
0.001461
0.001466
0.001482
0.001495
0.001471
0.001462
0.001456
0.001474
0.001456
0.001518
0.001496
0.001456
0.001467
0.001462
0.001457
0.001516
0.001513
0.001488
0.001502
0.001456
0.001467
0.001457
0.001480
0.001519
0.001463
0.001465
0.001456
0.001462
0.001467
0.001475
0.001504
0.001466
0.001462
0.001456
0.001468
0.001501
0.001537
0.001463
0.001456
0.001467
0.001463
0.001456
0.001505
0.001524
0.001468
0.001463
0.001456
0.001466
0.001456
0.001463
0.001522
0.001464
0.001456
0.001469
0.001462
0.001490
0.001508
0.001482
0.001464
0.001456
0.001457
0.001472
0.001463
0.001497
0.001481
0.001457
0.001464
0.001456
0.001462
0.001473
0.001491
0.001482
0.001467
0.001463
0.001462
0.001456
0.001485
0.001518
0.001477
0.001462
0.001472
0.001456
0.001496
0.001507
0.001496
0.001470
0.001456
0.001463
0.001513
0.001471
0.001493
0.001499
0.001456
0.001463
0.001455
0.001455
0.001467
0.001488
0.001521
0.001493
0.001457
0.001462
0.001463
0.001480
0.001509
0.001462
0.001462
0.001473
0.001463
0.001466
0.001485
0.001495
0.001528
0.001462
0.001457
0.001514
0.001477
0.001498
0.001508
0.001457
0.001464
0.001457
0.001456
0.001467
0.001485
0.001524
0.001499
0.001462
0.001465
0.001457
0.001479
0.001514
0.001456
0.001467
0.001471
0.001462
0.001456
0.001486
0.001511
0.001502
0.001462
0.001456
0.001466
0.001456
0.001473
0.001533
0.001462
0.001485
0.001503
0.001457
0.001501
0.001519
0.001457
0.001472
0.001462
0.001461
0.001455
0.001463
0.001527
0.001462
0.001457
0.001503
0.001463
0.001499
0.001489
0.001524
0.001531
0.001456
0.001488
0.001526
0.001477
0.001514
0.001528
0.001471
0.001548
0.001472
0.001471
0.001501
0.001521
0.001471
0.001484
0.001471
0.001476
0.001477
0.001497
0.001523
0.001470
0.001470
0.001481
0.001477
0.001502
0.001538
0.001516
0.001483
0.001477
0.001470
0.001547
0.001470
0.001507
0.001507
0.001476
0.001475
0.001470
0.001471
0.001497
0.001521
0.001479
0.001476
0.001477
0.001474
0.001472
0.001501
0.001569
0.001501
0.001474
0.001476
0.001471
0.001510
0.001529
0.001502
0.001483
0.001477
0.001473
0.001471
0.001471
0.001515
0.001500
0.001477
0.001477
0.001473
0.001477
0.001510
0.001511
0.001480
0.001471
0.001477
0.001481
0.001477
0.001503
0.001512
0.001471
0.001475
0.001477
0.001471
0.001481
0.001509
0.001501
0.001477
0.001477
0.001473
0.001491
0.001537
0.001553
0.001495
0.001478
0.001482
0.001472
0.001479
0.001505
0.001506
0.001477
0.001475
0.001476
0.001482
0.001478
0.001546
0.001505
0.001477
0.001479
0.001477
0.001476
0.001482
0.001505
0.001506
0.001471
0.001475
0.001483
0.001471
0.001494
0.001532
0.001491
0.001471
0.001484
0.001477
0.001506
0.001528
0.001503
0.001476
0.001476
0.001477
0.001478
0.001477
0.001511
0.001498
0.001470
0.001478
0.001476
0.001471
0.001527
0.001515
0.001476
0.001477
0.001477
0.001476
0.001476
0.001515
0.001508
0.001477
0.001479
0.001477
0.001477
0.001477
0.001512
0.001496
0.001481
0.001477
0.001480
0.001476
0.001477
0.001522
0.001500
0.001477
0.001480
0.001471
0.001471
0.001512
0.001511
0.001474
0.001471
0.001477
0.001480
0.001473
0.001502
0.001510
0.001471
0.001474
0.001476
0.001470
0.001481
0.001505
0.001505
0.001480
0.001472
0.001479
0.001470
0.001477
0.001514
0.001504
0.001478
0.001482
0.001471
0.001477
0.001541
0.001511
0.001475
0.001477
0.001471
0.001529
0.001491
0.001513
0.001498
0.001472
0.001481
0.001476
0.001477
0.001480
0.001508
0.001502
0.001482
0.001471
0.001480
0.001476
0.001498
0.001514
0.001473
0.001477
0.001477
0.001471
0.001479
0.001507
0.001504
0.001479
0.001477
0.001477
0.001476
0.001476
0.001509
0.001501
0.001477
0.001511
0.001499
0.001470
0.001477
0.001508
0.001498
0.001477
0.001471
0.001483
0.001471
0.001495
0.001522
0.001473
0.001470
0.001477
0.001477
0.001481
0.001499
0.001513
0.001478
0.001477
0.001477
0.001478
0.001475
0.001507
0.001510
0.001471
0.001482
0.001477
0.001473
0.001530
0.001520
0.001479
0.001478
0.001470
0.001481
0.001478
0.001498
0.001532
0.001478
0.001481
0.001471
0.001524
0.001516
0.001505
0.001501
0.001478
0.001478
0.001476
0.001471
0.001471
0.001519
0.001503
0.001477
0.001477
0.001471
0.001471
0.001508
0.001512
0.001486
0.001477
0.001477
0.001476
0.001477
0.001504
0.001520
0.001477
0.001481
0.001476
0.001537
0.001478
0.001509
0.001504
0.001483
0.001477
0.001480
0.001471
0.001491
0.001521
0.001477
0.001471
0.001478
0.001476
0.001474
0.001492
0.001519
0.001477
0.001470
0.001477
0.001478
0.001471
0.001499
0.001518
0.001471
0.001475
0.001472
0.001472
0.001527
0.001524
0.001471
0.001477
0.001476
0.001476
0.001471
0.001493
0.001519
0.001477
0.001477
0.001484
0.001477
0.001481
0.001502
0.001509
0.001476
0.001472
0.001476
0.001481
0.001477
0.001504
0.001505
0.001477
0.001480
0.001471
0.001477
0.001496
0.001520
0.001479
0.001471
0.001471
0.001475
0.001471
0.001496
0.001524
0.001477
0.001471
0.001484
0.001471
0.001504
0.001538
0.001517
0.001477
0.001477
0.001474
0.001479
0.001477
0.001564
0.001550
0.001471
0.001536
0.001473
0.001456
0.001495
0.001499
0.001464
0.001457
0.001463
0.001470
0.001462
0.001483
0.001527
0.001462
0.001461
0.001461
0.001461
0.001497
0.001512
0.001493
0.001472
0.001462
0.001460
0.001462
0.001462
0.001529
0.001456
0.001457
0.001470
0.001456
0.001462
0.001473
0.001524
0.001462
0.001462
0.001458
0.001463
0.001456
0.001463
0.001531
0.001461
0.001456
0.001474
0.001461
0.001466
0.001500
0.001476
0.001468
0.001458
0.001462
0.001467
0.001457
0.001512
0.001476
0.001460
0.001465
0.001456
0.001456
0.001470
0.001500
0.001473
0.001474
0.001461
0.001462
0.001462
0.001461
0.001517
0.001471
0.001456
0.001468
0.001463
0.001459
0.001491
0.001495
0.001466
0.001456
0.001456
0.001468
0.001457
0.001485
0.001519
0.001456
0.001461
0.001462
0.001456
0.001506
0.001507
0.001491
0.001473
0.001463
0.001466
0.001463
0.001477
0.001509
0.001461
0.001461
0.001470
0.001457
0.001456
0.001495
0.001504
0.001467
0.001457
0.001462
0.001472
0.001457
0.001479
0.001531
0.001472
0.001513
0.001524
0.001465
0.001473
0.001498
0.001506
0.001479
0.001466
0.001475
0.001471
0.001471
0.001537
0.001470
0.001472
0.001471
0.001472
0.001472
0.001489
0.001521
0.001499
0.001499
0.001472
0.001475
0.001471
0.001487
0.001523
0.001472
0.001469
0.001472
0.001466
0.001471
0.001523
0.001466
0.001480
0.001467
0.001475
0.001466
0.001468
0.001535
0.001495
0.001466
0.001473
0.001467
0.001492
0.001558
0.001508
0.001474
0.001468
0.001472
0.001520
0.001473
0.001502
0.001499
0.001567
0.001609
0.001663
0.001697
0.001686
0.001721
0.001683
0.001679
0.001669
0.001649
0.001621
0.001616
0.001536
0.001580
0.001567
0.001522
0.001637
0.001617
0.001593
0.001591
0.001499
0.001567
0.001535
0.001608
0.001578
0.001506
0.001580
0.001553
0.001509
0.001628
0.001555
0.001609
0.001605
0.001610
0.001625
0.001551
0.001598
0.001551
0.001518
0.001618
0.001500
0.001580
0.001637
0.001558
0.001563
0.001534
0.001543
0.001561
0.001615
0.001623
0.001568
0.001563
0.001517
0.001465
0.001551
0.001562
0.001524
0.001630
0.001603
0.001568
0.001515
0.001529
0.001557
0.001523
0.001552
0.001537
0.001541
0.001564
0.001554
0.001547
0.001574
0.001530
0.001525
0.001491
0.001476
0.001585
0.001552
0.001589
0.001538
0.001506
0.001560
0.001543
0.001540
0.001549
0.001530
0.001567
0.001533
0.001541
0.001570
0.001522
0.001534
0.001559
0.001524
0.001566
0.001557
0.001536
0.001522
0.001525
0.001551
0.001518
0.001537
0.001545
0.001507
0.001505
0.001538
0.001509
0.001535
0.001567
0.001578
0.001560
0.001528
0.001546
0.001517
0.001543
0.001550
0.001545
0.001546
0.001541
0.001548
0.001564
0.001546
0.001549
0.001533
0.001517
0.001569
0.001579
0.001558
0.001559
0.001523
0.001557
0.001540
0.001507
0.001559
0.001527
0.001535
0.001535
0.001514
0.001544
0.001523
0.001564
0.001558
0.001529
0.001535
0.001529
0.001539
0.001558
0.001537
0.001539
0.001528
0.001513
0.001562
0.001513
0.001547
0.001537
0.001514
0.001543
0.001528
0.001517
0.001548
0.001541
0.001515
0.001508
0.001507
0.001518
0.001534
0.001541
0.001529
0.001507
0.001519
0.001507
0.001513
0.001525
0.001541
0.001549
0.001534
0.001507
0.001519
0.001517
0.001534
0.001561
0.001507
0.001534
0.001529
0.001507
0.001553
0.001536
0.001517
0.001507
0.001514
0.001523
0.001512
0.001541
0.001593
0.001507
0.001540
0.001538
0.001514
0.001524
0.001555
0.001540
0.001531
0.001522
0.001527
0.001528
0.001561
0.001549
