0.000693
0.000255
0.000247
0.000247
0.000247
0.000247
0.000246
0.000246
0.000247
0.000252
0.000247
0.000246
0.000247
0.000246
0.000267
0.000246
0.000195
0.000123
0.000122
0.000122
0.000123
0.000123
0.000125
0.000123
0.000123
0.000122
0.000122
0.000123
0.000123
0.000123
0.000123
0.000123
0.000123
0.000122
0.000123
0.000123
0.000122
0.000122
0.000122
0.000122
0.000122
0.000122
0.000123
0.000123
0.000126
0.000129
0.000122
0.000123
0.000130
0.000120
0.000119
0.000119
0.000118
0.000119
0.000119
0.000119
0.000119
0.000119
0.000119
0.000118
0.000119
0.000120
0.000119
0.000119
0.000119
0.000119
0.000120
0.000119
0.000119
0.000119
0.000119
0.000119
0.000122
0.000122
0.000119
0.000119
0.000119
0.000119
0.000136
0.000119
0.000119
0.000119
0.000128
0.000115
0.000115
0.000116
0.000116
0.000117
0.000123
0.000116
0.000116
0.000129
0.000115
0.000116
0.000116
0.000116
0.000116
0.000116
0.000116
0.000117
0.000116
0.000116
0.000116
0.000117
0.000116
0.000115
0.000115
0.000126
0.000116
0.000116
0.000116
0.000130
0.000116
0.000115
0.000117
0.000116
0.000123
0.000114
0.000114
0.000115
0.000115
0.000126
0.000116
0.000117
0.000115
0.000115
0.000115
0.000114
0.000115
0.000115
0.000115
0.000115
0.000117
0.000114
0.000115
0.000115
0.000130
0.000115
0.000116
0.000117
0.000115
0.000117
0.000115
0.000116
0.000115
0.000122
0.000128
0.000115
0.000115
0.000119
0.000116
0.000114
0.000114
0.000115
0.000115
0.000115
0.000124
0.000115
0.000115
0.000122
0.000116
0.000115
0.000114
0.000114
0.000114
0.000114
0.000115
0.000114
0.000115
0.000121
0.000115
0.000115
0.000115
0.000114
0.000114
0.000115
0.000114
0.000114
0.000119
0.000115
0.000133
0.000115
0.000117
0.000115
0.000116
0.000115
0.000114
0.000117
0.000114
0.000115
0.000124
0.000115
0.000117
0.000115
0.000115
0.000115
0.000116
0.000115
0.000114
0.000114
0.000115
0.000115
0.000115
0.000116
0.000115
0.000116
0.000115
0.000115
0.000115
0.000115
0.000115
0.000116
0.000115
0.000114
0.000146
0.000114
0.000115
0.000115
0.000115
0.000115
0.000115
0.000115
0.000116
0.000117
0.000114
0.000115
0.000116
0.000115
0.000114
0.000114
0.000115
0.000115
0.000116
0.000115
0.000115
0.000115
0.000115
0.000114
0.000115
0.000114
0.000114
0.000115
0.000116
0.000114
0.000124
0.000115
0.000115
0.000114
0.000121
0.000131
0.000114
0.000115
0.000115
0.000116
0.000115
0.000114
0.000114
0.000115
0.000114
0.000123
0.000116
0.000115
0.000114
0.000114
0.000114
0.000115
0.000114
0.000114
0.000128
0.000116
0.000120
0.000142
0.000192
0.000197
0.000197
0.000190
0.000200
0.000192
0.000141
0.000122
0.000115
0.000114
0.000115
0.000115
0.000114
0.000115
0.000115
0.000115
0.000114
0.000114
0.000115
0.000117
0.000119
0.000114
0.000114
0.000116
0.000115
0.000116
0.000116
0.000116
0.000114
0.000121
0.000114
0.000114
0.000115
0.000118
0.000115
0.000116
0.000115
0.000115
0.000116
0.000114
0.000119
0.000123
0.000138
0.000114
0.000115
0.000157
0.000115
0.000119
0.000114
0.000121
0.000115
0.000115
0.000150
0.000158
0.000194
0.000196
0.000195
0.000194
0.000194
0.000195
0.000196
0.000203
0.000117
0.000132
0.000117
0.000129
0.000115
0.000115
0.000139
0.000116
0.000115
0.000115
0.000115
0.000114
0.000114
0.000115
0.000115
0.000117
0.000125
0.000116
0.000116
0.000115
0.000115
0.000116
0.000115
0.000115
0.000122
0.000115
0.000115
0.000116
0.000114
0.000114
0.000115
0.000115
0.000115
0.000122
0.000114
0.000114
0.000114
0.000115
0.000115
0.000114
0.000140
0.000114
0.000123
0.000115
0.000114
0.000115
0.000119
0.000115
0.000115
0.000114
0.000124
0.000114
0.000120
0.000114
0.000114
0.000183
0.000193
0.000133
0.000116
0.000121
0.000115
0.000115
0.000115
0.000115
0.000115
0.000115
0.000114
0.000115
0.000115
0.000119
0.000118
0.000118
0.000119
0.000119
0.000115
0.000115
0.000114
0.000115
0.000120
0.000114
0.000116
0.000114
0.000114
0.000123
0.000114
0.000115
0.000115
0.000120
0.000114
0.000114
0.000114
0.000114
0.000114
0.000114
0.000114
0.000115
0.000120
0.000114
0.000116
0.000115
0.000114
0.000114
0.000115
0.000114
0.000115
0.000120
0.000114
0.000133
0.000114
0.000115
0.000115
0.000115
0.000115
0.000114
0.000122
0.000115
0.000115
0.000124
0.000114
0.000115
0.000114
0.000114
0.000115
0.000120
0.000114
0.000115
0.000115
0.000116
0.000115
0.000115
0.000115
0.000117
0.000115
0.000119
0.000115
0.000114
0.000114
0.000114
0.000114
0.000114
0.000114
0.000149
0.000114
0.000115
0.000114
0.000114
0.000114
0.000115
0.000115
0.000115
0.000115
0.000123
0.000123
0.000115
0.000114
0.000114
0.000115
0.000115
0.000115
0.000115
0.000120
0.000114
0.000114
0.000115
0.000114
0.000115
0.000114
0.000115
0.000114
0.000120
0.000115
0.000114
0.000114
0.000115
0.000115
0.000114
0.000134
0.000115
0.000121
0.000114
0.000114
0.000115
0.000114
0.000114
0.000115
0.000115
0.000124
0.000120
0.000114
0.000114
0.000114
0.000114
0.000114
0.000115
0.000115
0.000116
0.000114
0.000116
0.000115
0.000114
0.000114
0.000114
0.000115
0.000115
0.000114
0.000114
0.000120
0.000115
0.000114
0.000116
0.000138
0.000115
0.000114
0.000114
0.000114
0.000121
0.000116
0.000114
0.000118
0.000114
0.000124
0.000115
0.000115
0.000129
0.000122
0.000114
0.000115
0.000129
0.000115
0.000115
0.000115
0.000114
0.000115
0.000125
0.000114
0.000114
0.000114
0.000115
0.000114
0.000114
0.000114
0.000115
0.000117
0.000115
0.000134
0.000115
0.000115
0.000116
0.000115
0.000115
0.000115
0.000114
0.000120
0.000115
0.000125
0.000115
0.000116
0.000115
0.000115
0.000115
0.000114
0.000122
0.000115
0.000115
0.000116
0.000115
0.000114
0.000115
0.000115
0.000115
0.000121
0.000115
0.000115
0.000114
0.000115
0.000115
0.000115
0.000115
0.000133
0.000119
0.000114
0.000115
0.000114
0.000114
0.000114
0.000114
0.000114
0.000115
0.000115
0.000123
0.000115
0.000116
0.000115
0.000115
0.000115
0.000114
0.000114
0.000114
0.000121
0.000114
0.000114
0.000115
0.000114
0.000114
0.000115
0.000117
0.000115
0.000115
0.000118
0.000115
0.000128
0.000114
0.000114
0.000128
0.000126
0.000115
0.000118
0.000114
0.000115
0.000115
0.000114
0.000115
0.000124
0.000115
0.000115
0.000114
0.000120
0.000114
0.000116
0.000115
0.000115
0.000114
0.000115
0.000114
0.000114
0.000120
0.000115
0.000114
0.000114
0.000115
0.000115
0.000115
0.000115
0.000115
0.000120
0.000114
0.000182
0.000115
0.000114
0.000115
0.000115
0.000114
0.000115
0.000119
0.000115
0.000114
0.000115
0.000123
0.000114
0.000115
0.000114
0.000114
0.000120
0.000115
0.000114
0.000114
0.000115
0.000115
0.000115
0.000114
0.000114
0.000122
0.000115
0.000115
0.000115
0.000114
0.000114
0.000115
0.000115
0.000115
0.000114
0.000133
0.000115
0.000115
0.000116
0.000115
0.000115
0.000116
0.000115
0.000118
0.000121
0.000124
0.000114
0.000114
0.000115
0.000115
0.000127
0.000115
0.000129
0.000115
0.000115
0.000114
0.000115
0.000115
0.000115
0.000115
0.000114
0.000122
0.000122
0.000115
0.000114
0.000115
0.000115
0.000114
0.000114
0.000134
0.000114
0.000122
0.000115
0.000114
0.000115
0.000114
0.000114
0.000115
0.000115
0.000124
0.000122
0.000115
0.000115
0.000114
0.000114
0.000114
0.000114
0.000114
0.000115
0.000120
0.000115
0.000115
0.000115
0.000115
0.000114
0.000114
0.000115
0.000115
0.000114
0.000119
0.000114
0.000114
0.000114
0.000132
0.000115
0.000115
0.000115
0.000115
0.000120
0.000114
0.000114
0.000115
0.000115
0.000125
0.000115
0.000115
0.000114
0.000119
0.000114
0.000114
0.000114
0.000114
0.000115
0.000115
0.000114
0.000114
0.000120
0.000115
0.000114
0.000114
0.000116
0.000114
0.000114
0.000115
0.000114
0.000120
0.000114
0.000134
0.000114
0.000130
0.000115
0.000115
0.000115
0.000115
0.000119
0.000114
0.000114
0.000124
0.000115
0.000114
0.000114
0.000115
0.000115
0.000121
0.000116
0.000114
0.000114
0.000114
0.000114
0.000114
0.000114
0.000113
0.000114
0.000122
0.000115
0.000114
0.000114
0.000115
0.000115
0.000115
0.000115
0.000115
0.000134
0.000115
0.000115
0.000115
0.000115
0.000114
0.000115
0.000115
0.000115
0.000121
0.000123
0.000115
0.000115
0.000115
0.000114
0.000115
0.000115
0.000115
0.000121
0.000114
0.000115
0.000115
0.000115
0.000114
0.000115
0.000115
0.000115
0.000119
0.000115
0.000114
0.000115
0.000115
0.000115
0.000115
0.000131
0.000115
0.000115
0.000119
0.000115
0.000114
0.000115
0.000115
0.000115
0.000115
0.000124
0.000116
0.000120
0.000114
0.000114
0.000114
0.000115
0.000115
0.000129
0.000115
0.000130
0.000120
0.000114
0.000114
0.000115
0.000114
0.000114
0.000114
0.000124
0.000114
0.000120
0.000115
0.000115
0.000114
0.000137
0.000115
0.000115
0.000115
0.000114
0.000121
0.000115
0.000115
0.000115
0.000114
0.000124
0.000114
0.000115
0.000115
0.000119
0.000114
0.000115
0.000114
0.000114
0.000113
0.000114
0.000115
0.000114
0.000120
0.000115
0.000114
0.000115
0.000114
0.000114
0.000115
0.000114
0.000115
0.000115
0.000123
0.000119
0.000114
0.000114
0.000114
0.000115
0.000114
0.000115
0.000114
0.000121
0.000114
0.000114
0.000114
0.000115
0.000115
0.000115
0.000116
0.000114
0.000121
0.000115
0.000115
0.000115
0.000115
0.000115
0.000116
0.000115
0.000115
0.000118
0.000115
0.000115
0.000115
0.000117
0.000114
0.000114
0.000114
0.000115
0.000117
0.000122
0.000129
0.000114
0.000128
0.000114
0.000115
0.000115
0.000115
0.000114
0.000120
0.000114
0.000124
0.000115
0.000114
0.000114
0.000114
0.000114
0.000114
0.000119
0.000115
0.000115
0.000114
0.000115
0.000115
0.000115
0.000114
0.000114
0.000121
0.000114
0.000114
0.000114
0.000114
0.000115
0.000118
0.000114
0.000114
0.000115
0.000115
0.000115
0.000115
0.000114
0.000114
0.000115
0.000115
0.000115
0.000115
0.000120
0.000115
0.000114
0.000114
0.000115
0.000115
0.000115
0.000114
0.000114
0.000122
0.000115
0.000114
0.000114
0.000114
0.000115
0.000114
0.000114
0.000115
0.000115
0.000119
0.000115
0.000114
0.000126
0.000114
0.000115
0.000115
0.000114
0.000114
0.000122
0.000114
0.000116
0.000115
0.000115
0.000115
0.000114
0.000142
0.000114
0.000122
0.000114
0.000114
0.000114
0.000114
0.000129
0.000114
0.000114
0.000114
0.000121
0.000114
0.000116
0.000115
0.000115
0.000116
0.000124
0.000115
0.000115
0.000121
0.000133
0.000114
0.000114
0.000114
0.000115
0.000115
0.000114
0.000114
0.000115
0.000121
0.000124
0.000115
0.000114
0.000114
0.000115
0.000114
0.000115
0.000115
0.000121
0.000114
0.000115
0.000115
0.000115
0.000113
0.000114
0.000114
0.000115
0.000120
0.000115
0.000115
0.000114
0.000114
0.000115
0.000114
0.000117
0.000115
0.000118
0.000115
0.000115
0.000114
0.000114
0.000114
0.000115
0.000114
0.000115
0.000115
0.000119
0.000114
0.000114
0.000114
0.000115
0.000114
0.000114
0.000114
0.000114
0.000119
0.000114
0.000118
0.000114
0.000114
0.000115
0.000114
0.000114
0.000114
0.000119
0.000129
0.000127
0.000114
0.000119
0.000115
0.000114
0.000114
0.000115
0.000120
0.000115
0.000115
0.000115
0.000114
0.000114
0.000123
0.000114
0.000115
0.000121
0.000114
0.000114
0.000115
0.000115
0.000114
0.000114
0.000115
0.000114
0.000115
0.000116
0.000115
0.000115
0.000115
0.000114
0.000115
0.000114
0.000114
0.000114
0.000119
0.000115
0.000138
0.000114
0.000115
0.000115
0.000115
0.000115
0.000116
0.000121
0.000115
0.000114
0.000114
0.000114
0.000115
0.000115
0.000115
0.000114
0.000121
0.000114
0.000114
0.000114
0.000114
0.000115
0.000115
0.000114
0.000115
0.000120
0.000115
0.000115
0.000116
0.000115
0.000114
0.000114
0.000115
0.000115
0.000137
0.000114
0.000115
0.000114
0.000115
0.000115
0.000115
0.000118
0.000114
0.000114
0.000120
0.000123
0.000115
0.000114
0.000114
0.000130
0.000127
0.000115
0.000115
0.000117
0.000114
0.000115
0.000115
0.000114
0.000114
0.000124
0.000115
0.000115
0.000119
0.000114
0.000115
0.000115
0.000114
0.000114
0.000118
0.000114
0.000114
0.000120
0.000115
0.000115
0.000114
0.000114
0.000115
0.000116
0.000114
0.000114
0.000121
0.000114
0.000115
0.000115
0.000113
0.000114
0.000115
0.000114
0.000115
0.000114
0.000120
0.000114
0.000114
0.000114
0.000114
0.000114
0.000114
0.000116
0.000115
0.000120
0.000115
0.000114
0.000114
0.000133
0.000115
0.000114
0.000115
0.000115
0.000121
0.000115
0.000114
0.000115
0.000114
0.000124
0.000114
0.000114
0.000114
0.000121
0.000114
0.000114
0.000115
0.000116
0.000115
0.000115
0.000115
0.000114
0.000120
0.000114
0.000118
0.000115
0.000114
0.000114
0.000114
0.000114
0.000114
0.000114
0.000130
0.000132
0.000115
0.000114
0.000114
0.000115
0.000115
0.000115
0.000114
0.000116
0.000123
0.000114
0.000116
0.000115
0.000114
0.000115
0.000114
0.000114
0.000122
0.000114
0.000114
0.000114
0.000114
0.000114
0.000114
0.000115
0.000115
0.000121
0.000115
0.000114
0.000114
0.000114
0.000114
0.000115
0.000114
0.000114
0.000193
0.000200
0.000201
0.000202
0.000132
0.000115
0.000114
0.000122
0.000115
0.000115
0.000114
0.000115
0.000114
0.000114
0.000114
0.000114
0.000115
0.000119
0.000115
0.000116
0.000114
0.000114
0.000114
0.000114
0.000114
0.000114
0.000122
0.000114
0.000115
0.000115
0.000114
0.000118
0.000115
0.000114
0.000114
0.000123
0.000114
0.000114
0.000114
0.000115
0.000119
0.000115
0.000114
0.000114
0.000114
0.000122
0.000114
0.000115
0.000129
0.000126
0.000114
0.000115
0.000115
0.000114
0.000122
0.000115
0.000114
0.000114
0.000125
0.000114
0.000115
0.000115
0.000115
0.000122
0.000114
0.000117
0.000115
0.000114
0.000114
0.000114
0.000114
0.000114
0.000121
0.000114
0.000115
0.000114
0.000114
0.000115
0.000115
0.000113
0.000114
0.000114
0.000122
0.000115
0.000117
0.000115
0.000115
0.000115
0.000115
0.000115
0.000115
0.000122
0.000114
0.000114
0.000115
0.000115
0.000114
0.000114
0.000115
0.000115
0.000125
0.000114
0.000115
0.000115
0.000114
0.000114
0.000114
0.000114
0.000114
0.000120
0.000115
0.000114
0.000114
0.000115
0.000115
0.000115
0.000114
0.000114
0.000116
0.000114
0.000115
0.000114
0.000114
0.000114
0.000114
0.000116
0.000115
0.000119
0.000122
0.000115
0.000115
0.000115
0.000114
0.000115
0.000117
0.000129
0.000127
0.000121
0.000114
0.000114
0.000115
0.000115
0.000114
0.000114
0.000114
0.000125
0.000124
0.000115
0.000114
0.000114
0.000115
0.000114
0.000115
0.000115
0.000114
0.000114
0.000122
0.000114
0.000115
0.000114
0.000115
0.000115
0.000114
0.000115
0.000115
0.000123
0.000115
0.000115
0.000115
0.000118
0.000114
0.000115
0.000114
0.000117
0.000121
0.000114
0.000114
0.000115
0.000115
0.000113
0.000114
0.000114
0.000115
0.000114
0.000122
0.000113
0.000115
0.000115
0.000114
0.000114
0.000115
0.000115
0.000116
0.000122
0.000115
0.000115
0.000115
0.000115
0.000114
0.000114
0.000114
0.000114
0.000121
0.000116
0.000114
0.000114
0.000114
0.000115
0.000115
0.000114
0.000115
0.000115
0.000120
0.000114
0.000116
0.000114
0.000114
0.000114
0.000113
0.000114
0.000115
0.000123
0.000127
0.000124
0.000114
0.000114
0.000114
0.000115
0.000115
0.000115
0.000122
0.000114
0.000115
0.000123
0.000115
0.000114
0.000114
0.000118
0.000115
0.000114
0.000119
0.000115
0.000114
0.000114
0.000114
0.000114
0.000114
0.000115
0.000114
0.000121
0.000114
0.000115
0.000115
0.000115
0.000114
0.000114
0.000115
0.000114
0.000121
0.000116
0.000115
0.000114
0.000114
0.000113
0.000114
0.000115
0.000113
0.000114
0.000123
0.000114
0.000114
0.000114
0.000118
0.000115
0.000114
0.000114
0.000116
0.000125
0.000114
0.000114
0.000115
0.000114
0.000113
0.000114
0.000114
0.000115
0.000121
0.000115
0.000115
0.000115
0.000115
0.000115
0.000115
0.000114
0.000114
0.000115
0.000121
0.000114
0.000114
0.000114
0.000115
0.000118
0.000114
0.000114
0.000114
0.000119
0.000115
0.000130
0.000115
0.000128
0.000126
0.000115
0.000114
0.000115
0.000120
0.000114
0.000114
0.000115
0.000115
0.000114
0.000123
0.000115
0.000115
0.000120
0.000114
0.000115
0.000115
0.000114
0.000115
0.000115
0.000115
0.000115
0.000119
0.000115
0.000114
0.000115
0.000114
0.000115
0.000113
0.000114
0.000115
0.000125
0.000115
0.000114
0.000115
0.000114
0.000114
0.000114
0.000114
0.000117
0.000115
0.000117
0.000115
0.000115
0.000115
0.000115
0.000115
0.000114
0.000115
0.000114
0.000120
0.000114
0.000115
0.000114
0.000115
0.000115
0.000114
0.000115
0.000114
0.000122
0.000114
0.000114
0.000114
0.000115
0.000115
0.000117
0.000115
0.000113
0.000114
0.000121
0.000114
0.000114
0.000114
0.000115
0.000115
0.000115
0.000115
0.000114
0.000121
0.000124
0.000115
0.000114
0.000114
0.000114
0.000114
0.000114
0.000115
0.000129
0.000115
0.000114
0.000114
0.000114
0.000115
0.000115
0.000114
0.000114
0.000120
0.000124
0.000115
0.000115
0.000118
0.000115
0.000115
0.000114
0.000115
0.000114
0.000116
0.000114
0.000115
0.000115
0.000114
0.000114
0.000115
0.000115
0.000115
0.000120
0.000115
0.000114
0.000115
0.000115
0.000114
0.000115
0.000115
0.000114
0.000120
0.000115
0.000114
0.000115
0.000115
0.000114
0.000114
0.000115
0.000114
0.000120
0.000131
0.000116
0.000115
0.000115
0.000115
0.000114
0.000114
0.000114
0.000119
0.000114
0.000113
0.000114
0.000114
0.000114
0.000114
0.000115
0.000114
0.000114
0.000116
0.000115
0.000115
0.000115
0.000114
0.000118
0.000114
0.000114
0.000115
0.000122
0.000115
0.000115
0.000115
0.000129
0.000127
0.000114
0.000114
0.000117
0.000122
0.000114
0.000115
0.000115
0.000115
0.000124
0.000114
0.000115
0.000113
0.000122
0.000115
0.000115
0.000114
0.000114
0.000114
0.000115
0.000115
0.000114
0.000114
0.000122
0.000114
0.000114
0.000114
0.000115
0.000115
0.000114
0.000115
0.000116
0.000121
0.000115
0.000114
0.000114
0.000115
0.000142
0.000114
0.000115
0.000114
0.000120
0.000115
0.000114
0.000115
0.000114
0.000115
0.000124
0.000114
0.000115
0.000120
0.000115
0.000115
0.000115
0.000115
0.000115
0.000115
0.000115
0.000115
0.000120
0.000115
0.000118
0.000114
0.000114
0.000115
0.000114
0.000114
0.000115
0.000118
0.000115
0.000116
0.000121
0.000115
0.000115
0.000114
0.000115
0.000114
0.000114
0.000121
0.000114
0.000115
0.000114
0.000114
0.000115
0.000114
0.000115
0.000129
0.000154
0.000115
0.000114
0.000116
0.000115
0.000114
0.000115
0.000114
0.000114
0.000118
0.000124
0.000115
0.000114
0.000113
0.000114
0.000114
0.000114
0.000115
0.000133
0.000115
0.000114
0.000114
0.000115
0.000114
0.000115
0.000115
0.000114
0.000120
0.000126
0.000115
0.000115
0.000114
0.000114
0.000114
0.000115
0.000115
0.000120
0.000114
0.000115
0.000115
0.000114
0.000114
0.000114
0.000113
0.000114
0.000120
0.000115
0.000114
0.000114
0.000114
0.000115
0.000115
0.000115
0.000131
0.000120
0.000114
0.000114
0.000115
0.000114
0.000115
0.000118
0.000115
0.000114
0.000114
0.000122
0.000115
0.000116
0.000114
0.000114
0.000114
