0.001869
0.000639
0.000572
0.000572
0.000545
0.000555
0.000555
0.000556
0.000552
0.000553
0.000555
0.000571
0.000538
0.000538
0.000537
0.000537
0.000536
0.000541
0.000554
0.000541
0.000524
0.000525
0.000524
0.000524
0.000525
0.000528
0.000533
0.000512
0.000513
0.000512
0.000510
0.000510
0.000514
0.000519
0.000514
0.000498
0.000497
0.000497
0.000496
0.000497
0.000498
0.000505
0.000500
0.000487
0.000484
0.000484
0.000484
0.000483
0.000486
0.000489
0.000488
0.000476
0.000476
0.000475
0.000476
0.000475
0.000475
0.000474
0.000491
0.000471
0.000473
0.000470
0.000472
0.000471
0.000471
0.000472
0.000477
0.000471
0.000471
0.000471
0.000473
0.000471
0.000470
0.000471
0.000470
0.000479
0.000471
0.000470
0.000471
0.000471
0.000472
0.000468
0.000470
0.000478
0.000471
0.000470
0.000471
0.000469
0.000469
0.000469
0.000471
0.000470
0.000478
0.000472
0.000469
0.000471
0.000471
0.000470
0.000473
0.000471
0.000484
0.000470
0.000472
0.000471
0.000473
0.000471
0.000471
0.000470
0.000469
0.000478
0.000469
0.000470
0.000471
0.000471
0.000471
0.000471
0.000469
0.000477
0.000471
0.000469
0.000472
0.000471
0.000471
0.000470
0.000470
0.000469
0.000477
0.000471
0.000470
0.000470
0.000469
0.000470
0.000471
0.000472
0.000476
0.000470
0.000469
0.000468
0.000469
0.000471
0.000469
0.000470
0.000468
0.000478
0.000470
0.000471
0.000470
0.000470
0.000472
0.000472
0.000470
0.000477
0.000470
0.000470
0.000470
0.000471
0.000471
0.000471
0.000471
0.000475
0.000469
0.000468
0.000471
0.000471
0.000471
0.000469
0.000470
0.000471
0.000474
0.000470
0.000469
0.000471
0.000471
0.000471
0.000471
0.000470
0.000474
0.000471
0.000470
0.000470
0.000470
0.000471
0.000469
0.000469
0.000469
0.000476
0.000471
0.000471
0.000471
0.000470
0.000470
0.000470
0.000469
0.000476
0.000473
0.000473
0.000469
0.000470
0.000471
0.000471
0.000470
0.000469
0.000476
0.000472
0.000472
0.000472
0.000471
0.000469
0.000469
0.000470
0.000476
0.000470
0.000473
0.000470
0.000470
0.000470
0.000470
0.000470
0.000470
0.000477
0.000471
0.000470
0.000471
0.000470
0.000472
0.000469
0.000468
0.000473
0.000470
0.000472
0.000473
0.000473
0.000472
0.000470
0.000469
0.000469
0.000477
0.000469
0.000470
0.000472
0.000471
0.000470
0.000470
0.000470
0.000476
0.000471
0.000469
0.000470
0.000471
0.000471
0.000470
0.000470
0.000473
0.000475
0.000471
0.000471
0.000470
0.000473
0.000469
0.000469
0.000471
0.000476
0.000471
0.000471
0.000470
0.000469
0.000469
0.000469
0.000469
0.000469
0.000476
0.000469
0.000472
0.000472
0.000470
0.000470
0.000470
0.000470
0.000477
0.000469
0.000470
0.000468
0.000470
0.000471
0.000470
0.000472
0.000471
0.000477
0.000472
0.000470
0.000470
0.000470
0.000470
0.000470
0.000470
0.000474
0.000471
0.000470
0.000471
0.000469
0.000471
0.000470
0.000471
0.000471
0.000478
0.000470
0.000470
0.000469
0.000471
0.000471
0.000472
0.000473
0.000476
0.000474
0.000470
0.000471
0.000470
0.000468
0.000470
0.000470
0.000471
0.000479
0.000473
0.000472
0.000469
0.000470
0.000469
0.000471
0.000470
0.000478
0.000471
0.000472
0.000470
0.000471
0.000470
0.000472
0.000470
0.000471
0.000477
0.000471
0.000470
0.000471
0.000472
0.000470
0.000470
0.000471
0.000477
0.000471
0.000470
0.000468
0.000470
0.000471
0.000471
0.000471
0.000471
0.000476
0.000469
0.000471
0.000473
0.000472
0.000469
0.000470
0.000471
0.000477
0.000472
0.000470
0.000472
0.000470
0.000470
0.000471
0.000471
0.000474
0.000469
0.000471
0.000470
0.000472
0.000472
0.000471
0.000471
0.000470
0.000474
0.000471
0.000469
0.000470
0.000471
0.000468
0.000474
0.000471
0.000476
0.000469
0.000470
0.000471
0.000469
0.000470
0.000470
0.000470
0.000472
0.000475
0.000471
0.000471
0.000470
0.000469
0.000469
0.000537
0.000472
0.000477
0.000470
0.000515
0.000471
0.000471
0.000468
0.000470
0.000470
0.000470
0.000476
0.000470
0.000470
0.000472
0.000471
0.000470
0.000470
0.000470
0.000476
0.000472
0.000469
0.000470
0.000473
0.000471
0.000470
0.000471
0.000470
0.000478
0.000472
0.000470
0.000469
0.000470
0.000471
0.000470
0.000468
0.000474
0.000470
0.000469
0.000470
0.000471
0.000470
0.000469
0.000470
0.000472
0.000479
0.000470
0.000470
0.000469
0.000471
0.000469
0.000468
0.000471
0.000477
0.000471
0.000469
0.000469
0.000470
0.000472
0.000471
0.000470
0.000474
0.000473
0.000469
0.000472
0.000470
0.000471
0.000470
0.000470
0.000470
0.000474
0.000469
0.000471
0.000469
0.000469
0.000471
0.000471
0.000472
0.000474
0.000471
0.000471
0.000470
0.000470
0.000469
0.000471
0.000470
0.000471
0.000477
0.000469
0.000470
0.000470
0.000471
0.000471
0.000470
0.000470
0.000474
0.000474
0.000471
0.000468
0.000470
0.000471
0.000470
0.000471
0.000470
0.000476
0.000471
0.000471
0.000473
0.000470
0.000469
0.000470
0.000470
0.000475
0.000470
0.000470
0.000470
0.000469
0.000471
0.000471
0.000472
0.000471
0.000476
0.000469
0.000470
0.000472
0.000470
0.000470
0.000470
0.000469
0.000477
0.000471
0.000472
0.000470
0.000471
0.000470
0.000469
0.000472
0.000472
0.000478
0.000470
0.000472
0.000470
0.000470
0.000468
0.000469
0.000471
0.000473
0.000471
0.000471
0.000471
0.000471
0.000468
0.000469
0.000470
0.000472
0.000477
0.000469
0.000469
0.000471
0.000469
0.000471
0.000471
0.000470
0.000474
0.000471
0.000471
0.000470
0.000470
0.000470
0.000470
0.000473
0.000471
0.000477
0.000470
0.000470
0.000471
0.000469
0.000470
0.000470
0.000472
0.000475
0.000471
0.000471
0.000470
0.000469
0.000470
0.000471
0.000471
0.000469
0.000477
0.000470
0.000469
0.000468
0.000468
0.000469
0.000472
0.000471
0.000476
0.000469
0.000472
0.000472
0.000470
0.000470
0.000470
0.000471
0.000470
0.000476
0.000471
0.000471
0.000470
0.000471
0.000471
0.000470
0.000471
0.000477
0.000472
0.000472
0.000469
0.000470
0.000470
0.000470
0.000471
0.000470
0.000474
0.000472
0.000472
0.000472
0.000469
0.000470
0.000469
0.000471
0.000476
0.000469
0.000471
0.000470
0.000470
0.000471
0.000472
0.000471
0.000470
0.000479
0.000472
0.000472
0.000470
0.000471
0.000471
0.000474
0.000471
0.000476
0.000471
0.000472
0.000471
0.000473
0.000471
0.000471
0.000472
0.000473
0.000472
0.000471
0.000469
0.000471
0.000470
0.000471
0.000472
0.000470
0.000475
0.000472
0.000471
0.000470
0.000470
0.000469
0.000469
0.000472
0.000475
0.000471
0.000471
0.000470
0.000472
0.000470
0.000471
0.000470
0.000471
0.000479
0.000469
0.000470
0.000471
0.000470
0.000470
0.000470
0.000472
0.000474
0.000471
0.000470
0.000471
0.000471
0.000471
0.000470
0.000470
0.000470
0.000476
0.000472
0.000471
0.000470
0.000470
0.000469
0.000470
0.000472
0.000474
0.000471
0.000471
0.000472
0.000470
0.000469
0.000469
0.000470
0.000472
0.000474
0.000470
0.000469
0.000470
0.000471
0.000471
0.000470
0.000471
0.000475
0.000469
0.000473
0.000470
0.000469
0.000470
0.000472
0.000471
0.000470
0.000476
0.000470
0.000471
0.000469
0.000470
0.000469
0.000469
0.000471
0.000476
0.000469
0.000473
0.000472
0.000470
0.000470
0.000470
0.000471
0.000470
0.000480
0.000469
0.000471
0.000472
0.000470
0.000470
0.000471
0.000471
0.000477
0.000472
0.000470
0.000470
0.000472
0.000472
0.000471
0.000470
0.000470
0.000477
0.000469
0.000473
0.000471
0.000469
0.000469
0.000470
0.000469
0.000475
0.000472
0.000469
0.000469
0.000470
0.000471
0.000468
0.000470
0.000471
0.000478
0.000470
0.000471
0.000471
0.000468
0.000470
0.000469
0.000470
0.000477
0.000470
0.000472
0.000473
0.000470
0.000469
0.000471
0.000469
0.000469
0.000476
0.000471
0.000471
0.000471
0.000470
0.000469
0.000471
0.000472
0.000475
0.000469
0.000472
0.000472
0.000471
0.000469
0.000470
0.000470
0.000471
0.000478
0.000471
0.000470
0.000469
0.000468
0.000470
0.000471
0.000469
0.000477
0.000471
0.000471
0.000469
0.000472
0.000471
0.000470
0.000470
0.000471
0.000478
0.000469
0.000469
0.000470
0.000470
0.000472
0.000470
0.000470
0.000476
0.000470
0.000471
0.000472
0.000471
0.000470
0.000472
0.000468
0.000470
0.000475
0.000472
0.000471
0.000471
0.000471
0.000472
0.000470
0.000471
0.000475
0.000469
0.000467
0.000471
0.000472
0.000472
0.000469
0.000470
0.000476
0.000471
0.000470
0.000470
0.000469
0.000471
0.000470
0.000470
0.000481
0.000478
0.000472
0.000471
0.000471
0.000520
0.000470
0.000472
0.000470
0.000473
0.000472
0.000471
0.000472
0.000471
0.000471
0.000470
0.000469
0.000470
0.000478
0.000472
0.000471
0.000471
0.000470
0.000469
0.000469
0.000471
0.000475
0.000469
0.000470
0.000470
0.000471
0.000472
0.000470
0.000469
0.000472
0.000475
0.000471
0.000472
0.000471
0.000471
0.000471
0.000473
0.000471
0.000476
0.000471
0.000470
0.000470
0.000470
0.000469
0.000473
0.000471
0.000471
0.000480
0.000471
0.000471
0.000472
0.000471
0.000470
0.000470
0.000471
0.000500
0.000471
0.000470
0.000471
0.000470
0.000471
0.000471
0.000470
0.000470
0.000476
0.000470
0.000470
0.000470
0.000471
0.000470
0.000471
0.000472
0.000475
0.000470
0.000470
0.000470
0.000468
0.000470
0.000471
0.000471
0.000470
0.000480
0.000470
0.000472
0.000471
0.000469
0.000471
0.000470
0.000470
0.000478
0.000472
0.000470
0.000470
0.000469
0.000470
0.000470
0.000471
0.000476
0.000469
0.000472
0.000471
0.000468
0.000472
0.000469
0.000468
0.000471
0.000477
0.000468
0.000471
0.000473
0.000470
0.000469
0.000472
0.000470
0.000476
0.000470
0.000471
0.000472
0.000474
0.000470
0.000470
0.000470
0.000470
0.000481
0.000473
0.000471
0.000470
0.000471
0.000471
0.000471
0.000470
0.000475
0.000470
0.000469
0.000469
0.000469
0.000471
0.000471
0.000471
0.000470
0.000477
0.000470
0.000471
0.000472
0.000469
0.000468
0.000471
0.000472
0.000474
0.000472
0.000472
0.000472
0.000469
0.000470
0.000472
0.000471
0.000470
0.000475
0.000470
0.000470
0.000472
0.000471
0.000470
0.000472
0.000469
0.000475
0.000471
0.000471
0.000469
0.000472
0.000469
0.000469
0.000471
0.000472
0.000476
0.000469
0.000470
0.000471
0.000470
0.000472
0.000470
0.000472
0.000476
0.000472
0.000470
0.000471
0.000472
0.000470
0.000470
0.000471
0.000472
0.000477
0.000471
0.000470
0.000469
0.000472
0.000471
0.000470
0.000473
0.000476
0.000469
0.000470
0.000473
0.000471
0.000469
0.000470
0.000470
0.000470
0.000475
0.000471
0.000470
0.000470
0.000470
0.000470
0.000471
0.000471
0.000473
0.000473
0.000470
0.000471
0.000471
0.000471
0.000471
0.000471
0.000470
0.000477
0.000470
0.000471
0.000471
0.000470
0.000470
0.000470
0.000472
0.000473
0.000470
0.000471
0.000470
0.000472
0.000471
0.000469
0.000470
0.000470
0.000477
0.000471
0.000470
0.000470
0.000472
0.000472
0.000470
0.000472
0.000490
0.000471
0.000470
0.000470
0.000471
0.000470
0.000470
0.000470
0.000472
0.000484
0.000471
0.000470
0.000472
0.000470
0.000471
0.000471
0.000472
0.000473
0.000470
0.000470
0.000471
0.000471
0.000471
0.000470
0.000470
0.000475
0.000470
0.000469
0.000471
0.000471
0.000470
0.000471
0.000471
0.000470
0.000474
0.000470
0.000471
0.000469
0.000470
0.000471
0.000471
0.000471
0.000473
0.000469
0.000469
0.000470
0.000473
0.000470
0.000471
0.000472
0.000471
0.000477
0.000471
0.000470
0.000469
0.000470
0.000471
0.000472
0.000471
0.000475
0.000474
0.000470
0.000474
0.000471
0.000470
0.000469
0.000470
0.000470
0.000476
0.000473
0.000468
0.000469
0.000469
0.000470
0.000471
0.000470
0.000487
0.000471
0.000472
0.000471
0.000471
0.000471
0.000470
0.000470
0.000470
0.000477
0.000470
0.000470
0.000470
0.000470
0.000471
0.000469
0.000470
0.000474
0.000470
0.000472
0.000472
0.000470
0.000471
0.000470
0.000471
0.000470
0.000477
0.000470
0.000468
0.000470
0.000471
0.000470
0.000471
0.000469
0.000475
0.000470
0.000472
0.000469
0.000471
0.000470
0.000471
0.000470
0.000470
0.000477
0.000470
0.000469
0.000471
0.000471
0.000470
0.000470
0.000470
0.000475
0.000470
0.000470
0.000471
0.000469
0.000470
0.000470
0.000472
0.000470
0.000475
0.000470
0.000472
0.000471
0.000469
0.000470
0.000472
0.000471
0.000478
0.000472
0.000471
0.000471
0.000470
0.000469
0.000472
0.000471
0.000469
0.000476
0.000470
0.000471
0.000470
0.000469
0.000468
0.000470
0.000470
0.000476
0.000470
0.000470
0.000470
0.000471
0.000470
0.000470
0.000471
0.000470
0.000476
0.000471
0.000471
0.000470
0.000470
0.000472
0.000470
0.000470
0.000475
0.000470
0.000472
0.000470
0.000470
0.000471
0.000471
0.000472
0.000469
0.000478
0.000470
0.000470
0.000473
0.000470
0.000471
0.000472
0.000470
0.000477
0.000469
0.000470
0.000469
0.000470
0.000470
0.000471
0.000471
0.000470
0.000478
0.000470
0.000470
0.000470
0.000471
0.000471
0.000469
0.000470
0.000478
0.000469
0.000471
0.000470
0.000471
0.000471
0.000472
0.000472
0.000469
0.000475
0.000472
0.000469
0.000472
0.000469
0.000471
0.000470
0.000469
0.000475
0.000471
0.000472
0.000469
0.000470
0.000469
0.000470
0.000470
0.000474
0.000471
0.000472
0.000470
0.000469
0.000472
0.000471
0.000471
0.000470
0.000476
0.000472
0.000470
0.000472
0.000471
0.000470
0.000469
0.000471
0.000475
0.000469
0.000473
0.000469
0.000470
0.000471
0.000470
0.000469
0.000470
0.000476
0.000470
0.000470
0.000470
0.000472
0.000470
0.000471
0.000470
0.000476
0.000470
0.000469
0.000473
0.000472
0.000470
0.000471
0.000470
0.000473
0.000476
0.000470
0.000470
0.000471
0.000471
0.000471
0.000469
0.000470
0.000475
0.000470
0.000471
0.000472
0.000469
0.000472
0.000472
0.000470
0.000471
0.000477
0.000471
0.000471
0.000471
0.000471
0.000470
0.000472
0.000471
0.000475
0.000472
0.000471
0.000470
0.000472
0.000471
0.000468
0.000469
0.000471
0.000479
0.000470
0.000471
0.000470
0.000470
0.000468
0.000469
0.000470
0.000476
0.000473
0.000468
0.000471
0.000469
0.000468
0.000469
0.000470
0.000469
0.000478
0.000470
0.000470
0.000471
0.000470
0.000471
0.000472
0.000470
0.000489
0.000471
0.000468
0.000470
0.000471
0.000472
0.000469
0.000470
0.000468
0.000479
0.000471
0.000469
0.000468
0.000472
0.000469
0.000468
0.000471
0.000475
0.000471
0.000470
0.000470
0.000472
0.000468
0.000470
0.000473
0.000473
0.000478
0.000471
0.000471
0.000468
0.000470
0.000471
0.000471
0.000469
0.000476
0.000471
0.000472
0.000470
0.000470
0.000469
0.000470
0.000469
0.000471
0.000477
0.000470
0.000471
0.000470
0.000469
0.000469
0.000470
0.000472
0.000475
0.000471
0.000471
0.000472
0.000471
0.000470
0.000469
0.000470
0.000470
0.000476
0.000471
0.000471
0.000469
0.000470
0.000471
0.000469
0.000470
0.000484
0.000471
0.000470
0.000471
0.000471
0.000471
0.000470
0.000468
0.000469
0.000478
0.000472
0.000473
0.000471
0.000472
0.000472
0.000472
0.000471
0.000476
0.000469
0.000470
0.000469
0.000475
0.000471
0.000470
0.000470
0.000475
0.000470
0.000473
0.000470
0.000469
0.000469
0.000470
0.000471
0.000470
0.000476
0.000470
0.000471
0.000471
0.000468
0.000469
0.000469
0.000469
0.000472
0.000471
0.000470
0.000470
0.000470
0.000469
0.000470
0.000469
0.000471
0.000477
0.000470
0.000470
0.000471
0.000470
0.000471
0.000470
0.000470
0.000476
0.000469
0.000469
0.000471
0.000471
0.000472
0.000471
0.000470
0.000471
0.000477
0.000470
0.000469
0.000470
0.000471
0.000471
0.000470
0.000470
0.000475
0.000471
0.000472
0.000472
0.000470
0.000472
0.000472
0.000469
0.000472
0.000475
0.000470
0.000470
0.000471
0.000470
0.000471
0.000471
0.000470
0.000476
0.000469
0.000470
0.000470
0.000469
0.000471
0.000470
0.000471
0.000470
0.000474
0.000472
0.000471
0.000471
0.000469
0.000472
0.000471
0.000471
0.000477
0.000470
0.000470
0.000469
0.000469
0.000471
0.000470
0.000470
0.000471
0.000478
0.000471
0.000470
0.000472
0.000470
0.000472
0.000470
0.000470
0.000475
0.000471
0.000470
0.000472
0.000470
0.000471
0.000470
0.000470
0.000470
0.000478
0.000471
0.000472
0.000470
0.000471
0.000471
0.000470
0.000469
0.000483
0.000470
0.000471
0.000471
0.000469
0.000469
0.000470
0.000472
0.000473
0.000481
0.000471
0.000470
0.000472
0.000470
0.000470
0.000469
0.000471
0.000475
0.000471
0.000472
0.000470
0.000470
0.000470
0.000470
0.000468
0.000469
0.000477
0.000471
0.000469
0.000470
0.000470
0.000471
0.000469
0.000471
0.000475
0.000472
0.000471
0.000474
0.000472
0.000470
0.000473
0.000469
0.000471
0.000478
0.000471
0.000470
0.000471
0.000470
0.000470
0.000471
0.000471
0.000482
0.000471
0.000469
0.000470
0.000469
0.000471
0.000469
0.000471
0.000471
0.000475
0.000469
0.000469
0.000469
0.000470
0.000469
0.000471
0.000471
0.000486
0.000472
0.000472
0.000470
0.000471
0.000470
0.000472
0.000470
0.000475
0.000469
0.000470
0.000471
0.000471
0.000470
0.000469
0.000469
0.000473
0.000475
0.000472
0.000469
0.000470
0.000471
0.000470
0.000469
0.000471
0.000475
0.000471
0.000470
0.000473
0.000471
0.000470
0.000471
0.000471
0.000470
0.000475
0.000471
0.000469
0.000470
0.000470
0.000470
0.000471
0.000470
0.000474
0.000472
0.000473
0.000470
0.000469
0.000470
0.000470
0.000470
0.000471
0.000477
0.000470
0.000470
0.000470
0.000470
0.000470
0.000471
0.000471
0.000476
0.000472
0.000470
0.000469
0.000471
0.000470
0.000471
0.000470
0.000471
0.000480
0.000472
0.000472
0.000470
0.000471
0.000470
0.000472
0.000470
0.000474
0.000470
0.000471
0.000470
0.000470
0.000470
0.000472
0.000470
0.000470
0.000477
0.000470
0.000470
0.000469
0.000470
0.000471
0.000471
0.000470
0.000475
0.000471
0.000471
0.000471
0.000470
0.000469
0.000471
0.000470
0.000470
0.000475
0.000470
0.000469
0.000470
0.000471
0.000471
0.000470
0.000468
0.000474
0.000469
0.000471
0.000473
0.000469
0.000468
0.000471
0.000472
0.000471
0.000476
0.000471
0.000471
0.000469
0.000470
0.000470
0.000469
0.000472
0.000474
0.000472
0.000473
0.000469
0.000471
0.000470
0.000470
0.000470
0.000471
0.000477
0.000470
0.000471
0.000470
0.000469
0.000472
0.000470
0.000471
0.000476
0.000469
0.000508
0.000520
0.000470
0.000469
0.000470
0.000469
0.000476
0.000472
0.000471
0.000470
0.000468
0.000472
0.000470
0.000470
0.000470
0.000476
0.000470
0.000471
0.000472
0.000472
0.000471
0.000470
0.000469
0.000474
0.000470
0.000470
0.000472
0.000470
0.000469
0.000470
0.000471
0.000469
0.000476
0.000471
0.000470
0.000468
0.000471
0.000470
0.000471
0.000469
0.000472
0.000471
0.000470
0.000470
0.000470
0.000470
0.000471
0.000471
0.000470
0.000477
0.000472
0.000469
0.000472
0.000471
0.000470
0.000470
0.000470
0.000476
0.000475
0.000470
0.000469
0.000472
0.000470
0.000471
0.000470
0.000472
0.000478
0.000471
0.000471
0.000470
0.000471
0.000470
0.000471
0.000470
0.000471
0.000470
0.000470
0.000469
0.000470
0.000469
0.000469
0.000470
0.000472
0.000476
0.000470
0.000471
0.000468
0.000470
0.000472
0.000469
0.000469
0.000475
0.000470
0.000470
0.000469
0.000469
0.000470
0.000471
0.000471
0.000472
0.000476
