0.017005
0.011966
0.012785
0.011904
0.012943
0.012723
0.012897
0.013142
0.012586
0.012813
0.013869
0.012846
0.012370
0.013588
0.012076
0.013145
0.012807
0.012677
0.012828
0.013334
0.012686
0.012856
0.012586
0.013761
0.012337
0.013812
0.012184
0.013708
0.012298
0.012686
0.013641
0.013766
0.012797
0.012948
0.012948
0.012995
0.013609
0.012921
0.013366
0.013118
0.013012
0.013152
0.012166
0.013160
0.012755
0.012676
0.013344
0.013479
0.012955
0.012974
0.012871
0.013467
0.012962
0.013463
0.012062
0.013199
0.013116
0.013256
0.013412
0.012780
0.012730
0.013906
0.012206
0.013005
0.012701
0.012894
0.013391
0.012366
0.013230
0.012688
0.012874
0.013107
0.012776
0.013901
0.012606
0.012800
0.013586
0.030284
0.015109
0.013070
0.012721
0.012750
0.012852
0.012822
0.013579
0.012870
0.012540
0.012799
0.012513
0.012357
0.013158
0.013178
0.012962
0.012281
0.013445
0.013104
0.013626
0.012484
0.012643
0.011941
0.012736
0.013298
0.013450
0.012782
0.012550
0.012621
0.012821
0.013178
0.012000
0.013085
0.013081
0.013143
0.013145
0.013289
0.012412
0.012423
0.012943
0.013317
0.012973
0.013155
0.012854
0.013173
0.012736
0.012794
0.013050
0.012596
0.012560
0.015450
0.014819
0.013107
0.013879
0.013220
0.013872
0.012243
0.012666
0.012871
0.013002
0.014143
0.013898
0.012664
0.013266
0.012807
0.014125
0.013260
0.013368
0.013674
0.012842
0.013369
0.012615
0.012849
0.013084
0.012351
0.013378
0.013490
0.013355
0.012974
0.013541
0.013660
0.012862
0.012918
0.012982
0.012868
0.013442
0.012851
0.013471
0.012694
0.012948
0.012941
0.013099
0.012824
0.013254
0.013480
0.013471
0.013147
0.012717
0.012835
0.012520
0.013364
0.012508
0.013365
0.012296
0.012466
0.012288
0.013375
0.013093
0.013460
0.012908
0.013632
0.012956
0.012641
0.013260
0.012885
0.012642
0.013194
0.013303
0.012767
0.013091
0.012725
0.013058
0.012754
0.013113
0.012719
0.012829
0.012802
0.013462
0.013106
0.013386
0.013785
0.013014
0.013221
0.013110
0.012966
0.013709
0.012947
0.013144
0.012213
0.012552
0.012572
0.013134
0.012801
0.012389
0.012736
0.013500
0.012501
0.012994
0.012775
0.011844
0.012351
0.013140
0.012539
0.012502
0.012548
0.013075
0.029594
0.011993
0.012393
0.012083
0.012198
0.012880
0.012210
0.012994
0.012957
0.013017
0.012695
0.013595
0.012492
0.012456
0.013107
0.012229
0.013017
0.012445
0.012280
0.013220
0.012380
0.012014
0.012459
0.012272
0.012324
0.013228
0.012342
0.013951
0.012671
0.012660
0.012780
0.013537
0.012637
0.012947
0.013410
0.012290
0.013072
0.012659
0.012692
0.012278
0.012324
0.012768
0.012352
0.012100
0.012373
0.013269
0.012431
0.012689
0.012323
0.012596
0.012223
0.012815
0.011805
0.012965
0.013105
0.012809
0.012563
0.012253
0.012830
0.013154
0.012642
0.013636
0.012928
0.012662
0.013314
0.012967
0.012321
0.012358
0.013460
0.013312
0.012779
0.012725
0.012124
0.012612
0.013307
0.013384
0.012961
0.012431
0.013028
0.013179
0.013195
0.013017
0.012984
0.012743
0.012737
0.012665
0.012416
0.012820
0.012467
0.012522
0.011676
0.012699
0.013064
0.012106
0.013921
0.013029
0.012743
0.013291
0.012983
0.013274
0.012991
0.012473
0.013092
0.011925
0.012465
0.013015
0.013443
0.013594
0.013401
0.012479
0.012913
0.012195
0.012172
0.012344
0.012096
0.013110
0.012488
0.012222
0.012826
0.012817
0.012905
0.012373
0.012833
0.012398
0.012365
0.012643
0.012225
0.012895
0.012394
0.012252
0.012347
0.013310
0.012217
0.012599
0.012171
0.012916
0.012477
0.013161
0.012596
0.012719
0.011779
0.013354
0.012886
0.013747
0.012743
0.013258
0.012678
0.013121
0.013173
0.012760
0.012998
0.013260
0.012610
0.012580
0.012702
0.011805
0.012863
0.012384
0.012875
0.012409
0.013215
0.012406
0.012686
0.013336
0.012265
0.013639
0.012953
0.012633
0.012098
0.012827
0.012851
0.013092
0.012215
0.013060
0.012422
0.012463
0.012867
0.012210
0.012122
0.013624
0.012350
0.013238
0.012682
0.012760
0.012399
0.013099
0.013240
0.013618
0.012861
0.012329
0.012622
0.012849
0.012772
0.012484
0.013893
0.012671
0.013405
0.012680
0.012707
0.012944
0.012210
0.012811
0.012184
0.012606
0.012606
0.012591
0.013321
0.012086
0.012923
0.012936
0.012534
0.013196
0.013628
0.012611
0.012472
0.012431
0.013766
0.012984
0.013261
0.012224
0.012407
0.012697
0.012356
0.012555
0.012497
0.013094
0.012582
0.012671
0.012153
0.012340
0.012898
0.012030
0.012846
0.013025
0.013227
0.012473
0.012018
0.012895
0.012185
0.013421
0.012455
0.013235
0.012913
0.012462
0.012621
0.013201
0.013008
0.012957
0.012467
0.012708
0.012300
0.013437
0.012396
0.012233
0.012873
0.012777
0.012865
0.012231
0.012255
0.013047
0.012793
0.012358
0.012841
0.012394
0.012921
0.012490
0.013305
0.012939
0.011785
0.013577
0.012360
0.012615
0.012964
0.012593
0.012970
0.012661
0.011955
0.013146
0.012336
0.013313
0.012223
0.013504
0.013408
0.022244
0.020406
0.018708
0.018558
0.020147
0.019551
0.016046
0.013409
0.012248
0.012624
0.011965
0.012514
0.012094
0.012250
0.013096
0.011888
0.012970
0.012193
0.012372
0.013042
0.012436
0.012765
0.012040
0.012870
0.012085
0.012143
0.012762
0.029081
0.014237
0.011835
0.012554
0.012527
0.013407
0.012453
0.013073
0.012349
0.012703
0.012902
0.013697
0.012440
0.012755
0.013311
0.011726
0.013655
0.011953
0.012876
0.012626
0.012440
0.012102
0.013666
0.012584
0.012553
0.012166
0.012913
0.012716
0.013252
0.012623
0.012835
0.012966
0.012622
0.012482
0.013046
0.013320
0.013361
0.012144
0.013450
0.013054
0.013823
0.012807
0.013014
0.013014
0.012305
0.011700
0.012538
0.013260
0.012991
0.012621
0.012633
0.012243
0.013225
0.012866
0.012855
0.012592
0.012772
0.012669
0.012805
0.012530
0.012707
0.012765
0.013117
0.013057
0.013043
0.012462
0.012745
0.012586
0.012803
0.013582
0.012284
0.012883
0.012347
0.013227
0.012574
0.012799
0.012615
0.012614
0.013249
0.012187
0.012442
0.012631
0.012900
0.012789
0.013405
0.013796
0.012362
0.012469
0.013626
0.012426
0.012876
0.012676
0.012469
0.012959
0.012623
0.012682
0.013135
0.013761
0.012717
0.012997
0.012821
0.013478
0.012403
0.012913
0.012922
0.012758
0.012248
0.013505
0.012522
0.012610
0.012620
0.012670
0.012603
0.013341
0.013009
0.012325
0.012528
0.012667
0.013227
0.012060
0.012336
0.012485
0.012917
0.012462
0.012479
0.012949
0.013145
0.012690
0.013422
0.012531
0.013143
0.012754
0.013445
0.012060
0.013821
0.012829
0.013676
0.012777
0.012840
0.012700
0.013284
0.012656
0.013883
0.012785
0.013493
0.013165
0.012236
0.013454
0.012797
0.013226
0.012540
0.012911
0.012616
0.012880
0.012703
0.012667
0.012417
0.013883
0.012881
0.013553
0.012447
0.013188
0.012455
0.012616
0.013442
0.012382
0.013461
0.012470
0.013044
0.012942
0.013139
0.012824
0.012333
0.013038
0.012727
0.013107
0.013163
0.012428
0.012924
0.012549
0.012443
0.013040
0.013166
0.013214
0.013099
0.013005
0.012386
0.013246
0.012432
0.013093
0.012331
0.013445
0.012694
0.013800
0.012500
0.012415
0.013340
0.012119
0.012722
0.012602
0.012588
0.012385
0.012931
0.012651
0.013029
0.013833
0.012386
0.013503
0.012062
0.012644
0.012775
0.013153
0.012557
0.013210
0.013393
0.012893
0.013217
0.012092
0.012975
0.012827
0.013274
0.012385
0.013674
0.012579
0.013292
0.013030
0.013013
0.012392
0.012549
0.012267
0.013308
0.013703
0.012366
0.012521
0.013304
0.012286
0.013377
0.012216
0.012568
0.012474
0.012960
0.013124
0.012684
0.012540
0.012852
0.013101
0.013181
0.012684
0.012421
0.013624
0.012166
0.013266
0.012706
0.013022
0.012460
0.013842
0.012448
0.013379
0.012716
0.013580
0.012492
0.012893
0.013511
0.012619
0.013428
0.012742
0.012341
0.012920
0.012916
0.012511
0.012485
0.012820
0.013530
0.012391
0.013214
0.012888
0.012404
0.012253
0.012772
0.011758
0.013754
0.012930
0.013431
0.012499
0.012401
0.012065
0.012486
0.012225
0.012914
0.012803
0.012690
0.013349
0.012461
0.013422
0.012569
0.013779
0.012398
0.013592
0.013663
0.012702
0.012501
0.012591
0.013114
0.012187
0.013455
0.012115
0.013552
0.012438
0.013075
0.012470
0.023418
0.015016
0.011415
0.012204
0.011576
0.012787
0.011728
0.012140
0.012225
0.012795
0.012096
0.012178
0.012569
0.012557
0.012696
0.012537
0.012791
0.012552
0.012924
0.012816
0.012411
0.012653
0.012668
0.013162
0.013220
0.014055
0.012842
0.012847
0.012381
0.021908
0.022207
0.021886
0.020424
0.014003
0.011824
0.011857
0.013606
0.012162
0.012903
0.012624
0.013079
0.013344
0.012554
0.012327
0.015194
0.014606
0.013131
0.012002
0.013436
0.012968
0.012637
0.012487
0.012905
0.012630
0.012826
0.012630
0.012470
0.012852
0.013218
0.013302
0.013408
0.013021
0.013006
0.012777
0.013727
0.012502
0.012824
0.012667
0.013299
0.012814
0.012720
0.013792
0.012431
0.012536
0.011863
0.012632
0.012406
0.012542
0.013133
0.012477
0.012931
0.013106
0.012794
0.012136
0.012698
0.012692
0.012510
0.012973
0.012393
0.013055
0.012490
0.012995
0.012854
0.011838
0.012481
0.012678
0.013049
0.012251
0.013522
0.012555
0.012302
0.011903
0.012620
0.012528
0.013292
0.012163
0.013239
0.012436
0.012695
0.012702
0.012222
0.012064
0.012179
0.013359
0.012188
0.012859
0.012457
0.012023
0.012396
0.012519
0.012357
0.012728
0.012582
0.012691
0.013387
0.012424
0.012673
0.012981
0.012541
0.012125
0.012395
0.015314
0.012592
0.013206
0.012685
0.012019
0.011871
0.012432
0.012281
0.012555
0.013138
0.012777
0.012711
0.012790
0.012833
0.012107
0.012296
0.012241
0.012514
0.012610
0.013775
0.012532
0.012489
0.011914
0.012090
0.012946
0.012829
0.012186
0.012136
0.013747
0.012699
0.012595
0.012240
0.012356
0.012616
0.012568
0.012944
0.013058
0.012257
0.012371
0.012660
0.012598
0.012350
0.012954
0.012877
0.012638
0.013093
0.012680
0.012364
0.012993
0.012057
0.012330
0.012262
0.012368
0.012776
0.012956
0.012813
0.012645
0.011987
0.012506
0.013035
0.012264
0.031690
0.013568
0.011690
0.012611
0.012429
0.012425
0.012319
0.012475
0.012079
0.013479
0.012645
0.011784
0.012595
0.012894
0.012956
0.011519
0.012672
0.012949
0.013247
0.012143
0.012778
0.011946
0.012442
0.012018
0.012660
0.012541
0.013353
0.015298
0.012334
0.011860
0.012200
0.012421
0.012620
0.012906
0.012656
0.019184
0.018905
0.017390
0.013031
0.011711
0.011844
0.012215
0.013500
0.013200
0.012177
0.012186
0.012316
0.012344
0.012047
0.012558
0.013189
0.013644
0.013022
0.012820
0.012194
0.012316
0.011950
0.012888
0.012086
0.013028
0.013073
0.012432
0.012557
0.012169
0.012581
0.012268
0.013259
0.012110
0.013400
0.012237
0.012174
0.012393
0.012387
0.012376
0.012478
0.013545
0.012327
0.013661
0.012579
0.012800
0.012626
0.013253
0.012403
0.012683
0.012204
0.012209
0.012409
0.012788
0.012046
0.012602
0.012063
0.013160
0.013043
0.012369
0.012909
0.012038
0.012596
0.012886
0.012670
0.011732
0.012815
0.013433
0.012422
0.012930
0.012789
0.012428
0.012684
0.012429
0.012704
0.012218
0.012995
0.012794
0.012529
0.013145
0.012358
0.013262
0.012528
0.011878
0.012640
0.012013
0.012711
0.013029
0.012874
0.011853
0.013143
0.013215
0.012973
0.013057
0.012328
0.012328
0.013027
0.012541
0.011924
0.012086
0.012663
0.012442
0.012952
0.012402
0.012753
0.012162
0.012564
0.012047
0.012936
0.013409
0.012907
0.012699
0.012201
0.012441
0.012636
0.012589
0.012226
0.013013
0.012302
0.012323
0.011822
0.012798
0.012413
0.012114
0.012813
0.012294
0.012961
0.012156
0.012609
0.012881
0.012805
0.012599
0.012397
0.012573
0.012340
0.012280
0.012074
0.012336
0.012729
0.012742
0.012531
0.012981
0.012447
0.011898
0.012939
0.012629
0.012624
0.012482
0.012022
0.012239
0.013022
0.012610
0.012492
0.012510
0.012498
0.012684
0.013093
0.012871
0.012585
0.012443
0.013189
0.012078
0.012116
0.012207
0.012410
0.012811
0.011990
0.012598
0.012515
0.012300
0.012962
0.012459
0.012951
0.012577
0.012493
0.011725
0.012411
0.012501
0.012473
0.012461
0.012966
0.012418
0.012678
0.012706
0.012843
0.012086
0.012572
0.012671
0.012090
0.012210
0.012031
0.013304
0.012571
0.012851
0.012532
0.013044
0.012097
0.012479
0.013055
0.012638
0.012323
0.012845
0.012612
0.012955
0.012396
0.012657
0.012746
0.012432
0.012672
0.012669
0.012103
0.014570
0.015814
0.014854
0.013731
0.014591
0.014570
0.014857
0.011979
0.011781
0.012783
0.012503
0.012604
0.012105
0.012982
0.012261
0.012323
0.012420
0.012468
0.012078
0.013021
0.012531
0.012833
0.012717
0.013167
0.012682
0.012433
0.011970
0.011977
0.012545
0.012551
0.013007
0.012953
0.012281
0.012123
0.012978
0.012428
0.012906
0.013279
0.012515
0.012401
0.012673
0.012743
0.012535
0.012775
0.012430
0.012559
0.012140
0.012808
0.012791
0.012142
0.012901
0.012576
0.012916
0.012376
0.012434
0.012615
0.012880
0.012819
0.012629
0.012558
0.013153
0.012386
0.012906
0.012538
0.012509
0.012393
0.012851
0.012333
0.013009
0.012205
0.012271
0.012786
0.012650
0.012498
0.011997
0.012612
0.013061
0.012837
0.012296
0.012769
0.012291
0.012582
0.013057
0.012117
0.012433
0.012376
0.013027
0.012717
0.012651
0.012966
0.012565
0.013004
0.013119
0.012861
0.011802
0.012133
0.012741
0.013095
0.011463
0.013004
0.012834
0.012482
0.012640
0.012707
0.012420
0.012627
0.012772
0.012435
0.012290
0.012478
0.011872
0.012575
0.012087
0.011995
0.012567
0.013011
0.012245
0.012062
0.012797
0.012415
0.012632
0.012432
0.012936
0.012237
0.012611
0.012216
0.012586
0.012577
0.012970
0.011672
0.012039
0.012669
0.011984
0.012390
0.012529
0.012568
0.012423
0.012579
0.011901
0.012732
0.012683
0.013006
0.012341
0.012660
0.013032
0.012690
0.012673
0.012348
0.012302
0.012478
0.012336
0.013075
0.012530
0.012406
0.013004
0.029874
0.013482
0.012335
0.011951
0.013002
0.011714
0.013265
0.012377
0.012974
0.013068
0.012460
0.013061
0.013067
0.013068
0.012164
0.012195
0.012659
0.011918
0.012807
0.012162
0.012943
0.012069
0.012732
0.012790
0.012635
0.012541
0.012574
0.012708
0.012421
0.012343
0.012721
0.013026
0.013159
0.012810
0.012362
0.013467
0.012664
0.012519
0.013106
0.012943
0.013375
0.013173
0.012767
0.012575
0.012593
0.013095
0.013073
0.012862
0.012159
0.012975
0.012871
0.012729
0.012257
0.012745
0.012135
0.012872
0.020235
0.018710
0.018724
0.013045
0.011213
0.012330
0.011754
0.012491
0.011380
0.012069
0.011642
0.012607
0.011553
0.012403
0.012013
0.011987
0.012522
0.011294
0.012599
0.011578
0.012077
0.011914
0.012044
0.011547
0.012295
0.011693
0.012134
0.011789
0.012399
0.012827
0.012198
0.011797
0.012665
0.011739
0.011480
0.011802
0.012081
0.011921
0.012156
0.012071
0.012302
0.011997
0.012175
0.012222
0.011888
0.012078
0.012531
0.012632
0.011858
0.012898
0.012334
0.011835
0.012109
0.012675
0.012025
0.012306
0.012485
0.011875
0.012560
0.012741
0.012278
0.012320
0.012314
0.012366
0.012205
0.012605
0.011812
0.012298
0.012044
0.012905
0.011820
0.012497
0.012387
0.012534
0.012050
0.012268
0.012367
0.012617
0.012219
0.012287
0.012037
0.012706
0.012052
0.011835
0.012851
0.012574
0.012283
0.012284
0.012960
0.011988
0.012434
0.012487
0.011872
0.012305
0.012870
0.011609
0.012575
0.012033
0.012548
0.012350
0.012470
0.012138
0.012776
0.012367
0.012533
0.012504
0.012289
0.012090
0.012339
0.012620
0.011667
0.011898
0.012830
0.012773
0.012147
0.012964
0.012299
0.012771
0.012553
0.012417
0.012688
0.011842
0.011705
0.012362
0.012296
0.012935
0.012475
0.012044
0.012271
0.012147
0.012902
0.012617
0.012216
0.012466
0.011976
0.012383
0.012408
0.012559
0.012103
0.012609
0.012887
0.012718
0.012244
0.011939
0.011965
0.012684
0.012160
0.012530
0.011961
0.012345
0.012177
0.012094
0.012184
0.012174
0.012968
0.012392
0.012985
0.012102
0.012253
0.011939
0.012468
0.012635
0.012330
0.011815
0.012533
0.011964
0.012053
0.012319
0.012405
0.012683
0.012246
0.011921
0.012256
0.011750
0.012724
0.012107
0.012676
0.011950
0.013020
0.012852
0.012991
0.011677
0.012423
0.012320
0.012183
0.011965
0.012734
0.015745
0.013767
0.012933
0.011526
0.014598
0.011829
0.013044
0.012389
0.012067
0.013112
0.012742
0.012010
0.012324
0.012442
0.012357
0.012248
0.011884
0.012393
0.012310
0.012370
0.012469
0.012745
0.012040
0.012781
0.012568
0.012580
0.012453
0.012013
0.012887
0.012589
0.012961
0.012231
0.012448
0.012310
0.011808
0.012652
0.012141
0.012401
0.012493
0.012392
0.012154
0.012059
0.011924
0.012040
0.012581
0.012662
0.013084
0.012500
0.012187
0.012285
0.012232
0.012570
0.012146
0.012992
0.012646
0.012170
0.012916
0.012389
0.012291
0.012576
0.012301
0.012701
0.012701
0.012024
0.012837
0.012988
0.011613
0.012011
0.012478
0.012174
0.012224
0.012479
0.012532
0.012657
0.012784
0.012318
0.012548
0.012554
0.012715
0.012679
0.012077
0.012291
0.012356
0.012523
0.012274
0.011867
0.012355
0.013086
0.012318
0.012053
0.011909
0.012285
0.012202
0.012398
0.012213
0.012695
0.012739
0.011962
0.012109
0.011986
0.012561
0.011887
0.012869
0.012627
0.012931
0.012621
0.012799
0.012274
0.012558
0.012142
0.012559
0.012330
0.011967
0.011977
0.012163
0.012530
0.012018
0.012695
0.012268
0.012576
0.012339
0.012885
0.013156
0.012076
0.011956
0.012269
0.012410
0.012257
0.012745
0.012312
0.012715
0.012344
0.012775
0.012573
0.012387
0.012370
0.012188
0.012639
0.012726
0.012396
0.012265
0.012180
0.012699
0.012578
0.012410
0.012640
0.012661
0.011884
0.012867
0.011902
0.012802
0.012312
0.012636
0.012146
0.012151
0.012605
0.011927
0.011480
0.012188
0.012155
0.012439
0.012404
0.012096
0.011536
0.012086
0.011649
0.012039
0.012119
0.012630
0.012389
0.012369
0.012625
0.011869
0.012560
0.012273
0.012542
0.011935
0.011959
0.012971
0.012439
0.012394
0.012171
0.012746
0.012194
0.012656
0.012011
0.012539
0.011978
0.012408
0.011480
0.012434
0.011936
0.012277
0.012278
0.012554
0.012003
0.012792
0.012137
0.012467
0.012051
0.012640
0.012589
0.012614
0.011740
0.012819
0.012883
0.012911
0.011927
0.012218
0.012874
0.012230
0.013080
0.012743
0.011392
0.012542
0.011844
0.012395
0.012547
0.012446
0.012553
0.012515
0.012064
0.012374
0.012277
0.012859
0.011830
0.012410
0.012128
0.012319
0.012403
0.012634
0.012588
0.012349
0.012195
0.013281
0.012809
0.012767
0.012977
0.012283
0.012658
0.014079
0.012441
0.012112
0.010929
0.012779
0.011920
0.012936
0.012180
0.012645
0.011824
0.012250
0.012019
0.013198
0.011836
0.012446
0.011926
0.012921
0.011870
0.012280
0.012724
0.012431
0.012019
0.011724
0.013049
0.012564
0.012250
0.011895
0.012239
0.012783
0.012151
0.012670
0.012214
0.012412
0.012292
0.012718
0.012532
0.011918
0.012925
0.012427
0.012515
0.012691
0.011935
0.011895
0.012065
0.012230
0.012043
0.011974
0.012902
0.012175
0.011760
0.026912
0.013234
0.011854
0.011730
0.011820
0.012536
0.011699
0.012975
0.011816
0.012771
0.012578
0.013009
0.012816
0.011919
0.012193
0.012522
0.012299
0.012178
0.012294
0.012271
0.012689
0.012599
