0.003393
0.001554
0.001476
0.001441
0.001440
0.001456
0.001400
0.001400
0.001393
0.001381
0.001388
0.001358
0.001348
0.001376
0.001386
0.001360
0.001378
0.001354
0.001334
0.001337
0.001321
0.001317
0.001318
0.001311
0.001316
0.001334
0.001330
0.001290
0.001318
0.001322
0.001321
0.001318
0.001322
0.001286
0.001316
0.001326
0.001290
0.001283
0.001336
0.001327
0.001285
0.001339
0.001298
0.001284
0.001336
0.001297
0.001323
0.001323
0.001302
0.001291
0.001325
0.001290
0.001288
0.001328
0.001316
0.001316
0.001325
0.001308
0.001289
0.001321
0.001327
0.001326
0.001325
0.001310
0.001299
0.001323
0.001315
0.001305
0.001324
0.001323
0.001318
0.001326
0.001308
0.001293
0.001331
0.001308
0.001327
0.001334
0.001314
0.001305
0.001331
0.001314
0.001297
0.001322
0.001321
0.001322
0.001324
0.001317
0.001300
0.001330
0.001324
0.001311
0.001325
0.001314
0.001299
0.001325
0.001319
0.001295
0.001319
0.001318
0.001321
0.001312
0.001302
0.001288
0.001315
0.001321
0.001315
0.001313
0.001323
0.001295
0.001301
0.001348
0.001280
0.001291
0.001339
0.001317
0.001301
0.001334
0.001302
0.001297
0.001334
0.001297
0.001324
0.001319
0.001299
0.001290
0.001330
0.001309
0.001287
0.001336
0.001310
0.001310
0.001332
0.001299
0.001296
0.001323
0.001314
0.001326
0.001325
0.001314
0.001292
0.001320
0.001317
0.001294
0.001326
0.001306
0.001321
0.001324
0.001315
0.001291
0.001322
0.001320
0.001321
0.001319
0.001315
0.001287
0.001317
0.001321
0.001289
0.001318
0.001319
0.001331
0.001312
0.001326
0.001309
0.001318
0.001320
0.001315
0.001321
0.001316
0.001293
0.001313
0.001321
0.001277
0.001316
0.001320
0.001322
0.001322
0.001320
0.001302
0.001290
0.001348
0.001283
0.001323
0.001330
0.001284
0.001286
0.001320
0.001303
0.001291
0.001334
0.001314
0.001301
0.001330
0.001302
0.001285
0.001322
0.001329
0.001323
0.001329
0.001307
0.001299
0.001325
0.001308
0.001286
0.001340
0.001324
0.001329
0.001322
0.001312
0.001301
0.001333
0.001304
0.001316
0.001321
0.001309
0.001292
0.001320
0.001319
0.001293
0.001330
0.001314
0.001307
0.001321
0.001317
0.001296
0.001318
0.001315
0.001331
0.001324
0.001315
0.001295
0.001317
0.001315
0.001307
0.001310
0.001326
0.001316
0.001320
0.001319
0.001297
0.001306
0.001321
0.001312
0.001323
0.001318
0.001295
0.001289
0.001346
0.001287
0.001328
0.001326
0.001319
0.001290
0.001347
0.001289
0.001291
0.001336
0.001308
0.001309
0.001302
0.001310
0.001279
0.001328
0.001304
0.001298
0.001320
0.001323
0.001296
0.001325
0.001303
0.001303
0.001335
0.001309
0.001327
0.001332
0.001304
0.001294
0.001321
0.001314
0.001291
0.001328
0.001306
0.001324
0.001321
0.001306
0.001336
0.001341
0.001321
0.001324
0.001319
0.001318
0.001293
0.001324
0.001304
0.001303
0.001320
0.001315
0.001322
0.001316
0.001318
0.001289
0.001314
0.001317
0.001319
0.001318
0.001321
0.001283
0.001317
0.001328
0.001288
0.001306
0.001317
0.001322
0.001314
0.001324
0.001292
0.001301
0.001347
0.001296
0.001334
0.001339
0.001289
0.001303
0.001348
0.001283
0.001293
0.001338
0.001310
0.001300
0.001321
0.001302
0.001292
0.001327
0.001317
0.001324
0.001334
0.001288
0.001290
0.001329
0.001305
0.001288
0.001327
0.001321
0.001304
0.001323
0.001299
0.001287
0.001307
0.001303
0.001323
0.001324
0.001284
0.001281
0.001319
0.001314
0.001292
0.001318
0.001310
0.001314
0.001306
0.001319
0.001289
0.001323
0.001312
0.001308
0.001319
0.001312
0.001297
0.001311
0.001318
0.001305
0.001314
0.001309
0.001321
0.001309
0.001329
0.001287
0.001295
0.001327
0.001308
0.001316
0.001330
0.001286
0.001277
0.001332
0.001290
0.001286
0.001322
0.001326
0.001325
0.001318
0.001297
0.001284
0.001324
0.001326
0.001308
0.001313
0.001311
0.001296
0.001320
0.001296
0.001289
0.001319
0.001311
0.001303
0.001305
0.001306
0.001291
0.001315
0.001301
0.001325
0.001307
0.001312
0.001285
0.001314
0.001316
0.001294
0.001304
0.001308
0.001326
0.001310
0.001320
0.001283
0.001308
0.001314
0.001292
0.001323
0.001335
0.001276
0.001285
0.001329
0.001301
0.001285
0.001326
0.001322
0.001293
0.001333
0.001290
0.001287
0.001321
0.001306
0.001319
0.001313
0.001296
0.001281
0.001321
0.001302
0.001290
0.001420
0.001325
0.001311
0.001309
0.001304
0.001275
0.001326
0.001309
0.001306
0.001319
0.001308
0.001286
0.001318
0.001303
0.001292
0.001326
0.001323
0.001313
0.001326
0.001304
0.001294
0.001324
0.001316
0.001312
0.001321
0.001297
0.001288
0.001311
0.001322
0.001299
0.001310
0.001311
0.001310
0.001306
0.001308
0.001258
0.001304
0.001321
0.001302
0.001304
0.001320
0.001288
0.001275
0.001336
0.001291
0.001288
0.001340
0.001332
0.001286
0.001327
0.001295
0.001291
0.001323
0.001315
0.001314
0.001313
0.001306
0.001291
0.001326
0.001298
0.001283
0.001315
0.001316
0.001306
0.001321
0.001299
0.001288
0.001321
0.001302
0.001317
0.001333
0.001322
0.001286
0.001312
0.001314
0.001286
0.001317
0.001308
0.001308
0.001305
0.001319
0.001287
0.001314
0.001311
0.001320
0.001320
0.001322
0.001308
0.001311
0.001315
0.001283
0.001306
0.001318
0.001310
0.001313
0.001321
0.001286
0.001285
0.001355
0.001298
0.001313
0.001334
0.001294
0.001290
0.001320
0.001292
0.001286
0.001315
0.001314
0.001307
0.001323
0.001296
0.001288
0.001316
0.001303
0.001322
0.001312
0.001309
0.001274
0.001320
0.001297
0.001287
0.001316
0.001305
0.001303
0.001312
0.001313
0.001286
0.001308
0.001305
0.001319
0.001321
0.001335
0.001302
0.001322
0.001312
0.001289
0.001309
0.001309
0.001328
0.001319
0.001320
0.001302
0.001320
0.001318
0.001302
0.001322
0.001321
0.001288
0.001325
0.001331
0.001288
0.001315
0.001329
0.001339
0.001302
0.001341
0.001298
0.001284
0.001332
0.001312
0.001308
0.001319
0.001285
0.001288
0.001334
0.001292
0.001290
0.001321
0.001302
0.001300
0.001321
0.001301
0.001291
0.001317
0.001301
0.001315
0.001321
0.001306
0.001291
0.001320
0.001301
0.001279
0.001322
0.001316
0.001302
0.001311
0.001311
0.001261
0.001308
0.001303
0.001319
0.001322
0.001310
0.001292
0.001318
0.001311
0.001289
0.001318
0.001310
0.001314
0.001309
0.001315
0.001294
0.001315
0.001312
0.001304
0.001309
0.001328
0.001288
0.001289
0.001344
0.001291
0.001283
0.001327
0.001317
0.001270
0.001332
0.001297
0.001289
0.001327
0.001309
0.001321
0.001319
0.001303
0.001284
0.001317
0.001305
0.001288
0.001321
0.001302
0.001309
0.001321
0.001305
0.001286
0.001319
0.001292
0.001316
0.001320
0.001308
0.001289
0.001323
0.001298
0.001278
0.001305
0.001305
0.001324
0.001300
0.001323
0.001286
0.001310
0.001315
0.001289
0.001329
0.001320
0.001291
0.001304
0.001315
0.001287
0.001289
0.001326
0.001306
0.001286
0.001333
0.001281
0.001286
0.001325
0.001310
0.001307
0.001306
0.001296
0.001286
0.001318
0.001316
0.001306
0.001341
0.001311
0.001288
0.001309
0.001298
0.001285
0.001316
0.001302
0.001303
0.001313
0.001311
0.001286
0.001312
0.001309
0.001283
0.001310
0.001317
0.001311
0.001303
0.001305
0.001285
0.001313
0.001316
0.001317
0.001318
0.001318
0.001287
0.001309
0.001307
0.001286
0.001310
0.001313
0.001310
0.001296
0.001330
0.001285
0.001283
0.001339
0.001283
0.001330
0.001319
0.001293
0.001294
0.008717
0.001394
0.001301
0.001370
0.001330
0.001364
0.001345
0.001356
0.001339
0.001381
0.001339
0.001326
0.001370
0.001345
0.001346
0.001349
0.001356
0.001318
0.001367
0.001339
0.001360
0.001358
0.001358
0.001321
0.001362
0.001326
0.001329
0.001355
0.001359
0.001350
0.001360
0.001337
0.001327
0.001353
0.001335
0.001355
0.001349
0.001333
0.001327
0.001366
0.001345
0.001313
0.001369
0.001343
0.001320
0.001358
0.001347
0.001323
0.001368
0.001322
0.001358
0.001356
0.001338
0.001318
0.001386
0.001328
0.001327
0.001354
0.001345
0.001333
0.001383
0.001334
0.001320
0.001366
0.001326
0.001360
0.001367
0.001317
0.001339
0.001359
0.001329
0.001343
0.001351
0.001356
0.001349
0.001345
0.001327
0.001342
0.001347
0.001324
0.001361
0.001348
0.001323
0.001350
0.001347
0.001318
0.001346
0.001340
0.001347
0.001346
0.001353
0.001317
0.001353
0.001343
0.001357
0.001344
0.001357
0.001327
0.001352
0.001335
0.001327
0.001343
0.001352
0.001329
0.001354
0.001346
0.001324
0.001353
0.001347
0.001353
0.001345
0.001360
0.001326
0.001362
0.001331
0.001326
0.001351
0.001350
0.001352
0.001362
0.001335
0.001331
0.001363
0.001341
0.001350
0.001349
0.001340
0.001329
0.001361
0.001329
0.001328
0.001350
0.001353
0.001341
0.001362
0.001325
0.001332
0.001356
0.001338
0.001348
0.001350
0.001341
0.001336
0.001351
0.001344
0.001317
0.001363
0.001353
0.001333
0.001356
0.001339
0.001324
0.001360
0.001355
0.001349
0.001362
0.001341
0.001322
0.001361
0.001340
0.001323
0.001368
0.001344
0.001343
0.001376
0.001338
0.001331
0.001381
0.001342
0.001357
0.001363
0.001327
0.001348
0.001360
0.001331
0.001340
0.001359
0.001332
0.001372
0.001341
0.001339
0.001338
0.001356
0.001360
0.001359
0.001351
0.001336
0.001352
0.001359
0.001335
0.001346
0.001348
0.001349
0.001351
0.001357
0.001321
0.001356
0.001348
0.001350
0.001347
0.001361
0.001328
0.001353
0.001352
0.001342
0.001364
0.001357
0.001343
0.001361
0.001346
0.001328
0.001357
0.001343
0.001356
0.001370
0.001341
0.001330
0.001353
0.001339
0.001328
0.001356
0.001342
0.001360
0.001356
0.001357
0.001316
0.001364
0.001332
0.001367
0.001350
0.001341
0.001326
0.001348
0.001343
0.001327
0.001360
0.001354
0.001343
0.001363
0.001335
0.001323
0.001370
0.001356
0.001360
0.001374
0.001339
0.001326
0.001375
0.001333
0.001323
0.001373
0.001347
0.001343
0.001368
0.001331
0.001312
0.001379
0.001321
0.001369
0.001383
0.001338
0.001359
0.001369
0.001316
0.001355
0.001342
0.001364
0.001358
0.001355
0.001357
0.001373
0.001363
0.001368
0.001360
0.001359
0.001334
0.001357
0.001357
0.001322
0.001360
0.001360
0.001365
0.001378
0.001354
0.001330
0.001370
0.001351
0.001359
0.001361
0.001334
0.001333
0.001359
0.001357
0.001323
0.001362
0.001347
0.001335
0.001363
0.001330
0.001332
0.001363
0.001337
0.001371
0.001362
0.001338
0.001331
0.001369
0.001346
0.001311
0.001369
0.001337
0.001354
0.001368
0.001342
0.001320
0.001365
0.001340
0.001356
0.001375
0.001333
0.001326
0.001370
0.001332
0.001325
0.001373
0.001364
0.001328
0.001382
0.001330
0.001319
0.001379
0.001360
0.001353
0.001363
0.001313
0.001347
0.001346
0.001325
0.001347
0.001348
0.001346
0.001357
0.001355
0.001325
0.001342
0.001356
0.001321
0.001373
0.001355
0.001314
0.001347
0.001335
0.001334
0.001333
0.001351
0.001337
0.001353
0.001337
0.001326
0.001344
0.001351
0.001311
0.001373
0.001333
0.001325
0.001339
0.001345
0.001319
0.001346
0.001339
0.001366
0.001355
0.001337
0.001331
0.001357
0.001349
0.001326
0.001353
0.001350
0.001330
0.001357
0.001351
0.001324
0.001341
0.001352
0.001335
0.001360
0.001364
0.001353
0.001353
0.001337
0.001346
0.001338
0.001350
0.001313
0.001352
0.001331
0.001320
0.001344
0.001351
0.001352
0.001356
0.001346
0.001321
0.001361
0.001341
0.001339
0.001354
0.001349
0.001324
0.001362
0.001322
0.001326
0.001355
0.001348
0.001338
0.001352
0.001338
0.001322
0.001352
0.001339
0.001339
0.001358
0.001326
0.001328
0.001351
0.001342
0.001316
0.001360
0.001335
0.001346
0.001358
0.001336
0.001312
0.001357
0.001340
0.001351
0.001347
0.001336
0.001322
0.001353
0.001342
0.001313
0.001363
0.001357
0.001324
0.001356
0.001343
0.001313
0.001367
0.001336
0.001352
0.001363
0.001330
0.001325
0.001375
0.001325
0.001321
0.001374
0.001344
0.001342
0.001374
0.001321
0.001347
0.001354
0.001329
0.001354
0.001359
0.001329
0.001343
0.001355
0.001322
0.001346
0.001348
0.001352
0.001356
0.001345
0.001320
0.001347
0.001358
0.001332
0.001352
0.001353
0.001320
0.001341
0.001364
0.001321
0.001357
0.001346
0.001348
0.001346
0.001340
0.001328
0.001348
0.001342
0.001334
0.001357
0.001349
0.001324
0.001356
0.001355
0.001327
0.001356
0.001351
0.001345
0.001351
0.001347
0.001323
0.001347
0.001348
0.001361
0.001347
0.001445
0.001298
0.001462
0.001313
0.001408
0.001331
0.001351
0.001344
0.001484
0.001318
0.001329
0.001358
0.001338
0.001369
0.001349
0.001331
0.001312
0.001372
0.001330
0.001324
0.001363
0.001364
0.001327
0.001344
0.001337
0.001306
0.001480
0.001318
0.001362
0.001357
0.001334
0.001347
0.001349
0.001328
0.001342
0.001351
0.001347
0.001356
0.001360
0.001330
0.001342
0.001351
0.001322
0.001355
0.001361
0.001323
0.001353
0.001352
0.001324
0.001356
0.001342
0.001353
0.001349
0.001346
0.001325
0.001364
0.001360
0.001345
0.001356
0.001354
0.001320
0.001464
0.001327
0.001439
0.001333
0.001366
0.001436
0.001359
0.001344
0.001322
0.001368
0.001340
0.001366
0.001359
0.001343
0.001321
0.001362
0.001336
0.001313
0.001469
0.001320
0.001336
0.001349
0.001334
0.001313
0.001366
0.001327
0.001365
0.001355
0.001337
0.001406
0.001345
0.001320
0.001318
0.001370
0.001355
0.001340
0.001380
0.001327
0.001325
0.001372
0.001327
0.001353
0.001360
0.001409
0.001323
0.001449
0.001356
0.001360
0.001347
0.001360
0.001348
0.001349
0.001337
0.001369
0.001343
0.001351
0.001356
0.001349
0.001329
0.001453
0.001339
0.001333
0.001348
0.001354
0.001354
0.001361
0.001353
0.001451
0.001343
0.001349
0.001444
0.001339
0.001360
0.001351
0.001456
0.001328
0.001458
0.001334
0.001363
0.001344
0.001364
0.001344
0.001352
0.001354
0.001337
0.001353
0.001347
0.001330
0.001331
0.001365
0.001316
0.001348
0.001343
0.001355
0.001358
0.001351
0.001352
0.001338
0.001355
0.001355
0.001358
0.001355
0.001350
0.001353
0.001349
0.001339
0.001350
0.001339
0.001358
0.001350
0.001350
0.001329
0.001362
0.001349
0.001348
0.001339
0.001348
0.001326
0.001357
0.001342
0.001325
0.001350
0.001356
0.001342
0.001350
0.001350
0.001352
0.001461
0.001320
0.001361
0.001332
0.001356
0.001330
0.001349
0.001334
0.001356
0.001356
0.001353
0.001353
0.001368
0.001335
0.001328
0.001363
0.001341
0.001350
0.001359
0.001340
0.001332
0.001364
0.001332
0.001329
0.001355
0.001361
0.001361
0.001372
0.001330
0.001333
0.001359
0.001333
0.001351
0.001352
0.001341
0.001317
0.001375
0.001329
0.001333
0.001472
0.001326
0.001351
0.001350
0.001335
0.001352
0.001354
0.001354
0.001354
0.001361
0.001331
0.001355
0.001353
0.001335
0.001352
0.001352
0.001352
0.001345
0.001353
0.001352
0.001354
0.001356
0.001359
0.001354
0.001346
0.001338
0.001457
0.001326
0.001364
0.001356
0.001364
0.001331
0.001366
0.001345
0.001333
0.001445
0.001336
0.001361
0.001349
0.001356
0.001348
0.001359
0.001340
0.001332
0.001362
0.001354
0.001357
0.001462
0.001337
0.001350
0.001447
0.001336
0.001361
0.001350
0.001354
0.001354
0.001353
0.001341
0.001365
0.001344
0.001350
0.001329
0.001369
0.001310
0.001354
0.001352
0.001370
0.001354
0.001368
0.001320
0.001354
0.001345
0.001335
0.001349
0.001356
0.001350
0.001357
0.001357
0.001342
0.001348
0.001351
0.001357
0.001347
0.001363
0.001342
0.001353
0.001350
0.001344
0.001368
0.001341
0.001338
0.001350
0.001346
0.001318
0.001361
0.001356
0.001370
0.001354
0.001345
0.001328
0.001363
0.001343
0.001327
0.001355
0.001360
0.001343
0.001348
0.001334
0.001345
0.001354
0.001344
0.001353
0.001341
0.001448
0.001314
0.001358
0.001329
0.001352
0.001360
0.001356
0.001330
0.001364
0.001304
0.001330
0.001360
0.001361
0.001444
0.001346
0.001327
0.001342
0.001363
0.001326
0.001345
0.001346
0.001359
0.001350
0.001341
0.001354
0.001344
0.001357
0.001356
0.001361
0.001346
0.001353
0.001356
0.001347
0.001341
0.001355
0.001337
0.001353
0.001361
0.001347
0.001332
0.001351
0.001350
0.001463
0.001342
0.001360
0.001335
0.001359
0.001345
0.001318
0.001356
0.001346
0.001360
0.001370
0.001347
0.001323
0.001355
0.001340
0.001356
0.001355
0.001372
0.001348
0.001361
0.001338
0.001322
0.001365
0.001349
0.001334
0.001349
0.001344
0.001324
0.001372
0.001363
0.001354
0.001364
0.001342
0.001343
0.001351
0.001344
0.001323
0.001369
0.001348
0.001342
0.001352
0.001356
0.001350
0.001357
0.001348
0.001330
0.001353
0.001358
0.001351
0.001354
0.001342
0.001347
0.001345
0.001357
0.001344
0.001352
0.001326
0.001347
0.001351
0.001355
0.001353
0.001350
0.001352
0.001347
0.001362
0.001326
0.001346
0.001354
0.001353
0.001469
0.001323
0.001356
0.001351
0.001350
0.001343
0.001363
0.001354
0.001356
0.001344
0.001358
0.001336
0.001361
0.001350
0.001346
0.001468
0.001322
0.001333
0.001351
0.001369
0.001342
0.001362
0.001347
0.001330
0.001352
0.001343
0.001321
0.001362
0.001349
0.001357
0.001340
0.001355
0.001345
0.001355
0.001340
0.001353
0.001362
0.001345
0.001351
0.001347
0.001356
0.001338
0.001360
0.001347
0.001331
0.001368
0.001349
0.001345
0.001372
0.001345
0.001355
0.001352
0.001325
0.001352
0.001355
0.001331
0.001353
0.001357
0.001348
0.001356
0.001331
0.001343
0.001348
0.001356
0.001358
0.001336
0.001358
0.001335
0.001365
0.001334
0.001351
0.001352
0.001354
0.001345
0.001359
0.001355
0.001344
0.001352
0.001348
0.001352
0.001356
0.001361
0.001328
0.001359
0.001361
0.001332
0.001462
0.001340
0.001482
0.001322
0.001346
0.001342
0.001356
0.001341
0.001358
0.001343
0.001335
0.001322
0.001361
0.001340
0.001324
0.001369
0.001348
0.001357
0.001346
0.001343
0.001327
0.001471
0.001332
0.001363
0.001345
0.001369
0.001347
0.001358
0.001317
0.001350
0.001344
0.001365
0.001351
0.001353
0.001363
0.001353
0.001360
0.001328
0.001360
0.001347
0.001327
0.001344
0.001347
0.001327
0.001344
0.001362
0.001349
0.001358
0.001349
0.001330
0.001355
0.001355
0.001360
0.001366
0.001343
0.001328
0.001353
0.001349
0.001350
0.001371
0.001341
0.001352
0.001364
0.001333
0.001334
0.001464
0.001321
0.001364
0.001349
0.001345
0.001315
0.001363
0.001326
0.001334
0.001364
0.001356
0.001341
0.001356
0.001336
0.001328
0.001351
0.001334
0.001377
0.001353
0.001345
0.001319
0.001364
0.001339
0.001334
0.001365
0.001357
0.001329
0.001365
0.001346
0.001329
0.001382
0.001410
0.001367
0.001368
0.001315
0.001351
0.001353
0.001333
0.001348
0.001351
0.001347
0.001357
0.001347
0.001331
0.001346
0.001364
0.001361
0.001362
0.001342
0.001334
0.001344
0.001363
0.001316
0.001358
0.001347
0.001362
0.001344
0.001353
0.001325
0.001359
0.001348
0.001351
0.001353
0.001359
0.001328
0.001354
0.001344
0.001327
0.001348
0.001349
0.001357
0.001349
0.001350
0.001330
0.001352
0.001347
0.001365
0.001365
0.001349
0.001329
0.001361
0.001344
0.001328
0.001365
0.001359
0.001354
0.001361
0.001338
0.001331
0.001362
0.001347
0.001357
0.001357
0.001350
0.001327
0.001358
0.001431
0.001308
0.001372
0.001352
0.001330
0.001361
0.001342
0.001318
0.001366
0.001344
0.001354
0.001368
0.001328
0.001330
0.001368
0.001332
0.001329
0.001366
0.001359
0.001368
0.001353
0.001329
0.001339
