0.003691
0.001572
0.001499
0.001481
0.001529
0.001434
0.001427
0.001390
0.001390
0.001405
0.001371
0.001369
0.001368
0.001334
0.001330
0.001339
0.001316
0.001317
0.001328
0.001303
0.001302
0.001305
0.001302
0.001304
0.001305
0.001300
0.001294
0.001302
0.001291
0.001297
0.001302
0.001296
0.001298
0.001301
0.001284
0.001286
0.001283
0.001283
0.001282
0.001283
0.001281
0.001279
0.001275
0.001286
0.001278
0.001276
0.001269
0.001256
0.001246
0.001249
0.001237
0.001239
0.001240
0.001242
0.001236
0.001239
0.001232
0.001224
0.001226
0.001228
0.001224
0.001212
0.001216
0.001213
0.001211
0.001213
0.001210
0.001209
0.001206
0.001211
0.001200
0.001207
0.001204
0.001209
0.001203
0.001205
0.001201
0.001202
0.001207
0.001203
0.001225
0.001203
0.001208
0.001200
0.001196
0.001199
0.001194
0.001195
0.001199
0.001197
0.001193
0.001192
0.001199
0.001192
0.001191
0.001194
0.001195
0.001191
0.001191
0.001192
0.001185
0.001186
0.001194
0.001188
0.001188
0.001193
0.001189
0.001189
0.010595
0.002929
0.001343
0.001045
0.001043
0.001048
0.001040
0.001036
0.001034
0.001040
0.001030
0.001030
0.001026
0.003941
0.001770
0.000983
0.000985
0.002028
0.000975
0.001521
0.000982
0.000960
0.000959
0.000963
0.000992
0.000958
0.000955
0.000953
0.000961
0.000952
0.000956
0.000966
0.000960
0.000998
0.000964
0.000953
0.006005
0.006693
0.005517
0.000949
0.000947
0.000950
0.000941
0.000943
0.000933
0.002593
0.000941
0.000943
0.000944
0.000941
0.000939
0.000969
0.000951
0.000933
0.000942
0.000938
0.000954
0.000942
0.000937
0.000934
0.000952
0.000939
0.000939
0.000935
0.000942
0.000950
0.000941
0.000939
0.000938
0.000955
0.000941
0.001657
0.000944
0.000938
0.000948
0.000940
0.000942
0.000935
0.000943
0.000954
0.000940
0.000949
0.000945
0.000938
0.000944
0.000952
0.000940
0.000931
0.000949
0.000951
0.000940
0.000944
0.000943
0.000949
0.000944
0.000941
0.000936
0.001688
0.000943
0.000943
0.000932
0.000947
0.000945
0.000945
0.000946
0.000944
0.000939
0.000942
0.000956
0.000949
0.000945
0.000943
0.000946
0.000941
0.000947
0.000949
0.000938
0.000946
0.000944
0.000940
0.000945
0.000939
0.000949
0.000943
0.000944
0.000946
0.000940
0.000955
0.000941
0.000939
0.000936
0.000949
0.000941
0.000938
0.000940
0.000945
0.000938
0.000935
0.000939
0.000945
0.000945
0.000946
0.000941
0.000948
0.000941
0.000937
0.000948
0.005806
0.000949
0.000947
0.000940
0.000948
0.001746
0.000946
0.000942
0.000933
0.000946
0.000940
0.000946
0.000957
0.000937
0.000946
0.000942
0.000949
0.000942
0.000945
0.000939
0.000950
0.000940
0.000943
0.000938
0.000944
0.000939
0.000942
0.000949
0.000939
0.000946
0.000948
0.000940
0.000936
0.000945
0.000949
0.000942
0.000934
0.000946
0.000943
0.000943
0.000941
0.000948
0.000943
0.000946
0.000940
0.000954
0.000937
0.000942
0.000937
0.000946
0.000940
0.000949
0.000940
0.000945
0.000949
0.000939
0.000935
0.000938
0.000953
0.000943
0.000940
0.000943
0.000943
0.000942
0.000941
0.000941
0.000947
0.000947
0.000943
0.000949
0.000941
0.000950
0.000944
0.000935
0.000943
0.000941
0.000936
0.000936
0.000937
0.000945
0.000949
0.000937
0.000938
0.000939
0.000949
0.000934
0.000934
0.000938
0.000947
0.000945
0.000944
0.000945
0.000943
0.000947
0.000938
0.000939
0.000946
0.000942
0.000937
0.000940
0.000944
0.000942
0.000948
0.000943
0.000944
0.000948
0.000941
0.000942
0.000942
0.000955
0.000939
0.000939
0.000936
0.000950
0.000937
0.000938
0.000937
0.000939
0.000942
0.000943
0.000941
0.000938
0.000943
0.000932
0.000933
0.000939
0.000948
0.000942
0.000940
0.000943
0.000945
0.000940
0.000941
0.000935
0.000941
0.000941
0.000928
0.000942
0.000931
0.000945
0.000942
0.000933
0.000940
0.000953
0.000939
0.000939
0.000940
0.000940
0.000941
0.000943
0.000941
0.000938
0.000950
0.000936
0.000955
0.000939
0.000947
0.000941
0.000944
0.000937
0.000943
0.000935
0.000938
0.000940
0.000947
0.000937
0.000934
0.000933
0.000939
0.000947
0.000935
0.000944
0.000935
0.000935
0.000931
0.000943
0.000937
0.001218
0.000937
0.000942
0.000942
0.000962
0.000941
0.000936
0.000940
0.000947
0.000942
0.000939
0.000934
0.000938
0.000939
0.000934
0.000940
0.000942
0.000936
0.000934
0.000933
0.000937
0.000927
0.000938
0.000929
0.000931
0.000952
0.000937
0.000932
0.000938
0.000938
0.000941
0.000940
0.000940
0.000937
0.000956
0.000948
0.000941
0.000939
0.000941
0.000941
0.000934
0.000937
0.000946
0.000932
0.000938
0.000935
0.000940
0.000942
0.000939
0.000939
0.000940
0.000944
0.000934
0.000930
0.000938
0.000948
0.000948
0.000933
0.000941
0.000940
0.000940
0.000932
0.000944
0.000933
0.000942
0.000938
0.000937
0.000937
0.000948
0.000937
0.000937
0.000935
0.000946
0.000941
0.000938
0.000934
0.000943
0.000931
0.000940
0.000937
0.000934
0.000948
0.000932
0.000940
0.000924
0.000940
0.000932
0.000934
0.000938
0.000949
0.000939
0.000932
0.000933
0.000948
0.000943
0.000940
0.000935
0.000940
0.000947
0.000941
0.000932
0.000936
0.000945
0.000946
0.000943
0.000940
0.000940
0.000942
0.000941
0.000946
0.000950
0.000941
0.000933
0.000946
0.000938
0.000939
0.000939
0.000933
0.000943
0.000950
0.000940
0.000938
0.000940
0.000943
0.000941
0.000936
0.000937
0.000945
0.000941
0.000941
0.000937
0.000932
0.000945
0.000940
0.000937
0.000937
0.000948
0.000940
0.000939
0.000934
0.000942
0.000943
0.000942
0.000941
0.000948
0.000940
0.000937
0.000938
0.000938
0.000943
0.000943
0.000939
0.000932
0.000950
0.000937
0.000937
0.000931
0.000947
0.000943
0.000931
0.000936
0.000938
0.000936
0.000929
0.000940
0.000943
0.000946
0.000936
0.000934
0.000942
0.000940
0.000936
0.000938
0.000940
0.000939
0.000942
0.000938
0.000940
0.000944
0.000939
0.000940
0.000935
0.000936
0.000942
0.000945
0.000935
0.000935
0.000947
0.000936
0.000935
0.000938
0.000942
0.000937
0.000938
0.000948
0.000948
0.000945
0.000936
0.000940
0.000937
0.000951
0.000935
0.000937
0.000936
0.000948
0.000941
0.000941
0.000936
0.000940
0.000945
0.000939
0.000944
0.000938
0.000947
0.000939
0.000940
0.000935
0.000940
0.000937
0.000934
0.000938
0.000945
0.000940
0.000934
0.000937
0.000947
0.000941
0.000935
0.000932
0.000934
0.000943
0.000935
0.000927
0.000949
0.000941
0.000937
0.000944
0.000942
0.000944
0.000937
0.000937
0.000942
0.000947
0.000938
0.000941
0.000936
0.000942
0.000950
0.000941
0.000930
0.000940
0.000940
0.000937
0.000943
0.000946
0.000941
0.000940
0.000939
0.000937
0.000951
0.000933
0.000938
0.000931
0.000941
0.000944
0.000936
0.000939
0.000938
0.000945
0.000939
0.000933
0.000935
0.000940
0.000932
0.000942
0.000938
0.000950
0.000937
0.000938
0.000933
0.000948
0.000937
0.000944
0.000931
0.000942
0.000943
0.000937
0.000931
0.000938
0.000945
0.000936
0.000933
0.000943
0.000942
0.000942
0.000941
0.000941
0.000937
0.000947
0.000941
0.000939
0.000935
0.000949
0.000945
0.000937
0.000938
0.000938
0.000939
0.000938
0.000937
0.000943
0.000937
0.000939
0.000931
0.000934
0.000946
0.000938
0.000938
0.000942
0.000947
0.000940
0.000932
0.000943
0.000935
0.000949
0.000939
0.000940
0.000938
0.000946
0.000935
0.000938
0.000937
0.000937
0.000942
0.000936
0.000939
0.000950
0.000934
0.000937
0.000941
0.000943
0.000939
0.000939
0.000934
0.000942
0.000948
0.000935
0.000939
0.000941
0.000945
0.000941
0.000938
0.000939
0.000954
0.000939
0.000942
0.000938
0.000947
0.000942
0.000935
0.000946
0.000947
0.000941
0.000935
0.000939
0.000940
0.000946
0.000946
0.000939
0.000933
0.000946
0.000946
0.000941
0.000945
0.000946
0.000929
0.000933
0.000939
0.000942
0.000939
0.000939
0.000938
0.000942
0.000943
0.000932
0.000944
0.000945
0.000946
0.000940
0.000943
0.000939
0.000939
0.000943
0.000929
0.000944
0.000943
0.000941
0.000935
0.000934
0.000945
0.000939
0.000941
0.000936
0.000939
0.000946
0.000935
0.000945
0.000940
0.000945
0.000944
0.000938
0.000933
0.000944
0.000934
0.000945
0.000943
0.000942
0.000943
0.000934
0.000937
0.000941
0.000939
0.000935
0.000936
0.000939
0.000945
0.000940
0.000938
0.000936
0.000950
0.000938
0.000939
0.000934
0.000932
0.000942
0.000943
0.000945
0.000931
0.000943
0.000944
0.000933
0.000937
0.000943
0.000935
0.000941
0.000942
0.000947
0.000943
0.000938
0.000933
0.000936
0.000943
0.000940
0.000940
0.000937
0.000938
0.000939
0.000928
0.000941
0.000944
0.000941
0.000937
0.000941
0.000941
0.000942
0.000934
0.000939
0.000938
0.000941
0.000944
0.000939
0.000946
0.000945
0.000940
0.000935
0.000938
0.000939
0.000940
0.000937
0.000936
0.000941
0.000939
0.000945
0.000941
0.000936
0.000941
0.000937
0.000941
0.000938
0.000950
0.000934
0.000937
0.000937
0.000951
0.000937
0.000946
0.000933
0.000946
0.000940
0.000941
0.000941
0.000930
0.000947
0.000943
0.000939
0.000937
0.000947
0.000940
0.000950
0.000937
0.000950
0.000940
0.000938
0.000937
0.000940
0.000948
0.000934
0.000942
0.000936
0.000933
0.000940
0.000940
0.000934
0.000937
0.000944
0.000935
0.000939
0.000952
0.000943
0.000935
0.000934
0.000941
0.000935
0.000929
0.000936
0.000949
0.000941
0.000937
0.000942
0.000935
0.000943
0.000940
0.000936
0.000931
0.000942
0.000941
0.000931
0.000936
0.000941
0.000945
0.000949
0.000940
0.000940
0.000942
0.000937
0.000935
0.000937
0.001120
0.001021
0.000937
0.000939
0.001004
0.000942
0.000941
0.000943
0.000947
0.000950
0.000944
0.000940
0.000949
0.000946
0.000935
0.000940
0.000940
0.000940
0.000943
0.000941
0.000935
0.000939
0.000936
0.000941
0.000939
0.000945
0.000939
0.000936
0.000942
0.000947
0.000937
0.000937
0.000937
0.000945
0.000942
0.000940
0.000940
0.000936
0.000945
0.000950
0.000945
0.000938
0.000941
0.000944
0.000941
0.000943
0.000945
0.000942
0.000939
0.000947
0.000944
0.000940
0.000943
0.000940
0.000940
0.000950
0.000944
0.000944
0.000946
0.000947
0.000942
0.000941
0.000943
0.000949
0.000940
0.000942
0.000935
0.000944
0.000940
0.000942
0.000943
0.000936
0.000946
0.000945
0.000938
0.000940
0.000947
0.000935
0.000938
0.000940
0.000947
0.000937
0.000939
0.000945
0.000951
0.000947
0.000943
0.000941
0.000934
0.000939
0.000938
0.000938
0.000941
0.000933
0.000937
0.000934
0.000940
0.000946
0.000943
0.000941
0.000935
0.000938
0.000941
0.000943
0.000941
0.000949
0.000949
0.000936
0.000939
0.000943
0.000937
0.000939
0.000941
0.000944
0.000937
0.000941
0.000934
0.000941
0.000948
0.000939
0.000938
0.000939
0.000943
0.000939
0.000942
0.000938
0.000940
0.000945
0.000940
0.000941
0.000937
0.000950
0.000930
0.000943
0.000935
0.000939
0.000941
0.000941
0.000937
0.000937
0.000941
0.000937
0.000938
0.000937
0.000933
0.000939
0.000938
0.000934
0.000940
0.000938
0.000938
0.000943
0.000954
0.000938
0.000948
0.000944
0.000939
0.000942
0.000935
0.000934
0.000944
0.000932
0.000945
0.000937
0.000938
0.000943
0.000941
0.000939
0.000938
0.000936
0.000936
0.000934
0.000941
0.000939
0.000950
0.000935
0.000938
0.000952
0.000947
0.000938
0.000943
0.000936
0.000948
0.000949
0.000939
0.000943
0.000944
0.000940
0.000941
0.000937
0.000945
0.000944
0.000941
0.000944
0.000939
0.000946
0.000943
0.000935
0.000930
0.000947
0.000941
0.000932
0.000942
0.000941
0.000945
0.000937
0.000937
0.000938
0.000939
0.000941
0.000939
0.000942
0.000938
0.000938
0.000944
0.000940
0.000945
0.000936
0.000941
0.000936
0.000940
0.000943
0.000943
0.000942
0.000935
0.000945
0.000944
0.000942
0.000939
0.000942
0.000942
0.000937
0.000939
0.000945
0.000941
0.000940
0.000937
0.000948
0.000935
0.000937
0.000932
0.000941
0.000944
0.000931
0.000941
0.000935
0.000945
0.000938
0.000937
0.000940
0.000946
0.000939
0.000944
0.000945
0.000943
0.000942
0.000944
0.000935
0.000938
0.000941
0.000931
0.000941
0.000940
0.000947
0.000941
0.000941
0.000932
0.000947
0.000932
0.000939
0.000935
0.000933
0.000942
0.000943
0.000941
0.000941
0.000946
0.000934
0.000938
0.000935
0.000935
0.000946
0.000936
0.000936
0.000942
0.000941
0.000936
0.000937
0.000944
0.000935
0.000934
0.000937
0.000941
0.000949
0.000948
0.000945
0.000940
0.000939
0.000938
0.000932
0.000937
0.000949
0.000936
0.000930
0.000938
0.000937
0.000934
0.000934
0.000950
0.000942
0.000955
0.000937
0.000932
0.000936
0.000949
0.000938
0.000942
0.000942
0.000948
0.000937
0.000940
0.000941
0.000937
0.000934
0.000940
0.000938
0.000935
0.000948
0.000935
0.000939
0.000931
0.000942
0.000940
0.000928
0.000943
0.000945
0.000938
0.000934
0.000936
0.000938
0.000930
0.000947
0.000933
0.000933
0.000945
0.000932
0.000937
0.000929
0.000935
0.000941
0.000939
0.000938
0.000945
0.000941
0.000930
0.000930
0.000953
0.000926
0.000933
0.000938
0.000935
0.000935
0.000940
0.000933
0.000944
0.000944
0.000939
0.000942
0.000931
0.000953
0.000938
0.000939
0.000937
0.000944
0.000938
0.000940
0.000943
0.000931
0.000946
0.000937
0.000940
0.000938
0.000943
0.000937
0.000934
0.000938
0.000942
0.000938
0.000939
0.000940
0.000934
0.000945
0.000932
0.000941
0.000931
0.000946
0.000935
0.000935
0.000936
0.000946
0.000940
0.000936
0.000927
0.000947
0.000938
0.000944
0.000935
0.000935
0.000933
0.000943
0.000939
0.000935
0.000935
0.000933
0.000934
0.000934
0.000939
0.000940
0.000942
0.000945
0.000937
0.000935
0.000938
0.000936
0.000939
0.000942
0.000941
0.000938
0.000931
0.000949
0.000943
0.000935
0.000937
0.000948
0.000929
0.000935
0.000933
0.000945
0.000941
0.000937
0.000939
0.000933
0.000944
0.000942
0.000936
0.000936
0.000933
0.000936
0.000936
0.000932
0.000944
0.000943
0.000937
0.000939
0.000951
0.000941
0.000929
0.000931
0.000936
0.000951
0.000939
0.000943
0.000944
0.000946
0.000949
0.000933
0.000934
0.000938
0.000939
0.000936
0.000938
0.000941
0.000939
0.000945
0.000945
0.000941
0.000945
0.000942
0.000940
0.000932
0.000940
0.000942
0.000940
0.000941
0.000949
0.000940
0.000936
0.000943
0.000945
0.000940
0.000936
0.000943
0.000936
0.000947
0.001272
0.000943
0.000938
0.000949
0.000936
0.000940
0.000936
0.000945
0.000935
0.000939
0.000944
0.000939
0.000937
0.000938
0.000934
0.000939
0.000937
0.000937
0.000940
0.000939
0.000945
0.000935
0.000938
0.000941
0.000949
0.000942
0.000941
0.000936
0.000942
0.000936
0.000942
0.000945
0.000948
0.000940
0.000941
0.000941
0.000936
0.000944
0.000947
0.000932
0.000942
0.000942
0.000939
0.000941
0.000937
0.000945
0.000939
0.000940
0.000939
0.000940
0.000935
0.000943
0.000942
0.000930
0.000943
0.000936
0.000927
0.000935
0.000942
0.000929
0.000939
0.000942
0.000948
0.000934
0.000938
0.000943
0.000940
0.000942
0.000940
0.000934
0.000936
0.000950
0.000938
0.000946
0.000937
0.000937
0.000923
0.000956
0.000942
0.000945
0.000947
0.000935
0.000950
0.000932
0.000957
0.000949
0.000941
0.000938
0.000950
0.000944
0.000952
0.000934
0.000956
0.000940
0.000943
0.000939
0.000958
0.000933
0.000945
0.000945
0.000949
0.000940
0.000954
0.000937
0.000948
0.000949
0.000949
0.000942
0.000943
0.000943
0.000942
0.000943
0.000946
0.000961
0.000935
0.000953
0.000928
0.000957
0.000946
0.000949
0.000949
0.000929
0.000947
0.000949
0.000945
0.000941
0.000950
0.000936
0.000954
0.000947
0.000944
0.000951
0.000937
0.000944
0.000945
0.000965
0.000934
0.000956
0.000968
0.000916
0.000956
0.000941
0.000947
0.000933
0.000954
0.000926
0.000954
0.000944
0.000948
0.000952
0.000934
0.000952
0.000941
0.000946
0.000942
0.000953
0.000942
0.000955
0.000961
0.000913
0.000948
0.000949
0.000941
0.000949
0.000941
0.000957
0.000925
0.000956
0.000932
0.000953
0.000960
0.000931
0.000964
0.000929
0.000960
0.000938
0.000961
0.000930
0.000942
0.000946
0.000948
0.000940
0.000953
0.000941
0.000949
0.000955
0.000949
0.000947
0.000931
0.000959
0.000938
0.000950
0.000958
0.000938
0.000955
0.000933
0.000945
0.000952
0.000947
0.000944
0.000952
0.000929
0.000961
0.000947
0.000948
0.000935
0.000912
0.000963
0.000924
0.000956
0.000923
0.000954
0.000951
0.000936
0.000946
0.000955
0.000949
0.000942
0.000947
0.000942
0.000948
0.000942
0.000946
0.000961
0.000918
0.000949
0.000937
0.000962
0.000949
0.000943
0.000948
0.000950
0.000937
0.000967
0.000928
0.000968
0.000911
0.000971
0.000917
0.000958
0.001102
0.000965
0.000901
0.000956
0.000944
0.000945
0.000950
0.000937
0.000958
0.000942
0.000945
0.000953
0.000950
0.000962
0.000928
0.000954
0.000948
0.000948
0.000942
0.000936
0.000955
0.000955
0.000946
0.000950
0.000958
0.000931
0.000954
0.000940
0.000956
0.000935
0.000949
0.000946
0.000932
0.000956
0.000939
0.000968
0.000897
0.000957
0.000908
0.000945
0.000943
0.000949
0.000950
0.000935
0.000935
0.000946
0.000937
0.000955
0.000924
0.000960
0.000944
0.000955
0.000944
0.000949
0.000942
0.000949
0.000949
0.000941
0.000943
0.000930
0.000949
0.000925
0.000948
0.000947
0.000954
0.000935
0.000953
0.000950
0.000947
0.000949
0.000936
0.000950
0.000944
0.000952
0.000936
0.000945
0.000945
0.000949
0.000946
0.000937
0.000957
0.000946
0.000934
0.000946
0.000955
0.000946
0.000930
0.000943
0.000946
0.000949
0.000946
0.000954
0.000941
0.000958
0.000942
0.000949
0.000941
0.000963
0.000928
0.000943
0.000948
0.000939
0.000953
0.000946
0.000949
0.000956
0.000944
0.000940
0.000943
0.000942
0.000948
0.000951
0.000930
0.000959
0.000939
0.000958
0.000934
0.000949
0.000947
0.000949
0.000947
0.000957
0.000934
0.000950
0.000938
0.000941
0.000939
0.000962
0.000901
0.000969
0.000906
0.000967
0.000925
0.000953
0.000938
0.000951
0.000955
0.000947
0.000939
0.000957
0.000923
0.000954
0.000941
0.000943
0.000954
0.000925
0.000944
0.000938
0.000955
0.000939
0.000951
0.000943
0.000940
0.000939
0.000959
0.000933
0.000963
0.000943
0.000944
0.000948
0.000948
0.000934
0.000963
0.000937
0.000946
0.000947
0.000948
0.000952
0.000940
0.000966
0.000929
0.000963
0.000928
0.000961
0.000949
0.000938
0.000960
0.000938
0.000953
0.000928
0.000950
0.000944
0.000948
0.000947
0.000938
0.000943
0.000956
0.000948
0.000948
0.000923
0.000947
0.000939
0.000946
0.000952
0.000934
0.000951
0.000932
0.000960
0.000947
0.000944
0.000952
0.000929
0.000946
0.000948
0.000941
0.000919
0.000952
0.000949
0.000948
0.000944
0.000967
0.000906
0.000964
0.000921
0.000951
0.000947
0.000935
0.000952
0.000941
0.000952
0.000915
0.000959
0.000887
0.000966
0.000903
0.000969
0.000916
0.000950
0.000952
0.000955
0.000940
0.000945
0.000954
0.000952
0.000949
0.000938
0.000954
0.000928
0.000953
0.000965
0.000928
0.000956
0.000960
0.000941
0.000967
0.000921
0.000950
0.000956
0.000940
0.000960
0.000911
0.000967
0.000911
0.000953
0.000954
0.000948
0.000952
0.000944
0.000949
0.000944
0.000953
0.000934
0.000953
0.000953
0.000949
0.000934
0.000958
0.000916
0.000961
0.000909
0.000962
0.000946
0.000949
0.000958
0.000909
0.000971
0.000910
