0.009000
0.004182
0.003564
0.003375
0.003315
0.003246
0.003313
0.003261
0.003173
0.003109
0.003087
0.003059
0.003043
0.003062
0.003032
0.002984
0.003019
0.003029
0.002993
0.003028
0.002984
0.003008
0.003017
0.003065
0.002963
0.003035
0.003078
0.003018
0.002997
0.003042
0.003046
0.003026
0.003050
0.003019
0.003020
0.002999
0.003069
0.003002
0.003013
0.003036
0.002977
0.002989
0.003034
0.003079
0.002995
0.003029
0.003075
0.003005
0.003015
0.003027
0.003018
0.003073
0.003032
0.003021
0.003001
0.003019
0.003055
0.002985
0.003031
0.003053
0.002992
0.002982
0.003177
0.003159
0.003132
0.003125
0.003130
0.003124
0.003116
0.003117
0.003107
0.003122
0.003127
0.003121
0.003127
0.003144
0.003134
0.003123
0.003116
0.003126
0.003124
0.003127
0.003136
0.003136
0.003127
0.003141
0.003128
0.003128
0.003133
0.003122
0.003131
0.003112
0.003117
0.003117
0.003153
0.003130
0.003125
0.003122
0.003137
0.003143
0.003136
0.003116
0.003121
0.003129
0.003151
0.003138
0.003117
0.003122
0.003135
0.003119
0.003115
0.003120
0.003117
0.003145
0.003124
0.003115
0.003114
0.003117
0.003106
0.003110
0.003123
0.003106
0.003110
0.003118
0.003119
0.003121
0.003131
0.003110
0.003121
0.003155
0.003182
0.003054
0.003122
0.003113
0.003120
0.003123
0.003111
0.003109
0.003116
0.003112
0.003108
0.003130
0.003122
0.003125
0.003118
0.003116
0.003123
0.003122
0.003118
0.003124
0.003119
0.003123
0.003117
0.003111
0.003110
0.003118
0.003125
0.003124
0.003124
0.003135
0.003131
0.003106
0.003110
0.003108
0.003124
0.003123
0.003118
0.003122
0.003134
0.003117
0.003120
0.003124
0.003118
0.003124
0.003125
0.003111
0.003120
0.003129
0.003133
0.003136
0.003114
0.003132
0.003126
0.003134
0.003141
0.003139
0.003123
0.003136
0.003143
0.003143
0.003135
0.003131
0.003121
0.003126
0.003110
0.003130
0.003119
0.003114
0.003118
0.003100
0.003103
0.003120
0.003127
0.003139
0.003141
0.003147
0.003140
0.003131
0.003244
0.003145
0.003132
0.003135
0.003140
0.003115
0.003117
0.003137
0.003134
0.003119
0.003134
0.003110
0.003130
0.003123
0.003133
0.003127
0.003135
0.003132
0.003127
0.003122
0.003182
0.003147
0.003051
0.003127
0.003144
0.003130
0.003130
0.003130
0.003134
0.003139
0.003132
0.003133
0.003131
0.003137
0.003149
0.003130
0.003123
0.003149
0.003136
0.003129
0.003143
0.003143
0.003163
0.003129
0.003119
0.003118
0.003124
0.003114
0.003112
0.003115
0.003125
0.003125
0.003122
0.003120
0.003113
0.003116
0.003116
0.003117
0.003112
0.003114
0.003104
0.003119
0.003133
0.003108
0.003107
0.003118
0.003124
0.003134
0.003111
0.003116
0.003121
0.003128
0.003131
0.003130
0.003122
0.003125
0.003115
0.003108
0.003138
0.003187
0.003054
0.003142
0.003141
0.003128
0.003126
0.003121
0.003134
0.003147
0.003112
0.003120
0.003126
0.003119
0.003104
0.003104
0.003146
0.006998
0.006941
0.004807
0.003680
0.003355
0.004320
0.003863
0.003444
0.003358
0.003290
0.003183
0.003198
0.003205
0.003303
0.011634
0.004816
0.003354
0.003221
0.003240
0.003257
0.003209
0.003921
0.003484
0.003279
0.003259
0.003349
0.003286
0.003321
0.003238
0.003286
0.003362
0.003166
0.003204
0.003218
0.003180
0.003241
0.003238
0.003202
0.003201
0.003219
0.003226
0.003194
0.003195
0.003165
0.003200
0.003340
0.003288
0.003380
0.003359
0.003343
0.003293
0.003356
0.003252
0.003321
0.003334
0.003226
0.003184
0.003239
0.003163
0.003177
0.003243
0.003245
0.003352
0.003204
0.003185
0.003211
0.003253
0.003187
0.003162
0.003195
0.003345
0.003220
0.003201
0.003182
0.003179
0.003189
0.003184
0.003189
0.003236
0.003237
0.003149
0.003235
0.003199
0.003191
0.003178
0.003218
0.003175
0.003193
0.003194
0.003182
0.003178
0.003234
0.003174
0.003191
0.003215
0.003200
0.003210
0.003258
0.003188
0.003185
0.003169
0.003196
0.003182
0.003230
0.003168
0.003167
0.003196
0.003177
0.003185
0.003205
0.003286
0.003172
0.003212
0.003240
0.003210
0.003192
0.003234
0.003197
0.003155
0.003212
0.003219
0.003180
0.003234
0.003197
0.003175
0.003283
0.003190
0.003165
0.003223
0.003219
0.003229
0.003257
0.003253
0.003195
0.003196
0.003197
0.003218
0.003221
0.003230
0.003192
0.003186
0.003305
0.003242
0.003204
0.003245
0.003203
0.003193
0.003245
0.003181
0.003177
0.003177
0.003184
0.003169
0.003245
0.003179
0.003171
0.003181
0.003197
0.003172
0.003241
0.003207
0.003146
0.003178
0.003169
0.003157
0.003174
0.003246
0.003174
0.003215
0.003222
0.003203
0.003196
0.003266
0.003173
0.003188
0.003222
0.003172
0.003171
0.003234
0.003210
0.003164
0.003217
0.003198
0.003172
0.003216
0.003167
0.003156
0.003186
0.003223
0.003172
0.003150
0.003224
0.003179
0.003172
0.003187
0.003143
0.003173
0.003241
0.003218
0.003195
0.003257
0.003165
0.003172
0.003223
0.003213
0.003162
0.003236
0.003190
0.003206
0.003216
0.003193
0.003156
0.003179
0.003184
0.003163
0.003179
0.003177
0.003164
0.003155
0.003150
0.003170
0.003182
0.003197
0.003157
0.003174
0.003174
0.003165
0.003173
0.003248
0.003230
0.003176
0.003209
0.003191
0.003156
0.003160
0.003236
0.003162
0.003221
0.003226
0.003117
0.003127
0.003178
0.003132
0.003118
0.003151
0.003139
0.003097
0.003162
0.003146
0.003110
0.003120
0.003140
0.003114
0.003101
0.003150
0.003109
0.003116
0.003171
0.003101
0.003079
0.003165
0.003113
0.003084
0.003172
0.003103
0.003074
0.003130
0.003156
0.003142
0.003134
0.003140
0.003104
0.003145
0.003211
0.003140
0.003113
0.003173
0.003095
0.003094
0.003151
0.003116
0.003093
0.003141
0.003135
0.003180
0.003134
0.003159
0.003126
0.003116
0.003177
0.003092
0.003098
0.003173
0.003118
0.003079
0.003187
0.003114
0.003085
0.003123
0.003145
0.003146
0.003165
0.003176
0.003124
0.003152
0.003152
0.003093
0.003118
0.003186
0.003126
0.003096
0.003181
0.003118
0.003085
0.003174
0.003082
0.003077
0.003119
0.003134
0.003103
0.003163
0.003212
0.003122
0.003101
0.003171
0.003126
0.003122
0.003172
0.003137
0.003094
0.003198
0.003126
0.003239
0.003202
0.003182
0.003140
0.003158
0.003181
0.003138
0.003150
0.003172
0.003115
0.003120
0.003175
0.003114
0.003132
0.003195
0.003140
0.003110
0.003185
0.003163
0.003128
0.003178
0.003159
0.003115
0.003165
0.003173
0.003144
0.003132
0.003201
0.003107
0.003119
0.003258
0.003185
0.003162
0.003184
0.003165
0.003181
0.003196
0.003123
0.003123
0.003146
0.003154
0.003108
0.003141
0.003184
0.003131
0.003155
0.003169
0.003121
0.003122
0.003170
0.003129
0.003120
0.003239
0.003144
0.003189
0.003182
0.003118
0.003127
0.003194
0.003204
0.003097
0.003135
0.003148
0.003160
0.003147
0.003171
0.003147
0.003179
0.003208
0.003152
0.003145
0.003187
0.003120
0.003109
0.003189
0.003128
0.003107
0.003162
0.003162
0.003137
0.003154
0.003227
0.003211
0.003167
0.003209
0.003100
0.003108
0.003205
0.003129
0.003105
0.003208
0.003144
0.003120
0.003244
0.003158
0.003172
0.003164
0.003205
0.003126
0.003178
0.003149
0.003109
0.003144
0.003176
0.003099
0.003124
0.003196
0.003131
0.003125
0.003187
0.003147
0.003108
0.003188
0.003119
0.003124
0.003189
0.003167
0.003128
0.003155
0.003195
0.003118
0.003140
0.003154
0.003140
0.003139
0.003197
0.003163
0.003128
0.003204
0.003184
0.003171
0.003191
0.003145
0.003122
0.003177
0.003163
0.003146
0.003155
0.003161
0.003117
0.003133
0.003164
0.003109
0.003105
0.003154
0.003125
0.003114
0.003198
0.003154
0.003116
0.003170
0.003179
0.003148
0.003154
0.003210
0.003084
0.003124
0.003166
0.003157
0.003162
0.003121
0.003182
0.003171
0.003191
0.003116
0.003096
0.003168
0.003126
0.003107
0.003148
0.003164
0.003119
0.003169
0.003166
0.003115
0.003143
0.003161
0.003093
0.003097
0.003157
0.003119
0.003098
0.003177
0.003105
0.003111
0.003166
0.003124
0.003113
0.003146
0.003189
0.003161
0.003154
0.003183
0.003112
0.003135
0.003170
0.003148
0.003141
0.003180
0.003106
0.003088
0.003162
0.003164
0.003110
0.003150
0.003143
0.003110
0.003133
0.003141
0.003102
0.003154
0.003168
0.003098
0.003122
0.003177
0.003122
0.003097
0.003170
0.003131
0.003091
0.003156
0.003398
0.003489
0.003200
0.003174
0.003177
0.003114
0.003166
0.003122
0.003157
0.003188
0.003109
0.003190
0.003200
0.003110
0.003108
0.003170
0.003118
0.003097
0.003132
0.003134
0.003111
0.003161
0.003122
0.003112
0.003129
0.003139
0.003095
0.003147
0.003189
0.003120
0.003112
0.003208
0.003144
0.003095
0.003168
0.003166
0.003172
0.003189
0.003145
0.003104
0.003154
0.003162
0.003141
0.003130
0.003141
0.003102
0.003125
0.003150
0.003107
0.003089
0.003188
0.003105
0.003076
0.003158
0.003125
0.003104
0.003096
0.003146
0.003073
0.003144
0.003139
0.003103
0.003089
0.003177
0.003140
0.003121
0.003182
0.003156
0.003116
0.003157
0.003118
0.003099
0.003179
0.003116
0.003093
0.003106
0.003167
0.003100
0.003133
0.003171
0.003102
0.003129
0.003163
0.003121
0.003093
0.003187
0.003129
0.003092
0.008840
0.006367
0.003293
0.003116
0.003204
0.003127
0.003148
0.003204
0.003151
0.003114
0.003149
0.003144
0.003143
0.003139
0.003140
0.003106
0.003171
0.003186
0.003105
0.003142
0.003154
0.003113
0.003104
0.003142
0.003103
0.003096
0.003163
0.003157
0.003079
0.003132
0.003149
0.003123
0.003141
0.003172
0.003153
0.003144
0.003174
0.003138
0.003165
0.003147
0.003143
0.003142
0.003189
0.003126
0.003081
0.003189
0.003119
0.003119
0.003145
0.003093
0.003103
0.003139
0.003148
0.003118
0.003091
0.003183
0.003109
0.003075
0.003198
0.003128
0.003100
0.003166
0.003101
0.003104
0.003173
0.003152
0.003099
0.003125
0.003166
0.003131
0.003165
0.003207
0.003115
0.003159
0.003150
0.003133
0.003142
0.003192
0.003145
0.003106
0.003151
0.003142
0.003101
0.003148
0.003144
0.003087
0.003127
0.003156
0.003101
0.003118
0.003159
0.003117
0.003097
0.003175
0.003102
0.003069
0.003162
0.003114
0.003078
0.003122
0.003174
0.003133
0.003166
0.003187
0.003135
0.003131
0.003171
0.003097
0.003169
0.003174
0.003085
0.003177
0.003182
0.003107
0.003141
0.003128
0.003144
0.003114
0.003169
0.003176
0.003095
0.003152
0.003147
0.003097
0.003094
0.003161
0.003104
0.003099
0.003167
0.003121
0.003099
0.003165
0.003132
0.003137
0.003140
0.003162
0.003131
0.003123
0.003150
0.003139
0.003118
0.003176
0.003115
0.003074
0.003160
0.003162
0.003103
0.003189
0.003111
0.003093
0.003153
0.003123
0.003070
0.003104
0.003147
0.003136
0.003089
0.003163
0.003097
0.003094
0.003170
0.003139
0.003067
0.003094
0.003118
0.003161
0.003138
0.003172
0.003113
0.003144
0.003176
0.003335
0.003912
0.004417
0.003424
0.003244
0.003144
0.003161
0.003176
0.003105
0.003105
0.003146
0.003138
0.003079
0.003107
0.003155
0.003087
0.003086
0.003171
0.003123
0.003081
0.003197
0.003130
0.003094
0.003202
0.003205
0.003214
0.003149
0.003132
0.003097
0.003132
0.003152
0.003096
0.003114
0.003160
0.003131
0.003067
0.003182
0.003066
0.003062
0.003166
0.003090
0.003106
0.003116
0.003142
0.003114
0.003155
0.003125
0.003100
0.003098
0.003178
0.003108
0.003136
0.003196
0.003106
0.003225
0.003197
0.003140
0.003100
0.003149
0.003174
0.003119
0.003133
0.003141
0.003125
0.003093
0.003162
0.003109
0.003085
0.003163
0.003134
0.003152
0.003198
0.003105
0.003116
0.003148
0.003123
0.003071
0.003121
0.003143
0.003079
0.003116
0.003145
0.003108
0.003102
0.003126
0.003099
0.003088
0.003142
0.003127
0.003121
0.003156
0.003163
0.003121
0.003163
0.003161
0.003098
0.003128
0.003136
0.003098
0.003108
0.003176
0.003136
0.003061
0.003195
0.003096
0.003113
0.003136
0.003135
0.003056
0.003143
0.003127
0.003076
0.003134
0.003146
0.003111
0.003086
0.003141
0.003098
0.003325
0.003237
0.003156
0.003146
0.003203
0.003162
0.003143
0.003151
0.003090
0.003123
0.003113
0.003156
0.003068
0.003079
0.003200
0.003097
0.003102
0.003154
0.003114
0.003078
0.003136
0.003121
0.003086
0.003142
0.003100
0.003114
0.003122
0.003107
0.003144
0.003124
0.003140
0.003114
0.003069
0.003145
0.003144
0.003129
0.003161
0.003156
0.003137
0.003160
0.003115
0.003135
0.003139
0.003137
0.003089
0.003090
0.003171
0.003150
0.003094
0.003149
0.003097
0.003071
0.003150
0.003195
0.003099
0.003171
0.003143
0.003081
0.003127
0.003153
0.003208
0.003218
0.003145
0.003113
0.003080
0.003172
0.003146
0.003088
0.003220
0.003147
0.003165
0.003159
0.003134
0.003115
0.003132
0.003120
0.003090
0.003110
0.003125
0.003078
0.003088
0.003165
0.003113
0.003111
0.003167
0.003112
0.003069
0.003150
0.003129
0.003091
0.003086
0.003124
0.003145
0.003094
0.003142
0.003089
0.003096
0.003145
0.003162
0.003078
0.003182
0.003171
0.003146
0.003148
0.003102
0.003069
0.003161
0.003116
0.003081
0.003107
0.003131
0.003065
0.003094
0.003144
0.003100
0.003077
0.003113
0.003085
0.003066
0.003133
0.003126
0.003101
0.003083
0.003140
0.003094
0.003104
0.003137
0.003088
0.003069
0.003188
0.003155
0.003093
0.003153
0.003179
0.003128
0.003161
0.003162
0.003093
0.003109
0.003125
0.003104
0.003129
0.003163
0.003111
0.003121
0.003123
0.003107
0.003075
0.003174
0.003127
0.003119
0.003134
0.003148
0.003083
0.003104
0.003106
0.003078
0.003110
0.003170
0.003117
0.003112
0.003155
0.003192
0.003091
0.003207
0.003147
0.003135
0.003156
0.003109
0.003103
0.003123
0.003160
0.003114
0.003101
0.003177
0.003099
0.003087
0.003173
0.003092
0.003062
0.003166
0.003136
0.003115
0.003199
0.003104
0.003101
0.003083
0.003144
0.003112
0.003110
0.003123
0.003085
0.003092
0.003190
0.003162
0.003133
0.003211
0.003189
0.003164
0.003191
0.003098
0.003151
0.003192
0.003154
0.003110
0.003144
0.003146
0.003103
0.003105
0.003147
0.003207
0.003106
0.003206
0.003165
0.003115
0.003193
0.003097
0.003133
0.003156
0.003159
0.003125
0.003173
0.003157
0.003095
0.003144
0.003216
0.003156
0.003128
0.003159
0.003140
0.003178
0.003167
0.003174
0.003127
0.003195
0.003142
0.003101
0.003142
0.003127
0.003101
0.003130
0.003122
0.003084
0.003121
0.003163
0.003107
0.003129
0.003183
0.003141
0.003099
0.003166
0.003131
0.003145
0.003197
0.003138
0.003114
0.003123
0.003190
0.003125
0.003160
0.003197
0.003171
0.003159
0.003217
0.003124
0.003150
0.003158
0.003131
0.003090
0.003145
0.003135
0.003109
0.003161
0.003193
0.003148
0.003130
0.003170
0.003118
0.003168
0.003160
0.003090
0.003110
0.003185
0.003122
0.003104
0.003198
0.003110
0.003086
0.003170
0.003198
0.003105
0.003163
0.003179
0.003115
0.003138
0.003188
0.003120
0.003152
0.003144
0.003130
0.003138
0.003163
0.003135
0.003070
0.003192
0.003117
0.003095
0.003147
0.003148
0.003091
0.003127
0.003118
0.003109
0.003153
0.003158
0.003112
0.003137
0.003146
0.003114
0.003103
0.003167
0.003151
0.003148
0.003180
0.003173
0.003117
0.003155
0.003165
0.003105
0.003148
0.003139
0.003078
0.003088
0.003167
0.003092
0.003071
0.003180
0.003128
0.003076
0.003184
0.003150
0.003131
0.003145
0.003164
0.003100
0.003125
0.003161
0.003092
0.003126
0.003161
0.003137
0.003096
0.003179
0.003168
0.003098
0.003169
0.003201
0.003137
0.003177
0.003139
0.003081
0.003138
0.003167
0.003083
0.003078
0.003220
0.003204
0.003100
0.003151
0.003116
0.003117
0.003195
0.003160
0.003114
0.003189
0.003151
0.003123
0.003114
0.003169
0.003153
0.003165
0.003175
0.003129
0.003091
0.003214
0.003175
0.003199
0.003246
0.003115
0.003171
0.003195
0.003192
0.003132
0.003156
0.003181
0.003113
0.003140
0.003100
0.003130
0.003119
0.003133
0.003084
0.003114
0.003136
0.003082
0.003093
0.003140
0.003125
0.003073
0.003129
0.003074
0.003094
0.003114
0.003140
0.003091
0.003082
0.003198
0.003176
0.003124
0.003140
0.003166
0.003123
0.003141
0.003162
0.003088
0.003137
0.003126
0.003098
0.003110
0.003130
0.003100
0.003123
0.003179
0.003083
0.003057
0.003157
0.003082
0.003087
0.003160
0.003128
0.003060
0.003115
0.003084
0.003079
0.003111
0.003138
0.003076
0.003169
0.003172
0.003134
0.003111
0.003131
0.003136
0.003112
0.003144
0.003158
0.003063
0.003152
0.003131
0.003073
0.003116
0.003135
0.003092
0.003105
0.003178
0.003096
0.003083
0.003148
0.003138
0.003050
0.003160
0.003120
0.003098
0.003146
0.003147
0.003055
0.003095
0.003143
0.003096
0.003071
0.003193
0.003105
0.003128
0.003139
0.003098
0.003139
0.003132
0.003101
0.003131
0.003167
0.003142
0.003082
0.003108
0.003129
0.003071
0.003101
0.003120
0.003080
0.003136
0.003174
0.003100
0.003062
0.003132
0.003095
0.003082
0.003141
0.003094
0.003062
0.003139
0.003196
0.003063
0.003074
0.003169
0.003159
0.003109
0.003153
0.003147
0.003146
0.003138
0.003117
0.003091
0.003118
0.003163
0.003165
0.003128
0.003125
0.003089
0.003077
0.003116
0.003103
0.003071
0.003136
0.003100
0.003057
0.003169
0.003145
0.003104
0.003125
0.003191
0.003134
0.003148
0.003166
0.003106
0.003114
0.003205
0.003142
0.003125
0.003161
0.003127
0.003199
0.003256
0.003186
0.003096
0.003190
0.003140
0.003104
0.003143
0.003175
0.003114
0.003124
0.003159
0.003101
0.003105
0.003165
0.003105
0.003148
0.003176
0.003105
0.003105
0.003215
0.003175
0.003149
0.003189
0.003140
0.003080
0.003118
0.003152
0.003172
0.003139
0.003181
0.003160
0.003127
0.003187
0.003098
0.003110
0.003162
0.003143
0.003130
0.003186
0.003123
0.003098
0.003134
0.003094
0.003063
0.003075
0.003145
0.003091
0.003100
0.003149
0.003082
0.003067
0.003156
0.003116
0.003099
0.003143
0.003121
0.003088
0.003094
0.003178
0.003149
0.003117
0.003169
0.003086
0.003123
0.003173
0.003112
0.003100
0.003159
0.003113
0.003093
0.003126
0.003133
0.003093
0.003128
0.003109
0.003074
0.003096
0.003169
0.003084
0.003099
0.003159
0.003104
0.003100
0.003135
0.003115
0.003111
0.003169
0.003116
0.003105
0.003081
0.003139
0.003131
0.003105
0.003170
0.003106
0.003114
0.003170
0.003349
0.006238
0.006270
0.003719
0.004123
0.005341
0.003935
0.003561
0.003735
0.003670
0.003667
0.003733
0.003806
0.003769
0.003781
0.003751
0.003632
0.003696
0.003627
0.003631
0.004006
0.004644
0.004064
0.003942
0.003919
0.003978
0.003911
0.003817
0.003719
0.003664
0.003703
0.003671
0.003669
0.003747
0.003784
0.003737
0.003718
0.003638
0.003718
0.003727
0.003751
0.003757
0.003695
0.003702
0.003668
0.004090
0.004003
0.003679
0.003780
0.003796
0.003816
0.003845
0.003763
0.003813
0.003778
0.003820
0.003839
0.003803
0.003801
0.003737
0.003773
0.003842
0.003727
0.003765
0.003746
0.003584
0.003708
0.003720
0.003720
0.003716
0.003697
0.003700
0.003680
0.003686
0.003675
0.003731
0.003660
0.003679
0.003599
0.003693
0.003723
0.003604
0.003613
0.003736
0.003689
0.003701
0.003707
0.003598
0.003507
0.003625
0.003615
0.003752
0.003584
0.003717
0.003740
0.003656
0.003736
0.003680
0.003738
0.003763
0.003725
0.003784
0.003694
0.003712
0.003540
0.003716
0.003619
0.003701
0.003706
0.003736
0.003684
0.003658
0.003726
0.003670
0.003724
0.003701
0.003638
0.003723
0.003709
0.003624
