0.018103
0.011590
0.009677
0.008970
0.008770
0.008681
0.008704
0.008548
0.008654
0.008573
0.008546
0.008519
0.008535
0.008626
0.008576
0.008458
0.008408
0.008585
0.008526
0.008530
0.008545
0.008462
0.008468
0.008342
0.008432
0.008480
0.008508
0.008492
0.008497
0.008495
0.008449
0.008470
0.008498
0.008445
0.008488
0.008466
0.008393
0.008491
0.008518
0.008362
0.008513
0.008549
0.011760
0.009332
0.008974
0.008796
0.008789
0.008919
0.008804
0.008795
0.008730
0.008926
0.008883
0.008837
0.008815
0.008748
0.008783
0.008757
0.008858
0.008986
0.008829
0.009086
0.008863
0.008883
0.008940
0.008832
0.008843
0.009054
0.008965
0.008869
0.008946
0.008833
0.008861
0.008872
0.008943
0.008867
0.008787
0.008805
0.008836
0.008865
0.008808
0.008830
0.008975
0.008972
0.009026
0.009055
0.009009
0.008962
0.011665
0.011213
0.010864
0.009637
0.009396
0.009263
0.009188
0.009551
0.010318
0.011756
0.009575
0.009425
0.009070
0.008916
0.009164
0.009010
0.009034
0.009035
0.009372
0.009358
0.009032
0.009189
0.009020
0.016160
0.009705
0.009077
0.008954
0.009027
0.009031
0.009039
0.008902
0.008975
0.009072
0.008943
0.009000
0.009023
0.009004
0.008956
0.008956
0.008932
0.008995
0.008963
0.008808
0.008727
0.008830
0.008843
0.008811
0.008907
0.008944
0.009089
0.008700
0.008874
0.008930
0.008867
0.008831
0.008712
0.008827
0.008807
0.008820
0.008913
0.008916
0.008902
0.008945
0.008885
0.008755
0.008927
0.008882
0.008945
0.008925
0.008819
0.008765
0.008857
0.008869
0.008858
0.008861
0.008854
0.008868
0.008763
0.008958
0.008863
0.008860
0.008898
0.009108
0.008991
0.008963
0.008961
0.008881
0.008885
0.009029
0.008903
0.008865
0.008904
0.008916
0.008883
0.008992
0.008988
0.008939
0.008939
0.008830
0.008967
0.008982
0.008961
0.008876
0.008990
0.008802
0.008859
0.008863
0.008921
0.008830
0.008760
0.008756
0.008843
0.008903
0.008900
0.008922
0.009010
0.008963
0.008943
0.008887
0.008927
0.008878
0.008933
0.008909
0.008888
0.008719
0.008898
0.008846
0.008723
0.008833
0.008882
0.008924
0.008869
0.008832
0.008884
0.008879
0.008870
0.008843
0.008771
0.008857
0.008730
0.008860
0.008816
0.008883
0.008850
0.008891
0.008812
0.008883
0.008915
0.009241
0.009110
0.009007
0.009080
0.008981
0.009011
0.008945
0.008916
0.008939
0.008893
0.008889
0.008857
0.008867
0.008916
0.008981
0.008871
0.008893
0.008926
0.008800
0.008825
0.008918
0.008854
0.008854
0.008801
0.008756
0.008796
0.008863
0.009031
0.009072
0.008928
0.008869
0.008931
0.008939
0.008911
0.008969
0.008872
0.008815
0.009035
0.008965
0.008792
0.008792
0.008873
0.008885
0.009011
0.008853
0.008959
0.008965
0.009019
0.009071
0.008969
0.008921
0.008895
0.008834
0.009113
0.008950
0.008854
0.008857
0.008939
0.008908
0.008934
0.008978
0.008932
0.008862
0.008835
0.008967
0.009015
0.008985
0.008941
0.008933
0.008977
0.008959
0.009000
0.008962
0.008896
0.008787
0.008947
0.008864
0.008940
0.008941
0.008817
0.008852
0.008773
0.008762
0.008819
0.008866
0.008782
0.008897
0.008853
0.008732
0.008762
0.008754
0.008780
0.008748
0.008806
0.008902
0.008935
0.008889
0.008762
0.008875
0.008791
0.014543
0.009906
0.009309
0.009339
0.009346
0.009230
0.009149
0.009150
0.009075
0.009179
0.009210
0.009195
0.009179
0.009155
0.009134
0.009259
0.009193
0.009099
0.009142
0.009292
0.009165
0.009156
0.009313
0.009203
0.009098
0.009125
0.009201
0.009092
0.009143
0.009143
0.009174
0.009142
0.009234
0.009137
0.008986
0.009169
0.009376
0.009407
0.009215
0.009243
0.009259
0.009228
0.009159
0.009141
0.009075
0.009194
0.009234
0.009309
0.009181
0.009231
0.009208
0.009165
0.009232
0.009120
0.009192
0.009307
0.009255
0.009148
0.009181
0.009337
0.009147
0.009209
0.009292
0.009300
0.009076
0.009100
0.009243
0.009242
0.009076
0.009366
0.009124
0.009249
0.009059
0.008925
0.009139
0.009165
0.009139
0.009160
0.009197
0.009127
0.009196
0.009170
0.009180
0.009218
0.009043
0.009179
0.009236
0.008952
0.009231
0.009183
0.009189
0.009238
0.009238
0.009262
0.009226
0.009207
0.009066
0.009177
0.009099
0.009142
0.009237
0.009165
0.009211
0.009239
0.009136
0.009301
0.009177
0.009101
0.009158
0.009104
0.009029
0.009245
0.009087
0.009098
0.009131
0.009058
0.009259
0.009244
0.009232
0.009211
0.009300
0.009170
0.009033
0.009273
0.009191
0.009193
0.009274
0.009274
0.009189
0.009174
0.009255
0.009137
0.009160
0.009034
0.009167
0.009180
0.009215
0.009044
0.009095
0.009095
0.009116
0.009217
0.009166
0.009270
0.009217
0.009205
0.009193
0.009215
0.009339
0.008997
0.009146
0.009244
0.009139
0.009166
0.009212
0.009250
0.009363
0.009264
0.009255
0.009232
0.009191
0.009105
0.009175
0.009115
0.009178
0.009379
0.009243
0.009109
0.009063
0.009089
0.009097
0.009214
0.009266
0.009165
0.009110
0.009046
0.009156
0.009556
0.009441
0.009138
0.009184
0.009290
0.009218
0.009348
0.009256
0.009210
0.009185
0.009291
0.009353
0.009346
0.009322
0.009257
0.009325
0.009140
0.008969
0.009181
0.009188
0.009331
0.009183
0.009095
0.009217
0.009224
0.009209
0.009224
0.009215
0.009217
0.009279
0.009214
0.009209
0.009242
0.009221
0.009232
0.009161
0.009185
0.009440
0.009272
0.009278
0.009326
0.009308
0.009235
0.009112
0.009227
0.009133
0.009180
0.009206
0.009172
0.009213
0.009146
0.009236
0.009225
0.009268
0.009143
0.009328
0.009173
0.009292
0.009126
0.009253
0.009169
0.009270
0.009174
0.009332
0.009276
0.009254
0.009294
0.009422
0.009334
0.009219
0.009303
0.009322
0.009340
0.009211
0.009211
0.009128
0.009248
0.009283
0.009298
0.009253
0.009075
0.009043
0.009115
0.009175
0.009272
0.009218
0.009259
0.009281
0.009390
0.009407
0.009174
0.009238
0.009296
0.009022
0.009034
0.009198
0.009295
0.009160
0.009098
0.009215
0.008991
0.009152
0.009201
0.009336
0.009150
0.011305
0.011313
0.009625
0.009153
0.009426
0.009152
0.009249
0.009240
0.009268
0.009235
0.009385
0.009302
0.009324
0.009312
0.009279
0.009305
0.009250
0.009785
0.013146
0.011614
0.010720
0.009911
0.009764
0.009751
0.009669
0.009574
0.010300
0.009951
0.010056
0.009710
0.009389
0.009698
0.009517
0.009421
0.009673
0.009963
0.009879
0.009649
0.009756
0.009586
0.009542
0.009500
0.009487
0.009380
0.009394
0.009506
0.009457
0.009288
0.009307
0.009410
0.009309
0.009401
0.009383
0.009391
0.009285
0.009257
0.009364
0.009342
0.009290
0.009276
0.009348
0.009284
0.009356
0.009366
0.009332
0.009184
0.009129
0.009074
0.009202
0.009139
0.008964
0.009150
0.009082
0.009156
0.009088
0.009072
0.009163
0.009143
0.009256
0.009246
0.009271
0.009329
0.009220
0.009182
0.009133
0.009210
0.009212
0.009120
0.009232
0.009357
0.009287
0.009272
0.009145
0.009152
0.009176
0.009196
0.009216
0.009241
0.009289
0.009485
0.009292
0.009242
0.009064
0.009377
0.009218
0.009161
0.009227
0.009238
0.009235
0.009229
0.009202
0.009203
0.009147
0.009253
0.009064
0.009140
0.009150
0.009111
0.009240
0.009112
0.009257
0.009253
0.009183
0.009189
0.009066
0.009214
0.009130
0.009099
0.009109
0.009202
0.009170
0.009331
0.009216
0.009312
0.009248
0.009113
0.009169
0.009043
0.009119
0.009161
0.009182
0.009195
0.009227
0.009042
0.009038
0.009113
0.009120
0.009276
0.009222
0.009054
0.009157
0.009122
0.009159
0.009155
0.009109
0.009201
0.009177
0.009060
0.009107
0.009166
0.009323
0.009340
0.009376
0.009269
0.009216
0.009282
0.009160
0.009222
0.009284
0.009292
0.009315
0.009360
0.009235
0.009191
0.009213
0.009273
0.009260
0.009207
0.009268
0.009262
0.009197
0.009229
0.009299
0.009264
0.009295
0.009211
0.009318
0.009207
0.009297
0.009420
0.009239
0.009266
0.009152
0.009074
0.009217
0.009230
0.009136
0.009330
0.009220
0.009296
0.009308
0.009161
0.009087
0.009123
0.009249
0.009145
0.009304
0.009246
0.009387
0.009359
0.009255
0.009048
0.009222
0.009156
0.009195
0.009218
0.009190
0.009243
0.009083
0.009223
0.009181
0.009221
0.009237
0.009262
0.009232
0.009201
0.009123
0.009291
0.009226
0.009329
0.009268
0.009298
0.009173
0.009200
0.009080
0.009163
0.009249
0.009283
0.009230
0.009157
0.009333
0.009275
0.009252
0.009144
0.009270
0.009284
0.009258
0.009215
0.009143
0.009181
0.009292
0.009253
0.009243
0.009198
0.009316
0.009273
0.009202
0.009151
0.009237
0.009163
0.009130
0.009064
0.009025
0.009141
0.009097
0.009069
0.009093
0.009064
0.009173
0.009129
0.009110
0.009059
0.009136
0.009173
0.009181
0.009185
0.009079
0.009184
0.009108
0.009125
0.009206
0.009180
0.009123
0.009187
0.009229
0.009229
0.009196
0.009258
0.009139
0.009247
0.009197
0.009197
0.009190
0.009115
0.009124
0.009162
0.009135
0.009250
0.009135
0.009114
0.016116
0.010787
0.009603
0.009437
0.009498
0.009382
0.009295
0.009352
0.009343
0.009305
0.009309
0.009338
0.009318
0.009365
0.009512
0.009190
0.009283
0.009259
0.009264
0.009313
0.009353
0.009310
0.009328
0.009168
0.009133
0.009122
0.009237
0.009089
0.009211
0.009164
0.009207
0.009247
0.009225
0.009209
0.009239
0.009212
0.009382
0.009350
0.009204
0.009379
0.009253
0.009281
0.009322
0.009295
0.009298
0.009387
0.009193
0.009299
0.009239
0.009302
0.009204
0.009257
0.009272
0.009220
0.009231
0.009193
0.009186
0.009298
0.009174
0.009237
0.009196
0.009234
0.009164
0.009212
0.009199
0.009112
0.009112
0.009185
0.009223
0.009122
0.009074
0.009128
0.009208
0.009162
0.009174
0.009209
0.009232
0.009266
0.009248
0.009181
0.009143
0.009167
0.009147
0.009247
0.009141
0.009199
0.009246
0.009142
0.009213
0.009245
0.009174
0.009116
0.009158
0.009238
0.009125
0.009128
0.009077
0.009097
0.009213
0.009054
0.009185
0.009261
0.009250
0.009164
0.009235
0.009262
0.009185
0.009304
0.009065
0.009129
0.009203
0.009218
0.009149
0.009018
0.009108
0.009201
0.009047
0.009169
0.009174
0.009138
0.009198
0.009252
0.009248
0.009134
0.009141
0.009124
0.009198
0.009281
0.009411
0.009358
0.009034
0.009223
0.009246
0.009223
0.009312
0.009263
0.009219
0.009273
0.009207
0.009244
0.009189
0.009188
0.009218
0.009018
0.009219
0.009285
0.009232
0.009162
0.009174
0.009246
0.009264
0.009266
0.009273
0.009217
0.009186
0.009235
0.009224
0.009228
0.009174
0.009149
0.009092
0.008994
0.009251
0.009083
0.009170
0.009244
0.009056
0.009181
0.009224
0.009178
0.009254
0.009231
0.009374
0.009290
0.009305
0.009288
0.009246
0.009255
0.009315
0.009270
0.009223
0.009298
0.009223
0.009118
0.009223
0.009254
0.009242
0.009279
0.009313
0.009317
0.009304
0.009358
0.009296
0.009291
0.009311
0.009322
0.009288
0.009276
0.009342
0.009202
0.009322
0.009248
0.009264
0.009258
0.009236
0.009234
0.009300
0.009230
0.009249
0.009291
0.009173
0.009332
0.009372
0.009337
0.009267
0.009190
0.009173
0.009243
0.009246
0.009202
0.009188
0.014542
0.011715
0.009980
0.009613
0.009743
0.009703
0.009666
0.009614
0.009501
0.009625
0.009856
0.009744
0.009711
0.009717
0.009671
0.009672
0.009762
0.009641
0.009525
0.009561
0.009623
0.009666
0.009636
0.009663
0.009696
0.009709
0.009455
0.009544
0.009446
0.009545
0.009651
0.009499
0.009628
0.011186
0.012467
0.012273
0.010956
0.010132
0.010203
0.010157
0.010081
0.009953
0.010166
0.010190
0.009717
0.009777
0.009738
0.009767
0.010125
0.009756
0.010074
0.010364
0.009885
0.010113
0.009972
0.009774
0.009895
0.009744
0.009975
0.009988
0.009944
0.009995
0.009832
0.009931
0.009934
0.009572
0.009623
0.009776
0.009849
0.009707
0.009963
0.009597
0.009887
0.009689
0.009701
0.009725
0.009722
0.009842
0.009779
0.009694
0.009809
0.009856
0.009807
0.009901
0.009772
0.009777
0.009772
0.009841
0.009782
0.009678
0.009793
0.009863
0.009683
0.009725
0.009710
0.009665
0.009722
0.009975
0.009882
0.009753
0.009687
0.009652
0.009802
0.009573
0.009836
0.009638
0.009563
0.009524
0.009651
0.009624
0.009778
0.009706
0.009672
0.009641
0.009675
0.009534
0.009712
0.009620
0.009555
0.009608
0.009481
0.009671
0.009722
0.009694
0.009571
0.009720
0.009572
0.009681
0.009610
0.009646
0.009644
0.009643
0.009500
0.009646
0.009497
0.009566
0.009586
0.009540
0.009639
0.009613
0.009736
0.009616
0.009616
0.009642
0.009545
0.009522
0.009644
0.009699
0.009728
0.009613
0.009731
0.009706
0.009749
0.009677
0.009710
0.009783
0.009838
0.009660
0.009713
0.009722
0.009689
0.009620
0.009614
0.009591
0.009491
0.009551
0.009635
0.009688
0.009606
0.009541
0.009902
0.009528
0.009568
0.009433
0.009658
0.009556
0.009510
0.009518
0.009655
0.009642
0.009797
0.009509
0.009678
0.009616
0.009587
0.009522
0.009711
0.009520
0.009571
0.009726
0.009667
0.009510
0.009581
0.009629
0.009614
0.009618
0.009772
0.009818
0.009699
0.009645
0.009655
0.009615
0.009681
0.009584
0.009662
0.009760
0.009511
0.009620
0.009609
0.009667
0.009787
0.009702
0.009578
0.009789
0.009714
0.009573
0.009449
0.009763
0.009609
0.009679
0.009783
0.009760
0.009733
0.009599
0.009616
0.009756
0.009724
0.009763
0.009783
0.009712
0.009734
0.009836
0.009775
0.009578
0.009643
0.009779
0.009572
0.009593
0.009651
0.009556
0.009541
0.009679
0.009664
0.009618
0.009618
0.009559
0.009567
0.009607
0.009534
0.009460
0.009554
0.009565
0.009756
0.009664
0.009488
0.009546
0.009657
0.009565
0.009582
0.009613
0.009694
0.009694
0.009729
0.009551
0.009580
0.009752
0.009909
0.009800
0.009660
0.009639
0.009560
0.009508
0.009620
0.009595
0.009536
0.009451
0.009645
0.009734
0.009613
0.009636
0.009700
0.009741
0.009675
0.009783
0.009783
0.009762
0.009757
0.009851
0.009794
0.009925
0.009688
0.009691
0.009781
0.009661
0.009663
0.009622
0.009726
0.009646
0.009812
0.009722
0.009806
0.010041
0.009912
0.009652
0.009623
0.009631
0.009827
0.009798
0.009753
0.009708
0.009620
0.009626
0.009543
0.009545
0.009594
0.009625
0.009694
0.009712
0.009762
0.009598
0.009676
0.009599
0.009715
0.009744
0.009658
0.009624
0.009724
0.009605
0.009732
0.009644
0.009550
0.009634
0.009514
0.009688
0.009630
0.009695
0.009756
0.009644
0.009574
0.009768
0.009677
0.009783
0.009755
0.009783
0.009703
0.009634
0.009571
0.009812
0.009699
0.009763
0.009794
0.009688
0.009685
0.009592
0.009628
0.009655
0.009653
0.009667
0.009718
0.009701
0.009785
0.009870
0.009694
0.009585
0.009784
0.009592
0.009621
0.009538
0.009558
0.009671
0.009570
0.009612
0.009598
0.009616
0.009638
0.009519
0.009682
0.009718
0.009703
0.009658
0.009727
0.009631
0.009652
0.009492
0.009696
0.009614
0.009660
0.009654
0.009754
0.009597
0.009687
0.009565
0.009646
0.009434
0.009513
0.009645
0.009737
0.009531
0.009612
0.009739
0.009668
0.009691
0.009653
0.009770
0.009699
0.009674
0.009679
0.009640
0.009566
0.009551
0.009643
0.009841
0.009767
0.009774
0.009673
0.009700
0.009604
0.009692
0.009558
0.009655
0.009706
0.009801
0.009748
0.009615
0.009615
0.009696
0.009756
0.009655
0.009639
0.009528
0.009453
0.009519
0.009764
0.009817
0.009625
0.009489
0.009648
0.009670
0.009737
0.009620
0.009556
0.009640
0.009696
0.009664
0.009731
0.009562
0.009684
0.009573
0.009679
0.009731
0.009699
0.009762
0.009645
0.009716
0.009686
0.009703
0.009386
0.009585
0.009468
0.014555
0.009814
0.009718
0.009553
0.009684
0.009599
0.009556
0.009568
0.009590
0.009592
0.009639
0.009600
0.009690
0.009575
0.009735
0.009719
0.009685
0.009520
0.009394
0.009559
0.009622
0.009658
0.009522
0.009512
0.009620
0.009670
0.009693
0.009721
0.009619
0.009544
0.009579
0.009776
0.009724
0.009602
0.009482
0.009686
0.009667
0.009644
0.009566
0.009515
0.009599
0.009647
0.009686
0.009640
0.009608
0.009684
0.009674
0.009758
0.009633
0.009579
0.009603
0.009525
0.009593
0.009525
0.009451
0.009677
0.009600
0.009595
0.009613
0.009484
0.009595
0.009631
0.009705
0.009620
0.009622
0.009640
0.009851
0.009800
0.009698
0.009598
0.009668
0.009665
0.009578
0.009623
0.009596
0.009612
0.009661
0.009681
0.009506
0.009679
0.009698
0.009551
0.009573
0.009529
0.009494
0.009618
0.009701
0.009678
0.009518
0.010503
0.012925
0.011454
0.012165
0.010406
0.010187
0.009954
0.010035
0.010746
0.010162
0.010252
0.010250
0.009811
0.009673
0.010072
0.009884
0.009890
0.010277
0.010100
0.010079
0.009820
0.009836
0.009940
0.009615
0.009789
0.009791
0.009790
0.009758
0.009734
0.009817
0.009820
0.009743
0.009830
0.009789
0.009900
0.009773
0.009859
0.009850
0.009845
0.009847
0.009841
0.009628
0.009891
0.009869
0.009740
0.009809
0.009748
0.009810
0.009813
0.009739
0.009878
0.009758
0.009766
0.009737
0.009797
0.009618
0.009717
0.009624
0.009630
0.009659
0.009611
0.009470
0.009390
0.009628
0.009531
0.009477
0.009515
0.009589
0.009741
0.009784
0.009616
0.009549
0.009550
0.009655
0.009739
0.009622
0.009657
0.009762
0.009681
0.009657
0.009679
0.009675
0.009721
0.009655
0.009750
0.009664
0.009720
0.009672
0.009556
0.009687
0.009763
0.009662
0.009637
0.009678
0.009747
0.009692
0.009565
0.009659
0.009461
0.009750
0.009753
0.009603
0.009705
0.009665
0.009679
0.009644
0.009642
0.009558
0.009522
0.009671
0.009693
0.009618
0.009473
0.009554
0.009554
0.009649
0.009609
0.009548
0.009647
0.009534
0.009691
0.009668
0.009678
0.009631
0.009703
0.009504
0.009648
0.009552
0.009623
0.009576
0.009605
0.009650
0.009668
0.009749
0.009630
0.009590
0.009604
0.009666
0.009661
0.009648
0.009675
0.009627
0.009617
0.009573
0.009535
0.009602
0.009595
0.009650
0.009667
0.009654
0.009638
0.009824
0.009429
0.009644
0.009593
0.009481
0.009431
0.009502
0.009569
0.009488
0.009562
0.009559
0.009648
0.009607
0.009660
0.009602
0.009589
0.009699
0.009568
0.009520
0.009583
0.009671
0.009691
0.009621
0.009562
0.009549
0.009523
0.009686
0.009508
0.009653
0.009486
0.009647
0.009632
0.009638
0.009545
0.009465
0.009447
0.009663
0.009669
0.009501
0.009528
0.009603
0.009625
0.009724
0.009573
0.009607
0.009586
0.009685
0.009706
0.009593
0.009577
0.009618
0.009511
0.009703
0.009645
0.009523
0.009660
0.009694
0.009573
0.009568
0.009573
0.009603
0.009612
0.009636
0.009456
0.009628
0.009583
0.009571
0.009679
0.009520
0.009542
0.009582
0.009688
0.009628
0.009713
0.009637
0.009751
0.009433
0.009514
0.009547
0.009565
0.009569
0.009598
0.009596
0.009610
0.009630
0.009584
0.009686
0.009594
0.009615
0.009583
0.009750
0.009847
0.009681
0.009655
0.009738
0.009821
0.009591
0.009605
0.009508
0.009573
0.009648
0.009655
0.009580
0.009663
0.009649
0.009564
0.009381
0.009545
0.009513
0.009599
0.009245
0.009396
0.009380
0.009533
0.009382
0.009628
0.009543
0.009568
0.009613
0.009505
0.009413
0.009517
0.009540
0.009563
0.009537
0.009591
0.009640
0.009579
0.009573
0.009608
0.009648
0.009502
0.009475
0.009485
0.009605
0.009713
0.009819
0.009580
0.009496
0.009567
0.009650
0.009494
0.009528
0.009717
0.009616
0.009610
0.009651
0.009645
0.009490
0.009526
0.009616
0.009614
0.009665
0.009622
0.009505
0.009609
0.009781
0.009668
0.009636
0.009657
0.009658
0.009564
