0.001034
0.000785
0.000379
0.000372
0.000371
0.000371
0.000371
0.000371
0.000372
0.000372
0.000371
0.000382
0.000378
0.000359
0.000358
0.000360
0.000359
0.000358
0.000358
0.000359
0.000359
0.000359
0.000364
0.000367
0.000353
0.000348
0.000347
0.000347
0.000348
0.000347
0.000347
0.000348
0.000348
0.000348
0.000353
0.000344
0.000331
0.000331
0.000331
0.000332
0.000332
0.000332
0.000331
0.000331
0.000332
0.000332
0.000337
0.000338
0.000323
0.000323
0.000322
0.000323
0.000323
0.000322
0.000323
0.000322
0.000323
0.000323
0.000337
0.000327
0.000315
0.000314
0.000322
0.000316
0.000315
0.000315
0.000314
0.000314
0.000314
0.000315
0.000318
0.000320
0.000320
0.000308
0.000307
0.000307
0.000307
0.000307
0.000308
0.000307
0.000308
0.000307
0.000307
0.000311
0.000318
0.000313
0.000301
0.000301
0.000302
0.000302
0.000302
0.000301
0.000300
0.000301
0.000301
0.000301
0.000305
0.000306
0.000306
0.000295
0.000304
0.000295
0.000295
0.000294
0.000295
0.000295
0.000295
0.000295
0.000300
0.000295
0.000299
0.000301
0.000289
0.000290
0.000290
0.000290
0.000290
0.000290
0.000289
0.000290
0.000289
0.000289
0.000289
0.000289
0.000293
0.000299
0.000289
0.000289
0.000290
0.000290
0.000290
0.000290
0.000289
0.000289
0.000289
0.000308
0.000295
0.000297
0.000295
0.000295
0.000295
0.000295
0.000294
0.000303
0.000289
0.000288
0.000289
0.000290
0.000290
0.000290
0.000290
0.000293
0.000289
0.000291
0.000289
0.000289
0.000289
0.000289
0.000289
0.000289
0.000290
0.000289
0.000290
0.000290
0.000289
0.000294
0.000289
0.000307
0.000295
0.000295
0.000295
0.000295
0.000295
0.000295
0.000295
0.000303
0.000290
0.000289
0.000292
0.000290
0.000289
0.000289
0.000289
0.000289
0.000289
0.000290
0.000290
0.000289
0.000289
0.000289
0.000290
0.000290
0.000293
0.000289
0.000289
0.000289
0.000290
0.000289
0.000290
0.000289
0.000288
0.000290
0.000305
0.000294
0.000295
0.000295
0.000316
0.000309
0.000309
0.000309
0.000318
0.000304
0.000304
0.000304
0.000304
0.000303
0.000303
0.000303
0.000303
0.000306
0.000304
0.000304
0.000304
0.000304
0.000304
0.000304
0.000304
0.000304
0.000304
0.000304
0.000304
0.000304
0.000307
0.000304
0.000303
0.000305
0.000321
0.000309
0.000308
0.000309
0.000309
0.000308
0.000309
0.000309
0.000315
0.000307
0.000304
0.000303
0.000305
0.000304
0.000304
0.000303
0.000304
0.000303
0.000304
0.000304
0.000304
0.000304
0.000307
0.000304
0.000303
0.000303
0.000303
0.000304
0.000303
0.000303
0.000319
0.000309
0.000310
0.000309
0.000309
0.000313
0.000310
0.000309
0.000309
0.000319
0.000304
0.000304
0.000303
0.000303
0.000304
0.000303
0.000303
0.000304
0.000305
0.000304
0.000304
0.000304
0.000304
0.000304
0.000304
0.000304
0.000304
0.000303
0.000303
0.000304
0.000304
0.000306
0.000303
0.000304
0.000321
0.000309
0.000309
0.000309
0.000309
0.000310
0.000308
0.000309
0.000316
0.000304
0.000324
0.000310
0.000310
0.000309
0.000316
0.000305
0.000304
0.000304
0.000304
0.000304
0.000304
0.000304
0.000304
0.000325
0.000309
0.000309
0.000309
0.000316
0.000304
0.000303
0.000304
0.000304
0.000304
0.000321
0.000310
0.000309
0.000313
0.000309
0.000309
0.000309
0.000309
0.000317
0.000304
0.000304
0.000304
0.000304
0.000304
0.000303
0.000304
0.000324
0.000309
0.000310
0.000311
0.000309
0.000310
0.000310
0.000309
0.000310
0.000310
0.000309
0.000317
0.000304
0.000326
0.000309
0.000309
0.000308
0.000330
0.000309
0.000309
0.000309
0.000310
0.000309
0.000309
0.000309
0.000309
0.000313
0.000310
0.000310
0.000310
0.000313
0.000303
0.000304
0.000303
0.000305
0.000304
0.000304
0.000322
0.000310
0.000313
0.000309
0.000316
0.000304
0.000303
0.000304
0.000304
0.000305
0.000320
0.000310
0.000309
0.000310
0.000313
0.000309
0.000310
0.000310
0.000318
0.000303
0.000304
0.000304
0.000304
0.000303
0.000304
0.000304
0.000304
0.000304
0.000308
0.000304
0.000304
0.000303
0.000303
0.000303
0.000304
0.000303
0.000304
0.000304
0.000303
0.000303
0.000303
0.000306
0.000304
0.000303
0.000321
0.000309
0.000310
0.000309
0.000310
0.000309
0.000310
0.000309
0.000316
0.000303
0.000307
0.000303
0.000304
0.000303
0.000303
0.000304
0.000304
0.000304
0.000304
0.000303
0.000304
0.000304
0.000304
0.000307
0.000303
0.000303
0.000304
0.000304
0.000304
0.000304
0.000304
0.000304
0.000304
0.000304
0.000323
0.000309
0.000312
0.000309
0.000310
0.000309
0.000308
0.000319
0.000304
0.000304
0.000305
0.000304
0.000304
0.000303
0.000303
0.000306
0.000304
0.000303
0.000303
0.000303
0.000304
0.000304
0.000303
0.000304
0.000304
0.000304
0.000304
0.000304
0.000307
0.000304
0.000321
0.000309
0.000310
0.000309
0.000309
0.000309
0.000309
0.000309
0.000315
0.000304
0.000303
0.000307
0.000304
0.000303
0.000303
0.000304
0.000304
0.000304
0.000303
0.000304
0.000304
0.000304
0.000303
0.000303
0.000307
0.000305
0.000303
0.000303
0.000304
0.000304
0.000304
0.000304
0.000304
0.000304
0.000323
0.000309
0.000309
0.000312
0.000310
0.000310
0.000309
0.000309
0.000312
0.000304
0.000303
0.000303
0.000303
0.000303
0.000303
0.000303
0.000329
0.000309
0.000310
0.000309
0.000315
0.000303
0.000303
0.000303
0.000304
0.000304
0.000303
0.000303
0.000303
0.000306
0.000304
0.000304
0.000304
0.000320
0.000310
0.000310
0.000309
0.000309
0.000310
0.000309
0.000309
0.000316
0.000307
0.000303
0.000303
0.000304
0.000303
0.000304
0.000304
0.000304
0.000304
0.000303
0.000303
0.000303
0.000304
0.000307
0.000304
0.000304
0.000304
0.000304
0.000303
0.000304
0.000304
0.000303
0.000323
0.000309
0.000309
0.000310
0.000632
0.000327
0.000324
0.000323
0.000329
0.000317
0.000317
0.000327
0.000312
0.000311
0.000329
0.000317
0.000342
0.000317
0.000317
0.000326
0.000312
0.000332
0.000317
0.000316
0.000316
0.000325
0.000311
0.000312
0.000332
0.000317
0.000317
0.000317
0.000317
0.000317
0.000317
0.000317
0.000317
0.000317
0.000316
0.000321
0.000312
0.000336
0.000317
0.000317
0.000326
0.000311
0.000312
0.000312
0.000312
0.000311
0.000312
0.000311
0.000311
0.000332
0.000317
0.000317
0.000317
0.000325
0.000312
0.000311
0.000312
0.000312
0.000311
0.000328
0.000317
0.000318
0.000321
0.000318
0.000317
0.000318
0.000316
0.000321
0.000310
0.000311
0.000311
0.000311
0.000311
0.000311
0.000312
0.000336
0.000317
0.000317
0.000326
0.000311
0.000311
0.000311
0.000311
0.000311
0.000311
0.000312
0.000311
0.000333
0.000318
0.000317
0.000317
0.000324
0.000331
0.000318
0.000318
0.000317
0.000317
0.000322
0.000311
0.000311
0.000334
0.000317
0.000316
0.000327
0.000312
0.000311
0.000311
0.000311
0.000311
0.000311
0.000311
0.000311
0.000331
0.000317
0.000317
0.000316
0.000325
0.000312
0.000312
0.000312
0.000312
0.000330
0.000317
0.000317
0.000317
0.000320
0.000317
0.000317
0.000317
0.000322
0.000311
0.000311
0.000312
0.000312
0.000311
0.000311
0.000311
0.000312
0.000336
0.000317
0.000317
0.000317
0.000322
0.000311
0.000311
0.000312
0.000312
0.000311
0.000312
0.000312
0.000316
0.000312
0.000312
0.000328
0.000317
0.000317
0.000318
0.000317
0.000317
0.000317
0.000317
0.000325
0.000311
0.000314
0.000312
0.000328
0.000330
0.000317
0.000317
0.000318
0.000322
0.000310
0.000312
0.000311
0.000312
0.000313
0.000332
0.000317
0.000317
0.000326
0.000311
0.000312
0.000311
0.000311
0.000312
0.000311
0.000329
0.000317
0.000320
0.000318
0.000317
0.000318
0.000317
0.000328
0.000311
0.000311
0.000312
0.000311
0.000312
0.000312
0.000311
0.000315
0.000311
0.000312
0.000311
0.000311
0.000312
0.000311
0.000311
0.000311
0.000311
0.000312
0.000312
0.000312
0.000315
0.000311
0.000332
0.000318
0.000317
0.000317
0.000318
0.000317
0.000318
0.000327
0.000312
0.000311
0.000314
0.000311
0.000311
0.000312
0.000312
0.000312
0.000312
0.000312
0.000312
0.000312
0.000311
0.000311
0.000312
0.000314
0.000311
0.000311
0.000311
0.000312
0.000311
0.000311
0.000312
0.000312
0.000329
0.000317
0.000317
0.000317
0.000321
0.000317
0.000318
0.000317
0.000323
0.000311
0.000312
0.000311
0.000312
0.000312
0.000312
0.000312
0.000314
0.000311
0.000312
0.000312
0.000312
0.000311
0.000311
0.000311
0.000312
0.000311
0.000310
0.000311
0.000311
0.000319
0.000311
0.000312
0.000311
0.000329
0.000318
0.000317
0.000317
0.000317
0.000317
0.000318
0.000317
0.000322
0.000334
0.000317
0.000318
0.000317
0.000317
0.000317
0.000325
0.000311
0.000311
0.000311
0.000311
0.000311
0.000314
0.000311
0.000311
0.000312
0.000312
0.000312
0.000312
0.000311
0.000311
0.000311
0.000311
0.000312
0.000332
0.000319
0.000316
0.000317
0.000327
0.000311
0.000311
0.000312
0.000312
0.000311
0.000312
0.000311
0.000312
0.000311
0.000314
0.000312
0.000311
0.000312
0.000312
0.000311
0.000312
0.000312
0.000311
0.000311
0.000311
0.000311
0.000311
0.000316
0.000312
0.000329
0.000317
0.000318
0.000317
0.000318
0.000317
0.000317
0.000317
0.000322
0.000311
0.000335
0.000318
0.000317
0.000317
0.000325
0.000311
0.000311
0.000312
0.000311
0.000311
0.000311
0.000311
0.000311
0.000333
0.000317
0.000317
0.000317
0.000322
0.000311
0.000312
0.000311
0.000311
0.000312
0.000332
0.000317
0.000318
0.000321
0.000317
0.000317
0.000317
0.000323
0.000311
0.000312
0.000311
0.000311
0.000311
0.000312
0.000312
0.000332
0.000317
0.000317
0.000317
0.000324
0.000312
0.000312
0.000312
0.000312
0.000311
0.000311
0.000311
0.000312
0.000332
0.000317
0.000316
0.000317
0.000317
0.000318
0.000317
0.000317
0.000317
0.000318
0.000317
0.000326
0.000329
0.000317
0.000317
0.000317
0.000326
0.000311
0.000311
0.000311
0.000312
0.000312
0.000311
0.000310
0.000311
0.000314
0.000313
0.000312
0.000312
0.000312
0.000311
0.000311
0.000311
0.000312
0.000312
0.000311
0.000327
0.000317
0.000320
0.000316
0.000316
0.000328
0.000311
0.000311
0.000311
0.000311
0.000310
0.000312
0.000312
0.000311
0.000312
0.000315
0.000312
0.000312
0.000312
0.000312
0.000311
0.000312
0.000311
0.000312
0.000312
0.000312
0.000312
0.000315
0.000311
0.000311
0.000330
0.000317
0.000317
0.000317
0.000317
0.000318
0.000317
0.000327
0.000311
0.000312
0.000314
0.000312
0.000311
0.000312
0.000312
0.000312
0.000312
0.000312
0.000312
0.000311
0.000312
0.000311
0.000311
0.000315
0.000312
0.000311
0.000310
0.000311
0.000311
0.000311
0.000312
0.000312
0.000311
0.000332
0.000317
0.000318
0.000321
0.000317
0.000317
0.000318
0.000326
0.000312
0.000311
0.000311
0.000311
0.000311
0.000311
0.000312
0.000314
0.000311
0.000312
0.000311
0.000311
0.000312
0.000312
0.000311
0.000311
0.000311
0.000311
0.000311
0.000312
0.000314
0.000311
0.000311
0.000311
0.000311
0.000331
0.000317
0.000316
0.000317
0.000317
0.000317
0.000317
0.000325
0.000315
0.000312
0.000310
0.000311
0.000312
0.000311
0.000311
0.000313
0.000311
0.000311
0.000312
0.000311
0.000315
0.000311
0.000311
0.000313
0.000313
0.000312
0.000312
0.000312
0.000312
0.000329
0.000317
0.000317
0.000318
0.000320
0.000316
0.000318
0.000318
0.000322
0.000312
0.000312
0.000312
0.000311
0.000311
0.000311
0.000312
0.000311
0.000313
0.000311
0.000311
0.000311
0.000311
0.000312
0.000311
0.000311
0.000312
0.000312
0.000312
0.000311
0.000311
0.000315
0.000312
0.000312
0.000331
0.000318
0.000317
0.000316
0.000318
0.000318
0.000317
0.000327
0.000312
0.000320
0.000312
0.000312
0.000311
0.000311
0.000312
0.000311
0.000312
0.000311
0.000311
0.000312
0.000311
0.000311
0.000313
0.000311
0.000311
0.000311
0.000312
0.000312
0.000312
0.000312
0.000312
0.000311
0.000311
0.000331
0.000317
0.000320
0.000317
0.000318
0.000317
0.000317
0.000327
0.000312
0.000311
0.000329
0.000317
0.000319
0.000318
0.000328
0.000311
0.000311
0.000312
0.000312
0.000311
0.000312
0.000311
0.000312
0.000312
0.000311
0.000312
0.000312
0.000314
0.000312
0.000329
0.000318
0.000317
0.000317
0.000317
0.000316
0.000318
0.000317
0.000324
0.000311
0.000311
0.000334
0.000317
0.000317
0.000317
0.000316
0.000317
0.000322
0.000311
0.000312
0.000311
0.000312
0.000312
0.000331
0.000317
0.000317
0.000318
0.000325
0.000311
0.000311
0.000312
0.000311
0.000311
0.000332
0.000318
0.000318
0.000321
0.000317
0.000317
0.000318
0.000316
0.000316
0.000316
0.000318
0.000317
0.000317
0.000317
0.000317
0.000317
0.000322
0.000318
0.000317
0.000316
0.000317
0.000317
0.000317
0.000318
0.000318
0.000318
0.000317
0.000317
0.000320
0.000317
0.000317
0.000317
0.000317
0.000317
0.000318
0.000318
0.000317
0.000317
0.000317
0.000317
0.000317
0.000320
0.000317
0.000318
0.000316
0.000317
0.000317
0.000318
0.000317
0.000318
0.000317
0.000318
0.000318
0.000320
0.000317
0.000317
0.000316
0.000316
0.000317
0.000317
0.000317
0.000317
0.000317
0.000316
0.000317
0.000316
0.000321
0.000317
0.000317
0.000316
0.000317
0.000317
0.000318
0.000318
0.000317
0.000318
0.000318
0.000317
0.000319
0.000317
0.000317
0.000317
0.000318
0.000318
0.000317
0.000316
0.000316
0.000317
0.000317
0.000317
0.000317
0.000320
0.000317
0.000316
0.000318
0.000318
0.000317
0.000317
0.000316
0.000317
0.000317
0.000318
0.000317
0.000316
0.000320
0.000317
0.000317
0.000317
0.000317
0.000318
0.000317
0.000317
0.000317
0.000316
0.000317
0.000317
0.000320
0.000317
0.000316
0.000318
0.000317
0.000317
0.000317
0.000318
0.000317
0.000317
0.000317
0.000317
0.000317
0.000321
0.000318
0.000317
0.000317
0.000317
0.000317
0.000316
0.000317
0.000317
0.000317
0.000317
0.000317
0.000320
0.000317
0.000316
0.000316
0.000317
0.000317
0.000317
0.000317
0.000317
0.000317
0.000317
0.000316
0.000317
0.000320
0.000317
0.000318
0.000317
0.000317
0.000317
0.000317
0.000317
0.000317
0.000317
0.000317
0.000317
0.000317
0.000320
0.000317
0.000317
0.000317
0.000317
0.000317
0.000317
0.000317
0.000317
0.000318
0.000317
0.000317
0.000320
0.000317
0.000318
0.000317
0.000316
0.000317
0.000316
0.000317
0.000317
0.000316
0.000317
0.000317
0.000317
0.000320
0.000317
0.000317
0.000325
0.000312
0.000311
0.000311
0.000311
0.000312
0.000312
0.000312
0.000311
0.000311
0.000314
0.000312
0.000312
0.000311
0.000311
0.000311
0.000312
0.000312
0.000312
0.000312
0.000311
0.000311
0.000315
0.000312
0.000311
0.000329
0.000317
0.000318
0.000317
0.000318
0.000318
0.000317
0.000318
0.000318
0.000317
0.000319
0.000317
0.000317
0.000317
0.000318
0.000317
0.000317
0.000317
0.000317
0.000316
0.000316
0.000317
0.000317
0.000320
0.000317
0.000316
0.000318
0.000317
0.000317
0.000317
0.000317
0.000317
0.000318
0.000317
0.000317
0.000320
0.000318
0.000317
0.000317
0.000317
0.000317
0.000317
0.000317
0.000317
0.000317
0.000316
0.000317
0.000317
0.000319
0.000317
0.000316
0.000317
0.000317
0.000317
0.000317
0.000317
0.000317
0.000317
0.000318
0.000317
0.000320
0.000317
0.000317
0.000317
0.000317
0.000318
0.000318
0.000317
0.000318
0.000317
0.000322
0.000312
0.000312
0.000332
0.000317
0.000318
0.000316
0.000322
0.000311
0.000311
0.000312
0.000312
0.000312
0.000312
0.000311
0.000311
0.000335
0.000317
0.000316
0.000328
0.000311
0.000312
0.000311
0.000311
0.000328
0.000317
0.000317
0.000318
0.000320
0.000317
0.000317
0.000317
0.000317
0.000316
0.000317
0.000317
0.000317
0.000318
0.000317
0.000317
0.000317
0.000321
0.000316
0.000316
0.000317
0.000317
0.000318
0.000317
0.000316
0.000317
0.000317
0.000317
0.000318
0.000320
0.000317
0.000317
0.000317
0.000317
0.000318
0.000317
0.000317
0.000317
0.000317
0.000316
0.000317
0.000317
0.000320
0.000317
0.000317
0.000317
0.000317
0.000318
0.000317
0.000317
0.000317
0.000317
0.000317
0.000316
0.000316
0.000320
0.000316
0.000317
0.000326
0.000312
0.000313
0.000311
0.000312
0.000311
0.000312
0.000329
0.000317
0.000319
0.000317
0.000317
0.000318
0.000318
0.000317
0.000317
0.000323
0.000312
0.000311
0.000312
0.000311
0.000312
0.000314
0.000312
0.000312
0.000311
0.000311
0.000310
0.000311
0.000311
0.000312
0.000311
0.000311
0.000312
0.000312
0.000316
0.000312
0.000333
0.000317
0.000316
0.000317
0.000317
0.000317
0.000317
0.000317
0.000316
0.000316
0.000319
0.000321
0.000311
0.000312
0.000312
0.000312
0.000312
0.000311
0.000311
0.000311
0.000311
0.000312
0.000311
0.000315
0.000311
0.000312
0.000311
0.000312
0.000312
0.000311
0.000311
0.000311
0.000328
0.000317
0.000317
0.000317
0.000319
0.000317
0.000317
0.000317
0.000332
0.000311
0.000312
0.000331
0.000318
0.000317
0.000317
0.000322
0.000314
0.000311
0.000312
0.000312
0.000312
0.000312
0.000311
0.000312
0.000311
0.000311
0.000312
0.000312
0.000311
0.000315
0.000312
0.000311
0.000311
0.000330
0.000317
0.000317
0.000317
0.000318
0.000317
0.000316
0.000327
0.000311
0.000314
0.000311
0.000311
0.000311
0.000311
0.000312
0.000311
0.000311
0.000311
0.000331
0.000317
0.000318
0.000331
0.000317
0.000318
0.000317
0.000323
0.000312
0.000312
0.000312
0.000311
0.000311
0.000311
0.000312
0.000333
0.000321
0.000350
0.000323
0.000324
0.000343
0.000312
0.000312
0.000313
0.000312
0.000312
0.000312
0.000313
0.000312
0.000335
0.000318
0.000319
0.000329
0.000313
0.000312
0.000313
0.000312
0.000312
0.000313
0.000312
0.000312
0.000315
0.000312
0.000312
0.000333
0.000318
0.000318
0.000319
0.000318
0.000319
0.000318
0.000318
0.000318
0.000318
0.000321
0.000317
0.000318
0.000318
0.000317
0.000318
0.000318
0.000318
0.000319
0.000319
0.000318
0.000318
0.000321
0.000318
0.000318
0.000318
0.000324
0.000313
0.000312
0.000312
0.000312
0.000312
0.000332
0.000318
0.000318
0.000320
0.000318
0.000319
0.000318
0.000319
0.000319
0.000318
0.000318
0.000318
0.000318
0.000319
0.000319
0.000320
0.000318
0.000318
0.000318
0.000318
0.000318
0.000318
0.000318
0.000318
0.000318
0.000318
0.000318
0.000319
0.000321
0.000318
0.000317
0.000317
0.000318
0.000318
0.000318
0.000317
0.000318
0.000318
0.000318
0.000318
0.000321
0.000318
0.000318
0.000318
0.000318
0.000318
0.000318
0.000317
0.000318
0.000317
0.000318
0.000319
0.000318
0.000321
0.000318
0.000318
0.000318
0.000318
0.000317
0.000317
0.000317
0.000318
0.000318
0.000317
0.000318
0.000318
0.000321
0.000318
0.000318
0.000328
0.000313
0.000313
0.000312
0.000312
0.000312
0.000313
0.000312
0.000312
0.000332
0.000318
0.000318
0.000319
0.000318
0.000318
0.000318
0.000318
0.000319
0.000318
0.000318
0.000318
0.000317
0.000321
0.000318
0.000318
0.000318
0.000318
0.000318
0.000318
0.000317
0.000318
0.000318
0.000318
0.000319
0.000322
0.000317
0.000318
0.000318
0.000318
0.000318
0.000318
0.000318
0.000318
0.000319
0.000318
0.000318
0.000319
0.000321
0.000319
0.000318
0.000318
0.000317
0.000317
0.000317
0.000318
0.000318
0.000318
0.000318
0.000318
0.000320
0.000319
0.000318
0.000319
0.000318
0.000318
0.000318
0.000318
0.000317
0.000318
0.000317
0.000317
0.000318
0.000320
0.000318
