0.013705
0.009200
0.009485
0.009625
0.010150
0.009530
0.010234
0.009557
0.010000
0.009913
0.010443
0.009731
0.009746
0.009858
0.009126
0.009376
0.009545
0.010121
0.010709
0.009684
0.009721
0.009355
0.009400
0.008950
0.009271
0.009707
0.009587
0.010105
0.009269
0.009280
0.009603
0.009758
0.009656
0.010064
0.009388
0.010287
0.009481
0.009262
0.009629
0.009511
0.009793
0.009414
0.009519
0.009472
0.010110
0.010435
0.009322
0.009548
0.010014
0.009552
0.009322
0.009234
0.009714
0.009845
0.009455
0.009190
0.009392
0.009178
0.009805
0.009476
0.010265
0.009473
0.010268
0.009559
0.009259
0.009597
0.010259
0.010156
0.009573
0.009516
0.008932
0.009899
0.009791
0.010190
0.017337
0.013700
0.009600
0.009721
0.009918
0.009680
0.009322
0.009576
0.010500
0.009645
0.009763
0.009545
0.009911
0.009526
0.009163
0.009876
0.009853
0.009348
0.010018
0.009227
0.009608
0.009591
0.009310
0.010356
0.009893
0.010193
0.009502
0.009538
0.012094
0.013442
0.009789
0.009217
0.008990
0.009755
0.009685
0.008939
0.009302
0.008955
0.009470
0.009364
0.008952
0.008873
0.009395
0.008690
0.009429
0.010140
0.008772
0.009879
0.008945
0.009411
0.008804
0.009641
0.009391
0.009314
0.009032
0.009367
0.009252
0.009583
0.008833
0.009754
0.009317
0.009188
0.009143
0.009306
0.008893
0.008939
0.008929
0.009296
0.009103
0.009153
0.009441
0.008906
0.009506
0.008629
0.009458
0.009004
0.009147
0.009453
0.009211
0.009113
0.010145
0.009295
0.009451
0.009052
0.009782
0.009337
0.009241
0.009229
0.009231
0.009428
0.009903
0.009004
0.008866
0.009252
0.009259
0.009053
0.009332
0.009000
0.009462
0.009039
0.009043
0.008867
0.009240
0.008731
0.009905
0.008853
0.009109
0.008743
0.009340
0.009130
0.009564
0.009029
0.009176
0.009265
0.008926
0.009719
0.009115
0.009553
0.010220
0.009317
0.008978
0.009767
0.008974
0.008966
0.009346
0.008751
0.009657
0.008923
0.008842
0.009092
0.009819
0.008902
0.008947
0.009264
0.009262
0.008917
0.048869
0.009693
0.008160
0.008154
0.008363
0.008334
0.008246
0.008644
0.008942
0.008271
0.008320
0.008188
0.008371
0.008527
0.008213
0.008613
0.008317
0.008813
0.008357
0.008380
0.008283
0.008851
0.008489
0.008779
0.008184
0.008428
0.008295
0.008135
0.008659
0.008171
0.008176
0.008982
0.008643
0.008261
0.008744
0.008954
0.008859
0.008380
0.008341
0.008355
0.008260
0.008289
0.008480
0.008466
0.008392
0.008362
0.008247
0.008176
0.008196
0.008481
0.008277
0.008225
0.008284
0.008225
0.008419
0.008202
0.008400
0.008394
0.008690
0.008462
0.008376
0.008423
0.008257
0.008390
0.008310
0.008468
0.008316
0.008638
0.008337
0.008546
0.008901
0.008286
0.008092
0.008187
0.008499
0.008851
0.008304
0.008421
0.008179
0.008820
0.008177
0.008369
0.008811
0.008554
0.008253
0.008907
0.008272
0.008327
0.008557
0.008296
0.008283
0.008294
0.008326
0.014329
0.015920
0.009703
0.008541
0.008383
0.008663
0.008297
0.012838
0.018563
0.009057
0.008091
0.008195
0.008370
0.008385
0.008562
0.008022
0.008275
0.008579
0.013275
0.008720
0.008670
0.008686
0.009123
0.009032
0.008053
0.008282
0.008334
0.008255
0.008330
0.008478
0.008377
0.008403
0.008727
0.008354
0.008103
0.008564
0.008385
0.008089
0.008161
0.008326
0.007995
0.008283
0.008694
0.008520
0.008297
0.008399
0.008072
0.008263
0.008512
0.008067
0.008321
0.008504
0.008230
0.008363
0.008775
0.008257
0.008241
0.008401
0.008183
0.008222
0.008267
0.008538
0.008588
0.008267
0.008293
0.008278
0.008560
0.008406
0.008236
0.008386
0.008370
0.008736
0.008654
0.008244
0.008266
0.008258
0.008548
0.008112
0.008454
0.008512
0.008179
0.008782
0.008574
0.008551
0.008177
0.008928
0.008201
0.008140
0.008588
0.008614
0.008207
0.008405
0.008217
0.008216
0.008246
0.008815
0.008015
0.008527
0.008716
0.008366
0.008221
0.008662
0.008805
0.008487
0.008131
0.008128
0.008332
0.008335
0.008866
0.008679
0.008649
0.008145
0.008229
0.008308
0.008359
0.008294
0.008527
0.008287
0.008230
0.008284
0.008129
0.008721
0.007999
0.008494
0.008116
0.008166
0.007999
0.008259
0.007971
0.008174
0.008314
0.008261
0.008272
0.008310
0.008425
0.008336
0.008273
0.008862
0.008241
0.008443
0.008340
0.008410
0.008090
0.008632
0.008297
0.008343
0.008542
0.008421
0.009008
0.008396
0.008239
0.008372
0.008193
0.008237
0.008222
0.008927
0.008426
0.008819
0.008365
0.008446
0.008250
0.008359
0.008379
0.008317
0.008241
0.008311
0.008245
0.008190
0.008807
0.008349
0.008171
0.008170
0.008247
0.008382
0.008326
0.008322
0.008351
0.008233
0.008368
0.008872
0.008243
0.008754
0.008272
0.008598
0.008788
0.008272
0.008789
0.008397
0.008269
0.008258
0.008612
0.008649
0.008910
0.008592
0.008323
0.008384
0.008673
0.008495
0.008297
0.008708
0.008403
0.008253
0.008228
0.008312
0.008890
0.008351
0.008461
0.008335
0.015665
0.014611
0.013616
0.013724
0.008535
0.008282
0.008557
0.009078
0.008882
0.008406
0.008566
0.008464
0.008457
0.008605
0.008413
0.008813
0.008401
0.008935
0.008594
0.008486
0.008353
0.008891
0.008577
0.008587
0.008328
0.008271
0.008547
0.008454
0.008263
0.008214
0.008534
0.008406
0.008766
0.008320
0.008539
0.009360
0.008531
0.009316
0.008512
0.008739
0.008838
0.008411
0.008485
0.008606
0.008484
0.008871
0.008217
0.008942
0.008497
0.008284
0.008579
0.008491
0.008397
0.009163
0.008503
0.008644
0.008456
0.008274
0.008655
0.008998
0.009010
0.008882
0.008629
0.008787
0.008244
0.008775
0.008659
0.009159
0.008663
0.008421
0.008624
0.008643
0.008336
0.008603
0.008744
0.008587
0.008520
0.008425
0.008415
0.008991
0.008347
0.008435
0.008934
0.008519
0.008516
0.009121
0.008789
0.008558
0.008611
0.008539
0.008795
0.008576
0.008710
0.011003
0.008773
0.008553
0.008470
0.008355
0.008283
0.008400
0.008738
0.008513
0.008888
0.008584
0.008337
0.008310
0.008414
0.008321
0.008825
0.008891
0.008416
0.008544
0.008523
0.008296
0.008356
0.008670
0.008411
0.009094
0.008342
0.008770
0.008446
0.008914
0.008924
0.008958
0.008414
0.008442
0.008351
0.008440
0.008394
0.008729
0.008758
0.008911
0.008364
0.008487
0.008653
0.008347
0.008385
0.008819
0.008412
0.009390
0.008363
0.008698
0.008390
0.008504
0.008245
0.009122
0.008909
0.008677
0.008834
0.008457
0.008503
0.008716
0.008380
0.008801
0.008424
0.008848
0.008523
0.008505
0.008522
0.036917
0.010114
0.008713
0.008491
0.008693
0.008848
0.009098
0.009050
0.009037
0.008662
0.008690
0.008923
0.008997
0.009049
0.008718
0.008965
0.009082
0.008894
0.009010
0.009101
0.008720
0.008897
0.008886
0.009256
0.009136
0.009076
0.009072
0.009113
0.009238
0.009167
0.009147
0.009214
0.008879
0.008925
0.009321
0.009184
0.008928
0.009113
0.008970
0.009026
0.008750
0.009018
0.009130
0.008889
0.008815
0.009104
0.009145
0.008876
0.008772
0.008850
0.009309
0.009008
0.009146
0.009258
0.009353
0.009052
0.008851
0.009290
0.009174
0.009298
0.009189
0.009345
0.009225
0.008882
0.009144
0.008856
0.009043
0.009063
0.008865
0.008779
0.009021
0.009256
0.009338
0.009123
0.009149
0.008786
0.009325
0.009221
0.009070
0.009043
0.009097
0.008912
0.008626
0.008882
0.009206
0.009061
0.009178
0.009139
0.009166
0.009317
0.009288
0.009218
0.009202
0.009176
0.009243
0.009242
0.009130
0.008797
0.009272
0.009227
0.009329
0.009300
0.008797
0.009139
0.009159
0.009264
0.009259
0.009516
0.008830
0.008879
0.009078
0.009461
0.008799
0.009099
0.009402
0.008813
0.008619
0.008874
0.009499
0.008958
0.009173
0.009163
0.009258
0.009182
0.008758
0.009086
0.009278
0.008853
0.008926
0.009344
0.009184
0.009135
0.009139
0.008781
0.008892
0.009262
0.009132
0.009090
0.009087
0.009214
0.009082
0.009084
0.009359
0.008833
0.009371
0.009196
0.008931
0.008813
0.009036
0.008936
0.008979
0.009391
0.009287
0.009045
0.009166
0.008976
0.008893
0.008990
0.009213
0.008772
0.009151
0.008868
0.008857
0.009665
0.008926
0.009104
0.009178
0.008825
0.009088
0.009320
0.008944
0.009109
0.008934
0.008933
0.009291
0.009238
0.008780
0.009086
0.009159
0.008895
0.009014
0.009349
0.008839
0.009022
0.009120
0.009116
0.008824
0.009037
0.009160
0.009179
0.008708
0.009079
0.009266
0.009014
0.009223
0.009334
0.009323
0.009214
0.015615
0.014294
0.009780
0.009215
0.009172
0.009157
0.018061
0.021070
0.009744
0.009144
0.008681
0.009881
0.009271
0.009345
0.009318
0.010299
0.011335
0.009287
0.009198
0.009194
0.009353
0.009503
0.009313
0.009291
0.009186
0.009379
0.009314
0.008808
0.009071
0.009265
0.009217
0.008891
0.009172
0.009209
0.009256
0.008863
0.009170
0.009565
0.009343
0.009183
0.009257
0.008883
0.009234
0.009362
0.009458
0.009335
0.009222
0.009136
0.009400
0.009200
0.008963
0.008998
0.009131
0.008893
0.009160
0.008964
0.009062
0.009140
0.009261
0.009193
0.009299
0.009267
0.009289
0.009128
0.009091
0.008889
0.009181
0.009317
0.008843
0.009089
0.009095
0.009077
0.009404
0.009249
0.009248
0.009319
0.008913
0.008942
0.009121
0.008839
0.009362
0.009349
0.009315
0.009298
0.009253
0.009246
0.008941
0.009231
0.008832
0.008966
0.009172
0.009298
0.009233
0.009256
0.009465
0.009259
0.009344
0.009333
0.008801
0.009182
0.008861
0.009056
0.009190
0.009321
0.009290
0.009178
0.008903
0.008958
0.009141
0.008892
0.009117
0.009150
0.009223
0.009140
0.009155
0.009248
0.008905
0.009072
0.009192
0.008797
0.009074
0.009162
0.009147
0.008900
0.009147
0.008848
0.009339
0.009244
0.009252
0.009238
0.009218
0.009227
0.008808
0.009136
0.009311
0.008873
0.008832
0.009148
0.009292
0.009436
0.008817
0.009070
0.008935
0.009175
0.008994
0.008920
0.009091
0.009222
0.009351
0.009404
0.009266
0.009352
0.009395
0.009199
0.009311
0.008859
0.009281
0.009263
0.009235
0.008764
0.009040
0.009109
0.009335
0.009271
0.009342
0.009167
0.009278
0.008929
0.009125
0.008775
0.009143
0.009012
0.009672
0.009247
0.009204
0.009699
0.009337
0.009619
0.008946
0.009133
0.009201
0.009320
0.009276
0.009162
0.009454
0.008782
0.009140
0.009133
0.009420
0.009357
0.009338
0.008752
0.009213
0.009143
0.009113
0.008992
0.008948
0.009054
0.009147
0.008888
0.008920
0.009035
0.009172
0.009202
0.009622
0.009201
0.010002
0.009214
0.009362
0.009399
0.009242
0.009365
0.008856
0.008867
0.009097
0.008912
0.009010
0.009290
0.008790
0.009354
0.009224
0.009455
0.009113
0.009270
0.008942
0.008968
0.009050
0.008896
0.009127
0.008802
0.009125
0.008825
0.009198
0.008837
0.009080
0.009433
0.009265
0.009213
0.008884
0.009162
0.009279
0.008899
0.009159
0.008983
0.009166
0.009191
0.009297
0.009232
0.009185
0.009426
0.009252
0.009003
0.008859
0.009198
0.008826
0.009271
0.009414
0.009261
0.009187
0.009227
0.008740
0.009032
0.009154
0.008904
0.009068
0.009356
0.008963
0.009152
0.008971
0.009160
0.008989
0.008820
0.009043
0.009196
0.009158
0.009235
0.009201
0.008879
0.008950
0.009393
0.009382
0.009281
0.009205
0.009133
0.009100
0.009158
0.008744
0.009019
0.009252
0.009146
0.009386
0.009405
0.009290
0.009413
0.009309
0.009271
0.009232
0.009345
0.009429
0.008907
0.008963
0.009031
0.009189
0.008803
0.009128
0.009160
0.009254
0.009410
0.009447
0.009138
0.009419
0.009264
0.009372
0.009327
0.009277
0.009256
0.009191
0.008820
0.009444
0.009283
0.009201
0.009398
0.009199
0.009207
0.008882
0.009254
0.009360
0.009175
0.008874
0.009050
0.009110
0.009397
0.009447
0.009304
0.009350
0.009267
0.009198
0.009229
0.008823
0.009176
0.009163
0.009177
0.009191
0.008944
0.009430
0.008944
0.009044
0.009142
0.009224
0.009258
0.009297
0.009233
0.009410
0.009362
0.008900
0.009211
0.009192
0.009110
0.009146
0.009163
0.009128
0.009219
0.008846
0.009513
0.008963
0.009128
0.009246
0.009484
0.009473
0.009645
0.009402
0.009419
0.009331
0.008885
0.009143
0.009232
0.009292
0.009215
0.009100
0.009194
0.009462
0.009267
0.009011
0.009166
0.009216
0.008850
0.009154
0.008829
0.008911
0.009352
0.009361
0.009393
0.009320
0.009236
0.009416
0.008919
0.009222
0.009263
0.009100
0.008872
0.009089
0.009001
0.009158
0.009231
0.009219
0.009614
0.008876
0.009435
0.009332
0.008908
0.009040
0.009290
0.009332
0.009188
0.008990
0.008943
0.009099
0.008911
0.008979
0.009195
0.009286
0.009190
0.009232
0.009234
0.009233
0.008858
0.009204
0.008781
0.009075
0.008904
0.008935
0.008954
0.008993
0.009110
0.008883
0.008952
0.009233
0.009250
0.009182
0.009295
0.009410
0.008768
0.008980
0.009208
0.009393
0.009352
0.009313
0.008816
0.009023
0.009450
0.009238
0.008929
0.009178
0.009218
0.008895
0.009453
0.009294
0.008998
0.009251
0.009161
0.008916
0.008988
0.008987
0.009449
0.008881
0.009164
0.009258
0.009314
0.008941
0.009418
0.009364
0.009346
0.008892
0.009105
0.009199
0.009483
0.009346
0.009309
0.009262
0.009266
0.009025
0.009278
0.008933
0.009148
0.009194
0.009355
0.009348
0.009196
0.008934
0.009265
0.009198
0.008969
0.009128
0.009275
0.009503
0.009317
0.009061
0.009151
0.008869
0.009445
0.009091
0.008886
0.009173
0.009166
0.008759
0.008997
0.009311
0.009284
0.009417
0.009303
0.008869
0.009079
0.008850
0.009068
0.009465
0.009129
0.009475
0.009545
0.008876
0.009064
0.009329
0.009434
0.009310
0.009227
0.009403
0.009302
0.008799
0.009312
0.009291
0.008892
0.009417
0.008933
0.009139
0.009261
0.009265
0.009317
0.009283
0.008856
0.008998
0.008879
0.009300
0.013837
0.019583
0.018063
0.019143
0.018817
0.018953
0.018117
0.018032
0.019634
0.020473
0.020271
0.020522
0.019292
0.019962
0.019264
0.019025
0.018496
0.020392
0.018788
0.018899
0.019419
0.019572
0.019196
0.019123
0.017946
0.018690
0.019970
0.019160
0.009607
0.009160
0.009277
0.009300
0.009392
0.009540
0.008895
0.009261
0.009243
0.009024
0.009193
0.008872
0.008824
0.009176
0.008911
0.009232
0.009397
0.009308
0.009254
0.009230
0.009668
0.009145
0.009238
0.009393
0.009259
0.008972
0.009555
0.009541
0.009346
0.009260
0.008872
0.009181
0.009088
0.009183
0.008980
0.009222
0.009442
0.009252
0.009095
0.009311
0.009369
0.009020
0.009113
0.009302
0.009191
0.008928
0.009489
0.008907
0.009227
0.009279
0.009281
0.009221
0.009279
0.009252
0.009119
0.009234
0.009555
0.009315
0.008931
0.009506
0.009350
0.009344
0.009312
0.009250
0.009204
0.009247
0.008797
0.009070
0.009086
0.008818
0.009250
0.009127
0.009413
0.009353
0.009130
0.009157
0.009354
0.009340
0.008866
0.009652
0.009220
0.009130
0.009199
0.009412
0.008950
0.009203
0.009028
0.009194
0.009980
0.009460
0.008964
0.009170
0.008930
0.009499
0.009714
0.009210
0.009476
0.008972
0.009277
0.010997
0.008966
0.008785
0.009069
0.009239
0.009178
0.009262
0.009123
0.009337
0.009067
0.009065
0.009199
0.009550
0.009453
0.009329
0.009039
0.009466
0.009286
0.009287
0.009278
0.009802
0.010107
0.008749
0.009050
0.009163
0.009232
0.009227
0.009586
0.009423
0.008936
0.009197
0.009393
0.008994
0.009615
0.009248
0.009279
0.009209
0.009253
0.009779
0.009262
0.009041
0.009357
0.008986
0.009310
0.009144
0.009188
0.009003
0.009397
0.009067
0.009253
0.009331
0.009937
0.008930
0.009812
0.009125
0.009431
0.009272
0.008953
0.009348
0.009514
0.008846
0.009150
0.010043
0.009155
0.009228
0.008755
0.009198
0.008901
0.009467
0.009184
0.009259
0.009462
0.008989
0.009172
0.009425
0.009256
0.009347
0.009186
0.009157
0.010285
0.009359
0.009842
0.009056
0.009266
0.009290
0.009395
0.009490
0.009462
0.009355
0.010149
0.008922
0.009384
0.009352
0.009031
0.009180
0.010090
0.009243
0.008876
0.008960
0.009415
0.009314
0.009156
0.009934
0.008983
0.009631
0.009382
0.009068
0.009162
0.009224
0.008868
0.008938
0.009337
0.009275
0.009141
0.009307
0.009620
0.009036
0.009764
0.009132
0.009153
0.009151
0.009850
0.009168
0.008922
0.009675
0.009655
0.008995
0.009558
0.008834
0.009116
0.009158
0.009724
0.009383
0.009053
0.009232
0.009045
0.009701
0.009707
0.009249
0.009240
0.009026
0.009067
0.009132
0.009305
0.009591
0.009159
0.009274
0.009461
0.009339
0.009294
0.009251
0.009137
0.009194
0.009590
0.009122
0.009435
0.009125
0.009191
0.009694
0.009384
0.009244
0.009398
0.009266
0.009301
0.009497
0.009478
0.009171
0.009137
0.009143
0.009654
0.009118
0.009276
0.008779
0.009623
0.009116
0.009092
0.009465
0.010089
0.009762
0.009932
0.009442
0.009189
0.009246
0.009326
0.009247
0.009254
0.009333
0.009217
0.008991
0.009142
0.009315
0.009374
0.009191
0.009365
0.009387
0.009260
0.009260
0.009387
0.009206
0.009359
0.009487
0.009071
0.009304
0.009051
0.009229
0.008959
0.009275
0.009306
0.009356
0.009498
0.009142
0.009108
0.009216
0.009328
0.009316
0.009224
0.009218
0.009196
0.009419
0.009226
0.009377
0.009282
0.009138
0.009151
0.009750
0.009425
0.009224
0.009609
0.009082
0.009439
0.009292
0.009203
0.009057
0.009753
0.009006
0.009095
0.009247
0.009042
0.009853
0.008998
0.010010
0.009195
0.009291
0.009798
0.009448
0.035992
0.009170
0.008113
0.007916
0.007941
0.007921
0.008020
0.008042
0.008048
0.008058
0.008056
0.007825
0.007930
0.008037
0.008063
0.007971
0.007774
0.008183
0.007808
0.008016
0.008022
0.007997
0.008021
0.008042
0.008135
0.008038
0.007971
0.008188
0.008090
0.008004
0.007929
0.007888
0.008033
0.007977
0.007964
0.008168
0.007942
0.007990
0.007960
0.007982
0.008171
0.007970
0.007996
0.007960
0.007869
0.008041
0.008047
0.007898
0.007877
0.008126
0.007745
0.008329
0.008070
0.008087
0.008010
0.007963
0.008059
0.007716
0.007969
0.008032
0.007888
0.008030
0.008093
0.008098
0.008195
0.007823
0.008081
0.008310
0.008314
0.008103
0.007977
0.008347
0.007790
0.008051
0.007896
0.007892
0.007914
0.007940
0.007966
0.007883
0.007942
0.007856
0.007896
0.008009
0.007969
0.008052
0.007766
0.007944
0.007855
0.007978
0.008033
0.007891
0.008097
0.008004
0.007978
0.007847
0.007827
0.007937
0.008034
0.008237
0.007975
0.007948
0.008136
0.007932
0.007915
0.007928
0.007942
0.008221
0.008037
0.008101
0.007767
0.007917
0.007867
0.007919
0.007955
0.007942
0.007830
0.007985
0.007935
0.007930
0.008384
0.008041
0.008000
0.007789
0.007948
0.007921
0.008095
0.008229
0.007834
0.007916
0.008121
0.008256
0.007788
0.007959
0.007818
0.007878
0.007982
0.007969
0.008008
0.008051
0.008303
0.007848
0.007838
0.007869
0.007974
0.007988
0.007797
0.008018
0.008009
0.008016
0.007937
0.007944
0.007996
0.008120
0.008050
0.008149
0.020295
0.019257
0.018871
0.017615
0.013885
0.008216
0.008220
0.008206
0.008166
0.009419
0.008297
0.008391
0.008506
0.008169
0.008215
0.011234
0.008558
0.008342
0.008363
0.008251
0.008017
0.008215
0.007942
0.008171
0.008033
0.008207
0.007852
0.008199
0.008300
0.008102
0.008054
0.008180
0.008181
0.008252
0.008146
0.008270
0.008126
0.007935
0.007923
0.008601
0.008189
0.008203
0.007954
0.008238
0.008209
0.008054
0.008046
0.008173
0.008039
0.008287
0.008187
0.008121
0.008239
0.008176
0.008137
0.007905
0.007914
0.008123
0.008326
0.008030
0.008170
0.008220
0.008197
