0.016846
0.012137
0.012273
0.013174
0.012445
0.012245
0.013008
0.012536
0.012766
0.012931
0.013077
0.012680
0.012519
0.013038
0.013019
0.012931
0.013003
0.014166
0.012765
0.012462
0.013151
0.012578
0.012338
0.013151
0.012539
0.013008
0.012483
0.013156
0.012855
0.012671
0.012447
0.013046
0.012978
0.012847
0.012392
0.013450
0.012431
0.013037
0.012795
0.012772
0.012753
0.012907
0.012541
0.012303
0.012393
0.016451
0.012871
0.012894
0.012904
0.013273
0.013385
0.012887
0.013100
0.013377
0.012218
0.012638
0.013424
0.013178
0.012850
0.012421
0.011656
0.012762
0.012058
0.012115
0.012167
0.012206
0.012570
0.012155
0.012061
0.012603
0.011130
0.011561
0.012297
0.011228
0.013192
0.015509
0.010664
0.011904
0.011504
0.045654
0.013329
0.010435
0.010652
0.010191
0.010378
0.010707
0.010859
0.010759
0.010621
0.010888
0.011702
0.010737
0.010872
0.011266
0.011195
0.011060
0.011706
0.012648
0.012008
0.010077
0.010013
0.011455
0.011014
0.012503
0.011010
0.010387
0.011873
0.010114
0.010554
0.011605
0.011114
0.011548
0.011585
0.011162
0.012014
0.010587
0.012292
0.011737
0.012104
0.010964
0.012590
0.011256
0.012348
0.011744
0.012160
0.011408
0.012589
0.011404
0.011530
0.011508
0.012254
0.011877
0.011027
0.011129
0.011062
0.011345
0.009665
0.011429
0.011484
0.012694
0.011897
0.011613
0.012089
0.011692
0.012545
0.010967
0.012706
0.011302
0.011759
0.012481
0.011665
0.010542
0.011290
0.012089
0.011609
0.011868
0.012777
0.010747
0.010476
0.010553
0.011860
0.010404
0.011942
0.011400
0.012117
0.011085
0.011875
0.012169
0.012277
0.011611
0.011561
0.011673
0.010627
0.012686
0.010247
0.011218
0.011065
0.010822
0.012709
0.010794
0.010144
0.012082
0.011266
0.011508
0.011828
0.012395
0.010632
0.011424
0.011677
0.011119
0.011109
0.012317
0.012003
0.011578
0.011752
0.012198
0.011618
0.010064
0.010416
0.010983
0.010187
0.010977
0.011757
0.010183
0.009988
0.012201
0.010969
0.010337
0.011259
0.012185
0.011644
0.011617
0.010310
0.010094
0.010228
0.011120
0.010561
0.010268
0.012536
0.009949
0.011430
0.011710
0.009977
0.010905
0.012362
0.011526
0.010271
0.011423
0.012261
0.010900
0.011838
0.009776
0.010423
0.010809
0.009808
0.011111
0.012788
0.009726
0.010828
0.010759
0.011061
0.010286
0.010854
0.010715
0.012238
0.011246
0.011769
0.012180
0.010382
0.010517
0.011923
0.012607
0.010170
0.019700
0.011538
0.011617
0.011364
0.011700
0.011348
0.011465
0.011694
0.011429
0.011564
0.011525
0.011830
0.011967
0.011831
0.011618
0.011970
0.011799
0.011607
0.011145
0.011482
0.011761
0.011687
0.011525
0.011566
0.012855
0.015417
0.011541
0.011382
0.011129
0.011197
0.011433
0.012387
0.011319
0.011187
0.011584
0.011185
0.011156
0.011269
0.011303
0.011448
0.011193
0.011762
0.011140
0.011512
0.011192
0.011797
0.011476
0.011500
0.011388
0.011511
0.011446
0.011486
0.011571
0.011470
0.011800
0.011448
0.011541
0.011235
0.011637
0.011790
0.011628
0.011038
0.011376
0.011890
0.012360
0.011563
0.011154
0.011227
0.012657
0.011860
0.016152
0.010603
0.010962
0.010179
0.011596
0.011546
0.010619
0.011495
0.011222
0.011054
0.011015
0.011714
0.010890
0.010783
0.011321
0.010779
0.011020
0.010839
0.010620
0.009908
0.010618
0.010684
0.011454
0.011545
0.010784
0.010789
0.011459
0.011061
0.011403
0.011012
0.010946
0.010953
0.010676
0.011718
0.010339
0.010720
0.011582
0.011035
0.011353
0.010234
0.010187
0.011335
0.011456
0.011732
0.010987
0.011697
0.011152
0.011349
0.011262
0.011501
0.011005
0.010477
0.011526
0.014668
0.011336
0.011446
0.011419
0.011399
0.011053
0.010915
0.011178
0.011079
0.011277
0.010406
0.011318
0.010697
0.011599
0.010961
0.011098
0.011462
0.015102
0.010984
0.010893
0.011169
0.011052
0.011385
0.011344
0.010724
0.010539
0.011056
0.010128
0.010096
0.010021
0.010080
0.010595
0.011046
0.010280
0.010274
0.011299
0.010443
0.010158
0.011397
0.010170
0.010599
0.011359
0.010816
0.010739
0.010822
0.011545
0.010656
0.010830
0.010864
0.011381
0.010898
0.010084
0.011516
0.010269
0.011176
0.010722
0.011593
0.010682
0.011355
0.009951
0.011060
0.010334
0.011553
0.011491
0.012216
0.010793
0.010425
0.010203
0.010947
0.010302
0.010592
0.010484
0.010588
0.010824
0.010155
0.010991
0.009991
0.011124
0.010679
0.010254
0.010709
0.010734
0.010443
0.011058
0.010213
0.010115
0.011105
0.010653
0.010346
0.010529
0.010701
0.010287
0.010340
0.010379
0.010931
0.010489
0.010943
0.010026
0.010488
0.010840
0.010486
0.010265
0.010347
0.010726
0.010829
0.015274
0.011347
0.010053
0.010902
0.010076
0.010976
0.010547
0.010335
0.010724
0.010603
0.011389
0.010387
0.010740
0.010287
0.011036
0.010758
0.010539
0.010479
0.011219
0.010273
0.010173
0.010136
0.010733
0.010230
0.011064
0.011144
0.010652
0.011056
0.010464
0.011728
0.011059
0.010520
0.010295
0.010544
0.010215
0.011012
0.010520
0.010928
0.010047
0.009974
0.010326
0.010611
0.010117
0.010910
0.010905
0.011092
0.011066
0.010935
0.010120
0.011084
0.010511
0.010643
0.010534
0.010912
0.010781
0.010332
0.010683
0.010491
0.011094
0.022691
0.011995
0.011449
0.011084
0.010799
0.010784
0.011452
0.011663
0.011259
0.011433
0.011368
0.011856
0.011788
0.011210
0.010767
0.011573
0.011545
0.011286
0.011311
0.011574
0.011286
0.011425
0.011195
0.011537
0.011472
0.011102
0.011261
0.011968
0.011563
0.011654
0.010969
0.011842
0.011362
0.010983
0.011719
0.011265
0.011243
0.011255
0.011401
0.011161
0.011940
0.011559
0.011676
0.011255
0.011288
0.011604
0.011622
0.011888
0.011233
0.011585
0.011240
0.011310
0.011215
0.011825
0.011562
0.011503
0.011227
0.011766
0.016012
0.011616
0.012035
0.011648
0.011711
0.011440
0.011273
0.011450
0.011528
0.012058
0.011186
0.011773
0.011575
0.011270
0.011405
0.011614
0.011420
0.011472
0.011352
0.011280
0.011443
0.011513
0.011493
0.011758
0.011598
0.011684
0.010804
0.011220
0.011340
0.011934
0.010977
0.010870
0.011386
0.011280
0.011124
0.011487
0.011408
0.010897
0.010674
0.011302
0.010960
0.010386
0.011445
0.011187
0.011706
0.011522
0.011787
0.011362
0.011640
0.010796
0.011252
0.011103
0.011226
0.011272
0.011248
0.011053
0.010609
0.010342
0.010956
0.011308
0.011030
0.010531
0.010869
0.011155
0.010569
0.010435
0.010018
0.009900
0.010183
0.011184
0.009787
0.010355
0.011039
0.011398
0.009651
0.009926
0.009736
0.011135
0.010801
0.010005
0.009751
0.009169
0.010253
0.009335
0.010193
0.010092
0.010760
0.010884
0.010992
0.009860
0.010788
0.010526
0.011428
0.011182
0.016085
0.010292
0.009882
0.010495
0.010357
0.010823
0.010837
0.010989
0.011549
0.011296
0.010840
0.011282
0.010977
0.011628
0.011490
0.010841
0.011137
0.010958
0.011140
0.010960
0.011223
0.011120
0.011039
0.011287
0.011294
0.011461
0.011061
0.010754
0.023543
0.012381
0.010722
0.009637
0.010497
0.010120
0.012472
0.009796
0.010554
0.011097
0.010846
0.011359
0.011395
0.011149
0.011231
0.011501
0.010572
0.010484
0.010206
0.009841
0.010426
0.009858
0.009061
0.012165
0.009214
0.009138
0.009960
0.009203
0.010441
0.009884
0.010855
0.011872
0.012577
0.010910
0.010762
0.011689
0.011757
0.011962
0.010782
0.010126
0.010282
0.010527
0.009271
0.011152
0.009130
0.009961
0.011434
0.009797
0.009803
0.010392
0.011772
0.010201
0.010026
0.009931
0.009370
0.010006
0.010912
0.010187
0.010248
0.010610
0.009871
0.009883
0.011225
0.009627
0.009118
0.012099
0.010739
0.010567
0.010578
0.010077
0.010255
0.010912
0.010165
0.009761
0.009519
0.010881
0.010642
0.012746
0.010279
0.009604
0.009639
0.009916
0.009315
0.010333
0.009340
0.009691
0.008986
0.009960
0.010327
0.010185
0.009147
0.011411
0.010316
0.011029
0.009407
0.010484
0.008715
0.010112
0.013625
0.010478
0.009106
0.009800
0.010629
0.010651
0.010177
0.010298
0.010879
0.010846
0.010171
0.010091
0.009453
0.010415
0.009582
0.010368
0.010094
0.010859
0.009501
0.010657
0.010575
0.010265
0.010443
0.010072
0.009284
0.010420
0.010335
0.010370
0.010361
0.010657
0.010107
0.010160
0.010223
0.010488
0.010181
0.009978
0.010263
0.010605
0.010335
0.008847
0.010852
0.010893
0.009652
0.009345
0.009885
0.010628
0.009534
0.010115
0.011936
0.010094
0.009795
0.010456
0.009948
0.010383
0.009808
0.009541
0.009545
0.009940
0.010049
0.009234
0.011150
0.012971
0.009950
0.010137
0.010134
0.009438
0.009492
0.009517
0.010053
0.010330
0.009324
0.009825
0.010055
0.009548
0.010818
0.010999
0.009584
0.009144
0.009138
0.010060
0.009679
0.009740
0.008980
0.009575
0.009059
0.010649
0.010073
0.009869
0.009202
0.009838
0.009311
0.009656
0.010188
0.009877
0.009514
0.010279
0.010651
0.009373
0.009213
0.010121
0.009277
0.010692
0.010470
0.008809
0.009983
0.010476
0.010202
0.008934
0.010025
0.010075
0.009449
0.009316
0.009462
0.010101
0.009526
0.010193
0.010167
0.008846
0.010987
0.009874
0.009837
0.009705
0.010433
0.009753
0.010064
0.009875
0.010561
0.009887
0.009739
0.010204
0.010232
0.010377
0.010274
0.010921
0.010742
0.009802
0.010318
0.010219
0.009478
0.009989
0.011197
0.008863
0.009526
0.009213
0.009996
0.009954
0.010427
0.010116
0.009618
0.009311
0.010802
0.010170
0.009449
0.009842
0.010183
0.009849
0.010271
0.009821
0.009117
0.010714
0.011341
0.010051
0.009512
0.009193
0.010742
0.010457
0.010253
0.009248
0.008625
0.010100
0.009832
0.009768
0.009377
0.009694
0.010061
0.009306
0.009680
0.010353
0.009295
0.009835
0.010095
0.010393
0.010883
0.010076
0.010017
0.008995
0.010335
0.009517
0.009888
0.009588
0.010428
0.010256
0.010097
0.010764
0.009796
0.010661
0.010557
0.010217
0.009632
0.011389
0.010089
0.009813
0.010191
0.010174
0.010103
0.009958
0.008775
0.009059
0.009750
0.009854
0.010426
0.009514
0.009320
0.010073
0.010171
0.009496
0.010566
0.011052
0.009899
0.009057
0.010600
0.010079
0.010363
0.008977
0.010661
0.009741
0.010329
0.010066
0.010009
0.009133
0.010522
0.009632
0.010176
0.008918
0.009205
0.009500
0.010733
0.010150
0.009909
0.010297
0.010058
0.010234
0.010751
0.013700
0.010111
0.009328
0.009938
0.010316
0.010785
0.013508
0.009265
0.009457
0.010106
0.010816
0.009992
0.010550
0.010170
0.009340
0.010476
0.010388
0.009767
0.010022
0.011378
0.010182
0.010015
0.010713
0.010215
0.010731
0.009697
0.009313
0.010364
0.010206
0.010224
0.009260
0.008716
0.010532
0.009407
0.010534
0.009653
0.010065
0.010282
0.010248
0.010214
0.010674
0.010096
0.009807
0.010303
0.009170
0.010716
0.009841
0.009462
0.010817
0.010078
0.010212
0.010599
0.009980
0.009484
0.011154
0.009356
0.009948
0.009052
0.010111
0.010177
0.010445
0.010469
0.010302
0.009789
0.009851
0.009957
0.010406
0.009884
0.010091
0.009633
0.009674
0.010648
0.010100
0.010223
0.010624
0.010219
0.010056
0.009494
0.008774
0.009862
0.010526
0.010370
0.010110
0.009902
0.010097
0.010250
0.009884
0.009094
0.011074
0.010722
0.010329
0.010086
0.010613
0.010574
0.010549
0.009994
0.009367
0.009804
0.010140
0.010006
0.009450
0.010253
0.010573
0.009248
0.009965
0.010847
0.010239
0.009002
0.008890
0.009552
0.010147
0.010154
0.009300
0.009718
0.009174
0.009666
0.009366
0.010056
0.010450
0.009173
0.009827
0.009495
0.010101
0.010659
0.009097
0.010072
0.009493
0.009831
0.010300
0.009116
0.010349
0.010284
0.009830
0.008747
0.009887
0.010103
0.009862
0.009195
0.009647
0.009603
0.009482
0.009125
0.010135
0.010224
0.009071
0.010576
0.009202
0.009571
0.009242
0.009536
0.010289
0.009589
0.009624
0.009103
0.009582
0.009962
0.010020
0.009707
0.009047
0.009920
0.011984
0.011777
0.010490
0.010823
0.010276
0.010362
0.009403
0.010069
0.010128
0.009717
0.009890
0.009279
0.010234
0.009129
0.009939
0.009211
0.010421
0.009656
0.010676
0.010166
0.010049
0.009658
0.010171
0.010540
0.009545
0.009134
0.011206
0.010262
0.009367
0.011455
0.010069
0.009667
0.010629
0.008957
0.010039
0.009426
0.009836
0.009779
0.009554
0.010110
0.010151
0.009606
0.010371
0.009518
0.010398
0.009093
0.009376
0.010081
0.010283
0.010641
0.010602
0.009646
0.010168
0.009385
0.009698
0.009871
0.009019
0.009167
0.010319
0.010195
0.010375
0.010299
0.010126
0.009579
0.010261
0.009337
0.010743
0.010094
0.011143
0.010337
0.009110
0.010389
0.009641
0.008880
0.009197
0.009241
0.009703
0.009920
0.009344
0.009583
0.010071
0.009564
0.009200
0.011171
0.009942
0.008911
0.009827
0.010929
0.010019
0.010219
0.012902
0.009282
0.010182
0.010331
0.009664
0.010614
0.010660
0.009694
0.009283
0.010174
0.009761
0.009275
0.010172
0.010087
0.011107
0.010405
0.008786
0.008720
0.009652
0.010233
0.009396
0.009914
0.010159
0.009978
0.009783
0.010203
0.009516
0.010644
0.008956
0.010280
0.010716
0.009767
0.009647
0.010312
0.010171
0.008980
0.010269
0.010007
0.009857
0.010008
0.009869
0.009863
0.010182
0.009336
0.008995
0.011158
0.009385
0.010609
0.009943
0.009310
0.010561
0.009425
0.010142
0.010746
0.010596
0.009549
0.009600
0.011372
0.009640
0.009997
0.009448
0.010212
0.009995
0.008894
0.010864
0.010631
0.008737
0.011039
0.009943
0.010155
0.010054
0.009233
0.011188
0.010149
0.010189
0.010084
0.010064
0.009209
0.010147
0.010660
0.009440
0.010584
0.011782
0.009086
0.009310
0.011742
0.010070
0.009677
0.010599
0.011350
0.008929
0.009765
0.009675
0.010591
0.009988
0.009528
0.009170
0.011005
0.010268
0.010226
0.009184
0.009932
0.009809
0.009858
0.010311
0.009886
0.008858
0.010927
0.010426
0.009927
0.009790
0.009264
0.010628
0.010592
0.009277
0.011006
0.010250
0.009533
0.010815
0.009909
0.010630
0.010253
0.009536
0.008978
0.010829
0.010288
0.009820
0.009089
0.009366
0.009167
0.010458
0.010246
0.009800
0.009825
0.010286
0.010251
0.008921
0.008873
0.011474
0.010539
0.009294
0.009769
0.010496
0.010394
0.008843
0.010138
0.010225
0.009878
0.009816
0.010780
0.009082
0.010662
0.010228
0.009030
0.010384
0.010450
0.010127
0.010008
0.009344
0.010501
0.010327
0.010770
0.009070
0.009248
0.010297
0.010100
0.008962
0.010599
0.009412
0.010825
0.010077
0.010724
0.008675
0.009735
0.009541
0.010844
0.009889
0.010906
0.010914
0.009350
0.010469
0.011622
0.009804
0.009857
0.009623
0.011071
0.010893
0.009057
0.009838
0.010526
0.010739
0.010277
0.009047
0.012035
0.010046
0.010045
0.010197
0.010429
0.009583
0.010907
0.010448
0.009797
0.010334
0.009492
0.010532
0.009971
0.009944
0.009368
0.009837
0.010114
0.010341
0.010549
0.009453
0.008900
0.011588
0.010235
0.009442
0.009981
0.010813
0.010091
0.010539
0.010099
0.009746
0.010849
0.010716
0.010364
0.010080
0.010115
0.011265
0.010136
0.010288
0.010687
0.009118
0.010515
0.010793
0.009885
0.010498
0.010709
0.009452
0.010349
0.010111
0.009770
0.009358
0.009953
0.010739
0.009282
0.010321
0.010131
0.010068
0.009960
0.009019
0.010539
0.009208
0.010535
0.010371
0.008893
0.009079
0.009024
0.009584
0.008879
0.009166
0.010226
0.010062
0.009783
0.009974
0.009646
0.009937
0.010225
0.008756
0.010679
0.009381
0.009852
0.010692
0.010354
0.016191
0.010650
0.011093
0.009905
0.011026
0.010735
0.010800
0.010021
0.010560
0.011241
0.010608
0.010975
0.010019
0.010608
0.011490
0.010636
0.010334
0.010154
0.010332
0.010164
0.010644
0.010284
0.010973
0.011611
0.011418
0.011639
0.011072
0.010574
0.011143
0.011172
0.011454
0.010505
0.010817
0.011352
0.011393
0.010458
0.011079
0.010727
0.010180
0.009652
0.010242
0.011308
0.010780
0.010374
0.010031
0.010928
0.010276
0.010827
0.011403
0.010566
0.010664
0.010161
0.011204
0.011095
0.010885
0.010091
0.010754
0.011318
0.011067
0.011376
0.009920
0.010704
0.010277
0.010597
0.010108
0.010295
0.010347
0.010855
0.010438
0.010703
0.010021
0.010132
0.010491
0.010906
0.010479
0.009645
0.010765
0.010342
0.010116
0.009858
0.010538
0.011211
0.009960
0.010830
0.011655
0.010351
0.010678
0.011223
0.010605
0.010937
0.010921
0.010405
0.010581
0.011362
0.011580
0.010870
0.010273
0.010657
0.011249
0.010074
0.010200
0.011754
0.011451
0.010452
0.010853
0.010798
0.011115
0.010587
0.010644
0.010925
0.009830
0.013096
0.010654
0.011184
0.009984
0.010116
0.010581
0.009900
0.010334
0.011152
0.010364
0.011623
0.010428
0.010918
0.011045
0.011238
0.011322
0.011534
0.011163
0.010422
0.010687
0.009811
0.011036
0.010295
0.010403
0.009335
0.011171
0.009140
0.010730
0.010912
0.010371
0.010570
0.010136
0.011004
0.010974
0.011476
0.010040
0.010768
0.011337
0.010408
0.010461
0.010510
0.010450
0.011102
0.010369
0.010976
0.010428
0.011232
0.011840
0.011783
0.010616
0.010685
0.011032
0.010374
0.009802
0.009880
0.010012
0.009002
0.008906
0.009093
0.008629
0.008625
0.009025
0.008975
0.008801
0.008822
0.008785
0.008686
0.008891
0.008887
0.008926
0.008652
0.008606
0.008675
0.008613
0.009042
0.008826
0.009119
0.008980
0.008503
0.008733
0.008437
0.009474
0.009287
0.008829
0.008771
0.008572
0.008536
0.008780
0.008650
0.009151
0.008678
0.008927
0.008764
0.008633
0.008658
0.008861
0.009035
0.009346
0.008933
0.008766
0.009339
0.008369
0.009143
0.008909
0.008925
0.008879
0.008427
0.008601
0.008952
0.008791
0.009200
0.008546
0.008708
0.008948
0.008679
0.008995
0.008787
0.008803
0.009753
0.009418
0.008955
0.008775
0.008487
0.008629
0.008585
0.008662
0.008705
0.008861
0.009103
0.008925
0.009064
0.008825
0.008465
0.008393
0.009225
0.008937
0.009035
0.009968
0.009163
0.008806
0.008519
0.008558
0.009055
0.008762
0.008885
0.008463
0.009164
0.008788
0.009147
0.008705
0.008588
0.009038
0.008579
0.008896
0.009028
0.008648
0.008911
0.009108
0.009148
0.008834
0.008683
0.008867
0.008929
0.008821
0.008934
0.008997
0.008876
0.009091
0.009390
0.008673
0.009042
0.008828
0.008630
0.009141
0.008998
0.008693
0.008589
0.009106
0.009141
0.008854
0.008895
0.009190
0.008713
0.008806
0.008600
0.008609
0.009136
0.008832
0.008832
0.008630
0.008579
0.008731
0.009069
0.008593
0.008820
0.008758
0.008611
0.009266
0.008937
0.009230
0.009207
0.008814
0.009848
0.008855
0.008852
0.008340
0.008955
0.010002
0.011224
0.011467
0.010967
0.010267
0.011081
0.010502
0.010423
0.009643
0.010168
0.011523
0.011299
0.011327
0.010501
0.010594
0.010713
0.009678
0.011071
0.010065
0.010995
0.011623
0.010936
0.009563
0.010574
0.011462
0.011558
0.010942
0.011949
0.010309
0.010029
0.010799
0.011259
0.011968
0.011416
0.011174
0.010966
0.010939
0.011419
0.010831
0.010353
0.010381
0.011005
0.010907
0.011177
0.011094
0.011193
0.010558
0.010472
0.011246
0.010191
0.010541
0.010162
0.010918
0.011550
0.010259
0.010142
0.010670
0.014546
0.011187
0.010337
0.011612
0.010921
0.010459
0.010360
0.010769
0.011270
0.010837
0.011421
0.011606
0.010401
0.011592
0.010829
0.011050
0.010677
0.010271
0.010517
0.010118
0.010233
0.010506
0.011569
0.011043
0.010311
0.011776
0.010751
0.009903
0.010848
0.011242
0.010464
0.011601
0.010633
0.010389
0.011537
0.011978
0.010893
0.010998
0.010767
0.011406
