0.024896
0.022511
0.020727
0.019178
0.018866
0.018230
0.018276
0.017691
0.017348
0.017247
0.017200
0.017749
0.017439
0.017200
0.016779
0.016704
0.016719
0.016657
0.017173
0.016664
0.016514
0.016337
0.016251
0.016441
0.016618
0.016434
0.016639
0.016405
0.016424
0.016286
0.016498
0.016338
0.016261
0.016054
0.016653
0.016048
0.016170
0.016087
0.016204
0.015995
0.016062
0.015865
0.016033
0.016208
0.016067
0.016018
0.015997
0.015934
0.015973
0.016085
0.016042
0.016136
0.015968
0.016139
0.016104
0.016487
0.015931
0.015940
0.015804
0.015823
0.015771
0.015934
0.015979
0.016046
0.016206
0.016008
0.015814
0.016010
0.016127
0.016011
0.015897
0.015891
0.015908
0.015889
0.016298
0.016043
0.016196
0.015934
0.015740
0.015781
0.016135
0.016007
0.015981
0.015818
0.015836
0.015805
0.016250
0.016108
0.016163
0.016093
0.016037
0.015734
0.016015
0.016051
0.015940
0.015794
0.015778
0.015877
0.015863
0.016023
0.022094
0.030229
0.021660
0.018440
0.021123
0.020267
0.016292
0.015604
0.017598
0.020811
0.018535
0.017513
0.016196
0.017368
0.017004
0.016430
0.015748
0.016080
0.015448
0.015581
0.015691
0.016162
0.015848
0.015684
0.015752
0.016218
0.015671
0.016256
0.015931
0.015873
0.015910
0.016032
0.016131
0.017376
0.016265
0.015986
0.015702
0.015973
0.015766
0.015810
0.016071
0.015876
0.015562
0.015657
0.015651
0.016061
0.015974
0.015794
0.015728
0.015668
0.015945
0.016358
0.016703
0.015774
0.015700
0.015580
0.015714
0.016100
0.015868
0.015845
0.015570
0.015567
0.015647
0.015622
0.015652
0.015836
0.015806
0.015712
0.015721
0.015770
0.015742
0.015956
0.015900
0.016470
0.016133
0.015772
0.016114
0.016463
0.015809
0.015689
0.015529
0.016509
0.016092
0.015748
0.015643
0.015677
0.015624
0.015559
0.015779
0.015757
0.015754
0.015573
0.015578
0.015420
0.015580
0.015539
0.015789
0.015662
0.015640
0.015815
0.015818
0.015845
0.015879
0.015789
0.015713
0.015692
0.015705
0.015793
0.016063
0.015789
0.015673
0.015686
0.015656
0.015631
0.015805
0.015815
0.015912
0.015637
0.015492
0.015504
0.015532
0.015601
0.015723
0.015490
0.015522
0.015534
0.015635
0.015728
0.016015
0.015673
0.015488
0.015412
0.015548
0.015428
0.015809
0.015636
0.015451
0.015556
0.015707
0.015749
0.015942
0.016024
0.015634
0.015612
0.015607
0.015531
0.015565
0.015655
0.015682
0.015712
0.015567
0.015608
0.015570
0.015797
0.015637
0.016099
0.015662
0.015581
0.015546
0.015714
0.015906
0.016449
0.015783
0.015659
0.015593
0.015494
0.015878
0.015989
0.015853
0.015705
0.015605
0.015562
0.015605
0.015839
0.015746
0.015776
0.015724
0.015723
0.015713
0.017551
0.015855
0.015883
0.015600
0.015618
0.015612
0.016220
0.017485
0.016925
0.015314
0.015341
0.015290
0.015364
0.015746
0.015594
0.015500
0.015551
0.015454
0.015494
0.015626
0.015604
0.015657
0.015684
0.015607
0.016072
0.015875
0.016177
0.015822
0.015549
0.015460
0.015502
0.015641
0.015641
0.015685
0.015473
0.015558
0.015438
0.015572
0.015656
0.015857
0.015522
0.015521
0.015629
0.015478
0.015630
0.015763
0.015564
0.015744
0.015717
0.015489
0.015583
0.015683
0.015869
0.015734
0.015732
0.015705
0.015621
0.016168
0.015778
0.015872
0.015549
0.015683
0.015454
0.015531
0.015544
0.015717
0.015435
0.015665
0.015386
0.015493
0.015623
0.015492
0.015515
0.015534
0.015512
0.015457
0.015727
0.015701
0.015753
0.015591
0.015493
0.015549
0.015436
0.015637
0.015601
0.015498
0.015488
0.015525
0.015820
0.015534
0.015748
0.016181
0.015672
0.015729
0.015535
0.015681
0.015684
0.015719
0.015502
0.015668
0.015644
0.015505
0.015625
0.015598
0.015816
0.015576
0.015679
0.015567
0.015684
0.015738
0.016106
0.015828
0.015736
0.015657
0.015667
0.016169
0.015882
0.015880
0.015954
0.015775
0.015828
0.015984
0.015890
0.015759
0.015900
0.015720
0.015741
0.015864
0.015777
0.015810
0.016031
0.015767
0.016021
0.015900
0.016300
0.023602
0.026496
0.019755
0.016899
0.017298
0.018571
0.021217
0.018660
0.017194
0.020760
0.019750
0.017083
0.016724
0.016015
0.015789
0.015805
0.016009
0.015899
0.015667
0.015661
0.015736
0.016078
0.015874
0.015944
0.015838
0.015993
0.015898
0.016066
0.015520
0.015579
0.015527
0.015627
0.015398
0.015913
0.015862
0.015387
0.015424
0.015568
0.015493
0.015350
0.015652
0.015391
0.015329
0.015135
0.015259
0.015828
0.015385
0.015230
0.015078
0.015311
0.015147
0.015097
0.015086
0.015008
0.015031
0.015024
0.015117
0.015335
0.015160
0.015073
0.015298
0.015153
0.015160
0.015124
0.015064
0.015059
0.015397
0.015303
0.015200
0.015132
0.015136
0.015451
0.015189
0.015137
0.015131
0.015093
0.015076
0.015172
0.015562
0.015152
0.015019
0.015043
0.015318
0.015319
0.015779
0.015224
0.015333
0.015071
0.015184
0.015163
0.015210
0.015197
0.015088
0.015294
0.015040
0.015068
0.015101
0.015289
0.015308
0.015291
0.015350
0.015145
0.015791
0.015128
0.015212
0.015130
0.015477
0.015433
0.015344
0.015412
0.015406
0.015665
0.018208
0.017989
0.016022
0.015346
0.015437
0.015311
0.015548
0.015343
0.015172
0.015299
0.015290
0.015118
0.015490
0.015610
0.015948
0.015890
0.015347
0.015275
0.015069
0.015131
0.015282
0.015094
0.015145
0.014948
0.014986
0.015399
0.015171
0.015054
0.015508
0.015224
0.015250
0.015502
0.015253
0.015167
0.015023
0.014975
0.015305
0.015089
0.015337
0.015077
0.015125
0.014970
0.014896
0.015061
0.015018
0.015011
0.015125
0.015027
0.015088
0.015000
0.015036
0.014890
0.015401
0.015306
0.015151
0.015720
0.015404
0.015151
0.015098
0.015114
0.015066
0.014894
0.014976
0.015054
0.015007
0.015510
0.015260
0.015182
0.015047
0.015160
0.014966
0.015070
0.015172
0.015125
0.015063
0.014985
0.014910
0.014957
0.015939
0.016322
0.015240
0.015021
0.015132
0.015046
0.015000
0.015309
0.015158
0.015025
0.015003
0.014980
0.015001
0.015106
0.015261
0.015048
0.015047
0.015088
0.015074
0.015491
0.015210
0.015208
0.015165
0.015072
0.015312
0.015073
0.015163
0.015077
0.015352
0.015192
0.015063
0.015270
0.015264
0.015203
0.015208
0.015086
0.015160
0.015105
0.015202
0.015226
0.015416
0.015508
0.015122
0.015136
0.015783
0.015329
0.015338
0.015527
0.015483
0.015294
0.015280
0.015133
0.015237
0.015059
0.015368
0.015368
0.015194
0.015176
0.015110
0.015235
0.015081
0.015151
0.015005
0.015089
0.015024
0.015064
0.015017
0.015004
0.015398
0.015603
0.015397
0.015278
0.015204
0.015063
0.015083
0.015071
0.015137
0.015164
0.015157
0.015143
0.015228
0.015514
0.015414
0.015271
0.015378
0.015438
0.015530
0.015211
0.015102
0.015026
0.015239
0.015049
0.015092
0.015011
0.015162
0.015359
0.015197
0.015039
0.015123
0.015103
0.015131
0.015052
0.015046
0.015004
0.015062
0.015149
0.015251
0.015050
0.015237
0.015368
0.015117
0.015252
0.015120
0.015101
0.015115
0.015003
0.015083
0.015010
0.015678
0.015155
0.015215
0.015139
0.015463
0.015020
0.015256
0.015161
0.015061
0.015053
0.015188
0.015031
0.015114
0.015046
0.015061
0.015067
0.029157
0.026491
0.018561
0.017391
0.015844
0.017295
0.016434
0.015746
0.016506
0.024595
0.023330
0.018330
0.016098
0.016982
0.016119
0.015433
0.015393
0.015379
0.015192
0.015559
0.015443
0.015495
0.015210
0.015218
0.015694
0.015170
0.015321
0.015232
0.015411
0.015355
0.015377
0.015310
0.015316
0.015543
0.015623
0.015499
0.015446
0.015693
0.015921
0.015656
0.016135
0.015853
0.015337
0.015319
0.015326
0.015246
0.015224
0.015339
0.015262
0.015201
0.015590
0.015692
0.015405
0.015631
0.015279
0.015325
0.015300
0.015433
0.015358
0.015489
0.015557
0.015525
0.015576
0.015993
0.015849
0.015622
0.015609
0.015772
0.015676
0.015633
0.015630
0.015604
0.015747
0.015633
0.015650
0.015528
0.015808
0.016100
0.015873
0.016179
0.015729
0.015682
0.016371
0.016995
0.016075
0.015766
0.015693
0.015735
0.015696
0.015952
0.015726
0.015875
0.015640
0.015724
0.015687
0.015624
0.015642
0.015766
0.015855
0.015573
0.015942
0.015812
0.015842
0.015697
0.015781
0.015704
0.015665
0.015683
0.015709
0.015626
0.016235
0.015688
0.015789
0.015626
0.015736
0.015899
0.015787
0.015913
0.015804
0.015662
0.015648
0.015718
0.015870
0.015945
0.015906
0.015696
0.015755
0.015662
0.015874
0.016105
0.015697
0.015706
0.015783
0.015695
0.015678
0.015807
0.015823
0.015290
0.015255
0.015273
0.015536
0.015636
0.015499
0.015266
0.015221
0.015235
0.015256
0.015298
0.015672
0.015488
0.015410
0.015329
0.015363
0.015332
0.015515
0.015697
0.015428
0.015478
0.015455
0.015458
0.015329
0.015837
0.015839
0.015521
0.015365
0.015250
0.015265
0.015906
0.016072
0.015836
0.015752
0.015763
0.015723
0.015722
0.015777
0.015620
0.015621
0.015651
0.015672
0.015628
0.015992
0.015722
0.015729
0.015719
0.015575
0.015705
0.015521
0.015719
0.015698
0.015788
0.015735
0.015830
0.015993
0.015980
0.015722
0.015629
0.015493
0.015556
0.015419
0.015327
0.015436
0.015672
0.015643
0.015411
0.015688
0.015522
0.016042
0.015750
0.015590
0.015349
0.015528
0.015409
0.015853
0.015700
0.015288
0.015212
0.015171
0.015290
0.015210
0.015401
0.015427
0.015216
0.015198
0.015275
0.015171
0.015199
0.015474
0.015227
0.015232
0.015690
0.015234
0.015264
0.015259
0.015486
0.015221
0.015229
0.015302
0.015709
0.015512
0.015500
0.015308
0.015286
0.015324
0.015412
0.015401
0.015383
0.015470
0.015434
0.015368
0.015367
0.015385
0.015288
0.015329
0.015365
0.015402
0.015319
0.015467
0.015285
0.015582
0.015549
0.015575
0.015459
0.015400
0.015396
0.015615
0.015435
0.015236
0.015270
0.015308
0.015479
0.015530
0.015452
0.015372
0.015610
0.015270
0.015295
0.015225
0.015211
0.015729
0.015223
0.015315
0.015331
0.015305
0.015358
0.015373
0.015226
0.015610
0.015342
0.015648
0.015351
0.015408
0.015655
0.015334
0.015306
0.015350
0.015323
0.015379
0.015981
0.016203
0.016024
0.015508
0.015563
0.015479
0.015461
0.015683
0.015488
0.015558
0.015563
0.015521
0.015461
0.015691
0.015688
0.015933
0.015782
0.015727
0.015659
0.015980
0.017893
0.031154
0.023850
0.017521
0.016886
0.017932
0.018109
0.016701
0.016400
0.020828
0.020786
0.017574
0.017317
0.017064
0.017424
0.017788
0.016818
0.016116
0.016178
0.016302
0.015931
0.016372
0.016446
0.015934
0.016051
0.015935
0.015895
0.016161
0.016101
0.016130
0.016215
0.016420
0.016372
0.016450
0.016109
0.016153
0.016302
0.016289
0.016155
0.016314
0.016436
0.016388
0.016472
0.016742
0.016379
0.016732
0.016101
0.015935
0.015600
0.015621
0.015553
0.015687
0.015758
0.015653
0.015629
0.015743
0.015690
0.015732
0.015652
0.015842
0.015673
0.015577
0.015606
0.015675
0.015843
0.016008
0.015670
0.015610
0.015743
0.015832
0.015746
0.015852
0.015731
0.015657
0.015660
0.015551
0.015901
0.015822
0.015708
0.015570
0.015631
0.016817
0.016266
0.015902
0.015658
0.015968
0.015613
0.015608
0.015732
0.015679
0.015990
0.015777
0.015688
0.015684
0.015811
0.015740
0.016283
0.015764
0.015678
0.015599
0.015489
0.015548
0.015655
0.016071
0.016262
0.015710
0.015622
0.015819
0.015848
0.016011
0.015879
0.015651
0.015880
0.015675
0.015816
0.015937
0.015745
0.015667
0.015653
0.015655
0.015830
0.015933
0.015849
0.015815
0.015945
0.015822
0.015706
0.015707
0.016258
0.015928
0.015778
0.015816
0.015626
0.015866
0.016114
0.015953
0.015902
0.015860
0.016006
0.015979
0.015889
0.016122
0.015848
0.015768
0.015635
0.015659
0.015999
0.015844
0.015883
0.015674
0.015676
0.015552
0.015589
0.015822
0.015863
0.015738
0.015760
0.015683
0.015703
0.016101
0.016328
0.016166
0.015839
0.015909
0.015761
0.015795
0.015833
0.015817
0.015708
0.015662
0.015762
0.016030
0.016115
0.015787
0.015725
0.015836
0.015742
0.015947
0.015876
0.015783
0.015723
0.015744
0.015743
0.015727
0.015861
0.015995
0.015816
0.015690
0.015516
0.015729
0.015662
0.016195
0.015646
0.015814
0.015644
0.015752
0.015638
0.015929
0.015826
0.015659
0.015774
0.015720
0.015939
0.016080
0.015949
0.015833
0.015773
0.015647
0.015639
0.015687
0.016027
0.015739
0.015838
0.015677
0.015459
0.015489
0.015591
0.015710
0.015457
0.015526
0.015504
0.015520
0.015381
0.015994
0.015675
0.015612
0.015576
0.015565
0.015596
0.015767
0.016175
0.015828
0.015936
0.015764
0.015754
0.015711
0.015898
0.015740
0.015699
0.015598
0.015682
0.015514
0.015880
0.015699
0.015644
0.015713
0.015756
0.015777
0.015888
0.016006
0.015774
0.015720
0.015730
0.015727
0.015905
0.015830
0.016243
0.015798
0.015767
0.015686
0.015785
0.015828
0.015793
0.015831
0.015809
0.015757
0.016086
0.016107
0.016115
0.015807
0.015783
0.015734
0.015675
0.015834
0.015746
0.015788
0.015868
0.015622
0.015616
0.015529
0.015704
0.015596
0.015549
0.015554
0.015594
0.015609
0.015879
0.015752
0.015840
0.015982
0.016242
0.016148
0.015725
0.015611
0.015418
0.015504
0.015417
0.015541
0.015429
0.016030
0.015623
0.015650
0.015596
0.015526
0.015621
0.015782
0.015783
0.015764
0.015781
0.015701
0.015691
0.015816
0.015833
0.026916
0.029197
0.020694
0.017516
0.016377
0.017589
0.020678
0.017519
0.018680
0.020924
0.018347
0.016652
0.016760
0.016206
0.016168
0.016431
0.016280
0.016275
0.016208
0.016204
0.016464
0.016491
0.016267
0.016219
0.016439
0.016172
0.016400
0.016423
0.016220
0.016043
0.015967
0.015873
0.016398
0.016268
0.016245
0.016178
0.016195
0.016153
0.016363
0.016500
0.016507
0.016100
0.016707
0.016129
0.016111
0.015837
0.015609
0.015509
0.015856
0.015805
0.015800
0.015702
0.015747
0.015673
0.016071
0.015677
0.015479
0.015737
0.015824
0.015771
0.015697
0.015702
0.015555
0.015743
0.015750
0.015575
0.015884
0.015978
0.015678
0.015617
0.015826
0.016028
0.015901
0.015664
0.015632
0.015868
0.015494
0.015777
0.015663
0.015480
0.015710
0.016813
0.015805
0.015763
0.015614
0.015533
0.015561
0.016052
0.015521
0.015551
0.015543
0.015431
0.015482
0.015537
0.015651
0.015697
0.015806
0.015668
0.015504
0.015797
0.015679
0.015636
0.015748
0.015732
0.015672
0.015619
0.015474
0.015820
0.015828
0.015615
0.015665
0.015639
0.015450
0.015665
0.015651
0.015754
0.015579
0.015458
0.015505
0.015508
0.015568
0.015613
0.015640
0.015518
0.015582
0.015495
0.015631
0.015603
0.015982
0.015569
0.015548
0.015486
0.015640
0.015478
0.015858
0.016102
0.015792
0.015555
0.015731
0.015877
0.015876
0.015681
0.015623
0.015504
0.015391
0.015473
0.015670
0.015660
0.015482
0.015499
0.015559
0.015781
0.015681
0.015722
0.015709
0.015531
0.015608
0.015338
0.015567
0.015545
0.015931
0.016831
0.015838
0.015442
0.015443
0.015467
0.015654
0.015752
0.015479
0.015503
0.015642
0.015898
0.015673
0.015572
0.015534
0.015518
0.015458
0.015628
0.015615
0.015929
0.015622
0.015701
0.015650
0.015581
0.015574
0.015888
0.015604
0.015478
0.015583
0.015537
0.015470
0.015542
0.015753
0.015540
0.015529
0.015945
0.015661
0.015773
0.015838
0.015651
0.015697
0.015750
0.015791
0.016081
0.015805
0.016113
0.015619
0.015592
0.015499
0.015406
0.015433
0.015682
0.015459
0.015543
0.015427
0.015538
0.015862
0.015675
0.015756
0.015683
0.015693
0.015618
0.015693
0.015755
0.015969
0.015687
0.015475
0.015710
0.015633
0.015558
0.015723
0.015748
0.015570
0.015522
0.015592
0.015449
0.015912
0.015567
0.015580
0.015537
0.015539
0.015458
0.015643
0.015650
0.015733
0.015498
0.015571
0.015544
0.015582
0.015661
0.015679
0.015645
0.015517
0.015560
0.015517
0.015691
0.015879
0.015832
0.015467
0.015558
0.015576
0.015365
0.015658
0.015639
0.015496
0.015580
0.015586
0.015970
0.015657
0.015802
0.016108
0.015644
0.015510
0.015510
0.015720
0.015725
0.015747
0.015691
0.015585
0.015650
0.015924
0.015900
0.015577
0.015784
0.015452
0.015511
0.015486
0.015525
0.015690
0.015584
0.015464
0.015384
0.015507
0.015418
0.015728
0.015944
0.015764
0.015544
0.015537
0.015935
0.016303
0.015888
0.015878
0.015611
0.015741
0.015655
0.015953
0.015807
0.015855
0.015886
0.015710
0.015730
0.015683
0.015905
0.021357
0.031610
0.023862
0.017532
0.019384
0.021636
0.018320
0.016678
0.017152
0.021101
0.018975
0.017172
0.018032
0.017603
0.017522
0.017334
0.016435
0.016339
0.016101
0.016125
0.016322
0.016230
0.016258
0.016149
0.016447
0.016268
0.016746
0.015790
0.015610
0.015662
0.015678
0.015567
0.015660
0.015844
0.015772
0.015625
0.015886
0.015746
0.015615
0.016045
0.015910
0.015685
0.015761
0.015762
0.016365
0.015828
0.017138
0.015844
0.015785
0.015762
0.015646
0.015721
0.015853
0.015755
0.015540
0.015805
0.015502
0.015631
0.015834
0.015754
0.015597
0.015635
0.015702
0.015605
0.015874
0.015953
0.015878
0.015673
0.015846
0.015637
0.015901
0.015839
0.015924
0.015766
0.015793
0.015940
0.015856
0.015993
0.015944
0.015793
0.015899
0.017634
0.016133
0.016037
0.015895
0.015592
0.015561
0.015681
0.015694
0.015887
0.015908
0.015630
0.015598
0.015619
0.015882
0.015670
0.016126
0.015825
0.015692
0.015939
0.015621
0.015689
0.015867
0.016088
0.015892
0.015773
0.015759
0.015825
0.016021
0.016223
0.016012
0.015911
0.015877
0.015725
0.015896
0.015948
0.015912
0.015839
0.015764
0.015913
0.015817
0.016015
0.015977
0.015728
0.015805
0.015709
0.015875
0.016158
0.015853
0.015906
0.015817
0.015896
0.015949
0.016675
0.016096
0.015960
0.015979
0.015835
0.016242
0.016175
0.016279
0.016018
0.015809
0.015861
0.015748
0.016031
0.015972
0.015829
0.015746
0.015737
0.015640
0.015716
0.015782
0.016337
0.015709
0.015657
0.015750
0.015700
0.015950
0.016088
0.015907
0.015779
0.015969
0.015960
0.015885
0.016087
0.016165
0.015808
0.015907
0.015863
0.015916
0.016392
0.015902
0.015826
0.015875
0.015878
0.015701
0.015799
0.015737
0.015741
0.015730
0.015659
0.015731
0.015607
0.015879
0.015826
0.015648
0.015697
0.015671
0.015644
0.015951
0.016452
0.015856
0.015656
0.015570
0.015577
0.015854
0.016090
0.015801
0.015652
0.015623
0.015836
0.015892
0.015911
0.015752
0.015672
0.015762
0.015700
0.015670
0.016172
0.016072
0.015768
0.015615
0.015742
0.015641
0.015840
0.015927
0.015970
0.015599
0.015658
0.015544
0.015539
0.016059
0.015916
0.015741
0.015723
0.015692
0.015599
0.015812
0.015972
0.015780
0.015708
0.015696
0.015587
0.015589
0.015960
0.016389
0.015670
0.015678
0.015589
0.015599
0.015658
0.015789
0.015519
0.015562
0.015453
0.015565
0.015779
0.015887
0.015830
0.015672
0.015745
0.015609
0.015752
0.015811
0.015841
0.015822
0.015744
0.015782
0.015732
0.016514
0.016080
0.015836
0.015821
0.015605
0.016158
0.015875
0.016051
0.015817
0.015648
0.015790
0.015683
0.015864
0.015833
0.016016
0.015771
0.015649
0.015752
0.015627
0.015886
0.016027
0.015544
0.015766
0.015494
0.015500
0.015808
0.015749
0.015760
0.015608
0.015936
0.015687
0.015752
0.015751
0.015683
0.015649
0.015600
0.015708
0.015788
0.015930
0.015987
0.015889
0.015826
0.015759
0.015813
0.016014
0.015849
0.015787
0.015760
0.015867
0.015585
0.015648
0.015880
0.025705
0.026885
0.019488
0.017526
0.018727
0.022124
