0.135959
0.135647
0.134555
0.133800
0.133410
0.133827
0.134311
0.134125
0.134098
0.133908
0.133454
0.133212
0.133732
0.132545
0.132276
0.131775
0.132064
0.131916
0.132242
0.132268
0.132533
0.132079
0.131862
0.132193
0.132122
0.132241
0.131796
0.132160
0.131776
0.132760
0.132956
0.132333
0.132579
0.132467
0.143330
0.139429
0.138141
0.136849
0.134579
0.134315
0.133287
0.133342
0.133612
0.133491
0.133390
0.133210
0.132532
0.134981
0.133689
0.133106
0.134585
0.133654
0.133068
0.133353
0.133346
0.133927
0.134590
0.133716
0.133281
0.133068
0.133112
0.133113
0.133316
0.132816
0.132689
0.133642
0.133175
0.133110
0.133236
0.133031
0.132586
0.139880
0.139134
0.138545
0.137550
0.136993
0.135560
0.134347
0.134293
0.133848
0.134480
0.134080
0.133312
0.133436
0.133436
0.132721
0.132969
0.132930
0.132538
0.132127
0.132456
0.132896
0.132369
0.132675
0.132580
0.133162
0.132837
0.133146
0.133073
0.132698
0.132548
0.132357
0.132871
0.132662
0.132436
0.132273
0.132471
0.132500
0.138321
0.139416
0.138215
0.136746
0.135595
0.135993
0.136259
0.136525
0.133741
0.134115
0.134198
0.133742
0.133478
0.133556
0.133114
0.132915
0.133044
0.133516
0.132702
0.132152
0.132150
0.132279
0.132499
0.132240
0.132652
0.132098
0.131879
0.132154
0.131829
0.131548
0.132221
0.132052
0.132681
0.132205
0.132079
0.131940
0.132216
0.131640
0.141983
0.140111
0.139401
0.137434
0.136852
0.136900
0.135031
0.134950
0.134448
0.134835
0.134636
0.133736
0.133891
0.133837
0.133568
0.133722
0.134374
0.133628
0.133639
0.134048
0.134211
0.133368
0.133288
0.133140
0.133764
0.133558
0.133284
0.133509
0.133227
0.132988
0.132881
0.133413
0.133502
0.132471
0.132244
0.132672
0.132584
0.140923
0.140227
0.139485
0.136348
0.134358
0.134171
0.134051
0.133528
0.133242
0.133143
0.134607
0.134099
0.133675
0.133089
0.133312
0.132749
0.132398
0.132812
0.132273
0.131905
0.131955
0.131781
0.131732
0.132380
0.131838
0.132573
0.131972
0.132126
0.132468
0.132048
0.132257
0.131947
0.132795
0.132015
0.131596
0.131299
0.131510
0.134064
0.139540
0.137977
0.136908
0.133959
0.133239
0.133166
0.132999
0.133259
0.133284
0.133840
0.134035
0.133218
0.133902
0.133147
0.133096
0.133245
0.132585
0.132490
0.132055
0.132099
0.131899
0.132703
0.132810
0.132209
0.132640
0.132967
0.132345
0.132013
0.132485
0.131917
0.131901
0.131979
0.132008
0.131696
0.131598
0.131806
0.131513
0.138807
0.139643
0.138711
0.138606
0.137456
0.135667
0.134571
0.134378
0.133634
0.133625
0.134356
0.133685
0.133024
0.135222
0.133744
0.133399
0.133695
0.133921
0.134524
0.133785
0.133878
0.133689
0.133698
0.133616
0.133479
0.132989
0.132796
0.132969
0.133203
0.132775
0.132729
0.132836
0.132860
0.133853
0.133191
0.133385
0.132870
0.138542
0.140099
0.137612
0.136694
0.135895
0.136243
0.134891
0.133381
0.133575
0.133091
0.133711
0.134507
0.133692
0.133383
0.133334
0.132550
0.133053
0.133070
0.133325
0.133112
0.133091
0.132618
0.132892
0.133214
0.133353
0.132827
0.133299
0.133586
0.133137
0.132789
0.132595
0.132694
0.132643
0.133183
0.132963
0.132573
0.132372
0.134131
0.141416
0.137757
0.136417
0.135441
0.134561
0.134310
0.133149
0.132775
0.132728
0.132810
0.133332
0.132769
0.132833
0.132492
0.132267
0.132425
0.132343
0.132381
0.132716
0.132422
0.132127
0.132293
0.132392
0.132367
0.132527
0.132368
0.132986
0.132594
0.132467
0.132228
0.131991
0.132200
0.132618
0.132461
0.132259
0.132042
0.131796
0.138110
0.138646
0.137335
0.136322
0.136296
0.135894
0.136003
0.135192
0.135103
0.134908
0.134451
0.133837
0.134012
0.133179
0.132532
0.132589
0.132572
0.132636
0.132548
0.133748
0.133443
0.132746
0.132574
0.132840
0.132822
0.132885
0.133035
0.133355
0.132968
0.132631
0.132572
0.132599
0.132734
0.132468
0.132648
0.132346
0.132291
0.135513
0.143328
0.139400
0.138180
0.138184
0.137427
0.136891
0.134889
0.134696
0.134432
0.134688
0.134497
0.134858
0.134466
0.133797
0.133703
0.133535
0.133894
0.133351
0.133546
0.135361
0.136903
0.136048
0.135398
0.134831
0.134216
0.133920
0.134634
0.133974
0.133404
0.133304
0.132855
0.133384
0.132498
0.133243
0.133309
0.133188
0.134283
0.142010
0.139296
0.138206
0.136974
0.137363
0.134375
0.133977
0.133767
0.133373
0.133939
0.133506
0.133686
0.133542
0.132839
0.132849
0.132865
0.132922
0.132969
0.132761
0.133626
0.133333
0.133627
0.133367
0.133012
0.133074
0.133098
0.133023
0.133416
0.133303
0.132763
0.132621
0.132894
0.132643
0.132359
0.133162
0.132743
0.132345
0.142542
0.139602
0.139395
0.138800
0.138134
0.135457
0.133822
0.133458
0.133552
0.133555
0.132562
0.132898
0.133368
0.134460
0.133214
0.132902
0.133605
0.133644
0.133205
0.133347
0.133336
0.132900
0.133438
0.133078
0.132575
0.132289
0.132321
0.132322
0.132073
0.132319
0.132166
0.132303
0.132112
0.132068
0.131788
0.133019
0.132099
0.139080
0.139537
0.138421
0.136804
0.135586
0.135013
0.134673
0.134491
0.134399
0.133891
0.133881
0.133399
0.134002
0.134195
0.133611
0.133155
0.133093
0.132613
0.132490
0.131959
0.132588
0.132251
0.132009
0.132009
0.131826
0.132183
0.131927
0.131815
0.133012
0.132409
0.132075
0.132214
0.132502
0.131916
0.131587
0.132165
0.131686
0.132786
0.142261
0.138976
0.137568
0.136044
0.135350
0.136299
0.133550
0.133533
0.133861
0.133639
0.134142
0.133756
0.134141
0.132895
0.132503
0.132920
0.132849
0.132819
0.132649
0.132744
0.133852
0.132338
0.132230
0.132703
0.132441
0.132318
0.131711
0.132314
0.132213
0.131515
0.131781
0.131928
0.132148
0.132244
0.131796
0.132977
0.132126
0.141865
0.139603
0.138387
0.137698
0.135794
0.135906
0.134904
0.134225
0.134151
0.133896
0.134267
0.134073
0.133789
0.133712
0.133448
0.133485
0.133572
0.133420
0.133345
0.133612
0.134441
0.133533
0.133121
0.133080
0.133339
0.132816
0.133273
0.133159
0.133673
0.133289
0.133300
0.132645
0.132720
0.132611
0.132595
0.132626
0.133034
0.138264
0.140395
0.139058
0.138355
0.137739
0.134588
0.134526
0.133604
0.133267
0.133663
0.133652
0.133265
0.132918
0.133354
0.132767
0.132510
0.132906
0.133226
0.132559
0.132989
0.132517
0.132970
0.132576
0.132567
0.131859
0.131690
0.131593
0.131651
0.131979
0.132682
0.131680
0.131755
0.131865
0.131556
0.131725
0.131611
0.132680
0.131351
0.143579
0.137698
0.135900
0.134814
0.134574
0.133865
0.134262
0.133529
0.133223
0.133545
0.133230
0.133663
0.133320
0.133707
0.133308
0.132602
0.132706
0.132628
0.132482
0.132313
0.132277
0.132621
0.133074
0.133030
0.132658
0.132509
0.132193
0.131999
0.132259
0.132554
0.131887
0.131819
0.131500
0.131634
0.131383
0.131617
0.131604
0.136576
0.140483
0.138076
0.136425
0.135468
0.135211
0.134891
0.134793
0.133878
0.133653
0.133451
0.133141
0.133785
0.134965
0.135232
0.133675
0.133150
0.133810
0.133348
0.133627
0.133466
0.133520
0.134185
0.133769
0.133431
0.132269
0.132739
0.133084
0.133398
0.133195
0.132802
0.132794
0.133037
0.132939
0.132627
0.132919
0.133189
0.135598
0.142356
0.139254
0.138461
0.137315
0.136946
0.135622
0.134722
0.134409
0.133959
0.133774
0.133482
0.133583
0.133589
0.133316
0.134168
0.133080
0.133196
0.132857
0.132994
0.133099
0.133520
0.133311
0.132827
0.133027
0.132972
0.132988
0.132906
0.133280
0.133012
0.133358
0.132677
0.132645
0.132356
0.132402
0.132630
0.132789
0.133713
0.142259
0.139055
0.138713
0.136564
0.136404
0.136273
0.135336
0.135189
0.134927
0.134332
0.134494
0.134016
0.133401
0.133693
0.133730
0.133720
0.134110
0.133883
0.133079
0.133355
0.133333
0.133192
0.133976
0.133644
0.133429
0.133255
0.132955
0.133287
0.133353
0.133777
0.133257
0.133373
0.132371
0.132768
0.132762
0.133311
0.132828
0.140756
0.140765
0.138999
0.138992
0.136864
0.136328
0.135350
0.135094
0.134005
0.134097
0.134434
0.133975
0.134111
0.133428
0.133139
0.134311
0.134163
0.133522
0.133185
0.134065
0.133849
0.133427
0.133457
0.133048
0.133301
0.132577
0.132394
0.132798
0.133009
0.132608
0.133250
0.133041
0.132578
0.132525
0.132365
0.132667
0.132775
0.137924
0.140849
0.138587
0.137556
0.136377
0.135060
0.134577
0.133528
0.134733
0.133999
0.133584
0.133165
0.133408
0.133331
0.133209
0.133556
0.133034
0.132625
0.132562
0.132382
0.132320
0.132641
0.132083
0.132509
0.132088
0.132150
0.131654
0.131525
0.132205
0.131922
0.131843
0.132497
0.132171
0.132334
0.131972
0.132190
0.132350
0.131853
0.142518
0.138690
0.137978
0.136397
0.136189
0.136382
0.135099
0.134563
0.134734
0.134317
0.134504
0.133994
0.133353
0.133395
0.132919
0.133599
0.133499
0.132827
0.132662
0.132698
0.132820
0.132928
0.132907
0.133703
0.133031
0.133012
0.132772
0.132223
0.132895
0.132345
0.132496
0.132277
0.131954
0.133716
0.133338
0.132977
0.132781
0.139454
0.140645
0.137784
0.137350
0.136859
0.135856
0.134797
0.134221
0.134489
0.134392
0.134159
0.133833
0.133843
0.134167
0.134376
0.133523
0.133778
0.132897
0.132432
0.132187
0.132854
0.132948
0.133279
0.133668
0.132683
0.132157
0.132195
0.132529
0.132098
0.132598
0.132009
0.132697
0.132417
0.132347
0.132387
0.132508
0.133012
0.136698
0.141786
0.139381
0.136848
0.135253
0.135112
0.134789
0.134300
0.134735
0.134844
0.134057
0.133774
0.133482
0.134110
0.133432
0.132899
0.133627
0.133040
0.132997
0.133323
0.132850
0.133219
0.132522
0.132764
0.133276
0.133094
0.132300
0.133147
0.133674
0.133099
0.132819
0.132981
0.133115
0.132632
0.132524
0.132562
0.132213
0.132324
0.143325
0.186862
0.138023
0.130993
0.132310
0.133781
0.132422
0.131838
0.131670
0.135415
0.135480
0.134674
0.134117
0.133529
0.133290
0.132967
0.133434
0.132587
0.132517
0.132432
0.132069
0.132465
0.132048
0.132085
0.132141
0.132384
0.132431
0.132334
0.132264
0.132010
0.132200
0.133093
0.132028
0.131467
0.131730
0.131345
0.131444
0.140436
0.137300
0.136221
0.135807
0.135793
0.135451
0.134911
0.134115
0.133846
0.134426
0.134082
0.134024
0.133618
0.133480
0.133119
0.133332
0.133062
0.132850
0.132898
0.132800
0.132792
0.132354
0.132410
0.132727
0.133340
0.132537
0.132587
0.132074
0.132298
0.132125
0.132445
0.132125
0.132253
0.132024
0.131910
0.131767
0.131792
0.136246
0.139731
0.139166
0.136933
0.134979
0.134236
0.134083
0.133498
0.133401
0.133508
0.133908
0.132972
0.132783
0.132522
0.132473
0.132543
0.132638
0.133575
0.132592
0.132419
0.132731
0.132379
0.133310
0.132611
0.132014
0.131748
0.131814
0.131829
0.131508
0.132292
0.131795
0.131377
0.131718
0.131604
0.131599
0.130865
0.131245
0.131353
0.142039
0.139534
0.137878
0.136969
0.133952
0.133493
0.133304
0.133055
0.133060
0.133096
0.132427
0.132184
0.132172
0.132573
0.132096
0.132006
0.132942
0.131949
0.131766
0.131430
0.131537
0.131704
0.131852
0.131689
0.132127
0.131414
0.131084
0.132109
0.132132
0.132012
0.131836
0.131854
0.131691
0.131824
0.131630
0.131563
0.131363
0.134822
0.139080
0.135650
0.134035
0.133347
0.133062
0.133155
0.132761
0.132823
0.132723
0.132845
0.132666
0.132649
0.132303
0.132640
0.132380
0.131953
0.132741
0.132019
0.132137
0.135082
0.135817
0.134529
0.134422
0.134206
0.133296
0.133105
0.132659
0.132947
0.132859
0.133206
0.132872
0.132592
0.132949
0.132338
0.132447
0.132739
0.132542
0.140613
0.138986
0.137611
0.137296
0.137001
0.137056
0.135057
0.134842
0.134529
0.135210
0.134977
0.134365
0.134194
0.133941
0.134108
0.134127
0.133724
0.133661
0.133661
0.133158
0.133238
0.133081
0.133271
0.133342
0.133903
0.132865
0.132500
0.132483
0.132081
0.132395
0.132523
0.132775
0.132298
0.132197
0.132100
0.132070
0.131749
0.136052
0.140040
0.139314
0.137712
0.135435
0.134738
0.134259
0.133950
0.133412
0.133868
0.133759
0.133316
0.133012
0.132627
0.132811
0.133066
0.133108
0.133450
0.132594
0.132091
0.132094
0.131966
0.133339
0.133254
0.133238
0.132622
0.132141
0.132431
0.132332
0.132270
0.131922
0.132110
0.132146
0.132412
0.131661
0.131695
0.131686
0.132270
0.141352
0.138331
0.136645
0.135304
0.135282
0.135412
0.135114
0.134658
0.133934
0.134800
0.134065
0.133521
0.133412
0.133570
0.133121
0.132521
0.132325
0.132503
0.132562
0.132410
0.132366
0.132465
0.132242
0.131947
0.132097
0.131920
0.132017
0.132013
0.132048
0.132174
0.131733
0.131727
0.131689
0.131726
0.131363
0.131786
0.131857
0.138409
0.137976
0.136634
0.135638
0.135459
0.135402
0.135025
0.135013
0.134927
0.135272
0.135108
0.135120
0.134992
0.134872
0.134818
0.134574
0.134254
0.133619
0.133812
0.133383
0.133043
0.132809
0.133533
0.132555
0.132391
0.132087
0.132337
0.132346
0.131576
0.132922
0.132235
0.132404
0.132257
0.132683
0.131441
0.131944
0.131650
0.133759
0.142585
0.139026
0.138291
0.137406
0.136805
0.135793
0.133982
0.133751
0.133525
0.134006
0.134150
0.134255
0.133616
0.133557
0.132741
0.133867
0.133202
0.133186
0.132950
0.133028
0.132887
0.132686
0.132763
0.132702
0.133544
0.132982
0.132724
0.133426
0.132184
0.132531
0.132361
0.132054
0.132173
0.132504
0.131811
0.131913
0.131846
0.142136
0.138953
0.138849
0.137624
0.135125
0.134647
0.133961
0.134068
0.134158
0.134113
0.134022
0.134167
0.133644
0.133361
0.132969
0.133140
0.132588
0.132602
0.131758
0.133834
0.135190
0.134137
0.133941
0.133496
0.132960
0.132542
0.132492
0.132341
0.132359
0.132215
0.132570
0.132742
0.132159
0.132218
0.132323
0.132132
0.131959
0.135713
0.138646
0.136150
0.135446
0.134136
0.133678
0.134056
0.134496
0.133207
0.133386
0.133367
0.132693
0.132164
0.132418
0.132547
0.132252
0.132481
0.132324
0.132389
0.132485
0.132119
0.131637
0.131717
0.131819
0.131865
0.132131
0.131828
0.132269
0.132216
0.132245
0.132158
0.131935
0.131369
0.131484
0.131731
0.131836
0.132008
0.131610
0.141302
0.137000
0.135212
0.135173
0.134177
0.134363
0.134063
0.133854
0.133819
0.133484
0.133201
0.132732
0.132261
0.132234
0.132176
0.132026
0.132134
0.131875
0.131790
0.132022
0.131808
0.131779
0.132466
0.132015
0.131877
0.131325
0.131723
0.131877
0.131698
0.131505
0.131738
0.131636
0.131664
0.132121
0.131636
0.131196
0.131484
0.133657
0.141269
0.136034
0.134775
0.134454
0.134301
0.133741
0.133270
0.133074
0.132895
0.132771
0.132990
0.132649
0.132696
0.132621
0.132491
0.132712
0.132476
0.132515
0.132227
0.131686
0.132217
0.132248
0.132286
0.132290
0.131952
0.131887
0.131538
0.131404
0.131621
0.131908
0.131925
0.131983
0.131681
0.131959
0.131522
0.131705
0.131792
0.138662
0.140353
0.138256
0.137647
0.135264
0.134587
0.133930
0.133339
0.133282
0.134160
0.133714
0.133059
0.133001
0.132490
0.132444
0.131986
0.132436
0.132182
0.132455
0.131777
0.131601
0.131810
0.132396
0.132297
0.131973
0.132225
0.132342
0.132041
0.131764
0.133123
0.132475
0.132010
0.131887
0.132029
0.132170
0.131988
0.132155
0.132367
0.142883
0.136345
0.134981
0.133788
0.133687
0.133805
0.134216
0.133349
0.133131
0.132975
0.133281
0.132649
0.132596
0.132244
0.132169
0.132494
0.132789
0.131956
0.131908
0.131847
0.131826
0.131757
0.132109
0.131772
0.131866
0.131723
0.131966
0.132879
0.132479
0.132323
0.132192
0.132411
0.132281
0.132182
0.132235
0.132100
0.131843
0.138127
0.138259
0.139844
0.138061
0.135039
0.134236
0.133908
0.133418
0.132753
0.133799
0.133906
0.133631
0.133452
0.133290
0.133197
0.133165
0.132796
0.132584
0.132676
0.132775
0.136078
0.134964
0.134718
0.134081
0.133474
0.133373
0.133104
0.132914
0.132595
0.132311
0.132210
0.132305
0.132429
0.133201
0.132848
0.132758
0.132859
0.133334
0.143945
0.138055
0.137611
0.136393
0.135766
0.135238
0.134980
0.135040
0.134753
0.134554
0.133900
0.133529
0.133291
0.133467
0.133225
0.133080
0.132713
0.132511
0.132328
0.132349
0.132465
0.132003
0.132182
0.132401
0.132585
0.132289
0.132163
0.132021
0.131844
0.132143
0.132458
0.131969
0.132091
0.131775
0.131670
0.132099
0.131837
0.139848
0.140395
0.138897
0.137508
0.135855
0.134347
0.133934
0.133786
0.133892
0.134048
0.134119
0.133565
0.133260
0.133357
0.133438
0.133736
0.133750
0.133071
0.133068
0.132434
0.132651
0.132494
0.132659
0.132931
0.133016
0.132751
0.132605
0.132454
0.132659
0.132807
0.132464
0.132291
0.132805
0.132710
0.132214
0.132150
0.132499
0.135059
0.141044
0.139302
0.137840
0.136847
0.134430
0.134346
0.134647
0.134475
0.134217
0.134441
0.134658
0.133248
0.133157
0.132602
0.132936
0.132872
0.132650
0.133177
0.132913
0.132777
0.132630
0.133022
0.132602
0.132478
0.131962
0.131796
0.131643
0.132134
0.132061
0.131769
0.131866
0.132352
0.132153
0.132001
0.132035
0.131854
0.132077
0.142046
0.139987
0.138219
0.137231
0.135025
0.134506
0.134843
0.134780
0.134727
0.134681
0.134860
0.134130
0.133613
0.133238
0.133152
0.133404
0.133085
0.133459
0.133004
0.133025
0.133382
0.133252
0.133569
0.133165
0.133252
0.133120
0.133326
0.133047
0.133691
0.133334
0.133114
0.133162
0.132842
0.133111
0.132148
0.132219
0.132488
0.138491
0.140170
0.137276
0.135542
0.134570
0.133774
0.133387
0.133095
0.133220
0.133026
0.133353
0.133062
0.133441
0.133146
0.133011
0.132999
0.133912
0.133450
0.133378
0.133302
0.133489
0.133519
0.133642
0.133290
0.133249
0.132741
0.133295
0.133202
0.132662
0.132533
0.132392
0.132366
0.131846
0.132053
0.132137
0.132076
0.132078
0.132145
0.143111
0.139826
0.138593
0.137376
0.135062
0.134827
0.133952
0.134030
0.134368
0.134810
0.134124
0.134472
0.134670
0.133766
0.133634
0.132941
0.132889
0.132806
0.132794
0.135095
0.134406
0.133485
0.133548
0.133032
0.133135
0.133390
0.133275
0.133042
0.132655
0.132552
0.132727
0.133181
0.132591
0.132567
0.132688
0.132689
0.132556
0.141099
0.138705
0.137079
0.135807
0.135570
0.134544
0.133914
0.134399
0.134014
0.133721
0.133417
0.134190
0.133277
0.133297
0.132819
0.133174
0.132819
0.132702
0.132586
0.132345
0.132328
0.132406
0.132459
0.132272
0.132049
0.131945
0.132218
0.133554
0.132759
0.132248
0.132361
0.132414
0.132031
0.131782
0.132058
0.131603
0.131878
0.135991
0.139278
0.136757
0.135584
0.135469
0.134486
0.135033
0.134798
0.134600
0.135313
0.134453
0.133689
0.133036
0.133010
0.133167
0.132844
0.132732
0.132613
0.132130
0.132100
0.132379
0.132028
0.132175
0.132092
0.132116
0.131937
0.132120
0.131479
0.131715
0.131717
0.131629
0.131513
0.132132
0.131504
0.131914
0.131591
0.131263
0.131457
0.139956
0.136283
0.135019
0.134454
0.133541
0.133539
0.133225
0.133000
0.132819
0.132944
0.132733
0.132610
0.132211
0.132342
0.132085
0.132663
0.132544
0.132563
0.132479
0.131945
0.132032
0.132008
0.131960
0.131995
0.131949
0.131690
0.131604
0.131511
0.131324
0.131142
0.131223
0.131142
0.131171
0.131305
0.131330
0.131387
0.131193
0.131510
0.141290
0.136220
0.135223
0.134193
0.134084
0.133977
0.133985
0.133988
0.134017
0.134285
0.133680
0.133606
0.133689
0.132758
0.132941
0.133044
0.133368
0.133192
0.133412
0.132817
0.132588
