0.000699
0.000672
0.000670
0.000669
0.000669
0.000680
0.000644
0.000644
0.000643
0.000644
0.000642
0.000666
0.000644
0.000625
0.000621
0.000619
0.000621
0.000621
0.000631
0.000600
0.000598
0.000599
0.000600
0.000599
0.000614
0.000582
0.000580
0.000581
0.000579
0.000580
0.000579
0.000584
0.000561
0.000544
0.000547
0.000544
0.000545
0.000544
0.000561
0.000531
0.000531
0.000529
0.000531
0.000528
0.000529
0.000530
0.000535
0.000530
0.000517
0.000515
0.000514
0.000515
0.000514
0.000517
0.000515
0.000513
0.000514
0.000515
0.000514
0.000513
0.000515
0.000517
0.000516
0.000513
0.000511
0.000500
0.000502
0.000501
0.000500
0.000503
0.000502
0.000512
0.000488
0.000488
0.000489
0.000487
0.000488
0.000511
0.000503
0.000501
0.000488
0.000477
0.000477
0.000476
0.000475
0.000494
0.000502
0.000501
0.000496
0.000477
0.000476
0.000475
0.000475
0.000477
0.000516
0.000501
0.000500
0.000476
0.000476
0.000475
0.000476
0.000477
0.000509
0.000502
0.000507
0.000476
0.000476
0.000476
0.000475
0.000476
0.000507
0.000502
0.000511
0.000477
0.000476
0.000476
0.000475
0.000476
0.000499
0.000503
0.000501
0.000490
0.000477
0.000475
0.000475
0.000476
0.000479
0.000478
0.000476
0.000475
0.000477
0.000476
0.000476
0.000476
0.000477
0.000482
0.000477
0.000477
0.000476
0.000476
0.000475
0.000476
0.000475
0.000480
0.000478
0.000475
0.000477
0.000476
0.000476
0.000475
0.000476
0.000476
0.000482
0.000478
0.000474
0.000477
0.000476
0.000476
0.000476
0.000475
0.000480
0.000477
0.000477
0.000476
0.000477
0.000476
0.000475
0.000475
0.000478
0.000478
0.000476
0.000476
0.000475
0.000476
0.000476
0.000476
0.000475
0.000479
0.000476
0.000486
0.000479
0.000476
0.000477
0.000476
0.000475
0.000502
0.000502
0.000502
0.000488
0.000476
0.000475
0.000476
0.000477
0.000479
0.000477
0.000476
0.000476
0.000475
0.000477
0.000476
0.000477
0.000475
0.000480
0.000475
0.000476
0.000478
0.000515
0.000500
0.000501
0.000500
0.000507
0.000501
0.000507
0.000477
0.000477
0.000476
0.000475
0.000477
0.000502
0.000503
0.000511
0.000476
0.000476
0.000477
0.000476
0.000477
0.000498
0.000504
0.000502
0.000493
0.000477
0.000475
0.000476
0.000477
0.000475
0.000521
0.000502
0.000498
0.000475
0.000475
0.000475
0.000476
0.000475
0.000513
0.000502
0.000503
0.000475
0.000475
0.000476
0.000476
0.000476
0.000505
0.000502
0.000508
0.000477
0.000475
0.000476
0.000476
0.000477
0.000501
0.000503
0.000501
0.000487
0.000475
0.000475
0.000475
0.000476
0.000499
0.000503
0.000501
0.000492
0.000475
0.000476
0.000476
0.000474
0.000476
0.000481
0.000478
0.000476
0.000476
0.000476
0.000476
0.000475
0.000475
0.000479
0.000476
0.000504
0.000475
0.000476
0.000476
0.000475
0.000475
0.000480
0.000478
0.000477
0.000476
0.000475
0.000475
0.000475
0.000476
0.000475
0.000479
0.000476
0.000477
0.000476
0.000476
0.000476
0.000475
0.000477
0.000480
0.000477
0.000476
0.000475
0.000475
0.000475
0.000475
0.000474
0.000477
0.000476
0.000475
0.000476
0.000476
0.000475
0.000475
0.000475
0.000476
0.000527
0.000521
0.000519
0.000511
0.000480
0.000480
0.000480
0.000480
0.000517
0.000503
0.000507
0.000476
0.000477
0.000476
0.000478
0.000478
0.000483
0.000479
0.000477
0.000477
0.000478
0.000476
0.000476
0.000477
0.000482
0.000480
0.000479
0.000476
0.000477
0.000476
0.000476
0.000476
0.000477
0.000484
0.000478
0.000476
0.000477
0.000477
0.000478
0.000477
0.000477
0.000480
0.000479
0.000477
0.000477
0.000476
0.000476
0.000476
0.000476
0.000476
0.000484
0.000477
0.000477
0.000478
0.000477
0.000476
0.000478
0.000476
0.000481
0.000479
0.000476
0.000477
0.000477
0.000478
0.000477
0.000477
0.000501
0.000503
0.000500
0.000492
0.000479
0.000477
0.000477
0.000478
0.000498
0.000503
0.000503
0.000498
0.000477
0.000477
0.000477
0.000478
0.000478
0.000516
0.000504
0.000501
0.000478
0.000477
0.000478
0.000477
0.000476
0.000480
0.000477
0.000476
0.000476
0.000477
0.000477
0.000477
0.000478
0.000480
0.000480
0.000477
0.000476
0.000475
0.000478
0.000477
0.000477
0.000478
0.000483
0.000478
0.000476
0.000477
0.000477
0.000478
0.000475
0.000476
0.000481
0.000479
0.000477
0.000477
0.000477
0.000478
0.000476
0.000476
0.000479
0.000479
0.000478
0.000478
0.000476
0.000476
0.000481
0.000478
0.000478
0.000483
0.000478
0.000478
0.000477
0.000477
0.000477
0.000475
0.000475
0.000481
0.000479
0.000477
0.000477
0.000478
0.000477
0.000476
0.000478
0.000481
0.000479
0.000476
0.000478
0.000477
0.000476
0.000477
0.000477
0.000477
0.000482
0.000479
0.000478
0.000477
0.000477
0.000477
0.000476
0.000477
0.000481
0.000478
0.000476
0.000478
0.000478
0.000477
0.000478
0.000477
0.000480
0.000478
0.000477
0.000477
0.000477
0.000478
0.000476
0.000478
0.000477
0.000482
0.000478
0.000476
0.000479
0.000478
0.000476
0.000478
0.000477
0.000504
0.000505
0.000502
0.000490
0.000476
0.000477
0.000477
0.000476
0.000480
0.000481
0.000478
0.000476
0.000478
0.000477
0.000478
0.000477
0.000477
0.000482
0.000479
0.000477
0.000478
0.000477
0.000477
0.000476
0.000476
0.000480
0.000479
0.000478
0.000478
0.000477
0.000476
0.000478
0.000478
0.000479
0.000478
0.000478
0.000478
0.000478
0.000477
0.000476
0.000478
0.000477
0.000483
0.000479
0.000477
0.000477
0.000478
0.000477
0.000476
0.000476
0.000482
0.000479
0.000477
0.000476
0.000477
0.000477
0.000476
0.000476
0.000476
0.000481
0.000479
0.000477
0.000477
0.000478
0.000477
0.000476
0.000476
0.000483
0.000477
0.000478
0.000477
0.000477
0.000476
0.000475
0.000476
0.000480
0.000480
0.000479
0.000478
0.000478
0.000478
0.000477
0.000477
0.000476
0.000486
0.000478
0.000478
0.000479
0.000477
0.000478
0.000477
0.000477
0.000483
0.000480
0.000477
0.000478
0.000478
0.000476
0.000477
0.000477
0.000480
0.000479
0.000478
0.000509
0.000478
0.000477
0.000476
0.000476
0.000477
0.000483
0.000478
0.000477
0.000477
0.000477
0.000477
0.000478
0.000477
0.000481
0.000478
0.000476
0.000477
0.000476
0.000477
0.000477
0.000476
0.000480
0.000479
0.000477
0.000477
0.000479
0.000477
0.000477
0.000479
0.000477
0.000484
0.000477
0.000478
0.000478
0.000476
0.000478
0.000477
0.000476
0.000480
0.000478
0.000477
0.000477
0.000477
0.000479
0.000477
0.000477
0.000480
0.000477
0.000477
0.000477
0.000476
0.000476
0.000476
0.000477
0.000475
0.000481
0.000478
0.000477
0.000478
0.000477
0.000477
0.000477
0.000476
0.000480
0.000479
0.000478
0.000477
0.000477
0.000477
0.000476
0.000477
0.000476
0.000481
0.000477
0.000478
0.000478
0.000477
0.000476
0.000476
0.000476
0.000482
0.000477
0.000477
0.000477
0.000478
0.000477
0.000478
0.000477
0.000480
0.000478
0.000476
0.000478
0.000476
0.000476
0.000477
0.000477
0.000476
0.000482
0.000478
0.000477
0.000476
0.000477
0.000477
0.000477
0.000478
0.000482
0.000478
0.000477
0.000477
0.000478
0.000477
0.000475
0.000477
0.000480
0.000479
0.000477
0.000476
0.000476
0.000477
0.000477
0.000478
0.000478
0.000481
0.000477
0.000477
0.000477
0.000475
0.000477
0.000478
0.000478
0.000479
0.000478
0.000478
0.000477
0.000478
0.000476
0.000477
0.000476
0.000476
0.000483
0.000479
0.000477
0.000476
0.000477
0.000478
0.000476
0.000477
0.000507
0.000505
0.000510
0.000476
0.000477
0.000477
0.000478
0.000479
0.000504
0.000503
0.000512
0.000477
0.000477
0.000476
0.000477
0.000477
0.000499
0.000504
0.000502
0.000492
0.000477
0.000477
0.000479
0.000477
0.000480
0.000523
0.000504
0.000498
0.000477
0.000476
0.000475
0.000477
0.000475
0.000484
0.000480
0.000476
0.000478
0.000477
0.000476
0.000476
0.000477
0.000482
0.000478
0.000477
0.000477
0.000478
0.000477
0.000477
0.000477
0.000481
0.000478
0.000477
0.000477
0.000476
0.000477
0.000478
0.000475
0.000477
0.000483
0.000479
0.000477
0.000478
0.000476
0.000477
0.000478
0.000477
0.000482
0.000478
0.000478
0.000478
0.000476
0.000477
0.000477
0.000477
0.000479
0.000480
0.000477
0.000477
0.000478
0.000477
0.000477
0.000478
0.000477
0.000484
0.000478
0.000476
0.000478
0.000478
0.000477
0.000476
0.000478
0.000482
0.000478
0.000477
0.000477
0.000479
0.000479
0.000476
0.000476
0.000477
0.000482
0.000478
0.000478
0.000479
0.000476
0.000477
0.000476
0.000477
0.000482
0.000478
0.000478
0.000477
0.000477
0.000477
0.000476
0.000476
0.000480
0.000479
0.000477
0.000478
0.000477
0.000478
0.000476
0.000477
0.000477
0.000485
0.000479
0.000478
0.000477
0.000478
0.000477
0.000476
0.000477
0.000481
0.000478
0.000477
0.000476
0.000477
0.000478
0.000477
0.000477
0.000480
0.000479
0.000482
0.000479
0.000477
0.000478
0.000478
0.000476
0.000477
0.000483
0.000478
0.000476
0.000477
0.000477
0.000475
0.000474
0.000476
0.000482
0.000478
0.000477
0.000477
0.000476
0.000478
0.000478
0.000476
0.000481
0.000481
0.000479
0.000478
0.000476
0.000476
0.000477
0.000477
0.000478
0.000513
0.000503
0.000539
0.000503
0.000504
0.000477
0.000476
0.000475
0.000481
0.000478
0.000477
0.000478
0.000477
0.000476
0.000476
0.000477
0.000481
0.000479
0.000476
0.000477
0.000477
0.000479
0.000477
0.000478
0.000477
0.000483
0.000478
0.000474
0.000478
0.000477
0.000477
0.000477
0.000478
0.000482
0.000479
0.000477
0.000477
0.000478
0.000479
0.000477
0.000477
0.000481
0.000479
0.000477
0.000476
0.000475
0.000476
0.000476
0.000475
0.000476
0.000483
0.000479
0.000476
0.000478
0.000476
0.000475
0.000478
0.000477
0.000482
0.000479
0.000478
0.000478
0.000478
0.000478
0.000477
0.000478
0.000480
0.000478
0.000475
0.000478
0.000477
0.000475
0.000476
0.000478
0.000478
0.000483
0.000478
0.000478
0.000478
0.000478
0.000477
0.000477
0.000476
0.000481
0.000477
0.000478
0.000477
0.000477
0.000476
0.000476
0.000477
0.000479
0.000479
0.000477
0.000478
0.000477
0.000478
0.000478
0.000478
0.000477
0.000481
0.000479
0.000476
0.000477
0.000475
0.000477
0.000475
0.000477
0.000481
0.000480
0.000477
0.000477
0.000477
0.000477
0.000477
0.000478
0.000477
0.000483
0.000479
0.000477
0.000476
0.000477
0.000476
0.000477
0.000476
0.000482
0.000479
0.000477
0.000477
0.000477
0.000478
0.000478
0.000478
0.000479
0.000478
0.000477
0.000479
0.000478
0.000476
0.000477
0.000478
0.000477
0.000483
0.000478
0.000478
0.000478
0.000477
0.000477
0.000477
0.000478
0.000480
0.000479
0.000478
0.000478
0.000477
0.000477
0.000475
0.000477
0.000482
0.000478
0.000477
0.000477
0.000476
0.000478
0.000476
0.000475
0.000476
0.000482
0.000478
0.000477
0.000477
0.000479
0.000476
0.000477
0.000477
0.000480
0.000478
0.000478
0.000478
0.000477
0.000477
0.000477
0.000476
0.000476
0.000482
0.000479
0.000476
0.000475
0.000475
0.000475
0.000476
0.000477
0.000481
0.000478
0.000478
0.000476
0.000478
0.000477
0.000476
0.000476
0.000481
0.000478
0.000477
0.000478
0.000478
0.000478
0.000477
0.000475
0.000478
0.000483
0.000478
0.000476
0.000476
0.000477
0.000477
0.000510
0.000503
0.000504
0.000478
0.000476
0.000476
0.000477
0.000478
0.000476
0.000477
0.000481
0.000479
0.000477
0.000476
0.000478
0.000479
0.000478
0.000478
0.000477
0.000485
0.000478
0.000478
0.000478
0.000479
0.000478
0.000475
0.000477
0.000481
0.000478
0.000478
0.000477
0.000476
0.000478
0.000476
0.000476
0.000480
0.000479
0.000477
0.000478
0.000478
0.000476
0.000477
0.000477
0.000478
0.000484
0.000477
0.000478
0.000477
0.000477
0.000477
0.000477
0.000478
0.000481
0.000479
0.000478
0.000477
0.000477
0.000477
0.000476
0.000478
0.000479
0.000479
0.000479
0.000477
0.000477
0.000477
0.000476
0.000477
0.000478
0.000484
0.000479
0.000479
0.000477
0.000477
0.000477
0.000476
0.000478
0.000482
0.000478
0.000476
0.000478
0.000479
0.000477
0.000477
0.000477
0.000479
0.000480
0.000476
0.000478
0.000476
0.000477
0.000477
0.000477
0.000475
0.000480
0.000478
0.000478
0.000477
0.000476
0.000477
0.000477
0.000478
0.000481
0.000479
0.000477
0.000477
0.000478
0.000477
0.000477
0.000477
0.000476
0.000485
0.000478
0.000476
0.000478
0.000479
0.000477
0.000477
0.000475
0.000481
0.000478
0.000477
0.000478
0.000477
0.000478
0.000478
0.000477
0.000479
0.000478
0.000477
0.000477
0.000478
0.000478
0.000477
0.000476
0.000477
0.000483
0.000478
0.000477
0.000477
0.000477
0.000477
0.000478
0.000477
0.000480
0.000480
0.000477
0.000477
0.000477
0.000477
0.000476
0.000476
0.000481
0.000479
0.000477
0.000478
0.000476
0.000476
0.000477
0.000476
0.000477
0.000482
0.000479
0.000478
0.000478
0.000477
0.000478
0.000477
0.000478
0.000524
0.000524
0.000517
0.000515
0.000516
0.000502
0.000503
0.000503
0.000529
0.000518
0.000525
0.000477
0.000477
0.000477
0.000476
0.000478
0.000508
0.000503
0.000510
0.000477
0.000478
0.000479
0.000478
0.000477
0.000504
0.000503
0.000504
0.000489
0.000479
0.000477
0.000478
0.000479
0.000479
0.000479
0.000477
0.000478
0.000476
0.000476
0.000476
0.000481
0.000478
0.000515
0.000504
0.000525
0.000502
0.000503
0.000502
0.000502
0.000507
0.000520
0.000503
0.000500
0.000477
0.000477
0.000478
0.000479
0.000476
0.000517
0.000503
0.000505
0.000476
0.000477
0.000477
0.000477
0.000477
0.000510
0.000503
0.000506
0.000477
0.000477
0.000477
0.000477
0.000477
0.000481
0.000479
0.000478
0.000478
0.000476
0.000477
0.000477
0.000478
0.000483
0.000479
0.000478
0.000477
0.000477
0.000478
0.000477
0.000477
0.000477
0.000482
0.000478
0.000477
0.000476
0.000476
0.000476
0.000477
0.000476
0.000481
0.000479
0.000477
0.000476
0.000477
0.000476
0.000477
0.000477
0.000478
0.000486
0.000477
0.000476
0.000478
0.000476
0.000476
0.000476
0.000476
0.000483
0.000480
0.000476
0.000478
0.000477
0.000477
0.000476
0.000476
0.000480
0.000479
0.000477
0.000477
0.000477
0.000478
0.000477
0.000477
0.000477
0.000483
0.000478
0.000479
0.000477
0.000477
0.000477
0.000477
0.000478
0.000481
0.000478
0.000478
0.000478
0.000477
0.000478
0.000477
0.000479
0.000481
0.000479
0.000476
0.000476
0.000478
0.000476
0.000476
0.000477
0.000477
0.000482
0.000479
0.000477
0.000476
0.000476
0.000476
0.000475
0.000476
0.000480
0.000479
0.000479
0.000478
0.000476
0.000477
0.000477
0.000476
0.000480
0.000480
0.000479
0.000478
0.000477
0.000478
0.000478
0.000477
0.000479
0.000482
0.000479
0.000477
0.000478
0.000477
0.000476
0.000476
0.000477
0.000482
0.000479
0.000477
0.000477
0.000477
0.000477
0.000476
0.000478
0.000477
0.000482
0.000480
0.000478
0.000477
0.000477
0.000476
0.000477
0.000478
0.000481
0.000479
0.000478
0.000477
0.000476
0.000477
0.000476
0.000478
0.000498
0.000505
0.000503
0.000492
0.000477
0.000477
0.000478
0.000477
0.000477
0.000482
0.000477
0.000477
0.000476
0.000477
0.000476
0.000476
0.000477
0.000481
0.000478
0.000477
0.000477
0.000477
0.000477
0.000476
0.000477
0.000482
0.000478
0.000476
0.000478
0.000476
0.000477
0.000475
0.000475
0.000477
0.000483
0.000480
0.000477
0.000477
0.000476
0.000476
0.000477
0.000476
0.000481
0.000481
0.000477
0.000476
0.000477
0.000477
0.000476
0.000477
0.000480
0.000479
0.000476
0.000476
0.000475
0.000477
0.000477
0.000478
0.000476
0.000485
0.000479
0.000478
0.000477
0.000478
0.000477
0.000478
0.000477
0.000481
0.000479
0.000478
0.000477
0.000478
0.000476
0.000477
0.000476
0.000480
0.000479
0.000477
0.000478
0.000479
0.000477
0.000478
0.000477
0.000477
0.000482
0.000478
0.000477
0.000476
0.000477
0.000476
0.000478
0.000477
0.000481
0.000478
0.000476
0.000476
0.000478
0.000477
0.000477
0.000478
0.000477
0.000484
0.000479
0.000476
0.000476
0.000477
0.000477
0.000476
0.000478
0.000482
0.000480
0.000477
0.000478
0.000476
0.000477
0.000478
0.000477
0.000499
0.000505
0.000502
0.000491
0.000478
0.000477
0.000478
0.000477
0.000480
0.000479
0.000478
0.000476
0.000477
0.000477
0.000476
0.000477
0.000477
0.000482
0.000477
0.000476
0.000477
0.000476
0.000477
0.000477
0.000479
0.000482
0.000480
0.000478
0.000478
0.000477
0.000478
0.000477
0.000477
0.000477
0.000484
0.000477
0.000478
0.000476
0.000477
0.000477
0.000477
0.000477
0.000481
0.000480
0.000477
0.000477
0.000476
0.000475
0.000478
0.000477
0.000480
0.000480
0.000479
0.000478
0.000477
0.000478
0.000477
0.000477
0.000477
0.000482
0.000478
0.000476
0.000477
0.000476
0.000476
0.000476
0.000477
0.000507
0.000505
0.000511
0.000476
0.000477
0.000478
0.000476
0.000477
0.000481
0.000479
0.000478
0.000478
0.000477
0.000477
0.000478
0.000477
0.000476
0.000483
0.000478
0.000478
0.000477
0.000478
0.000476
0.000478
0.000476
0.000509
0.000502
0.000509
0.000478
0.000476
0.000476
0.000476
0.000478
0.000503
0.000504
0.000501
0.000478
0.000477
0.000479
0.000478
0.000477
0.000481
0.000505
0.000503
0.000492
0.000476
0.000478
0.000477
0.000478
0.000477
0.000484
0.000478
0.000478
0.000477
0.000478
0.000476
0.000477
0.000476
0.000481
0.000478
0.000477
0.000477
0.000478
0.000477
0.000475
0.000477
0.000499
0.000503
0.000502
0.000490
0.000477
0.000477
0.000477
0.000477
0.000481
0.000480
0.000478
0.000476
0.000477
0.000478
0.000476
0.000477
0.000477
0.000512
0.000504
0.000506
0.000479
0.000477
0.000477
0.000476
0.000475
0.000480
0.000478
0.000478
0.000475
0.000481
0.000477
0.000478
0.000479
0.000482
0.000481
0.000478
0.000509
0.000477
0.000478
0.000478
0.000477
0.000478
0.000484
0.000479
0.000476
0.000478
0.000477
0.000477
0.000477
0.000477
0.000481
0.000478
0.000478
0.000477
0.000477
0.000477
0.000477
0.000480
0.000482
0.000478
0.000478
0.000478
0.000478
0.000478
0.000477
0.000478
0.000477
0.000556
0.000532
0.000546
0.000478
0.000479
0.000479
0.000479
0.000477
0.000528
0.000519
0.000521
0.000480
0.000479
0.000478
0.000479
0.000478
0.000484
0.000481
0.000480
0.000479
0.000479
0.000478
0.000480
0.000478
0.000482
0.000480
0.000478
0.000478
0.000478
0.000478
0.000478
0.000479
0.000480
0.000480
0.000478
0.000477
0.000479
0.000478
0.000478
0.000478
0.000478
0.000486
0.000480
0.000478
0.000477
0.000478
0.000479
0.000479
0.000479
0.000481
0.000480
0.000479
0.000479
0.000479
0.000478
0.000479
0.000478
0.000481
0.000479
0.000479
0.000478
0.000480
0.000478
0.000478
0.000477
0.000479
0.000513
0.000505
0.000508
0.000481
0.000477
0.000477
0.000478
0.000478
0.000482
0.000479
0.000479
0.000479
0.000479
0.000480
0.000479
0.000477
0.000482
0.000481
0.000480
0.000479
0.000479
0.000478
0.000479
0.000479
0.000478
0.000483
0.000481
0.000477
0.000480
0.000479
0.000478
0.000479
0.000479
0.000483
0.000480
0.000478
0.000479
0.000477
0.000478
0.000478
0.000479
0.000480
0.000480
0.000477
0.000478
0.000476
0.000479
0.000479
0.000477
0.000478
0.000520
0.000503
0.000504
0.000478
0.000479
0.000479
0.000478
0.000479
0.000482
0.000480
0.000478
0.000479
0.000478
0.000477
0.000478
0.000479
0.000481
0.000480
0.000479
0.000478
0.000511
0.000503
0.000511
0.000478
0.000482
