0.001804
0.001766
0.001739
0.001678
0.001683
0.001656
0.001648
0.001635
0.001612
0.001618
0.001588
0.001584
0.001587
0.001582
0.001604
0.001607
0.001556
0.001596
0.001537
0.001557
0.001575
0.001576
0.001600
0.001543
0.001532
0.001593
0.001533
0.001616
0.001574
0.001534
0.001540
0.001528
0.001535
0.001546
0.001577
0.001536
0.001533
0.001534
0.001535
0.001534
0.001565
0.001557
0.001528
0.001538
0.001533
0.001534
0.001532
0.001579
0.001744
0.001690
0.001703
0.001690
0.001716
0.001719
0.001681
0.001696
0.001690
0.001701
0.001703
0.001724
0.001681
0.001687
0.001696
0.001682
0.001715
0.001725
0.001686
0.001706
0.001687
0.001694
0.001723
0.001701
0.001693
0.001690
0.001705
0.001693
0.001760
0.001680
0.001690
0.001688
0.001687
0.001706
0.001716
0.001714
0.001685
0.001711
0.001774
0.001991
0.001791
0.002000
0.002487
0.002316
0.002238
0.002022
0.002207
0.002196
0.001783
0.001833
0.001812
0.001843
0.001818
0.001892
0.002769
0.001850
0.001774
0.001827
0.001792
0.001812
0.001823
0.001796
0.001822
0.001757
0.001802
0.001789
0.001816
0.001819
0.001804
0.001802
0.001730
0.001857
0.001802
0.001842
0.001711
0.001802
0.001794
0.001812
0.001806
0.001814
0.001816
0.001772
0.001863
0.001814
0.001840
0.001801
0.001834
0.001812
0.001798
0.001777
0.001869
0.001835
0.001746
0.001814
0.001717
0.001785
0.001711
0.001781
0.001801
0.001807
0.001779
0.001714
0.001740
0.001718
0.001834
0.002626
0.002445
0.001756
0.001767
0.001777
0.001759
0.001674
0.001718
0.001709
0.001692
0.001796
0.001686
0.001702
0.001687
0.001714
0.001715
0.001734
0.001702
0.001695
0.001702
0.001685
0.001695
0.001727
0.001685
0.001707
0.001690
0.001701
0.001706
0.001751
0.001730
0.001770
0.001785
0.001744
0.001792
0.001747
0.001734
0.001732
0.001710
0.001720
0.001720
0.001746
0.001688
0.001701
0.001689
0.001735
0.001732
0.001737
0.001780
0.001681
0.001699
0.001703
0.001735
0.001690
0.001690
0.001700
0.001688
0.001746
0.001688
0.001686
0.001685
0.001683
0.001699
0.001728
0.001751
0.001733
0.001748
0.001718
0.001718
0.001760
0.001689
0.001696
0.001707
0.001753
0.001758
0.001743
0.001720
0.001749
0.001751
0.001759
0.001794
0.001704
0.001683
0.001747
0.001701
0.001735
0.001715
0.001725
0.001689
0.001721
0.001723
0.001684
0.001759
0.001716
0.001709
0.001726
0.001685
0.001717
0.001728
0.001706
0.001689
0.001702
0.001691
0.001713
0.001756
0.001694
0.001704
0.001714
0.001729
0.001739
0.001731
0.001702
0.001694
0.001733
0.001699
0.001737
0.001732
0.001683
0.001708
0.001714
0.001774
0.001744
0.001728
0.001705
0.001691
0.001743
0.001735
0.001764
0.001687
0.001697
0.001687
0.001718
0.001725
0.001750
0.001714
0.001687
0.001693
0.001684
0.001730
0.001725
0.001691
0.001702
0.001684
0.001690
0.001717
0.001736
0.001710
0.001693
0.001739
0.001792
0.001770
0.001700
0.001697
0.001680
0.001683
0.001730
0.001731
0.001691
0.001682
0.001683
0.001702
0.001692
0.001758
0.001686
0.001696
0.001685
0.001685
0.001700
0.001754
0.001701
0.001691
0.001697
0.001693
0.001709
0.001768
0.001689
0.001697
0.001691
0.001696
0.001712
0.001710
0.001704
0.001685
0.001699
0.001682
0.001720
0.001708
0.001681
0.001697
0.001683
0.001695
0.001704
0.001732
0.001725
0.001691
0.001707
0.001685
0.001736
0.001696
0.001695
0.001684
0.001683
0.001704
0.001714
0.001709
0.001687
0.001685
0.001704
0.001681
0.001753
0.001694
0.001689
0.001690
0.001689
0.001706
0.001721
0.001693
0.001692
0.001697
0.001680
0.001683
0.001765
0.001690
0.001695
0.001690
0.001695
0.001681
0.001710
0.001702
0.001680
0.001695
0.001689
0.001694
0.001704
0.001690
0.001697
0.001681
0.001693
0.001710
0.001709
0.001686
0.001681
0.001698
0.001687
0.001719
0.001711
0.001691
0.001708
0.001711
0.001695
0.001710
0.001720
0.001691
0.001693
0.001706
0.001688
0.001724
0.001674
0.001688
0.001689
0.001690
0.001703
0.001722
0.001698
0.001684
0.001687
0.001693
0.001693
0.001757
0.001693
0.001696
0.001693
0.001692
0.001710
0.001725
0.001700
0.001693
0.001696
0.001687
0.001707
0.001722
0.001687
0.001811
0.001707
0.001743
0.001724
0.001697
0.001681
0.001688
0.001697
0.001683
0.001708
0.001696
0.001692
0.001683
0.001692
0.001697
0.001722
0.001707
0.001691
0.001690
0.001706
0.001688
0.001730
0.001685
0.001699
0.001685
0.001682
0.001704
0.001718
0.001707
0.001693
0.001714
0.001712
0.001684
0.001740
0.001688
0.001700
0.001684
0.001711
0.001721
0.001715
0.001705
0.001693
0.001702
0.001688
0.001715
0.001703
0.001683
0.001697
0.001691
0.001699
0.001710
0.001695
0.001692
0.001688
0.001706
0.001682
0.001727
0.001696
0.001683
0.001705
0.001688
0.001697
0.001714
0.001693
0.001687
0.001687
0.001696
0.001687
0.001725
0.001673
0.001690
0.001690
0.001693
0.001702
0.001730
0.001695
0.001690
0.001696
0.001691
0.001690
0.001729
0.001693
0.001694
0.001691
0.001695
0.001688
0.001715
0.001706
0.001684
0.001693
0.001687
0.001709
0.001740
0.001694
0.001733
0.001680
0.001697
0.001704
0.001713
0.001698
0.001688
0.001703
0.001727
0.001715
0.001705
0.001684
0.001712
0.001690
0.001705
0.001714
0.001690
0.001682
0.001684
0.001705
0.001687
0.001745
0.001691
0.001693
0.001692
0.001689
0.001702
0.001720
0.001696
0.001680
0.001687
0.001689
0.001690
0.001737
0.001692
0.001699
0.001690
0.001693
0.001682
0.001722
0.001702
0.001689
0.001695
0.001688
0.001687
0.001730
0.001691
0.001705
0.001693
0.001694
0.001683
0.001706
0.001710
0.001683
0.001698
0.001691
0.001784
0.001756
0.001691
0.001705
0.001694
0.001697
0.001718
0.001701
0.001684
0.001685
0.001705
0.001700
0.001751
0.001689
0.001689
0.001684
0.001683
0.001699
0.001725
0.001691
0.001686
0.001687
0.001687
0.001681
0.001742
0.001683
0.001698
0.001690
0.001691
0.001707
0.001725
0.001703
0.001692
0.001699
0.001687
0.001686
0.001735
0.001689
0.001703
0.001690
0.001698
0.001684
0.001710
0.001698
0.001687
0.001696
0.001686
0.001713
0.001696
0.001684
0.001701
0.001686
0.001695
0.001707
0.001698
0.001692
0.001691
0.001778
0.001719
0.001744
0.001702
0.001716
0.001710
0.001711
0.001725
0.001751
0.001730
0.001714
0.001731
0.001709
0.001707
0.001781
0.001710
0.001721
0.001716
0.001771
0.001761
0.001696
0.001742
0.001689
0.001703
0.001693
0.001734
0.001696
0.001687
0.001705
0.001691
0.001696
0.001724
0.001691
0.001683
0.001683
0.001704
0.001694
0.001762
0.001683
0.001688
0.001693
0.001688
0.001698
0.001731
0.001693
0.001687
0.001685
0.001683
0.001684
0.001755
0.001717
0.001762
0.001720
0.001719
0.001720
0.001719
0.001748
0.001689
0.001725
0.001690
0.001708
0.001725
0.001716
0.001757
0.001702
0.001739
0.001730
0.001737
0.001736
0.001703
0.001759
0.001698
0.001760
0.001692
0.001745
0.001756
0.001703
0.001776
0.001737
0.001743
0.001684
0.001731
0.001718
0.001724
0.001754
0.001697
0.001748
0.001680
0.001735
0.001729
0.001729
0.001703
0.001707
0.001697
0.001689
0.001732
0.001697
0.001689
0.001704
0.001688
0.001696
0.001729
0.001690
0.001692
0.001691
0.001703
0.001684
0.001753
0.001692
0.001695
0.001685
0.001686
0.001697
0.001733
0.001705
0.001690
0.001695
0.001691
0.001713
0.001736
0.001681
0.001699
0.001687
0.001685
0.001700
0.001721
0.001705
0.001691
0.001701
0.001683
0.001729
0.001725
0.001684
0.001704
0.001693
0.001720
0.001732
0.001700
0.001690
0.001692
0.001707
0.001682
0.001731
0.001694
0.001704
0.001703
0.001687
0.001701
0.001710
0.001767
0.001683
0.001682
0.001699
0.001681
0.001755
0.001677
0.001695
0.001691
0.001688
0.001698
0.001722
0.001705
0.001684
0.001686
0.001683
0.001688
0.001725
0.001685
0.001699
0.001687
0.001694
0.001709
0.001731
0.001697
0.001694
0.001698
0.001687
0.001703
0.001704
0.001682
0.001706
0.001684
0.001718
0.001748
0.001708
0.001691
0.001684
0.001696
0.001687
0.001729
0.001693
0.001688
0.001706
0.001691
0.001701
0.001722
0.001692
0.001683
0.001682
0.001704
0.001692
0.001726
0.001670
0.001688
0.001680
0.001685
0.001697
0.001710
0.001688
0.001683
0.001692
0.001694
0.001694
0.001762
0.001690
0.001696
0.001680
0.001683
0.001706
0.001718
0.001703
0.001690
0.001696
0.001712
0.001740
0.001762
0.001683
0.001695
0.001684
0.001691
0.001706
0.001709
0.001698
0.001686
0.001700
0.001682
0.001721
0.001706
0.001680
0.001703
0.001683
0.001692
0.001718
0.001690
0.001690
0.001687
0.001704
0.001692
0.001726
0.001683
0.001694
0.001682
0.001684
0.001699
0.001738
0.001692
0.001691
0.001695
0.001687
0.001688
0.001755
0.001693
0.001698
0.001730
0.001715
0.001725
0.001734
0.001705
0.001689
0.001697
0.001684
0.001709
0.001734
0.001692
0.001700
0.001689
0.001693
0.001710
0.001700
0.001704
0.001693
0.001735
0.001689
0.001733
0.001699
0.001689
0.001705
0.001693
0.001697
0.001714
0.001703
0.001691
0.001694
0.001703
0.001686
0.001738
0.001677
0.001688
0.001682
0.001680
0.001710
0.001735
0.001729
0.001698
0.001694
0.001682
0.001682
0.001738
0.001685
0.001696
0.001681
0.001682
0.001706
0.001719
0.001694
0.001682
0.001690
0.001681
0.001705
0.001727
0.001692
0.001700
0.001684
0.001691
0.001711
0.001716
0.001704
0.001688
0.001702
0.001683
0.001719
0.001705
0.001686
0.001699
0.001680
0.001695
0.001709
0.001709
0.001690
0.001693
0.001704
0.001691
0.001746
0.001680
0.001694
0.001690
0.001692
0.001707
0.001738
0.001690
0.001687
0.001693
0.001706
0.001693
0.001759
0.001686
0.001690
0.001682
0.001687
0.001724
0.001725
0.001697
0.001689
0.001694
0.001688
0.001694
0.001732
0.001683
0.001696
0.001686
0.001690
0.001712
0.001723
0.001707
0.001686
0.001696
0.001693
0.001717
0.001717
0.001693
0.001703
0.001688
0.001703
0.001716
0.001691
0.001681
0.001688
0.001698
0.001683
0.001735
0.001682
0.001683
0.001687
0.001693
0.001698
0.001724
0.001699
0.001682
0.001686
0.001706
0.001682
0.001747
0.001682
0.001696
0.001692
0.001692
0.001702
0.001722
0.001696
0.001686
0.001687
0.001686
0.001687
0.001740
0.001680
0.001698
0.001693
0.001694
0.001703
0.001715
0.001704
0.001691
0.001726
0.001699
0.001714
0.001705
0.001681
0.001701
0.001683
0.001692
0.001710
0.001692
0.001744
0.001694
0.001701
0.001686
0.001732
0.001680
0.001682
0.001699
0.001683
0.001699
0.001725
0.001696
0.001687
0.001680
0.001704
0.001684
0.001740
0.001681
0.001689
0.001684
0.001682
0.001702
0.001737
0.001702
0.001690
0.001690
0.001689
0.001687
0.001753
0.001683
0.001692
0.001683
0.001689
0.001704
0.001732
0.001702
0.001682
0.001748
0.001768
0.001749
0.001802
0.001711
0.001771
0.001716
0.001721
0.001778
0.001718
0.001716
0.001721
0.001752
0.001749
0.001770
0.001716
0.001730
0.001716
0.001720
0.001746
0.001783
0.001741
0.001716
0.001724
0.001713
0.001746
0.001739
0.001708
0.001728
0.001712
0.001720
0.001740
0.001715
0.001716
0.001717
0.001726
0.001709
0.001773
0.001698
0.001723
0.001719
0.001717
0.001725
0.001765
0.001723
0.001714
0.001769
0.001725
0.001724
0.001792
0.001714
0.001730
0.001716
0.001722
0.001738
0.001749
0.001720
0.001725
0.001729
0.001714
0.001756
0.001717
0.001717
0.001709
0.001718
0.001727
0.001753
0.001722
0.001710
0.001717
0.001717
0.001716
0.001782
0.001708
0.001766
0.001716
0.001721
0.001735
0.001754
0.001734
0.001713
0.001723
0.001706
0.001748
0.001734
0.001716
0.001729
0.001723
0.001730
0.001757
0.001724
0.001706
0.001707
0.001729
0.001710
0.001781
0.001711
0.001722
0.001710
0.001709
0.001729
0.001754
0.001725
0.001709
0.001720
0.001716
0.001749
0.001743
0.001710
0.001730
0.001708
0.001722
0.001738
0.001744
0.001713
0.001725
0.001729
0.001713
0.001756
0.001705
0.001719
0.001709
0.001708
0.001724
0.001750
0.001727
0.001726
0.001722
0.001721
0.001714
0.001813
0.001726
0.001725
0.001711
0.001719
0.001734
0.001739
0.001727
0.001709
0.001726
0.001720
0.001752
0.001720
0.001710
0.001722
0.001726
0.001731
0.001760
0.001738
0.001716
0.001718
0.001717
0.001717
0.001786
0.001726
0.001729
0.001707
0.001714
0.001736
0.001750
0.001727
0.001712
0.001731
0.001716
0.001751
0.001738
0.001726
0.001733
0.001716
0.001722
0.001749
0.001738
0.001723
0.001716
0.001736
0.001716
0.001766
0.001726
0.001736
0.001700
0.001701
0.001715
0.001732
0.001710
0.001702
0.001735
0.001712
0.001723
0.001722
0.001700
0.001759
0.001697
0.001706
0.001725
0.001718
0.001711
0.001702
0.001713
0.001704
0.001747
0.001712
0.001709
0.001696
0.001699
0.001750
0.001737
0.001720
0.001705
0.001703
0.001697
0.001697
0.001744
0.001687
0.001710
0.001711
0.001714
0.001706
0.001736
0.001715
0.001700
0.001712
0.001706
0.001732
0.001723
0.001697
0.001716
0.001700
0.001707
0.001731
0.001723
0.001702
0.001703
0.001722
0.001706
0.001758
0.001701
0.001705
0.001711
0.001703
0.001715
0.001738
0.001772
0.001696
0.001709
0.001703
0.001705
0.001765
0.001703
0.001711
0.001704
0.001700
0.001703
0.001756
0.001708
0.001703
0.001715
0.001704
0.001715
0.001724
0.001703
0.001715
0.001705
0.001711
0.001705
0.001720
0.001696
0.001697
0.001709
0.001704
0.001757
0.001697
0.001702
0.001705
0.001696
0.001709
0.001729
0.001710
0.001696
0.001700
0.001704
0.001703
0.001741
0.001684
0.001708
0.001696
0.001729
0.001749
0.001722
0.001719
0.001703
0.001719
0.001696
0.001719
0.001725
0.001711
0.001709
0.001698
0.001708
0.001723
0.001716
0.001704
0.001702
0.001715
0.001704
0.001748
0.001697
0.001706
0.001699
0.001696
0.001744
0.001745
0.001713
0.001697
0.001699
0.001705
0.001712
0.001761
0.001705
0.001709
0.001711
0.001706
0.001703
0.001732
0.001717
0.001698
0.001707
0.001707
0.001707
0.001726
0.001703
0.001713
0.001705
0.001702
0.001731
0.001726
0.001703
0.001708
0.001713
0.001709
0.001733
0.001695
0.001707
0.001705
0.001703
0.001711
0.001721
0.001700
0.001706
0.001705
0.001716
0.001705
0.001770
0.001698
0.001719
0.001699
0.001705
0.001715
0.001726
0.001719
0.001703
0.001714
0.001710
0.001724
0.001747
0.001703
0.001714
0.001699
0.001705
0.001707
0.001723
0.001715
0.001696
0.001714
0.001710
0.001745
0.001706
0.001710
0.001714
0.001705
0.001713
0.001745
0.001711
0.001697
0.001699
0.001709
0.001703
0.001741
0.001696
0.001706
0.001703
0.001711
0.001711
0.001737
0.001707
0.001699
0.001708
0.001697
0.001696
0.001745
0.001711
0.001715
0.001699
0.001705
0.001703
0.001724
0.001712
0.001711
0.001712
0.001697
0.001748
0.001713
0.001703
0.001715
0.001704
0.001716
0.001746
0.001711
0.001702
0.001711
0.001712
0.001703
0.001778
0.001695
0.001706
0.001696
0.001700
0.001722
0.001728
0.001745
0.001689
0.001707
0.001705
0.001699
0.001776
0.001706
0.001713
0.001703
0.001708
0.001720
0.001703
0.001722
0.001704
0.001711
0.001697
0.001732
0.001702
0.001697
0.001719
0.001703
0.001722
0.001718
0.001709
0.001704
0.001703
0.001710
0.001703
0.001772
0.001704
0.001714
0.001710
0.001706
0.001715
0.001728
0.001707
0.001699
0.001708
0.001697
0.001699
0.001738
0.001704
0.001712
0.001695
0.001703
0.001725
0.001723
0.001719
0.001703
0.001715
0.001699
0.001743
0.001697
0.001696
0.001715
0.001697
0.001706
0.001738
0.001707
0.001702
0.001696
0.001725
0.001704
0.001766
0.001682
0.001701
0.001706
0.001703
0.001711
0.001736
0.001709
0.001702
0.001708
0.001698
0.001717
0.001852
0.001687
0.001737
0.001683
0.001695
0.001709
0.001703
0.001711
0.001687
0.001694
0.001692
0.001729
0.001697
0.001693
0.001705
0.001688
0.001690
0.001726
0.001694
0.001681
0.001683
0.001701
0.001682
0.001737
0.001676
0.001688
0.001682
0.001683
0.001695
0.001726
0.001698
0.001685
0.001682
0.001711
0.001689
0.001756
0.001676
0.001699
0.001689
0.001689
0.001699
0.001713
0.001695
0.001690
0.001714
0.001707
0.001683
0.001726
0.001681
0.001693
0.001682
0.001686
0.001700
0.001718
0.001697
0.001680
0.001722
0.001696
0.001707
0.001695
0.001686
0.001696
0.001685
0.001689
0.001687
0.001705
0.001684
0.001686
0.001698
0.001684
0.001726
0.001684
0.001681
0.001699
0.001683
0.001696
0.001711
0.001684
0.001687
0.001685
0.001699
0.001690
0.001727
0.001676
0.001710
0.001728
0.001690
0.001698
0.001725
0.001696
0.001690
0.001696
0.001705
0.001707
0.001757
0.001680
0.001698
0.001692
0.001696
0.001700
0.001713
0.001695
0.001693
0.001695
0.001685
0.001709
0.001718
0.001687
0.001699
0.001680
0.001689
0.001713
0.001699
0.001705
0.001682
0.001700
0.001682
0.001725
0.001693
0.001689
0.001709
0.001690
0.001697
0.001714
0.001695
0.001686
0.001683
0.001705
0.001682
0.001749
0.001687
0.001716
0.001680
0.001687
0.001699
0.001736
0.001699
0.001681
0.001688
0.001684
0.001681
0.001799
0.001719
0.001694
0.001688
0.001695
0.001687
0.001737
0.001700
0.001685
0.001696
0.001689
0.001690
0.001755
0.001682
0.001699
0.001692
0.001696
0.001704
0.001698
0.001698
0.001690
0.001699
0.001679
0.001729
0.001735
0.001688
0.001707
0.001681
0.001697
0.001707
0.001705
0.001686
0.001681
0.001697
0.001693
0.001743
0.001681
0.001687
0.001688
0.001693
0.001698
0.001722
0.001697
0.001688
0.001693
0.001684
0.001684
0.001731
0.001690
0.001695
0.001686
0.001683
0.001696
0.001721
0.001699
0.001693
0.001696
0.001691
0.001694
0.001766
0.001691
0.001700
0.001693
0.001692
0.001686
0.001709
0.001698
0.001689
0.001698
0.001682
0.001714
0.001707
0.001684
0.001701
0.001682
0.001695
0.001706
0.001696
0.001690
0.001691
0.001703
0.001684
0.001729
0.001685
0.001692
0.001886
0.001697
0.001773
0.001717
0.001694
0.001682
0.001690
0.001687
0.001682
0.001731
0.001687
0.001701
0.001690
0.001693
0.001707
0.001733
0.001702
0.001684
0.001688
0.001689
0.001689
0.001729
0.001689
0.001700
0.001683
0.001687
0.001680
0.001706
0.001698
0.001684
0.001696
0.001683
0.001715
0.001710
0.001708
0.001699
0.001681
0.001695
0.001711
0.001699
0.001680
0.001684
0.001702
0.001681
0.001735
0.001689
0.001696
0.001690
0.001684
0.001699
0.001709
0.001702
0.001690
0.001690
0.001706
0.001691
0.001752
0.001684
0.001716
0.001705
0.001684
0.001698
0.001715
0.001697
0.001687
0.001694
0.001683
0.001681
0.001722
0.001687
0.001692
0.001684
0.001688
0.001701
0.001721
0.001749
0.001688
0.001703
0.001685
0.001707
0.001726
0.001687
0.001706
0.001687
0.001691
0.001682
0.001718
0.001681
0.001687
0.001699
0.001693
0.001716
0.001682
0.001685
0.001699
0.001693
0.001702
0.001720
0.001685
0.001682
0.001681
0.001699
0.001682
0.001745
0.001672
0.001686
0.001689
0.001690
0.001708
0.001730
0.001701
0.001687
0.001687
0.001686
0.001685
0.001740
0.001686
0.001693
0.001681
0.001681
0.001711
0.001719
0.001706
0.001691
0.001696
0.001686
0.001681
0.001734
0.001685
0.001696
0.001681
0.001694
0.001687
0.001709
0.001703
0.001684
0.001698
0.001690
0.001719
0.001702
0.001686
0.001701
0.001692
0.001700
0.001712
0.001697
0.001690
0.001690
0.001695
0.001682
0.001709
0.001682
0.001687
0.001706
0.001692
0.001701
0.001726
0.001694
0.001681
0.001685
0.001701
