0.005396
0.003350
0.003190
0.003051
0.002959
0.002961
0.002941
0.002875
0.002821
0.002825
0.002775
0.002740
0.002806
0.002806
0.002711
0.002806
0.002804
0.002720
0.002714
0.002719
0.002717
0.002713
0.002721
0.002718
0.002716
0.002718
0.002722
0.002713
0.002721
0.002723
0.002715
0.002720
0.002720
0.002718
0.002723
0.002719
0.002708
0.002713
0.002714
0.002715
0.002712
0.002716
0.002824
0.002712
0.002717
0.002718
0.002714
0.002716
0.002718
0.002715
0.002718
0.002717
0.002712
0.002720
0.002717
0.002715
0.002716
0.002718
0.002715
0.002723
0.002720
0.002711
0.002714
0.002716
0.002712
0.002712
0.002714
0.002719
0.002714
0.002717
0.002718
0.002719
0.002720
0.002717
0.002717
0.002719
0.002720
0.002714
0.002722
0.002722
0.002718
0.002719
0.002714
0.002711
0.002718
0.002715
0.002711
0.002719
0.002716
0.002720
0.002716
0.002810
0.002724
0.002716
0.002811
0.002719
0.002717
0.002723
0.002718
0.002712
0.002713
0.002713
0.002708
0.002713
0.002718
0.002716
0.002720
0.002717
0.002713
0.002719
0.002717
0.002721
0.002715
0.002719
0.002718
0.002716
0.002719
0.002721
0.002715
0.002719
0.002723
0.002826
0.002723
0.002725
0.002718
0.002722
0.002717
0.002717
0.002720
0.002716
0.002717
0.002713
0.002823
0.002717
0.002712
0.002715
0.002716
0.002712
0.002714
0.002721
0.002715
0.002719
0.002733
0.002717
0.002724
0.002721
0.002717
0.002717
0.002723
0.002719
0.002717
0.002716
0.002711
0.002716
0.002713
0.002712
0.002716
0.002715
0.002712
0.002715
0.002717
0.002714
0.002713
0.002717
0.002716
0.002710
0.002715
0.002717
0.002713
0.002716
0.002719
0.002716
0.002718
0.002719
0.002715
0.002717
0.002721
0.002717
0.002718
0.002719
0.002716
0.002718
0.002721
0.002718
0.002722
0.002795
0.002719
0.002716
0.002720
0.002721
0.002709
0.002715
0.002717
0.002711
0.002716
0.002716
0.002713
0.002719
0.002720
0.002714
0.002719
0.002717
0.002717
0.002720
0.002718
0.002717
0.002719
0.002721
0.002716
0.002715
0.002713
0.002716
0.002714
0.002717
0.002719
0.002713
0.002719
0.002716
0.002714
0.002717
0.002715
0.002715
0.002810
0.002742
0.002716
0.002720
0.002720
0.002716
0.002719
0.002722
0.002716
0.002723
0.002712
0.002716
0.002711
0.002715
0.002714
0.002711
0.002714
0.002711
0.002714
0.002718
0.002716
0.002714
0.002714
0.002716
0.002715
0.002717
0.002716
0.002716
0.002716
0.002717
0.002714
0.002717
0.002719
0.002714
0.002723
0.002720
0.002715
0.002720
0.002717
0.002715
0.002712
0.002716
0.002717
0.002716
0.002720
0.002720
0.002718
0.002719
0.002719
0.002716
0.002721
0.002720
0.002718
0.002724
0.002721
0.002706
0.002714
0.002714
0.002706
0.002714
0.002715
0.002709
0.002717
0.002787
0.002713
0.002710
0.002714
0.002713
0.002710
0.002716
0.002714
0.002713
0.002716
0.002715
0.002714
0.002717
0.002718
0.002713
0.002722
0.002719
0.002714
0.002713
0.002713
0.002708
0.002711
0.002715
0.002707
0.002714
0.002711
0.002711
0.002756
0.002782
0.002714
0.002713
0.002715
0.002719
0.002715
0.002718
0.002720
0.002717
0.002725
0.002720
0.002718
0.002720
0.002719
0.002715
0.002721
0.002720
0.002717
0.002814
0.002720
0.002716
0.002718
0.002716
0.002715
0.002710
0.002713
0.002715
0.002713
0.002715
0.002716
0.002711
0.002718
0.002718
0.002710
0.002719
0.002716
0.002715
0.002719
0.002718
0.002717
0.002718
0.002720
0.002715
0.002720
0.002721
0.002718
0.002723
0.002721
0.002718
0.002718
0.002719
0.002721
0.002718
0.002722
0.002721
0.002718
0.002720
0.002714
0.002711
0.002714
0.002716
0.002707
0.002715
0.002719
0.002713
0.002717
0.002717
0.002713
0.002719
0.002715
0.002716
0.002719
0.002720
0.002715
0.002720
0.002719
0.002718
0.002716
0.002726
0.002720
0.002717
0.002721
0.002722
0.002721
0.002715
0.002714
0.002713
0.002716
0.002718
0.002716
0.002831
0.002720
0.002717
0.002722
0.002720
0.002712
0.002721
0.002724
0.002722
0.002718
0.002724
0.002721
0.002716
0.002720
0.002721
0.002715
0.002724
0.002721
0.002710
0.002714
0.002717
0.002711
0.002714
0.002716
0.002715
0.002721
0.002720
0.002717
0.002752
0.002722
0.002715
0.002720
0.002719
0.002722
0.002716
0.002721
0.002723
0.002714
0.002717
0.002714
0.002714
0.002719
0.002717
0.002712
0.002718
0.002715
0.002714
0.002720
0.002717
0.002714
0.002720
0.002720
0.002716
0.002723
0.002724
0.002717
0.002720
0.002718
0.002723
0.002718
0.002722
0.002748
0.002776
0.002716
0.002716
0.002752
0.002720
0.002716
0.002715
0.002723
0.002719
0.002716
0.002719
0.002720
0.002718
0.002719
0.002721
0.002718
0.002724
0.002713
0.002717
0.002711
0.002714
0.002717
0.002715
0.002718
0.002715
0.002714
0.002717
0.002734
0.002826
0.002720
0.002723
0.002716
0.002721
0.002725
0.002722
0.002720
0.002797
0.002711
0.002716
0.002752
0.002720
0.002711
0.002715
0.002719
0.002718
0.002719
0.002721
0.002719
0.002722
0.002715
0.002708
0.002715
0.002711
0.002710
0.002727
0.002719
0.002714
0.002714
0.002718
0.002713
0.002719
0.002717
0.002710
0.002719
0.002720
0.002717
0.002715
0.002721
0.002718
0.002715
0.002723
0.002719
0.002718
0.002807
0.002722
0.002719
0.002761
0.002725
0.002719
0.002719
0.002722
0.002718
0.002722
0.002719
0.002713
0.002715
0.002713
0.002713
0.002815
0.002715
0.002717
0.002712
0.002718
0.002719
0.002715
0.002718
0.002716
0.002715
0.002719
0.002722
0.002719
0.002724
0.002720
0.002718
0.002719
0.002720
0.002721
0.002725
0.002716
0.002709
0.002793
0.002713
0.002716
0.002754
0.002719
0.002715
0.002709
0.002717
0.002825
0.002714
0.002717
0.002719
0.002710
0.002716
0.002720
0.002714
0.002720
0.002717
0.002717
0.002722
0.002720
0.002718
0.002722
0.002721
0.002720
0.002718
0.002722
0.002720
0.002709
0.002716
0.002716
0.002714
0.002713
0.002718
0.002715
0.002720
0.002770
0.002756
0.002721
0.002787
0.002739
0.002713
0.002804
0.002710
0.002717
0.002716
0.002716
0.002712
0.002717
0.002717
0.002714
0.002717
0.002717
0.002714
0.002717
0.002719
0.002716
0.002719
0.002717
0.002712
0.002716
0.002716
0.002714
0.002719
0.002720
0.002718
0.002722
0.002719
0.002713
0.002718
0.002717
0.002717
0.002716
0.002789
0.002720
0.002719
0.002775
0.002725
0.002719
0.002721
0.002722
0.002717
0.002714
0.002713
0.002711
0.002715
0.002713
0.002711
0.002720
0.002717
0.002714
0.002721
0.002716
0.002713
0.002718
0.002720
0.002718
0.002717
0.002870
0.002722
0.002715
0.002717
0.002756
0.002717
0.002719
0.002719
0.002718
0.002722
0.002720
0.002762
0.002815
0.002721
0.002715
0.002814
0.002721
0.002720
0.002717
0.002714
0.002713
0.002711
0.002714
0.002717
0.002711
0.002717
0.002719
0.002715
0.002717
0.002719
0.002714
0.002950
0.002850
0.002740
0.002791
0.002717
0.002718
0.002716
0.002718
0.002717
0.002716
0.002722
0.002722
0.002714
0.002719
0.002721
0.002712
0.002718
0.002791
0.002717
0.002724
0.002753
0.002733
0.002808
0.002720
0.002720
0.002715
0.002718
0.002716
0.002710
0.002712
0.002714
0.002712
0.002720
0.002716
0.002712
0.002715
0.002718
0.002711
0.002712
0.002715
0.002716
0.002720
0.002716
0.002714
0.002719
0.002718
0.002714
0.002718
0.002717
0.002720
0.002717
0.002722
0.002721
0.002719
0.002813
0.002717
0.002712
0.002810
0.002749
0.002859
0.002808
0.002717
0.002714
0.002717
0.002719
0.002719
0.002714
0.002719
0.002724
0.002719
0.002722
0.002722
0.002719
0.002723
0.002720
0.002711
0.002717
0.002714
0.002711
0.002711
0.002718
0.002711
0.002715
0.002713
0.002710
0.002717
0.002716
0.002712
0.002718
0.002713
0.002715
0.002810
0.002717
0.002742
0.002783
0.002719
0.002717
0.002715
0.002722
0.002720
0.002716
0.002718
0.002723
0.002717
0.002717
0.002721
0.002719
0.002720
0.002720
0.002719
0.002722
0.002720
0.002718
0.002718
0.002713
0.002715
0.002712
0.002718
0.002716
0.002713
0.002769
0.002714
0.002716
0.002716
0.002719
0.002714
0.002717
0.002777
0.002750
0.002722
0.002796
0.002734
0.002744
0.002722
0.002713
0.002714
0.002715
0.002716
0.002715
0.002720
0.002722
0.002719
0.002721
0.002724
0.002717
0.002721
0.002727
0.002720
0.002713
0.002894
0.002714
0.002714
0.002750
0.002769
0.002716
0.002714
0.002717
0.002714
0.002718
0.002714
0.002716
0.002717
0.002716
0.002715
0.002811
0.002724
0.002716
0.002809
0.002721
0.002715
0.002719
0.002721
0.002717
0.002722
0.002717
0.002714
0.002720
0.002721
0.002729
0.002719
0.002721
0.002724
0.002717
0.002715
0.002714
0.002712
0.002718
0.002718
0.002712
0.002715
0.002718
0.002714
0.002718
0.002719
0.002715
0.002717
0.002719
0.002718
0.002723
0.002719
0.002714
0.002808
0.002723
0.002711
0.002752
0.002718
0.002720
0.002713
0.002718
0.002716
0.002714
0.002719
0.002717
0.002715
0.002716
0.002764
0.002770
0.002719
0.002721
0.002711
0.002714
0.002711
0.002712
0.002716
0.002715
0.002717
0.002714
0.002718
0.002718
0.002716
0.002720
0.002716
0.002716
0.002722
0.002719
0.002714
0.002720
0.002789
0.002754
0.002837
0.002747
0.002737
0.002720
0.002720
0.002717
0.002722
0.002722
0.002722
0.002716
0.002715
0.002714
0.002711
0.002717
0.002718
0.002717
0.002718
0.002722
0.002717
0.002717
0.002721
0.002716
0.002718
0.002719
0.002718
0.002719
0.002716
0.002718
0.002721
0.002722
0.002719
0.002719
0.002721
0.002715
0.002710
0.002804
0.002717
0.002712
0.002807
0.002718
0.002712
0.002715
0.002720
0.002715
0.002715
0.002715
0.002711
0.002714
0.002719
0.002715
0.002717
0.002718
0.002714
0.002714
0.002720
0.002716
0.002713
0.002720
0.002722
0.002715
0.002719
0.002718
0.002717
0.002721
0.002719
0.002716
0.002720
0.002717
0.002717
0.002720
0.002719
0.002716
0.002777
0.002722
0.002718
0.002788
0.002782
0.002722
0.002717
0.002724
0.002721
0.002717
0.002723
0.002724
0.002718
0.002719
0.002720
0.002718
0.002720
0.002720
0.002915
0.002817
0.002718
0.002744
0.002758
0.002713
0.002713
0.002714
0.002716
0.002716
0.002713
0.002719
0.002723
0.002715
0.002717
0.002724
0.002717
0.002719
0.002824
0.002749
0.002724
0.002790
0.002725
0.002714
0.002717
0.002713
0.002715
0.002717
0.002717
0.002715
0.002722
0.002720
0.002716
0.002722
0.002720
0.002719
0.002719
0.002768
0.002763
0.002722
0.002721
0.002719
0.002722
0.002711
0.002712
0.002715
0.002715
0.002714
0.002715
0.002719
0.002716
0.002714
0.002719
0.002719
0.002715
0.002789
0.002722
0.002716
0.002779
0.002725
0.002718
0.002719
0.002785
0.002711
0.002718
0.002710
0.002714
0.002719
0.002717
0.002713
0.002717
0.002719
0.002720
0.002714
0.002723
0.002720
0.002718
0.002722
0.002718
0.002717
0.002721
0.002715
0.002708
0.002715
0.002714
0.002715
0.002718
0.002714
0.002715
0.002718
0.002825
0.002716
0.002808
0.002755
0.002742
0.002786
0.002722
0.002722
0.002714
0.002721
0.002722
0.002714
0.002714
0.002720
0.002714
0.002717
0.002774
0.002716
0.002716
0.002716
0.002714
0.002717
0.002718
0.002757
0.002755
0.002719
0.002720
0.002715
0.002723
0.002718
0.002715
0.002765
0.002719
0.002716
0.002722
0.002725
0.002716
0.002725
0.002784
0.002732
0.002714
0.002788
0.002897
0.002751
0.002805
0.002720
0.002714
0.002806
0.002714
0.002713
0.002720
0.002726
0.002741
0.002783
0.002719
0.002760
0.002771
0.002720
0.002716
0.002722
0.002720
0.002719
0.002718
0.002722
0.002724
0.002716
0.002723
0.002720
0.002717
0.002720
0.002714
0.002709
0.002717
0.002717
0.002715
0.002814
0.002802
0.002739
0.002813
0.002719
0.002718
0.002717
0.002723
0.002717
0.002715
0.002721
0.002723
0.002715
0.002723
0.002776
0.002836
0.002713
0.002713
0.002710
0.002712
0.002716
0.002712
0.002714
0.002715
0.002712
0.002715
0.002718
0.002714
0.002718
0.002720
0.002716
0.002715
0.002717
0.002721
0.002717
0.002716
0.002760
0.002755
0.002722
0.002720
0.002756
0.002714
0.002714
0.002712
0.002718
0.002716
0.002712
0.002716
0.002720
0.002716
0.002718
0.002719
0.002719
0.002714
0.002719
0.002723
0.002718
0.002721
0.002720
0.002718
0.002715
0.002718
0.002711
0.002721
0.002716
0.002717
0.002722
0.002719
0.002714
0.002718
0.002723
0.002717
0.002718
0.002799
0.002724
0.002715
0.002807
0.002719
0.002712
0.002719
0.002719
0.002715
0.002715
0.002714
0.002715
0.002716
0.002715
0.002714
0.002819
0.002721
0.002716
0.002718
0.002721
0.002713
0.002720
0.002720
0.002720
0.002722
0.002720
0.002722
0.002717
0.002714
0.002711
0.002709
0.002714
0.002825
0.002714
0.002717
0.002713
0.002711
0.002810
0.002721
0.002715
0.002809
0.002717
0.002721
0.002719
0.002722
0.002719
0.002721
0.002722
0.002721
0.002715
0.002723
0.002724
0.002720
0.002720
0.002718
0.002712
0.002716
0.002713
0.002710
0.002718
0.002715
0.002710
0.002716
0.002719
0.002714
0.002716
0.002719
0.002714
0.002720
0.002720
0.002718
0.002719
0.002723
0.002743
0.002765
0.002720
0.002721
0.002772
0.002722
0.002713
0.002715
0.002717
0.002716
0.002714
0.002718
0.002722
0.002717
0.002720
0.002718
0.002714
0.002720
0.002719
0.002717
0.002723
0.002721
0.002720
0.002715
0.002717
0.002713
0.002713
0.002718
0.002719
0.002715
0.002723
0.002721
0.002715
0.002718
0.002726
0.002719
0.002719
0.002777
0.002716
0.002720
0.002767
0.002724
0.002713
0.002714
0.002712
0.002721
0.002717
0.002719
0.002751
0.002827
0.002719
0.002716
0.002716
0.002720
0.002720
0.002719
0.002716
0.002712
0.002713
0.002714
0.002712
0.002713
0.002714
0.002715
0.002719
0.002716
0.002715
0.002721
0.002718
0.002719
0.002715
0.002717
0.002716
0.002713
0.002843
0.002720
0.002717
0.002811
0.002722
0.002714
0.002718
0.002718
0.002719
0.002721
0.002720
0.002717
0.002719
0.002714
0.002708
0.002715
0.002715
0.002716
0.002714
0.002718
0.002716
0.002715
0.002719
0.002717
0.002715
0.002720
0.002721
0.002716
0.002951
0.002725
0.002717
0.002721
0.002719
0.002716
0.002720
0.002720
0.002717
0.002787
0.002714
0.002715
0.002767
0.002718
0.002716
0.002710
0.002721
0.002717
0.002815
0.003051
0.003000
0.003147
0.003122
0.003155
0.003110
0.003027
0.002989
0.003229
0.003073
0.003022
0.002755
0.002876
0.002902
0.002813
0.002812
0.003027
0.002909
0.002754
0.002891
0.002909
0.002799
0.002772
0.002860
0.002859
0.002774
0.003030
0.003033
0.003010
0.002749
0.002859
0.002831
0.002760
0.002812
0.002880
0.002801
0.002747
0.002719
0.002723
0.002729
0.002816
0.002721
0.002716
0.002820
0.002723
0.002723
0.002722
0.002726
0.002721
0.002710
0.002717
0.002716
0.002712
0.002799
0.002716
0.002715
0.002716
0.002715
0.002713
0.002712
0.002807
0.002713
0.002725
0.002818
0.002745
0.002783
0.002720
0.002762
0.002765
0.002722
0.002723
0.002715
0.002812
0.002719
0.002721
0.002724
0.002722
0.002718
0.002716
0.002720
0.002715
0.002720
0.002718
0.002718
0.002716
0.002723
0.002723
0.002717
0.002716
0.002719
0.002711
0.002718
0.002717
0.002714
0.002751
0.002738
0.002724
0.002965
0.002819
0.002726
0.002720
0.002725
0.002721
0.002719
0.002725
0.002834
0.002717
0.002723
0.002717
0.002710
0.002712
0.002717
0.002708
0.002719
0.002717
0.002716
0.002718
0.002720
0.002714
0.002721
0.002718
0.002715
0.002721
0.002723
0.002719
0.002712
0.002721
0.002721
0.002718
0.002720
0.002724
0.002716
0.002721
0.002720
0.002718
0.002720
0.002783
0.002750
0.002722
0.002721
0.002717
0.002724
0.002730
0.002711
0.002716
0.002718
0.002715
0.002710
0.002718
0.002719
0.002710
0.002714
0.002724
0.002718
0.002720
0.002721
0.002719
0.002724
0.002720
0.002711
0.002720
0.002716
0.002711
0.002716
0.002723
0.002713
0.002722
0.002721
0.002715
0.002719
0.002718
0.002722
0.002719
0.002722
0.002721
0.002715
0.002725
0.002719
0.002717
0.002725
0.002725
0.002718
0.002720
0.002717
0.002708
0.002798
0.002716
0.002715
0.002720
0.002717
0.002712
0.002720
0.002716
0.002712
0.002717
0.002828
0.002718
0.002713
0.002720
0.002717
0.002712
0.002716
0.002722
0.002714
0.002717
0.002719
0.002717
0.002721
0.002720
0.002716
0.002727
0.002725
0.002716
0.002725
0.002724
0.002716
0.002719
0.002724
0.002725
0.002717
0.002721
0.002726
0.002715
0.002714
0.002716
0.002715
0.002718
0.002716
0.002712
0.002720
0.002720
0.002716
0.002720
0.002718
0.002712
0.002717
0.002724
0.002717
0.002719
0.002721
0.002721
0.002723
0.002723
0.002723
0.002720
0.002719
0.002715
0.002712
0.002716
0.002714
0.002712
0.002717
0.002714
0.002709
0.002716
0.002721
0.002714
0.002718
0.002718
0.002714
0.002812
0.002721
0.002716
0.002725
0.002714
0.002715
0.002721
0.002718
0.002723
0.002712
0.002727
0.002721
0.002716
0.002720
0.002722
0.002719
0.002721
0.002719
0.002718
0.002720
0.002839
0.002795
0.002714
0.002715
0.002713
0.002872
0.002717
0.002717
0.002711
0.002717
0.002717
0.002714
0.002716
0.002717
0.002714
0.002718
0.002719
0.002714
0.002719
0.002719
0.002716
0.002723
0.002711
0.002712
0.002714
0.002716
0.002711
0.002717
0.002713
0.002713
0.002717
0.002714
0.002716
0.002717
0.002720
0.002721
0.002717
0.002722
0.002720
0.002718
0.002720
0.002720
0.002720
0.002722
0.002717
0.002718
0.002718
0.002718
0.002711
0.002713
0.002802
0.002735
0.002718
0.002716
0.002713
0.002716
0.002716
0.002717
0.002712
0.002718
0.002716
0.002713
0.002718
0.002716
0.002715
0.002718
0.002720
0.002713
0.002719
0.002720
0.002715
0.002723
0.002720
0.002717
0.002724
0.002719
0.002721
0.002721
0.002712
0.002709
0.002713
0.002712
0.002714
0.002712
0.002715
0.002713
0.002712
0.002803
0.002716
0.002710
0.002715
0.002713
0.002711
0.002717
0.002714
0.002795
0.002742
0.002716
0.002714
0.002718
0.002719
0.002717
0.002721
0.002721
0.002715
0.002719
0.002722
0.002720
0.002715
0.002721
0.002718
0.002717
0.002723
0.002720
0.002709
0.002716
0.002712
0.002708
0.002716
0.002714
0.002712
0.002718
0.002719
0.002714
0.002720
0.002719
0.002713
0.002720
0.002717
0.002716
0.002720
0.002718
0.002719
0.002716
0.002719
0.002720
0.002715
0.002720
0.002721
0.002714
0.002715
0.002714
0.002712
0.002713
0.002715
0.002713
0.002715
0.002720
0.002717
0.002720
0.002717
0.002715
0.002719
0.002717
0.002716
0.002719
0.002720
0.002720
0.002716
0.002713
0.002711
0.002710
0.002713
0.002714
0.002712
0.002715
0.002718
0.002714
0.002717
0.002721
0.002712
0.002719
0.002717
0.002715
0.002720
0.002719
0.002715
0.002718
0.002718
0.002716
0.002748
0.002724
0.002720
0.002712
0.002715
0.002761
0.002782
0.002719
0.002719
0.002713
0.002716
0.002717
0.002712
0.002718
0.002718
0.002715
0.002719
0.002719
0.002714
0.002718
0.002719
0.002717
0.002718
0.002721
0.002719
0.002718
0.002720
0.002721
0.002752
0.002805
0.002724
0.002719
0.002719
0.002720
0.002717
0.002720
0.002721
0.002720
0.002723
0.002721
0.002719
0.002723
0.002721
0.002718
0.002721
0.002724
0.002717
0.002721
0.002719
0.002715
0.002710
0.002713
0.002714
0.002711
0.002715
0.002715
0.002713
0.002715
0.002723
0.002715
0.002721
0.002718
0.002714
0.002718
0.002719
0.002717
0.002717
0.002720
0.002714
0.002714
0.002712
0.002712
0.002715
0.002715
0.002713
