0.018756
0.012434
0.012423
0.012424
0.012407
0.012429
0.012408
0.012463
0.012473
0.012403
0.012418
0.012460
0.012399
0.012434
0.012427
0.012414
0.012415
0.012421
0.012506
0.012447
0.012437
0.012407
0.012416
0.012400
0.012466
0.012415
0.012446
0.012451
0.012417
0.012422
0.012436
0.012447
0.012401
0.012462
0.012378
0.012416
0.012431
0.012357
0.012508
0.012397
0.012422
0.012416
0.012402
0.012401
0.012468
0.012408
0.012424
0.012683
0.012357
0.012400
0.012371
0.012407
0.012436
0.012420
0.012448
0.012400
0.012410
0.012390
0.012507
0.012408
0.012426
0.012435
0.012397
0.012416
0.012409
0.012427
0.012443
0.012430
0.012422
0.012411
0.012434
0.012427
0.012391
0.012411
0.012446
0.012456
0.012381
0.012542
0.012471
0.012415
0.012427
0.012441
0.012441
0.012521
0.012424
0.012422
0.012405
0.012452
0.012470
0.012405
0.012421
0.012458
0.012442
0.012414
0.012400
0.012425
0.012424
0.012528
0.012455
0.012507
0.012448
0.012379
0.012452
0.012464
0.012422
0.012400
0.012409
0.012422
0.012404
0.012403
0.012452
0.012422
0.012413
0.012449
0.012407
0.012388
0.012437
0.012542
0.012367
0.012454
0.012465
0.012412
0.012417
0.012435
0.012385
0.012417
0.012426
0.012443
0.012428
0.012381
0.012422
0.012446
0.012423
0.012512
0.012433
0.012514
0.012475
0.013022
0.012394
0.012569
0.012426
0.012442
0.012401
0.012395
0.012452
0.012416
0.012416
0.012486
0.012443
0.012420
0.012448
0.012427
0.012465
0.012434
0.012403
0.012778
0.012507
0.012444
0.012491
0.012415
0.012420
0.012402
0.012384
0.012438
0.012408
0.012447
0.012439
0.012434
0.012458
0.012458
0.012691
0.012436
0.012423
0.012454
0.012425
0.012412
0.012517
0.012449
0.012445
0.012390
0.012428
0.012425
0.012410
0.012394
0.012402
0.012401
0.012429
0.012381
0.012443
0.012370
0.012453
0.012442
0.012407
0.012421
0.012405
0.012476
0.012497
0.012411
0.012437
0.012474
0.012403
0.012431
0.012392
0.012422
0.012442
0.012402
0.012428
0.012395
0.012416
0.012414
0.012400
0.012429
0.012411
0.012402
0.012413
0.012537
0.012443
0.012366
0.012435
0.012388
0.012427
0.012434
0.012430
0.012438
0.012417
0.012428
0.012379
0.012430
0.012425
0.012392
0.012439
0.012389
0.012431
0.012450
0.012422
0.012514
0.012715
0.012443
0.012416
0.012502
0.012440
0.012459
0.012389
0.012378
0.012371
0.012418
0.012452
0.012381
0.012423
0.012425
0.012428
0.012462
0.012398
0.012444
0.012377
0.012526
0.012438
0.012444
0.012346
0.012445
0.012389
0.012456
0.012395
0.012419
0.012388
0.012417
0.012425
0.012430
0.012445
0.012419
0.012411
0.012455
0.012408
0.012456
0.012430
0.012502
0.012420
0.012361
0.014035
0.014494
0.013491
0.013379
0.013238
0.012982
0.013486
0.013081
0.012909
0.012688
0.012501
0.012482
0.012521
0.012772
0.012673
0.012717
0.012756
0.012587
0.012624
0.012662
0.012617
0.012547
0.012608
0.012528
0.012592
0.012688
0.012598
0.012554
0.012557
0.012606
0.012584
0.012539
0.012619
0.012638
0.012594
0.012663
0.012619
0.012582
0.012974
0.012628
0.012648
0.012668
0.012565
0.012539
0.012562
0.012770
0.012607
0.012526
0.012485
0.012606
0.012593
0.012520
0.012598
0.012696
0.012722
0.012753
0.012610
0.012755
0.012596
0.012513
0.012485
0.012824
0.012570
0.012417
0.012396
0.012399
0.012433
0.012425
0.012422
0.012419
0.012428
0.012408
0.012442
0.012374
0.012520
0.012381
0.012384
0.012372
0.012447
0.012439
0.012449
0.012394
0.012427
0.012482
0.012392
0.012384
0.012446
0.012448
0.012420
0.012395
0.012436
0.012454
0.012397
0.012448
0.012521
0.012414
0.012448
0.012400
0.012444
0.012589
0.012534
0.012456
0.012427
0.012435
0.012430
0.012416
0.012581
0.012563
0.012423
0.012423
0.012408
0.012407
0.012412
0.012471
0.012464
0.012412
0.012414
0.012417
0.012728
0.012474
0.012479
0.012379
0.012466
0.012467
0.012442
0.012417
0.012420
0.012383
0.012396
0.012444
0.012430
0.012409
0.012397
0.012537
0.012427
0.012449
0.012385
0.012444
0.012426
0.012395
0.012386
0.012503
0.012588
0.012405
0.012414
0.012438
0.012471
0.012418
0.012406
0.012475
0.012412
0.012440
0.012397
0.012535
0.012456
0.012364
0.012428
0.012409
0.012453
0.012409
0.012425
0.012402
0.012405
0.012446
0.012413
0.012431
0.012440
0.012421
0.012422
0.012435
0.012425
0.012422
0.012424
0.012524
0.012408
0.012447
0.012430
0.012480
0.012418
0.012403
0.012407
0.012425
0.012419
0.012412
0.012406
0.012420
0.012412
0.012447
0.012440
0.012406
0.012395
0.012439
0.012502
0.012427
0.012460
0.012368
0.012432
0.012454
0.012399
0.012705
0.012456
0.012517
0.012413
0.012388
0.012419
0.012397
0.012456
0.012577
0.013066
0.012435
0.012440
0.012434
0.012509
0.012418
0.012437
0.012434
0.012430
0.012397
0.012424
0.012418
0.012431
0.012444
0.012387
0.012403
0.012381
0.012390
0.012428
0.012411
0.012387
0.012450
0.012423
0.012427
0.012531
0.012434
0.012408
0.012417
0.012443
0.012503
0.012598
0.012402
0.012431
0.012428
0.012394
0.012392
0.012403
0.012466
0.012434
0.012424
0.012420
0.012377
0.012430
0.012374
0.012498
0.012388
0.012401
0.012443
0.012420
0.012420
0.012429
0.012429
0.012444
0.012409
0.012438
0.012394
0.012447
0.012429
0.012395
0.012407
0.012419
0.012454
0.012412
0.012558
0.012434
0.012399
0.012907
0.012474
0.012433
0.012429
0.012454
0.012455
0.012733
0.012537
0.012434
0.012388
0.012406
0.012451
0.012440
0.012400
0.012483
0.012436
0.012438
0.012505
0.012420
0.012434
0.012391
0.012420
0.012444
0.012400
0.012442
0.012443
0.012394
0.012385
0.012451
0.012428
0.012419
0.012455
0.012399
0.012433
0.012416
0.012470
0.012460
0.012484
0.012447
0.012437
0.012427
0.012442
0.012458
0.012437
0.012466
0.012420
0.012416
0.012413
0.012436
0.012411
0.012442
0.012486
0.012399
0.012383
0.012398
0.012444
0.012580
0.012386
0.012405
0.012417
0.012443
0.012425
0.012415
0.012403
0.012440
0.012397
0.012407
0.012458
0.012411
0.012398
0.012411
0.012445
0.012428
0.012432
0.012436
0.012443
0.012522
0.012394
0.012451
0.012420
0.012392
0.012428
0.012471
0.012384
0.012424
0.012423
0.012414
0.012885
0.012467
0.012403
0.012396
0.012428
0.012423
0.012450
0.012452
0.012375
0.012541
0.012428
0.012438
0.012408
0.012444
0.012436
0.012422
0.012455
0.012422
0.012476
0.012405
0.012406
0.012442
0.012422
0.012383
0.012431
0.012411
0.012437
0.012427
0.012421
0.012574
0.012401
0.012459
0.012449
0.012426
0.012423
0.012453
0.012455
0.012407
0.012399
0.013153
0.014590
0.014097
0.013634
0.012925
0.013003
0.013016
0.013730
0.013069
0.012889
0.012626
0.012521
0.012651
0.012666
0.012666
0.012850
0.012540
0.012691
0.012511
0.012530
0.012593
0.012502
0.012758
0.012654
0.012550
0.012753
0.012562
0.012524
0.012664
0.012654
0.012690
0.012538
0.012513
0.012585
0.012541
0.012545
0.012579
0.012596
0.012623
0.012446
0.012652
0.012802
0.012453
0.012423
0.012411
0.012460
0.012443
0.012429
0.012545
0.012414
0.012437
0.012483
0.012420
0.012401
0.012443
0.012413
0.012383
0.012425
0.012468
0.012395
0.012406
0.012427
0.012485
0.012361
0.012435
0.012456
0.012434
0.012554
0.012743
0.012406
0.012428
0.012407
0.012454
0.012533
0.012411
0.012440
0.012457
0.012386
0.012566
0.012446
0.012445
0.012414
0.012416
0.012447
0.012482
0.012444
0.012416
0.012510
0.012468
0.012439
0.012416
0.012421
0.012423
0.012390
0.012661
0.012521
0.012467
0.012488
0.012410
0.012428
0.012407
0.012387
0.012419
0.012404
0.012409
0.012483
0.012398
0.012759
0.012452
0.012408
0.012427
0.012419
0.012422
0.012461
0.012424
0.012416
0.012439
0.012431
0.012386
0.012459
0.012465
0.012550
0.012747
0.012448
0.012407
0.012518
0.012538
0.012545
0.012434
0.012469
0.012429
0.012424
0.012489
0.012403
0.012456
0.012401
0.012425
0.012406
0.012405
0.012397
0.012459
0.012429
0.012467
0.012432
0.012422
0.012429
0.012526
0.012428
0.012454
0.012441
0.012421
0.012527
0.012422
0.012407
0.012476
0.012434
0.012361
0.012460
0.012474
0.012394
0.012372
0.012451
0.012454
0.012407
0.012409
0.012391
0.012515
0.012428
0.012457
0.012431
0.012435
0.012431
0.012403
0.012420
0.012379
0.012408
0.012423
0.012442
0.012426
0.012400
0.012489
0.012423
0.012401
0.012417
0.012457
0.012450
0.012485
0.012414
0.012439
0.012427
0.012436
0.012403
0.012396
0.012490
0.012376
0.012409
0.012376
0.012418
0.012416
0.012470
0.012434
0.012491
0.012403
0.012719
0.012448
0.012503
0.012417
0.012512
0.012466
0.012387
0.012429
0.012460
0.012431
0.012468
0.012436
0.012440
0.012402
0.012405
0.012480
0.012393
0.012464
0.012428
0.012467
0.012387
0.012431
0.012469
0.012396
0.012398
0.012427
0.012443
0.012398
0.012457
0.012388
0.012446
0.012422
0.012446
0.012431
0.012405
0.012464
0.012436
0.012424
0.012453
0.012378
0.012413
0.012434
0.012495
0.012431
0.012422
0.012440
0.012406
0.012439
0.012390
0.012428
0.012440
0.012421
0.012433
0.012434
0.012397
0.012447
0.012420
0.012570
0.012447
0.012377
0.012406
0.012498
0.012487
0.012461
0.012454
0.012406
0.012423
0.012431
0.012420
0.012394
0.012427
0.012443
0.012394
0.012420
0.012372
0.012381
0.012413
0.012464
0.012487
0.012411
0.012418
0.012836
0.012413
0.012403
0.012424
0.012405
0.012425
0.012401
0.012443
0.012428
0.012448
0.012407
0.012428
0.012438
0.012359
0.012416
0.012441
0.012435
0.012444
0.012438
0.012398
0.012495
0.012431
0.012434
0.012401
0.012402
0.012421
0.012427
0.012433
0.012427
0.012386
0.012412
0.012467
0.012432
0.012418
0.012421
0.012441
0.012395
0.012389
0.012420
0.012415
0.012550
0.012443
0.012401
0.012394
0.012424
0.012391
0.012423
0.012455
0.012433
0.012428
0.012418
0.012466
0.012407
0.012410
0.012446
0.012428
0.012411
0.012421
0.012448
0.012497
0.012419
0.012428
0.012450
0.012420
0.012431
0.012413
0.012397
0.012388
0.012430
0.012426
0.012401
0.012440
0.012445
0.012433
0.012430
0.012441
0.012416
0.012424
0.012557
0.012551
0.012520
0.012763
0.012412
0.012460
0.012387
0.012450
0.012486
0.012395
0.012418
0.012447
0.012427
0.012402
0.012439
0.012431
0.012390
0.012416
0.012429
0.012382
0.012417
0.012523
0.012504
0.012439
0.012418
0.012387
0.012430
0.012399
0.012377
0.012451
0.012398
0.012405
0.012412
0.012409
0.012422
0.012424
0.012394
0.012421
0.012387
0.014081
0.014116
0.013615
0.013244
0.013139
0.013675
0.013626
0.012535
0.012520
0.012574
0.012436
0.012455
0.012497
0.012471
0.012749
0.012797
0.012612
0.012532
0.012625
0.012585
0.012551
0.012599
0.012514
0.012447
0.012453
0.012417
0.012409
0.012413
0.012419
0.012508
0.012650
0.012584
0.012425
0.012435
0.012377
0.012418
0.012426
0.012469
0.012529
0.012462
0.012654
0.012517
0.012459
0.012430
0.012726
0.012501
0.012509
0.012450
0.012394
0.012459
0.012415
0.012434
0.012404
0.012538
0.012525
0.012460
0.012458
0.012410
0.012457
0.012393
0.012706
0.012585
0.012516
0.012440
0.012446
0.012431
0.012382
0.012458
0.012420
0.012570
0.012505
0.012446
0.012436
0.012408
0.012408
0.012379
0.012392
0.012456
0.012545
0.012460
0.012530
0.012421
0.012445
0.012406
0.012384
0.012601
0.012524
0.012404
0.012433
0.012433
0.012390
0.012420
0.012371
0.012487
0.012458
0.012442
0.012413
0.012408
0.012463
0.012652
0.012584
0.012520
0.012409
0.012438
0.012426
0.012413
0.012541
0.012493
0.012392
0.012430
0.012478
0.012425
0.012362
0.012392
0.012437
0.012401
0.012389
0.012465
0.012412
0.012478
0.012419
0.012495
0.012404
0.012449
0.012413
0.012736
0.012443
0.012429
0.012385
0.012419
0.012403
0.012395
0.012415
0.012443
0.012452
0.012442
0.012419
0.012429
0.012427
0.012495
0.012437
0.012378
0.012428
0.012415
0.012446
0.012362
0.012394
0.012426
0.012415
0.012383
0.012471
0.012405
0.012437
0.012423
0.012429
0.012424
0.012429
0.012404
0.012526
0.012444
0.012466
0.012376
0.012401
0.012396
0.012418
0.012412
0.012410
0.012441
0.012407
0.012410
0.012357
0.012398
0.012433
0.012409
0.012437
0.012398
0.012439
0.012430
0.012537
0.012510
0.012486
0.012423
0.012384
0.012384
0.012420
0.012390
0.012438
0.012440
0.012412
0.012426
0.012404
0.012416
0.012402
0.012423
0.012444
0.012409
0.012435
0.012386
0.012469
0.012415
0.012452
0.012487
0.012418
0.012422
0.012400
0.012443
0.012769
0.012444
0.012418
0.012459
0.012409
0.012437
0.012428
0.012399
0.012434
0.012380
0.012400
0.012416
0.012625
0.012431
0.012396
0.012367
0.012420
0.012445
0.012421
0.012414
0.012440
0.012417
0.012409
0.012384
0.012417
0.012403
0.012399
0.012783
0.012422
0.012441
0.012400
0.012638
0.012707
0.012517
0.012389
0.012424
0.012421
0.012448
0.012449
0.012427
0.012447
0.012395
0.012383
0.012418
0.012406
0.012436
0.012406
0.012419
0.012395
0.012427
0.012405
0.012554
0.012567
0.012403
0.012445
0.012415
0.012409
0.012609
0.012376
0.012408
0.012449
0.012414
0.012400
0.012412
0.012393
0.012383
0.012404
0.012408
0.012420
0.012425
0.012395
0.012467
0.012409
0.012474
0.012391
0.012506
0.012454
0.012443
0.012382
0.012404
0.012407
0.012714
0.012421
0.012394
0.012413
0.012479
0.012404
0.012432
0.012420
0.012376
0.012484
0.012504
0.012401
0.012491
0.012404
0.012423
0.012393
0.012447
0.012452
0.012413
0.012417
0.012413
0.012415
0.012441
0.012416
0.012408
0.012450
0.012382
0.012405
0.012383
0.012499
0.012612
0.012492
0.012578
0.012541
0.012394
0.012422
0.012426
0.012442
0.012423
0.012427
0.012431
0.012454
0.012439
0.012441
0.012420
0.012411
0.012404
0.012426
0.012444
0.012690
0.012666
0.012489
0.012367
0.012377
0.012408
0.012414
0.012419
0.012424
0.012393
0.012418
0.012422
0.012437
0.012440
0.012381
0.012427
0.012464
0.012411
0.012381
0.012397
0.012544
0.012381
0.012432
0.012441
0.012426
0.012420
0.012516
0.012386
0.012409
0.012398
0.012417
0.012454
0.012769
0.012409
0.012412
0.012453
0.012394
0.012435
0.012448
0.012502
0.012402
0.012399
0.012457
0.012392
0.012387
0.012434
0.012422
0.012425
0.012406
0.012402
0.012417
0.012408
0.012413
0.012415
0.012396
0.012413
0.012387
0.012410
0.012459
0.012492
0.012391
0.012401
0.012428
0.012498
0.012386
0.014757
0.013506
0.013177
0.013341
0.013382
0.013417
0.013670
0.013468
0.013257
0.013312
0.013102
0.013138
0.013149
0.013312
0.013336
0.013164
0.013263
0.013232
0.013174
0.013179
0.013219
0.013203
0.013130
0.013050
0.013241
0.013095
0.013093
0.013149
0.013196
0.013119
0.013112
0.013164
0.013284
0.013079
0.013151
0.013111
0.013208
0.013117
0.013091
0.013214
0.013116
0.013159
0.013075
0.013197
0.013138
0.013512
0.013095
0.013166
0.013118
0.013102
0.013161
0.013159
0.013239
0.013124
0.013120
0.013096
0.013065
0.013121
0.013254
0.013211
0.013121
0.013145
0.013092
0.013090
0.013159
0.013090
0.012867
0.012641
0.012410
0.012457
0.012439
0.012425
0.012395
0.012420
0.012449
0.012394
0.012411
0.012430
0.012411
0.012414
0.012384
0.012437
0.012411
0.012393
0.012368
0.012412
0.012402
0.012405
0.012413
0.012508
0.012412
0.012348
0.012535
0.012382
0.012400
0.012400
0.012402
0.012388
0.012427
0.012399
0.012417
0.012408
0.012406
0.012507
0.012400
0.012419
0.012368
0.012426
0.012472
0.012406
0.012366
0.012421
0.012413
0.012420
0.012373
0.012372
0.012388
0.012448
0.012479
0.012426
0.012406
0.012427
0.012379
0.012419
0.012388
0.012686
0.012413
0.012383
0.012497
0.012416
0.012418
0.012424
0.012386
0.012442
0.012388
0.012360
0.012435
0.012394
0.012423
0.012403
0.012407
0.012407
0.012434
0.012406
0.012416
0.012423
0.012429
0.012414
0.012492
0.012416
0.012433
0.012395
0.012368
0.012386
0.012411
0.012373
0.012438
0.012381
0.012390
0.012450
0.012386
0.012420
0.012429
0.012383
0.012377
0.012441
0.012406
0.012385
0.012483
0.012384
0.012405
0.012413
0.012375
0.012423
0.012402
0.012402
0.012426
0.012420
0.012416
0.012396
0.012424
0.012410
0.012408
0.012418
0.012422
0.012424
0.012426
0.012443
0.012443
0.012412
0.012381
0.012405
0.012421
0.012415
0.012399
0.012438
0.012404
0.012411
0.012459
0.012428
0.012393
0.012396
0.012392
0.012461
0.012378
0.012406
0.012738
0.012446
0.012413
0.012399
0.012408
0.012420
0.012387
0.012405
0.012416
0.012473
0.012393
0.012414
0.012424
0.012395
0.012400
0.012455
0.012404
0.012451
0.012415
0.012397
0.012404
0.012560
0.012421
0.012434
0.012378
0.012396
0.012390
0.012442
0.012350
0.012381
0.012393
0.012438
0.012404
0.012422
0.012401
0.012400
0.012426
0.012397
0.012411
0.012396
0.012396
0.012515
0.012399
0.012392
0.012401
0.012380
0.012408
0.012456
0.012409
0.012459
0.012440
0.012543
0.012410
0.012464
0.012416
0.012422
0.012411
0.012425
0.012413
0.012415
0.012440
0.012466
0.012397
0.012409
0.012416
0.012429
0.012387
0.012405
0.012422
0.012418
0.012390
0.012427
0.012419
0.012494
0.012414
0.012381
0.012393
0.012423
0.012412
0.012397
0.012471
0.012392
0.012746
0.012395
0.012423
0.012386
0.012381
0.012453
0.012423
0.012404
0.012403
0.012385
0.012401
0.012388
0.012416
0.012428
0.012401
0.012456
0.012413
0.012384
0.012516
0.012421
0.012385
0.012423
0.012387
0.012385
0.012447
0.012387
0.012416
0.012400
0.012427
0.012414
0.012393
0.012394
0.012389
0.012391
0.012402
0.012423
0.012403
0.012396
0.012541
0.012387
0.012452
0.012394
0.012400
0.012437
0.012420
0.012447
0.012428
0.012392
0.012410
0.012452
0.012443
0.012419
0.012425
0.012401
0.012426
0.012411
0.012416
0.012410
0.012502
0.012402
0.012386
0.012395
0.012443
0.012427
0.012424
0.012402
0.012415
0.012420
0.012449
0.012387
0.012418
0.012504
0.012419
0.012432
0.012395
0.012399
0.012386
0.012475
0.012416
0.012444
0.012441
0.012733
0.012457
0.012426
0.012395
0.012413
0.012399
0.012448
0.012368
0.012448
0.012398
0.012403
0.012527
0.012435
0.012451
0.012403
0.012401
0.012502
0.012392
0.012407
0.012433
0.012371
0.012443
0.012403
0.012415
0.012456
0.012386
0.012390
0.012506
0.012447
0.013793
0.014378
0.014000
0.013082
0.012948
0.014928
0.013261
0.013216
0.012993
0.013031
0.012994
0.013013
0.013036
0.012838
0.012962
0.012938
0.012891
0.013015
0.013083
0.013059
0.013095
0.013011
0.012989
0.012987
0.013032
0.013078
0.013016
0.012986
0.012928
0.012892
0.012993
0.012900
0.012915
0.013036
0.012922
0.013027
0.013052
0.013045
0.012881
0.013002
0.013019
0.013040
0.013097
0.013042
0.013130
0.013058
0.013021
0.013023
0.013044
0.013373
0.013034
0.013077
0.013039
0.013038
0.013045
0.013013
0.013017
0.012996
0.013007
0.013006
0.012998
0.013016
0.013045
0.012602
0.012391
0.012355
0.012434
0.012429
0.012456
0.012425
0.012405
0.012400
0.012367
0.012411
0.012437
0.012396
0.012422
0.012410
0.012398
0.012445
0.012423
0.012388
0.012499
0.012400
0.012377
0.012379
0.012383
0.012376
0.012370
0.012411
0.012406
0.012415
0.012404
0.012420
0.012431
0.012417
0.012405
0.012437
0.012414
0.012410
0.012434
0.012378
0.012576
0.012412
0.012541
0.012436
0.012405
0.012370
0.012415
0.012451
0.012439
0.012406
0.012400
0.012393
0.012414
0.012420
0.012379
0.012369
0.012452
0.012526
0.012384
0.012500
