0.076048
0.051292
0.051311
0.051454
0.051324
0.051401
0.051446
0.051376
0.051377
0.051372
0.051440
0.051417
0.051501
0.051449
0.051366
0.051429
0.051395
0.051477
0.051393
0.051424
0.051702
0.051435
0.051372
0.051311
0.051394
0.051433
0.051365
0.051508
0.051354
0.051390
0.051443
0.051430
0.052633
0.051366
0.051293
0.051362
0.051410
0.051354
0.051313
0.051343
0.051420
0.051484
0.051294
0.051485
0.051325
0.051446
0.051472
0.051397
0.051325
0.051286
0.051339
0.051402
0.052639
0.051366
0.051315
0.051580
0.051365
0.051429
0.051367
0.051378
0.054840
0.054517
0.052688
0.051878
0.051832
0.051876
0.051819
0.051818
0.051888
0.051843
0.051955
0.052979
0.051826
0.052300
0.051813
0.051658
0.052185
0.051703
0.051732
0.052048
0.051693
0.051298
0.051341
0.051557
0.051595
0.051401
0.051409
0.051283
0.051516
0.051324
0.051339
0.052440
0.051324
0.051367
0.051467
0.051333
0.051351
0.051314
0.051337
0.051463
0.051252
0.051512
0.051418
0.051448
0.051471
0.051339
0.051351
0.051472
0.051452
0.051520
0.052605
0.051412
0.051470
0.051349
0.051248
0.051299
0.051347
0.051466
0.051336
0.051287
0.051402
0.051275
0.051269
0.051554
0.051462
0.051426
0.051354
0.051561
0.051300
0.051361
0.052541
0.051668
0.051379
0.051392
0.051430
0.051421
0.051523
0.051465
0.051502
0.051400
0.051336
0.051425
0.051460
0.051272
0.051299
0.051391
0.051440
0.051393
0.051350
0.052522
0.051426
0.051273
0.051436
0.051287
0.051432
0.051456
0.051412
0.054356
0.055496
0.054192
0.054165
0.054440
0.054108
0.054164
0.054412
0.054024
0.054209
0.054220
0.055598
0.054262
0.054324
0.054271
0.053765
0.051415
0.051363
0.051387
0.051326
0.051345
0.051582
0.051309
0.051367
0.051323
0.051494
0.051346
0.051376
0.051306
0.051372
0.051230
0.052693
0.051491
0.051266
0.051537
0.051371
0.051329
0.051310
0.051562
0.051352
0.051400
0.051399
0.051409
0.051309
0.051437
0.051449
0.051458
0.051295
0.051456
0.051422
0.052899
0.051424
0.051400
0.051391
0.051447
0.051246
0.051417
0.051405
0.051410
0.051428
0.051471
0.051438
0.051394
0.051380
0.051400
0.051425
0.051324
0.051357
0.051425
0.051383
0.052549
0.051361
0.051351
0.051261
0.051460
0.051325
0.051416
0.051437
0.051501
0.051406
0.051236
0.051507
0.051307
0.051508
0.051310
0.051363
0.051283
0.051408
0.051412
0.052628
0.051358
0.051422
0.051322
0.051584
0.051434
0.051376
0.053455
0.054367
0.054432
0.053445
0.053671
0.053476
0.053716
0.053557
0.053637
0.053614
0.053512
0.053545
0.054861
0.053447
0.053489
0.053653
0.053605
0.053725
0.053605
0.052565
0.051523
0.051350
0.051452
0.051293
0.051456
0.051479
0.051265
0.051333
0.051557
0.051482
0.051376
0.051318
0.052513
0.051394
0.051377
0.051322
0.051210
0.051523
0.051261
0.051487
0.051362
0.051523
0.051349
0.051383
0.051284
0.051339
0.051332
0.051229
0.051441
0.051396
0.051364
0.052613
0.051321
0.051435
0.051268
0.051265
0.051341
0.051147
0.051490
0.051339
0.051457
0.051391
0.051521
0.051628
0.051322
0.051200
0.051382
0.051410
0.051574
0.051244
0.051246
0.052579
0.051382
0.051361
0.051289
0.051441
0.051193
0.051620
0.051265
0.051330
0.051424
0.051309
0.051309
0.051219
0.051380
0.051225
0.051502
0.051367
0.051340
0.051294
0.051383
0.052677
0.051457
0.051931
0.051355
0.051298
0.051354
0.055820
0.054500
0.051341
0.051916
0.051455
0.051463
0.051453
0.051309
0.051364
0.051292
0.051400
0.051240
0.051337
0.052655
0.051631
0.051298
0.051308
0.051230
0.051332
0.051455
0.051374
0.051411
0.051235
0.051622
0.051360
0.051644
0.051613
0.051462
0.051275
0.051448
0.051375
0.051470
0.051400
0.052491
0.051388
0.051309
0.051394
0.051390
0.051554
0.051532
0.051336
0.051300
0.051636
0.051557
0.051731
0.051375
0.051406
0.051269
0.051360
0.051317
0.051264
0.051416
0.052448
0.051662
0.051738
0.051334
0.051392
0.051271
0.051239
0.051436
0.051246
0.051396
0.051392
0.051306
0.051276
0.051293
0.051431
0.051343
0.051337
0.051225
0.051351
0.051358
0.052554
0.051456
0.051251
0.051299
0.051415
0.051669
0.051276
0.051315
0.051467
0.051357
0.051419
0.051234
0.051399
0.051595
0.051374
0.051360
0.051378
0.051401
0.051276
0.052621
0.051318
0.051165
0.051540
0.051286
0.051282
0.055966
0.053354
0.052067
0.051548
0.051378
0.051467
0.051694
0.051746
0.051309
0.051277
0.051488
0.051392
0.051441
0.051313
0.052573
0.051870
0.051520
0.051306
0.051365
0.051352
0.051278
0.051632
0.051811
0.051603
0.052143
0.051658
0.051684
0.051324
0.051269
0.051511
0.051359
0.051274
0.051333
0.052536
0.051344
0.051292
0.051275
0.051353
0.051434
0.051291
0.051523
0.051313
0.051309
0.051301
0.051234
0.051988
0.051345
0.051322
0.051516
0.051892
0.051325
0.051217
0.051294
0.052573
0.051846
0.051314
0.051332
0.051290
0.051327
0.051584
0.051336
0.051351
0.051436
0.052197
0.051427
0.051406
0.051280
0.051269
0.051425
0.051390
0.051234
0.051369
0.051477
0.052908
0.051264
0.051430
0.051161
0.051429
0.051304
0.051379
0.051454
0.051369
0.051232
0.051589
0.051405
0.051326
0.051251
0.051511
0.051493
0.051373
0.051327
0.051254
0.052716
0.051520
0.051264
0.051401
0.051161
0.055774
0.053613
0.053761
0.054062
0.053748
0.053768
0.053709
0.053763
0.053623
0.053771
0.053824
0.053703
0.053825
0.053532
0.055071
0.053351
0.052416
0.051338
0.051442
0.051376
0.051348
0.051254
0.051318
0.051724
0.051391
0.051603
0.051323
0.051413
0.051476
0.051506
0.051311
0.051334
0.051380
0.052646
0.051345
0.051350
0.051316
0.051408
0.051311
0.051360
0.051365
0.051357
0.051369
0.051637
0.051482
0.051328
0.051385
0.051371
0.051417
0.051296
0.051418
0.051284
0.051488
0.052895
0.051374
0.051291
0.051497
0.051435
0.051335
0.051468
0.051371
0.051403
0.051428
0.051428
0.051468
0.051370
0.051488
0.051463
0.051485
0.051348
0.051283
0.051422
0.051356
0.052625
0.051442
0.051346
0.051444
0.051358
0.051435
0.051255
0.051531
0.051330
0.051370
0.051475
0.051410
0.051511
0.051322
0.051399
0.051279
0.051453
0.051477
0.051386
0.052554
0.051281
0.051409
0.051425
0.054806
0.054695
0.053917
0.055106
0.054398
0.054398
0.054306
0.054337
0.054231
0.054191
0.054401
0.054184
0.054224
0.054273
0.054340
0.055520
0.053074
0.051424
0.051452
0.051480
0.051431
0.051399
0.051470
0.051354
0.051638
0.051644
0.052098
0.051697
0.051751
0.051751
0.051816
0.051836
0.051810
0.051776
0.052998
0.051868
0.051754
0.051748
0.051737
0.051861
0.052041
0.052111
0.051768
0.051806
0.051886
0.052021
0.051878
0.051769
0.051702
0.051912
0.051804
0.051917
0.051769
0.051838
0.052869
0.051933
0.051745
0.051790
0.051701
0.051843
0.051792
0.052027
0.051722
0.051277
0.051330
0.051383
0.051238
0.051440
0.051374
0.051341
0.051592
0.051217
0.051464
0.052618
0.051494
0.051178
0.051315
0.051377
0.051300
0.051446
0.051261
0.051297
0.051599
0.051635
0.051394
0.051198
0.051509
0.051479
0.051694
0.051371
0.051443
0.051337
0.051604
0.052748
0.051547
0.051480
0.055321
0.055395
0.052675
0.053312
0.052954
0.052395
0.051994
0.052005
0.052151
0.052070
0.051739
0.051793
0.051578
0.052311
0.052392
0.051917
0.052713
0.051495
0.051386
0.051212
0.051484
0.051245
0.051369
0.051382
0.051695
0.051679
0.051559
0.051316
0.051346
0.051541
0.051674
0.051292
0.051512
0.051410
0.051578
0.051497
0.052934
0.051304
0.051283
0.051473
0.051578
0.051388
0.052293
0.051807
0.051988
0.051751
0.052037
0.051794
0.052044
0.051800
0.052304
0.051921
0.051705
0.052066
0.051838
0.052806
0.051224
0.051679
0.051450
0.051399
0.051387
0.051563
0.051235
0.051412
0.051527
0.051317
0.051377
0.051481
0.051437
0.051408
0.051321
0.051531
0.051341
0.051520
0.051365
0.052804
0.051456
0.051522
0.051350
0.051445
0.051366
0.051566
0.051576
0.051252
0.051490
0.051231
0.051348
0.051549
0.051472
0.051472
0.051452
0.051198
0.051654
0.051377
0.052796
0.051385
0.052698
0.055667
0.055444
0.053835
0.054292
0.054420
0.054345
0.054145
0.053891
0.052413
0.052012
0.051764
0.051627
0.051976
0.051954
0.052054
0.051780
0.053320
0.051923
0.052242
0.051820
0.052352
0.051843
0.052164
0.051804
0.051866
0.052470
0.051918
0.052199
0.051642
0.051879
0.051937
0.052068
0.051922
0.052378
0.051735
0.052170
0.053035
0.052098
0.051635
0.051938
0.051799
0.052036
0.051734
0.051732
0.051695
0.051829
0.051702
0.052110
0.051703
0.051833
0.051778
0.051722
0.051950
0.051784
0.051927
0.052984
0.051969
0.051772
0.051903
0.051667
0.052024
0.051639
0.052079
0.051794
0.051737
0.051714
0.051738
0.051866
0.052031
0.051706
0.052073
0.051768
0.052004
0.051724
0.053163
0.051745
0.051797
0.051911
0.051885
0.051964
0.051751
0.051919
0.051567
0.051908
0.051720
0.051893
0.051857
0.051848
0.051771
0.051969
0.051689
0.051953
0.051985
0.052166
0.052979
0.054552
0.054973
0.054658
0.054613
0.054040
0.053789
0.053523
0.053737
0.053584
0.053706
0.053714
0.053836
0.053664
0.053755
0.053710
0.053690
0.053650
0.053284
0.053192
0.051536
0.051824
0.051897
0.051795
0.051734
0.052193
0.052337
0.052165
0.051426
0.051517
0.051364
0.051473
0.051326
0.051416
0.051353
0.051644
0.051674
0.051724
0.052519
0.051312
0.051481
0.051403
0.051594
0.051369
0.051631
0.051605
0.051558
0.051372
0.051447
0.051560
0.051458
0.051425
0.051430
0.051399
0.051598
0.051558
0.051775
0.051292
0.052729
0.051271
0.051671
0.051368
0.051456
0.051234
0.051415
0.051544
0.051520
0.051221
0.051558
0.051414
0.051463
0.051206
0.051437
0.051414
0.051444
0.051517
0.051593
0.052918
0.051684
0.051563
0.051686
0.051625
0.051653
0.051562
0.051329
0.051364
0.051225
0.051280
0.051463
0.051627
0.051453
0.051468
0.051296
0.051537
0.051264
0.051429
0.051239
0.055242
0.054509
0.053678
0.051998
0.052902
0.052302
0.051953
0.052232
0.051797
0.051832
0.051873
0.052017
0.051694
0.051895
0.051678
0.052032
0.051793
0.051892
0.051815
0.053138
0.051942
0.051876
0.051912
0.051879
0.051702
0.052145
0.052175
0.052060
0.051688
0.051716
0.051873
0.051779
0.051959
0.051853
0.051839
0.051779
0.051954
0.051676
0.053260
0.051843
0.051832
0.051707
0.051774
0.051793
0.051945
0.051639
0.051944
0.051704
0.051879
0.051902
0.051919
0.051671
0.051709
0.051774
0.051933
0.051742
0.051862
0.051771
0.053142
0.051955
0.051799
0.052034
0.051972
0.052189
0.051768
0.051830
0.051627
0.051845
0.051791
0.051858
0.051751
0.051823
0.051841
0.051847
0.051760
0.051950
0.051617
0.053128
0.051654
0.051806
0.051889
0.051770
0.051924
0.051786
0.051985
0.051852
0.051847
0.051824
0.051720
0.051785
0.051874
0.051717
0.051973
0.051762
0.051956
0.051750
0.052381
0.058108
0.056185
0.054319
0.054747
0.053864
0.053737
0.053854
0.053727
0.053885
0.053809
0.053598
0.053718
0.053588
0.051514
0.051570
0.051275
0.051433
0.051653
0.052703
0.051313
0.051454
0.051372
0.051551
0.051645
0.051340
0.051985
0.051366
0.051550
0.051350
0.051528
0.051359
0.051516
0.051224
0.051428
0.051960
0.051412
0.051401
0.051300
0.052480
0.051481
0.051455
0.051709
0.051337
0.051917
0.051308
0.051403
0.051351
0.051535
0.051401
0.051517
0.051288
0.051604
0.051349
0.051754
0.051345
0.051845
0.051436
0.051443
0.052691
0.051503
0.051422
0.051347
0.051452
0.051326
0.051367
0.051463
0.051390
0.051448
0.051281
0.051425
0.051333
0.051307
0.051473
0.051328
0.051353
0.051486
0.051331
0.052487
0.051356
0.051411
0.051389
0.051342
0.051375
0.051375
0.051333
0.051284
0.051290
0.051545
0.051277
0.051318
0.051307
0.051435
0.051407
0.051430
0.051389
0.051338
0.055013
0.056167
0.054621
0.055194
0.054312
0.054452
0.054460
0.054596
0.054208
0.054201
0.054121
0.054081
0.053997
0.053919
0.053997
0.054179
0.053986
0.052903
0.051858
0.053024
0.052169
0.051821
0.052018
0.051775
0.052091
0.052031
0.051337
0.051361
0.051408
0.051472
0.051441
0.051544
0.051333
0.051557
0.051358
0.051620
0.051373
0.051478
0.051413
0.052827
0.051799
0.051344
0.051298
0.051294
0.051459
0.051294
0.051260
0.051411
0.051325
0.051489
0.051340
0.051234
0.051420
0.051376
0.051429
0.051303
0.051450
0.051304
0.052709
0.051384
0.051395
0.051336
0.051680
0.051278
0.051215
0.051245
0.051315
0.051393
0.051563
0.051310
0.051566
0.051358
0.051383
0.051292
0.051229
0.051396
0.051388
0.051280
0.052573
0.051370
0.051355
0.051357
0.051337
0.051330
0.051297
0.051332
0.051388
0.051453
0.051388
0.051225
0.051306
0.051330
0.051429
0.051309
0.051370
0.051332
0.054727
0.055255
0.052204
0.052553
0.052254
0.052123
0.051926
0.051917
0.051739
0.051889
0.051858
0.051727
0.051813
0.051968
0.051780
0.052002
0.051707
0.052090
0.051767
0.051822
0.051740
0.052961
0.051918
0.051796
0.052172
0.051793
0.052554
0.051784
0.051893
0.051971
0.051639
0.051740
0.052041
0.051789
0.051873
0.052013
0.051770
0.051678
0.051963
0.051690
0.053108
0.051774
0.051868
0.051799
0.052143
0.051622
0.051766
0.051856
0.051996
0.051856
0.052379
0.051831
0.051850
0.052235
0.051914
0.051770
0.051667
0.051977
0.051771
0.051772
0.052991
0.052009
0.051835
0.051996
0.051652
0.051768
0.051730
0.051861
0.051726
0.052013
0.051837
0.051872
0.051723
0.052015
0.051756
0.051722
0.051851
0.051640
0.051947
0.053123
0.051925
0.052010
0.051927
0.051705
0.051832
0.051698
0.051790
0.051721
0.051926
0.051667
0.051940
0.051766
0.051933
0.051761
0.051868
0.051909
0.055007
0.053951
0.055510
0.055461
0.054220
0.053758
0.053682
0.053962
0.053909
0.054053
0.052331
0.051497
0.051571
0.051597
0.051485
0.051697
0.051491
0.051649
0.051603
0.051794
0.051448
0.052768
0.051793
0.051691
0.051818
0.051696
0.051374
0.051664
0.051664
0.051239
0.051542
0.051315
0.051707
0.051443
0.051376
0.051356
0.051654
0.051443
0.051444
0.051562
0.051412
0.052697
0.051584
0.051541
0.051483
0.051668
0.051585
0.051534
0.051403
0.051453
0.051621
0.051643
0.051421
0.051542
0.051466
0.052096
0.051772
0.051837
0.051870
0.051806
0.051946
0.053120
0.051863
0.051989
0.051705
0.052140
0.051750
0.051859
0.051666
0.051881
0.051693
0.051933
0.051610
0.051970
0.051751
0.051769
0.051760
0.051682
0.051716
0.051841
0.053084
0.051752
0.052057
0.051667
0.051979
0.051747
0.051900
0.051908
0.051863
0.051708
0.051811
0.051738
0.052045
0.052023
0.051870
0.051666
0.053745
0.054925
0.054306
0.055608
0.054498
0.054264
0.054218
0.054140
0.053989
0.053979
0.053888
0.053844
0.053937
0.053931
0.053975
0.054025
0.053761
0.053810
0.053980
0.053410
0.052084
0.051733
0.053094
0.051736
0.052209
0.052088
0.052054
0.051664
0.051957
0.051854
0.051804
0.051821
0.051916
0.051836
0.052216
0.052025
0.051687
0.051745
0.051718
0.052048
0.051914
0.053323
0.051871
0.052030
0.052046
0.051935
0.051869
0.051945
0.051940
0.051838
0.051762
0.051672
0.051773
0.052120
0.051805
0.051845
0.051770
0.051864
0.051836
0.051857
0.051890
0.053003
0.051878
0.051732
0.052249
0.051639
0.051888
0.051835
0.051900
0.051690
0.051992
0.051778
0.052019
0.051914
0.051702
0.051742
0.052341
0.051727
0.051833
0.051715
0.053104
0.051805
0.052056
0.051645
0.051960
0.051800
0.051881
0.051883
0.051604
0.051778
0.051600
0.052036
0.052036
0.051775
0.051780
0.051802
0.055780
0.053878
0.052765
0.054452
0.051897
0.052000
0.051835
0.052381
0.051672
0.052027
0.051840
0.051773
0.051960
0.051725
0.051904
0.052079
0.051862
0.051705
0.052114
0.051744
0.051902
0.051764
0.051910
0.053291
0.052164
0.052380
0.051876
0.051799
0.052010
0.051761
0.051989
0.051794
0.051757
0.051800
0.051918
0.051870
0.051881
0.051910
0.051806
0.051781
0.051677
0.051869
0.052949
0.052049
0.051833
0.051858
0.051775
0.051811
0.051791
0.052070
0.051684
0.051991
0.051743
0.051847
0.051918
0.051846
0.051861
0.051995
0.051771
0.051928
0.051697
0.051820
0.053104
0.051704
0.051958
0.051685
0.051880
0.051721
0.051741
0.051621
0.052056
0.051737
0.052080
0.051689
0.052025
0.051769
0.051856
0.051616
0.052058
0.051694
0.051993
0.052897
0.051820
0.051612
0.051909
0.051904
0.051922
0.051855
0.051744
0.051804
0.051921
0.051844
0.051828
0.051858
0.051847
0.051808
0.055861
0.055205
0.054210
0.054536
0.055379
0.053672
0.053709
0.054203
0.054199
0.054214
0.054142
0.054094
0.054109
0.054139
0.053929
0.052482
0.051800
0.051765
0.051851
0.051710
0.051939
0.051823
0.051777
0.053179
0.051785
0.052041
0.051790
0.052122
0.051736
0.051893
0.051774
0.052011
0.051745
0.051922
0.051552
0.052050
0.051743
0.051802
0.051704
0.051799
0.051842
0.051970
0.051713
0.053125
0.051727
0.052117
0.051736
0.051985
0.051911
0.052019
0.051597
0.051841
0.051782
0.051882
0.052024
0.051883
0.051760
0.051820
0.052051
0.051849
0.052035
0.051680
0.053059
0.051893
0.052019
0.051736
0.051794
0.051883
0.051931
0.051596
0.051783
0.051750
0.052019
0.052050
0.051979
0.051595
0.051890
0.051812
0.052112
0.052105
0.051997
0.052982
0.051787
0.052004
0.051743
0.051852
0.051794
0.051888
0.051710
0.051851
0.051779
0.051973
0.051815
0.051778
0.051609
0.053810
0.054649
0.054788
0.054091
0.054646
0.054028
0.055455
0.054211
0.053675
0.053647
0.053875
0.053822
0.053877
0.052957
0.051375
0.051717
0.051257
0.051422
0.051258
0.051363
0.051377
0.051285
0.051416
0.051298
0.051290
0.052747
0.051958
0.051301
0.051422
0.051595
0.051720
0.051389
0.051393
0.051364
0.051711
0.051278
0.051371
0.051414
0.051432
0.051467
0.051476
0.051561
0.051431
0.051255
0.052817
0.051319
0.051496
0.051318
0.051450
0.051567
0.051420
0.051512
0.051448
0.051498
0.051715
0.051438
0.051283
0.051398
0.051451
0.051362
0.051377
0.051613
0.051498
0.052068
0.052462
0.051581
0.051370
0.051506
0.051563
0.051502
0.051333
0.051611
0.051460
0.051580
0.051290
0.051346
0.051358
0.051460
0.051371
0.051476
0.051266
0.051544
0.051698
0.052627
0.051365
0.051360
0.051241
0.051575
0.051545
0.051453
0.051390
0.051367
0.051653
0.051356
0.051547
0.051267
0.051593
0.055672
0.053075
0.052122
0.052871
0.052110
0.052237
0.052801
0.052002
0.051968
0.052118
0.051835
0.052048
0.052078
0.052027
0.052118
0.052038
0.052034
0.051881
0.051936
0.051289
0.051392
0.051372
0.051500
0.051429
0.051803
0.052559
0.051423
0.051509
0.051324
0.051455
0.051479
0.051367
0.051401
0.051357
0.051288
0.051308
0.051298
0.051509
0.051362
0.051307
0.051300
0.051510
0.051844
0.051400
0.051461
0.052468
0.051374
0.051221
0.051391
0.051362
0.051546
0.051527
0.051462
0.051351
0.051624
0.051843
0.051820
0.052160
0.051671
0.052048
0.051643
0.052144
0.051624
0.051910
0.053054
0.051887
0.051912
0.052004
0.051805
0.052059
0.051795
0.051894
0.051665
0.051864
0.052036
0.051916
0.051826
0.051694
0.051933
0.051809
0.052006
0.051719
0.052075
0.051787
0.053300
0.051931
0.051863
0.051843
0.051966
0.051804
0.051873
0.051707
0.051976
0.051745
0.052030
0.051871
0.054755
0.054356
0.053337
0.053034
0.052979
0.052694
0.052029
0.053771
0.051824
0.052034
0.052406
0.052072
0.051909
0.051865
0.052001
