0.001486
0.001068
0.001062
0.001027
0.001022
0.001023
0.001026
0.000982
0.000979
0.000982
0.000984
0.000943
0.000944
0.000945
0.000948
0.000908
0.000906
0.000909
0.000911
0.000904
0.000876
0.000874
0.000875
0.000883
0.000846
0.000849
0.000850
0.000845
0.000852
0.000818
0.000819
0.000820
0.000825
0.000812
0.000793
0.000793
0.000796
0.000796
0.000792
0.000770
0.000768
0.000768
0.000771
0.000774
0.000773
0.000748
0.000749
0.000747
0.000805
0.000805
0.000747
0.000745
0.000747
0.000788
0.000791
0.000762
0.000754
0.000751
0.000778
0.000793
0.000778
0.000746
0.000753
0.000776
0.000795
0.000789
0.000753
0.000755
0.000747
0.000814
0.000794
0.000743
0.000752
0.000751
0.000826
0.000826
0.000756
0.000753
0.000751
0.000795
0.000808
0.000751
0.000753
0.000752
0.000797
0.000796
0.000766
0.000751
0.000757
0.000780
0.000803
0.000773
0.000756
0.000751
0.000779
0.000799
0.000784
0.000760
0.000753
0.000752
0.000807
0.000796
0.000754
0.000746
0.000750
0.000795
0.000802
0.000752
0.000748
0.000753
0.000759
0.000747
0.000757
0.000750
0.000751
0.000775
0.000798
0.000762
0.000754
0.000746
0.000750
0.000747
0.000743
0.000748
0.000752
0.000751
0.000754
0.000751
0.000754
0.000755
0.000755
0.000756
0.000754
0.000748
0.000751
0.000756
0.000750
0.000757
0.000757
0.000749
0.000758
0.000746
0.000750
0.000751
0.000758
0.000749
0.000757
0.000758
0.000759
0.000753
0.000755
0.000756
0.000754
0.000751
0.000749
0.000756
0.000755
0.000754
0.000755
0.000746
0.000747
0.000756
0.000755
0.000753
0.000749
0.000751
0.000751
0.000754
0.000751
0.000750
0.000758
0.000756
0.000754
0.000756
0.000757
0.000754
0.000753
0.000750
0.000754
0.000757
0.000755
0.000756
0.000759
0.000756
0.000764
0.000755
0.000752
0.000754
0.000753
0.000753
0.000763
0.000759
0.000761
0.000757
0.000759
0.000756
0.000764
0.000753
0.000753
0.000755
0.000758
0.000755
0.000755
0.000752
0.000761
0.000762
0.000750
0.000754
0.000748
0.000754
0.000759
0.000754
0.000753
0.000757
0.000754
0.000751
0.000762
0.000761
0.000754
0.000759
0.000754
0.000760
0.000756
0.000755
0.000756
0.000754
0.000758
0.000764
0.000760
0.000753
0.000759
0.000754
0.000761
0.000760
0.000764
0.000754
0.000755
0.000761
0.000759
0.000751
0.000754
0.000762
0.000755
0.000757
0.000752
0.000755
0.000755
0.000752
0.000756
0.000754
0.000755
0.000748
0.000754
0.000760
0.000751
0.000799
0.000802
0.000771
0.000764
0.000759
0.000757
0.000758
0.000756
0.000757
0.000749
0.000763
0.000755
0.000751
0.000755
0.000751
0.000749
0.000752
0.000756
0.000755
0.000763
0.000750
0.000753
0.000758
0.000755
0.000758
0.000755
0.000757
0.000756
0.000755
0.000755
0.000757
0.000756
0.000748
0.000760
0.000753
0.000761
0.000751
0.000757
0.000746
0.000758
0.000764
0.000762
0.000751
0.000758
0.000753
0.000770
0.000761
0.000756
0.000757
0.000764
0.000754
0.000759
0.000752
0.000751
0.000758
0.000761
0.000758
0.000752
0.000761
0.000758
0.000761
0.000755
0.000757
0.000765
0.000756
0.000756
0.000760
0.000755
0.000761
0.000758
0.000759
0.000752
0.000753
0.000761
0.000756
0.000748
0.000757
0.000760
0.000760
0.000763
0.000758
0.000751
0.000764
0.000758
0.000758
0.000753
0.000755
0.000755
0.000762
0.000753
0.000762
0.000755
0.000760
0.000753
0.000764
0.000769
0.000768
0.000759
0.000770
0.000749
0.000757
0.000765
0.000754
0.000758
0.000757
0.000738
0.000748
0.000747
0.000750
0.000751
0.000748
0.000754
0.000749
0.000751
0.000754
0.000750
0.000747
0.000751
0.000748
0.000752
0.000750
0.000751
0.000750
0.000754
0.000749
0.000747
0.000754
0.000749
0.000748
0.000750
0.000754
0.000741
0.000753
0.000745
0.000752
0.000753
0.000753
0.000751
0.000750
0.000744
0.000750
0.000749
0.000751
0.000748
0.000753
0.000751
0.000752
0.000749
0.000743
0.000751
0.000746
0.000755
0.000753
0.000745
0.000750
0.000742
0.000745
0.000753
0.000746
0.000750
0.000747
0.000751
0.000749
0.000755
0.000754
0.000746
0.000748
0.000751
0.000749
0.000742
0.000754
0.000750
0.000742
0.000749
0.000752
0.000755
0.000750
0.000748
0.000753
0.000751
0.000750
0.000750
0.000744
0.000755
0.000751
0.000742
0.000760
0.000750
0.000750
0.000761
0.000750
0.000747
0.000749
0.000748
0.000756
0.000746
0.000752
0.000749
0.000753
0.000752
0.000754
0.000752
0.000751
0.000756
0.000751
0.000759
0.000752
0.000748
0.000750
0.000762
0.000756
0.000752
0.000745
0.000755
0.000753
0.000753
0.000751
0.000755
0.000754
0.000755
0.000753
0.000755
0.000749
0.000750
0.000761
0.000750
0.000754
0.000748
0.000753
0.000750
0.000751
0.000755
0.000755
0.000753
0.000751
0.000756
0.000748
0.000726
0.000728
0.000728
0.000725
0.000727
0.000733
0.000722
0.000726
0.000728
0.000726
0.000729
0.000725
0.000724
0.000725
0.000727
0.000725
0.000728
0.000727
0.000725
0.000726
0.000728
0.000729
0.000727
0.000726
0.000727
0.000727
0.000727
0.000728
0.000726
0.000728
0.000725
0.000724
0.000725
0.000732
0.000725
0.000728
0.000726
0.000724
0.000728
0.000727
0.000727
0.000724
0.000729
0.000730
0.000725
0.000727
0.000726
0.000726
0.000727
0.000729
0.000724
0.000727
0.000727
0.000729
0.000728
0.000724
0.000724
0.000726
0.000727
0.000729
0.000729
0.000726
0.000726
0.000724
0.000726
0.000728
0.000731
0.000730
0.000732
0.000724
0.000725
0.000730
0.000726
0.000726
0.000726
0.000727
0.000730
0.000724
0.000729
0.000724
0.000728
0.000726
0.000731
0.000727
0.000726
0.000726
0.000727
0.000729
0.000726
0.000726
0.000727
0.000750
0.000773
0.000774
0.000724
0.000728
0.000728
0.000728
0.000729
0.000726
0.000726
0.000726
0.000724
0.000725
0.000726
0.000727
0.000728
0.000725
0.000725
0.000730
0.000727
0.000724
0.000727
0.000728
0.000727
0.000732
0.000749
0.000753
0.000752
0.000756
0.000747
0.000751
0.000754
0.000752
0.000752
0.000757
0.000748
0.000757
0.000754
0.000748
0.000754
0.000766
0.000749
0.000752
0.000744
0.000751
0.000752
0.000750
0.000752
0.000748
0.000756
0.000750
0.000752
0.000756
0.000754
0.000761
0.000750
0.000757
0.000749
0.000753
0.000748
0.000754
0.000747
0.000750
0.000750
0.000752
0.000755
0.000754
0.000754
0.000760
0.000753
0.000756
0.000758
0.000814
0.000801
0.000758
0.000753
0.000753
0.000753
0.000751
0.000756
0.000749
0.000752
0.000749
0.000750
0.000757
0.000760
0.000749
0.000756
0.000756
0.000747
0.000751
0.000750
0.000757
0.000759
0.000752
0.000752
0.000752
0.000750
0.000753
0.000757
0.000752
0.000757
0.000758
0.000757
0.000752
0.000752
0.000754
0.000751
0.000758
0.000760
0.000748
0.000756
0.000754
0.000756
0.000757
0.000756
0.000754
0.000756
0.000751
0.000755
0.000755
0.000759
0.000750
0.000759
0.000751
0.000757
0.000757
0.000766
0.000758
0.000763
0.000756
0.000759
0.000760
0.000761
0.000755
0.000754
0.000759
0.000755
0.000756
0.000751
0.000759
0.000795
0.000823
0.000823
0.000865
0.000855
0.000849
0.000849
0.000870
0.000832
0.000831
0.000842
0.000831
0.000817
0.000913
0.000860
0.000834
0.000795
0.000794
0.000804
0.000837
0.000835
0.000791
0.000796
0.000819
0.000823
0.000783
0.000754
0.000773
0.000750
0.000882
0.000871
0.000916
0.000823
0.000845
0.000825
0.000794
0.000795
0.000774
0.000817
0.000822
0.000767
0.000731
0.000726
0.000822
0.000823
0.000809
0.000774
0.000773
0.000805
0.000829
0.000798
0.000779
0.000779
0.000808
0.000827
0.000779
0.000759
0.000732
0.000752
0.000828
0.000804
0.000779
0.000776
0.000778
0.000840
0.000827
0.000730
0.000731
0.000789
0.000840
0.000819
0.000776
0.000792
0.000772
0.000814
0.000802
0.000731
0.000730
0.000787
0.000812
0.000801
0.000779
0.000777
0.000770
0.000812
0.000806
0.000776
0.000777
0.000774
0.000808
0.000809
0.000778
0.000771
0.000775
0.000806
0.000813
0.000806
0.000803
0.000803
0.000804
0.000816
0.000731
0.000732
0.000788
0.000808
0.000824
0.000809
0.000793
0.000732
0.000772
0.000814
0.000779
0.000761
0.000759
0.000795
0.000821
0.000781
0.000760
0.000794
0.000821
0.000828
0.000797
0.000757
0.000759
0.000808
0.000800
0.000803
0.000760
0.000775
0.000808
0.000806
0.000845
0.000807
0.000786
0.000762
0.000759
0.000764
0.000766
0.000758
0.000810
0.000790
0.000759
0.000761
0.000764
0.000761
0.000779
0.000805
0.000771
0.000758
0.000765
0.000768
0.000757
0.000756
0.000759
0.000797
0.000811
0.000812
0.000785
0.000791
0.000771
0.000777
0.000763
0.000765
0.000763
0.000767
0.000765
0.000764
0.000761
0.000752
0.000759
0.000754
0.000798
0.000809
0.000807
0.000763
0.000797
0.000813
0.000797
0.000784
0.000750
0.000797
0.000809
0.000752
0.000750
0.000756
0.000804
0.000790
0.000747
0.000744
0.000784
0.000799
0.000799
0.000752
0.000753
0.000743
0.000752
0.000748
0.000746
0.000790
0.000793
0.000775
0.000754
0.000751
0.000757
0.000756
0.000749
0.000794
0.000796
0.000750
0.000751
0.000746
0.000752
0.000808
0.000799
0.000757
0.000750
0.000753
0.000757
0.000751
0.000744
0.000747
0.000749
0.000750
0.000813
0.000785
0.000804
0.000793
0.000771
0.000810
0.000782
0.000749
0.000748
0.000794
0.000799
0.000749
0.000745
0.000747
0.000754
0.000793
0.000791
0.000770
0.000751
0.000749
0.000753
0.000749
0.000750
0.000752
0.000771
0.000812
0.000817
0.000782
0.000785
0.000789
0.000793
0.000781
0.000751
0.000749
0.000748
0.000801
0.000793
0.000796
0.000744
0.000744
0.000789
0.000799
0.000781
0.000797
0.000795
0.000802
0.000798
0.000806
0.000752
0.000747
0.000791
0.000802
0.000766
0.000753
0.000745
0.000771
0.000801
0.000795
0.000793
0.000749
0.000772
0.000807
0.000771
0.000760
0.000751
0.000748
0.000751
0.000803
0.000787
0.000756
0.000793
0.000792
0.000792
0.000753
0.000752
0.000755
0.000748
0.000800
0.000806
0.000748
0.000751
0.000752
0.000758
0.000789
0.000793
0.000803
0.000753
0.000755
0.000751
0.000751
0.000753
0.000756
0.000750
0.000757
0.000751
0.000760
0.000751
0.000805
0.000800
0.000746
0.000748
0.000751
0.000760
0.000759
0.000753
0.000751
0.000754
0.000753
0.000768
0.000791
0.000853
0.000800
0.000783
0.000761
0.000754
0.000749
0.000756
0.000757
0.000753
0.000810
0.000798
0.000754
0.000756
0.000776
0.000818
0.000800
0.000759
0.000745
0.000756
0.000762
0.000758
0.000759
0.000755
0.000754
0.000785
0.000803
0.000782
0.000813
0.000808
0.000760
0.000755
0.000753
0.000748
0.000749
0.000757
0.000755
0.000748
0.000754
0.000747
0.000752
0.000779
0.000780
0.000781
0.000777
0.000752
0.000759
0.000764
0.000753
0.000762
0.000756
0.000757
0.000755
0.000753
0.000760
0.000750
0.000817
0.000793
0.000750
0.000757
0.000759
0.000759
0.000757
0.000758
0.000756
0.000760
0.000754
0.000761
0.000753
0.000804
0.000802
0.000793
0.000759
0.000755
0.000755
0.000758
0.000750
0.000759
0.000749
0.000752
0.000749
0.000756
0.000756
0.000803
0.000798
0.000756
0.000753
0.000751
0.000803
0.000753
0.000750
0.000750
0.000753
0.000761
0.000764
0.000759
0.000792
0.000782
0.000808
0.000754
0.000755
0.000761
0.000747
0.000757
0.000763
0.000759
0.000754
0.000763
0.000759
0.000766
0.000796
0.000808
0.000762
0.000760
0.000764
0.000754
0.000762
0.000762
0.000761
0.000774
0.000761
0.000755
0.000765
0.000798
0.000813
0.000809
0.000762
0.000756
0.000757
0.000751
0.000748
0.000750
0.000750
0.000748
0.000749
0.000753
0.000751
0.000783
0.000800
0.000802
0.000763
0.000748
0.000756
0.000752
0.000753
0.000781
0.000795
0.000774
0.000752
0.000750
0.000747
0.000785
0.000752
0.000790
0.000747
0.000751
0.000796
0.000797
0.000755
0.000749
0.000752
0.000751
0.000782
0.000798
0.000801
0.000796
0.000799
0.000796
0.000760
0.000746
0.000753
0.000753
0.000756
0.000753
0.000747
0.000752
0.000789
0.000799
0.000812
0.000799
0.000793
0.000759
0.000757
0.000749
0.000750
0.000748
0.000749
0.000758
0.000746
0.000751
0.000751
0.000754
0.000786
0.000795
0.000773
0.000752
0.000749
0.000754
0.000749
0.000753
0.000758
0.000748
0.000753
0.000754
0.000746
0.000753
0.000809
0.000797
0.000774
0.000755
0.000754
0.000751
0.000754
0.000760
0.000749
0.000748
0.000756
0.000754
0.000747
0.000749
0.000811
0.000799
0.000784
0.000755
0.000749
0.000750
0.000752
0.000749
0.000747
0.000755
0.000754
0.000753
0.000759
0.000751
0.000794
0.000804
0.000794
0.000746
0.000753
0.000754
0.000754
0.000755
0.000743
0.000748
0.000753
0.000758
0.000759
0.000750
0.000786
0.000804
0.000802
0.000761
0.000755
0.000754
0.000758
0.000760
0.000752
0.000755
0.000759
0.000755
0.000751
0.000755
0.000779
0.000806
0.000803
0.000771
0.000759
0.000758
0.000750
0.000751
0.000755
0.000760
0.000759
0.000756
0.000755
0.000758
0.000792
0.000800
0.000785
0.000759
0.000746
0.000756
0.000757
0.000758
0.000752
0.000749
0.000755
0.000822
0.000792
0.000755
0.000810
0.000802
0.000773
0.000751
0.000752
0.000756
0.000754
0.000764
0.000751
0.000753
0.000757
0.000762
0.000756
0.000779
0.000798
0.000800
0.000782
0.000758
0.000755
0.000761
0.000759
0.000748
0.000765
0.000749
0.000752
0.000751
0.000754
0.000757
0.000811
0.000806
0.000776
0.000760
0.000752
0.000758
0.000759
0.000752
0.000760
0.000746
0.000796
0.000789
0.000796
0.000775
0.000801
0.000812
0.000807
0.000772
0.000757
0.000754
0.000756
0.000755
0.000755
0.000753
0.000756
0.000750
0.000755
0.000805
0.000801
0.000767
0.000746
0.000757
0.000755
0.000754
0.000760
0.000758
0.000760
0.000763
0.000761
0.000757
0.000781
0.000809
0.000781
0.000752
0.000751
0.000760
0.000757
0.000763
0.000759
0.000755
0.000755
0.000763
0.000763
0.000754
0.000812
0.000802
0.000776
0.000765
0.000760
0.000763
0.000756
0.000760
0.000766
0.000762
0.000761
0.000756
0.000751
0.000783
0.000794
0.000805
0.000769
0.000759
0.000760
0.000757
0.000760
0.000762
0.000749
0.000756
0.000761
0.000755
0.000758
0.000781
0.000802
0.000788
0.000761
0.000764
0.000757
0.000758
0.000793
0.000806
0.000787
0.000767
0.000762
0.000762
0.000785
0.000813
0.000810
0.000757
0.000783
0.000811
0.000796
0.000758
0.000768
0.000766
0.000763
0.000760
0.000767
0.000764
0.000804
0.000812
0.000762
0.000762
0.000756
0.000765
0.000767
0.000766
0.000761
0.000757
0.000745
0.000784
0.000795
0.000810
0.000787
0.000770
0.000798
0.000785
0.000757
0.000750
0.000755
0.000754
0.000757
0.000746
0.000749
0.000751
0.000747
0.000751
0.000748
0.000805
0.000797
0.000775
0.000755
0.000755
0.000751
0.000753
0.000758
0.000756
0.000755
0.000757
0.000748
0.000754
0.000759
0.000817
0.000794
0.000777
0.000757
0.000749
0.000768
0.000758
0.000759
0.000755
0.000755
0.000760
0.000752
0.000755
0.000789
0.000825
0.000820
0.000776
0.000759
0.000760
0.000753
0.000754
0.000755
0.000758
0.000749
0.000754
0.000757
0.000760
0.000801
0.000797
0.000797
0.000773
0.000761
0.000754
0.000754
0.000759
0.000756
0.000758
0.000749
0.000753
0.000747
0.000751
0.000776
0.000791
0.000792
0.000752
0.000758
0.000758
0.000756
0.000756
0.000757
0.000755
0.000752
0.000765
0.000752
0.000750
0.000788
0.000799
0.000805
0.000753
0.000747
0.000758
0.000751
0.000755
0.000755
0.000750
0.000751
0.000748
0.000758
0.000809
0.000793
0.000811
0.000750
0.000747
0.000760
0.000755
0.000752
0.000759
0.000755
0.000796
0.000808
0.000749
0.000741
0.000777
0.000798
0.000794
0.000798
0.000795
0.000753
0.000759
0.000748
0.000754
0.000753
0.000752
0.000773
0.000792
0.000778
0.000804
0.000791
0.000798
0.000802
0.000756
0.000752
0.000752
0.000752
0.000759
0.000757
0.000750
0.000747
0.000758
0.000802
0.000803
0.000788
0.000751
0.000753
0.000757
0.000750
0.000758
0.000754
0.000751
0.000754
0.000751
0.000754
0.000751
0.000800
0.000792
0.000805
0.000752
0.000751
0.000758
0.000747
0.000757
0.000752
0.000755
0.000748
0.000752
0.000758
0.000749
0.000796
0.000790
0.000797
0.000772
0.000760
0.000756
0.000750
0.000754
0.000755
0.000766
0.000755
0.000755
0.000756
0.000756
0.000790
0.000799
0.000793
0.000774
0.000750
0.000750
0.000753
0.000762
0.000755
0.000758
0.000758
0.000761
0.000752
0.000753
0.000777
0.000805
0.000796
0.000782
0.000750
0.000747
0.000761
0.000762
0.000754
0.000759
0.000758
0.000756
0.000805
0.000821
0.000823
0.000809
0.000784
0.000754
0.000752
0.000757
0.000752
0.000753
0.000763
0.000752
0.000761
0.000754
0.000759
0.000758
0.000798
0.000801
0.000776
0.000760
0.000763
0.000816
0.000789
0.000756
0.000753
0.000754
0.000755
0.000754
0.000754
0.000776
0.000797
0.000802
0.000800
0.000763
0.000755
0.000754
0.000759
0.000758
0.000756
0.000753
0.000758
0.000757
0.000756
0.000761
0.000806
0.000801
0.000790
0.000756
0.000754
0.000754
0.000752
0.000754
0.000756
0.000750
0.000749
0.000747
0.000764
0.000760
0.000794
0.000801
0.000799
0.000758
0.000759
0.000751
0.000753
0.000753
0.000750
0.000751
0.000761
0.000755
0.000752
0.000759
0.000794
0.000799
0.000808
0.000752
0.000755
0.000756
0.000761
0.000753
0.000757
0.000753
0.000758
0.000759
0.000754
0.000754
0.000754
0.000759
0.000756
0.000755
0.000752
0.000755
0.000757
0.000754
0.000763
0.000757
0.000752
0.000760
0.000757
0.000759
0.000758
0.000750
0.000749
0.000752
0.000755
0.000755
0.000752
0.000752
0.000758
0.000752
0.000762
0.000756
0.000754
0.000759
0.000754
0.000756
0.000756
0.000759
0.000752
0.000752
0.000757
0.000758
0.000761
0.000751
0.000760
0.000754
0.000754
0.000749
0.000760
0.000754
0.000750
0.000754
0.000755
0.000753
0.000757
0.000749
0.000757
0.000746
0.000753
0.000758
0.000758
0.000749
0.000759
0.000748
0.000757
0.000757
0.000754
0.000750
0.000759
0.000754
0.000755
0.000752
0.000758
0.000762
0.000755
0.000761
0.000752
0.000758
0.000790
0.000799
0.000781
0.000756
0.000757
0.000760
0.000761
0.000751
0.000760
0.000761
0.000762
0.000769
0.000759
0.000759
0.000763
0.000766
0.000759
0.000761
0.000766
0.000758
0.000764
0.000755
0.000758
0.000753
0.000762
0.000761
0.000761
0.000763
0.000762
0.000765
0.000768
0.000767
0.000760
0.000756
0.000754
0.000766
0.000760
0.000760
0.000758
0.000766
0.000761
0.000761
0.000759
0.000764
0.000760
0.000770
0.000766
0.000761
0.000758
0.000769
0.000768
0.000749
0.000754
0.000749
0.000747
0.000745
0.000748
0.000749
0.000753
0.000745
0.000745
0.000751
0.000751
0.000752
0.000744
0.000748
0.000747
0.000746
0.000752
0.000745
0.000756
0.000749
0.000744
0.000757
0.000744
0.000751
0.000751
0.000754
0.000755
0.000748
0.000742
0.000754
0.000747
0.000752
0.000758
0.000754
0.000753
0.000751
0.000744
0.000752
0.000748
0.000755
0.000749
0.000751
0.000755
0.000752
0.000744
0.000746
0.000748
0.000752
0.000752
0.000754
0.000747
0.000748
0.000758
0.000752
0.000753
0.000749
0.000755
0.000754
0.000747
0.000755
0.000752
0.000755
0.000749
0.000751
0.000748
0.000745
0.000751
0.000751
0.000753
0.000751
0.000755
0.000751
0.000754
0.000749
0.000761
0.000749
0.000750
0.000747
0.000747
0.000746
0.000755
0.000747
0.000744
0.000752
0.000748
0.000752
0.000752
0.000746
