0.000337
0.000222
0.000213
0.000213
0.000213
0.000213
0.000213
0.000213
0.000213
0.000214
0.000213
0.000213
0.000212
0.000213
0.000213
0.000213
0.000214
0.000214
0.000213
0.000213
0.000219
0.000214
0.000220
0.000204
0.000205
0.000204
0.000204
0.000205
0.000204
0.000203
0.000204
0.000204
0.000205
0.000205
0.000204
0.000204
0.000204
0.000205
0.000205
0.000208
0.000204
0.000211
0.000196
0.000196
0.000196
0.000196
0.000196
0.000196
0.000195
0.000196
0.000197
0.000197
0.000196
0.000196
0.000196
0.000196
0.000196
0.000196
0.000195
0.000200
0.000209
0.000188
0.000189
0.000188
0.000189
0.000188
0.000188
0.000188
0.000188
0.000188
0.000188
0.000188
0.000188
0.000188
0.000189
0.000189
0.000189
0.000188
0.000188
0.000188
0.000197
0.000194
0.000182
0.000182
0.000181
0.000181
0.000181
0.000181
0.000182
0.000182
0.000182
0.000182
0.000182
0.000182
0.000182
0.000183
0.000181
0.000181
0.000181
0.000182
0.000182
0.000182
0.000185
0.000182
0.000182
0.000188
0.000176
0.000175
0.000176
0.000175
0.000175
0.000175
0.000176
0.000175
0.000175
0.000176
0.000175
0.000175
0.000175
0.000175
0.000175
0.000174
0.000175
0.000175
0.000175
0.000178
0.000185
0.000170
0.000169
0.000169
0.000169
0.000170
0.000169
0.000169
0.000169
0.000170
0.000169
0.000168
0.000169
0.000170
0.000169
0.000169
0.000170
0.000169
0.000169
0.000169
0.000169
0.000169
0.000182
0.000164
0.000164
0.000164
0.000163
0.000163
0.000163
0.000164
0.000164
0.000163
0.000164
0.000163
0.000164
0.000163
0.000163
0.000163
0.000164
0.000164
0.000164
0.000163
0.000163
0.000164
0.000163
0.000163
0.000163
0.000166
0.000163
0.000171
0.000158
0.000158
0.000158
0.000158
0.000158
0.000158
0.000159
0.000158
0.000158
0.000159
0.000159
0.000158
0.000158
0.000159
0.000158
0.000159
0.000158
0.000158
0.000158
0.000158
0.000159
0.000158
0.000162
0.000163
0.000153
0.000153
0.000153
0.000153
0.000153
0.000153
0.000153
0.000154
0.000152
0.000153
0.000153
0.000153
0.000153
0.000153
0.000154
0.000154
0.000154
0.000153
0.000154
0.000153
0.000153
0.000153
0.000153
0.000154
0.000164
0.000148
0.000148
0.000148
0.000148
0.000149
0.000149
0.000149
0.000149
0.000149
0.000148
0.000148
0.000148
0.000149
0.000149
0.000149
0.000149
0.000148
0.000149
0.000149
0.000148
0.000148
0.000148
0.000148
0.000148
0.000148
0.000151
0.000149
0.000148
0.000148
0.000155
0.000144
0.000145
0.000145
0.000173
0.000144
0.000144
0.000144
0.000144
0.000145
0.000144
0.000144
0.000145
0.000144
0.000144
0.000145
0.000144
0.000143
0.000144
0.000145
0.000144
0.000145
0.000144
0.000144
0.000171
0.000154
0.000153
0.000153
0.000153
0.000153
0.000153
0.000158
0.000144
0.000145
0.000144
0.000144
0.000144
0.000144
0.000144
0.000144
0.000144
0.000144
0.000145
0.000144
0.000144
0.000144
0.000144
0.000144
0.000144
0.000144
0.000144
0.000146
0.000145
0.000144
0.000144
0.000145
0.000145
0.000144
0.000145
0.000144
0.000144
0.000144
0.000145
0.000144
0.000144
0.000145
0.000144
0.000144
0.000144
0.000144
0.000145
0.000145
0.000144
0.000144
0.000144
0.000144
0.000144
0.000144
0.000164
0.000153
0.000153
0.000154
0.000160
0.000144
0.000144
0.000144
0.000144
0.000144
0.000144
0.000144
0.000145
0.000144
0.000144
0.000144
0.000145
0.000144
0.000145
0.000144
0.000145
0.000144
0.000144
0.000144
0.000145
0.000144
0.000144
0.000146
0.000134
0.000144
0.000177
0.000153
0.000153
0.000153
0.000153
0.000153
0.000153
0.000163
0.000145
0.000145
0.000145
0.000144
0.000144
0.000144
0.000144
0.000144
0.000144
0.000143
0.000144
0.000144
0.000144
0.000145
0.000144
0.000144
0.000148
0.000144
0.000145
0.000144
0.000145
0.000153
0.000153
0.000153
0.000154
0.000153
0.000154
0.000153
0.000163
0.000144
0.000144
0.000144
0.000144
0.000144
0.000144
0.000144
0.000144
0.000144
0.000144
0.000143
0.000144
0.000145
0.000144
0.000147
0.000144
0.000145
0.000144
0.000144
0.000144
0.000144
0.000144
0.000144
0.000145
0.000144
0.000145
0.000145
0.000144
0.000145
0.000145
0.000144
0.000145
0.000144
0.000144
0.000145
0.000144
0.000144
0.000144
0.000144
0.000145
0.000144
0.000144
0.000146
0.000144
0.000144
0.000144
0.000145
0.000144
0.000145
0.000144
0.000144
0.000144
0.000145
0.000145
0.000144
0.000145
0.000144
0.000145
0.000144
0.000144
0.000144
0.000144
0.000164
0.000154
0.000153
0.000153
0.000154
0.000153
0.000154
0.000156
0.000157
0.000145
0.000144
0.000144
0.000145
0.000144
0.000144
0.000144
0.000144
0.000144
0.000145
0.000144
0.000144
0.000144
0.000144
0.000144
0.000144
0.000145
0.000144
0.000143
0.000144
0.000145
0.000144
0.000144
0.000144
0.000144
0.000145
0.000147
0.000145
0.000144
0.000144
0.000144
0.000144
0.000145
0.000144
0.000144
0.000144
0.000145
0.000144
0.000143
0.000143
0.000144
0.000144
0.000145
0.000144
0.000144
0.000144
0.000144
0.000144
0.000144
0.000145
0.000144
0.000144
0.000144
0.000147
0.000169
0.000153
0.000153
0.000153
0.000154
0.000153
0.000153
0.000153
0.000153
0.000153
0.000152
0.000153
0.000154
0.000154
0.000153
0.000157
0.000145
0.000145
0.000144
0.000144
0.000145
0.000145
0.000145
0.000145
0.000144
0.000144
0.000147
0.000144
0.000144
0.000145
0.000144
0.000145
0.000144
0.000145
0.000144
0.000144
0.000144
0.000144
0.000144
0.000145
0.000144
0.000145
0.000144
0.000145
0.000144
0.000144
0.000145
0.000144
0.000144
0.000144
0.000144
0.000144
0.000144
0.000144
0.000146
0.000144
0.000145
0.000145
0.000145
0.000144
0.000144
0.000144
0.000145
0.000144
0.000144
0.000145
0.000144
0.000144
0.000144
0.000144
0.000144
0.000145
0.000145
0.000144
0.000145
0.000144
0.000144
0.000144
0.000144
0.000144
0.000144
0.000147
0.000144
0.000143
0.000144
0.000145
0.000144
0.000144
0.000144
0.000145
0.000144
0.000145
0.000145
0.000144
0.000144
0.000144
0.000144
0.000143
0.000144
0.000145
0.000144
0.000144
0.000144
0.000144
0.000144
0.000144
0.000145
0.000144
0.000144
0.000146
0.000144
0.000144
0.000144
0.000144
0.000144
0.000144
0.000144
0.000144
0.000144
0.000144
0.000145
0.000144
0.000144
0.000144
0.000145
0.000144
0.000144
0.000144
0.000144
0.000145
0.000144
0.000144
0.000144
0.000144
0.000144
0.000144
0.000147
0.000144
0.000144
0.000145
0.000144
0.000168
0.000154
0.000154
0.000163
0.000144
0.000167
0.000153
0.000162
0.000144
0.000145
0.000166
0.000154
0.000153
0.000152
0.000153
0.000153
0.000153
0.000154
0.000153
0.000153
0.000158
0.000144
0.000146
0.000144
0.000144
0.000145
0.000144
0.000144
0.000145
0.000144
0.000144
0.000144
0.000144
0.000144
0.000145
0.000145
0.000144
0.000145
0.000144
0.000144
0.000144
0.000144
0.000144
0.000145
0.000144
0.000144
0.000144
0.000144
0.000144
0.000145
0.000145
0.000144
0.000145
0.000144
0.000144
0.000145
0.000144
0.000144
0.000144
0.000144
0.000145
0.000144
0.000144
0.000144
0.000145
0.000144
0.000145
0.000144
0.000145
0.000144
0.000144
0.000145
0.000144
0.000145
0.000144
0.000144
0.000144
0.000147
0.000144
0.000145
0.000145
0.000144
0.000145
0.000145
0.000144
0.000145
0.000144
0.000144
0.000145
0.000144
0.000144
0.000144
0.000145
0.000144
0.000144
0.000144
0.000145
0.000145
0.000144
0.000145
0.000144
0.000144
0.000144
0.000145
0.000144
0.000146
0.000144
0.000144
0.000144
0.000144
0.000144
0.000144
0.000144
0.000144
0.000143
0.000144
0.000145
0.000144
0.000144
0.000144
0.000144
0.000144
0.000144
0.000144
0.000144
0.000144
0.000144
0.000145
0.000144
0.000144
0.000144
0.000144
0.000146
0.000144
0.000144
0.000145
0.000144
0.000145
0.000144
0.000144
0.000145
0.000144
0.000144
0.000145
0.000144
0.000145
0.000145
0.000144
0.000144
0.000144
0.000144
0.000144
0.000144
0.000144
0.000144
0.000144
0.000144
0.000144
0.000145
0.000144
0.000147
0.000144
0.000144
0.000144
0.000144
0.000144
0.000144
0.000144
0.000145
0.000144
0.000144
0.000144
0.000144
0.000144
0.000144
0.000145
0.000144
0.000144
0.000144
0.000144
0.000144
0.000144
0.000144
0.000144
0.000144
0.000145
0.000144
0.000144
0.000146
0.000143
0.000144
0.000145
0.000144
0.000144
0.000144
0.000144
0.000144
0.000144
0.000144
0.000144
0.000144
0.000145
0.000144
0.000144
0.000144
0.000144
0.000144
0.000144
0.000144
0.000145
0.000144
0.000144
0.000145
0.000144
0.000144
0.000146
0.000144
0.000144
0.000145
0.000145
0.000144
0.000143
0.000144
0.000144
0.000144
0.000144
0.000144
0.000144
0.000144
0.000144
0.000145
0.000144
0.000145
0.000144
0.000144
0.000144
0.000144
0.000144
0.000144
0.000144
0.000144
0.000144
0.000144
0.000145
0.000145
0.000144
0.000145
0.000144
0.000144
0.000144
0.000144
0.000145
0.000144
0.000144
0.000144
0.000145
0.000144
0.000144
0.000144
0.000144
0.000145
0.000144
0.000144
0.000144
0.000145
0.000144
0.000144
0.000144
0.000144
0.000144
0.000144
0.000146
0.000144
0.000144
0.000144
0.000144
0.000145
0.000144
0.000144
0.000144
0.000145
0.000144
0.000145
0.000144
0.000144
0.000144
0.000145
0.000144
0.000145
0.000144
0.000145
0.000144
0.000144
0.000144
0.000145
0.000144
0.000144
0.000144
0.000146
0.000144
0.000144
0.000144
0.000145
0.000144
0.000144
0.000144
0.000144
0.000144
0.000144
0.000144
0.000144
0.000144
0.000144
0.000144
0.000145
0.000144
0.000144
0.000145
0.000144
0.000145
0.000144
0.000144
0.000144
0.000144
0.000144
0.000144
0.000146
0.000144
0.000144
0.000145
0.000144
0.000145
0.000144
0.000145
0.000144
0.000144
0.000145
0.000144
0.000145
0.000145
0.000144
0.000145
0.000144
0.000144
0.000144
0.000144
0.000144
0.000144
0.000144
0.000144
0.000144
0.000144
0.000144
0.000144
0.000146
0.000144
0.000144
0.000144
0.000144
0.000145
0.000144
0.000145
0.000145
0.000145
0.000144
0.000144
0.000144
0.000144
0.000144
0.000144
0.000145
0.000144
0.000144
0.000145
0.000144
0.000144
0.000144
0.000144
0.000144
0.000144
0.000144
0.000146
0.000144
0.000145
0.000144
0.000144
0.000144
0.000144
0.000144
0.000144
0.000144
0.000143
0.000144
0.000144
0.000144
0.000144
0.000144
0.000144
0.000144
0.000144
0.000144
0.000145
0.000144
0.000145
0.000144
0.000144
0.000144
0.000144
0.000145
0.000146
0.000144
0.000144
0.000145
0.000144
0.000145
0.000144
0.000144
0.000144
0.000144
0.000144
0.000143
0.000144
0.000144
0.000144
0.000144
0.000144
0.000144
0.000144
0.000144
0.000144
0.000144
0.000144
0.000144
0.000144
0.000144
0.000145
0.000144
0.000146
0.000145
0.000144
0.000145
0.000145
0.000144
0.000145
0.000145
0.000144
0.000145
0.000144
0.000144
0.000144
0.000144
0.000144
0.000144
0.000145
0.000144
0.000144
0.000144
0.000145
0.000144
0.000144
0.000144
0.000144
0.000144
0.000144
0.000146
0.000145
0.000144
0.000145
0.000144
0.000144
0.000144
0.000144
0.000144
0.000143
0.000144
0.000145
0.000144
0.000144
0.000144
0.000145
0.000144
0.000144
0.000145
0.000145
0.000144
0.000144
0.000144
0.000144
0.000144
0.000144
0.000145
0.000144
0.000146
0.000144
0.000144
0.000144
0.000145
0.000144
0.000144
0.000144
0.000144
0.000144
0.000144
0.000144
0.000143
0.000144
0.000144
0.000144
0.000144
0.000145
0.000144
0.000144
0.000144
0.000144
0.000144
0.000144
0.000144
0.000144
0.000144
0.000144
0.000147
0.000144
0.000144
0.000144
0.000144
0.000144
0.000144
0.000144
0.000144
0.000144
0.000144
0.000144
0.000144
0.000144
0.000144
0.000145
0.000144
0.000144
0.000144
0.000145
0.000144
0.000145
0.000144
0.000143
0.000145
0.000144
0.000144
0.000147
0.000145
0.000144
0.000145
0.000145
0.000144
0.000145
0.000144
0.000145
0.000144
0.000144
0.000144
0.000144
0.000144
0.000143
0.000144
0.000145
0.000145
0.000145
0.000144
0.000144
0.000144
0.000145
0.000144
0.000144
0.000144
0.000144
0.000145
0.000146
0.000144
0.000144
0.000144
0.000144
0.000145
0.000144
0.000145
0.000144
0.000145
0.000144
0.000143
0.000144
0.000145
0.000144
0.000144
0.000144
0.000144
0.000144
0.000144
0.000145
0.000144
0.000144
0.000144
0.000144
0.000144
0.000144
0.000145
0.000147
0.000144
0.000145
0.000144
0.000145
0.000144
0.000144
0.000145
0.000144
0.000144
0.000145
0.000144
0.000144
0.000144
0.000144
0.000145
0.000144
0.000143
0.000144
0.000144
0.000145
0.000144
0.000145
0.000144
0.000144
0.000144
0.000144
0.000147
0.000144
0.000144
0.000144
0.000144
0.000144
0.000144
0.000144
0.000144
0.000144
0.000144
0.000144
0.000144
0.000145
0.000144
0.000145
0.000144
0.000145
0.000144
0.000145
0.000144
0.000144
0.000144
0.000144
0.000144
0.000144
0.000144
0.000145
0.000146
0.000144
0.000144
0.000144
0.000145
0.000144
0.000144
0.000144
0.000144
0.000145
0.000145
0.000144
0.000144
0.000144
0.000144
0.000145
0.000144
0.000144
0.000145
0.000145
0.000144
0.000145
0.000144
0.000145
0.000144
0.000144
0.000145
0.000145
0.000146
0.000144
0.000144
0.000144
0.000144
0.000144
0.000144
0.000144
0.000143
0.000144
0.000145
0.000145
0.000144
0.000144
0.000144
0.000144
0.000144
0.000144
0.000144
0.000144
0.000145
0.000144
0.000144
0.000145
0.000144
0.000145
0.000144
0.000146
0.000145
0.000144
0.000144
0.000144
0.000143
0.000143
0.000144
0.000144
0.000145
0.000144
0.000144
0.000144
0.000144
0.000143
0.000144
0.000144
0.000144
0.000144
0.000144
0.000144
0.000145
0.000144
0.000144
0.000144
0.000145
0.000144
0.000144
0.000145
0.000144
0.000145
0.000144
0.000145
0.000144
0.000144
0.000145
0.000144
0.000144
0.000144
0.000144
0.000144
0.000145
0.000144
0.000144
0.000145
0.000144
0.000144
0.000144
0.000143
0.000144
0.000144
0.000144
0.000144
0.000144
0.000144
0.000144
0.000146
0.000144
0.000144
0.000144
0.000144
0.000144
0.000144
0.000144
0.000144
0.000144
0.000144
0.000144
0.000145
0.000144
0.000145
0.000144
0.000144
0.000144
0.000144
0.000144
0.000145
0.000144
0.000145
0.000144
0.000144
0.000144
0.000145
0.000146
0.000145
0.000144
0.000144
0.000145
0.000145
0.000145
0.000144
0.000145
0.000145
0.000145
0.000144
0.000144
0.000144
0.000144
0.000144
0.000144
0.000144
0.000144
0.000145
0.000144
0.000144
0.000144
0.000144
0.000144
0.000145
0.000144
0.000145
0.000146
0.000144
0.000144
0.000144
0.000144
0.000145
0.000144
0.000144
0.000174
0.000144
0.000144
0.000144
0.000144
0.000144
0.000144
0.000144
0.000145
0.000144
0.000144
0.000144
0.000144
0.000144
0.000144
0.000144
0.000144
0.000144
0.000144
0.000146
0.000144
0.000144
0.000145
0.000144
0.000144
0.000144
0.000144
0.000144
0.000144
0.000145
0.000144
0.000144
0.000144
0.000144
0.000144
0.000144
0.000144
0.000144
0.000144
0.000144
0.000144
0.000144
0.000144
0.000144
0.000144
0.000144
0.000144
0.000146
0.000144
0.000144
0.000144
0.000145
0.000144
0.000144
0.000144
0.000145
0.000144
0.000144
0.000145
0.000144
0.000144
0.000144
0.000144
0.000144
0.000145
0.000144
0.000144
0.000145
0.000144
0.000144
0.000145
0.000144
0.000144
0.000144
0.000144
0.000146
0.000145
0.000144
0.000144
0.000144
0.000144
0.000144
0.000145
0.000144
0.000144
0.000144
0.000145
0.000144
0.000144
0.000144
0.000144
0.000144
0.000144
0.000145
0.000144
0.000144
0.000144
0.000145
0.000144
0.000144
0.000144
0.000144
0.000145
0.000145
0.000145
0.000144
0.000144
0.000144
0.000144
0.000144
0.000145
0.000144
0.000144
0.000144
0.000144
0.000145
0.000145
0.000144
0.000145
0.000144
0.000144
0.000145
0.000144
0.000145
0.000144
0.000144
0.000144
0.000145
0.000144
0.000144
0.000147
0.000144
0.000144
0.000144
0.000163
0.000153
0.000153
0.000153
0.000158
0.000144
0.000145
0.000144
0.000145
0.000144
0.000145
0.000144
0.000144
0.000144
0.000144
0.000143
0.000144
0.000144
0.000144
0.000144
0.000145
0.000144
0.000144
0.000208
0.000146
0.000144
0.000144
0.000144
0.000144
0.000144
0.000145
0.000144
0.000144
0.000144
0.000145
0.000145
0.000144
0.000144
0.000144
0.000144
0.000144
0.000144
0.000144
0.000144
0.000145
0.000144
0.000144
0.000144
0.000145
0.000144
0.000147
0.000144
0.000144
0.000144
0.000144
0.000144
0.000144
0.000144
0.000145
0.000144
0.000144
0.000144
0.000144
0.000144
0.000144
0.000144
0.000145
0.000144
0.000144
0.000144
0.000145
0.000144
0.000144
0.000144
0.000144
0.000144
0.000144
0.000144
0.000146
0.000145
0.000144
0.000144
0.000144
0.000144
0.000145
0.000144
0.000144
0.000145
0.000144
0.000143
0.000144
0.000144
0.000144
0.000145
0.000144
0.000144
0.000144
0.000145
0.000144
0.000145
0.000144
0.000145
0.000144
0.000144
0.000144
0.000144
0.000145
0.000145
0.000144
0.000144
0.000144
0.000145
0.000144
0.000144
0.000144
0.000144
0.000144
0.000144
0.000144
0.000145
0.000144
0.000144
0.000144
0.000145
0.000144
0.000144
0.000144
0.000145
0.000144
0.000144
0.000144
0.000144
0.000145
0.000146
0.000144
0.000144
0.000144
0.000145
0.000144
0.000144
0.000144
0.000144
0.000144
0.000144
0.000144
0.000144
0.000144
0.000145
0.000144
0.000144
0.000145
0.000144
0.000143
0.000144
0.000145
0.000145
0.000144
0.000144
0.000144
0.000144
0.000145
0.000146
0.000145
0.000145
0.000144
0.000145
0.000144
0.000144
0.000144
0.000145
0.000145
0.000145
0.000145
0.000145
0.000144
0.000145
0.000145
0.000144
0.000145
0.000144
0.000145
0.000144
0.000145
0.000145
0.000144
0.000144
0.000144
0.000145
0.000144
0.000145
0.000145
0.000145
0.000144
0.000144
0.000144
0.000144
0.000144
0.000145
0.000144
0.000144
0.000144
0.000144
0.000144
0.000145
0.000144
0.000145
0.000145
0.000144
0.000144
0.000145
0.000144
0.000144
0.000144
0.000145
0.000145
0.000144
0.000146
0.000145
0.000144
0.000144
0.000144
0.000143
0.000144
0.000144
0.000144
0.000144
0.000144
0.000145
0.000144
0.000144
0.000145
0.000144
0.000144
0.000144
0.000145
0.000144
0.000144
0.000145
0.000144
0.000144
0.000144
0.000145
0.000144
0.000145
0.000147
0.000144
0.000145
0.000144
0.000144
0.000144
0.000144
0.000145
0.000144
0.000144
0.000144
0.000145
0.000144
0.000144
0.000144
0.000144
0.000145
0.000144
0.000144
0.000145
0.000144
0.000144
0.000144
0.000144
0.000144
0.000144
0.000144
0.000144
0.000146
0.000144
0.000144
0.000144
0.000144
0.000145
0.000144
0.000145
0.000144
0.000144
0.000144
0.000145
0.000144
0.000144
0.000144
0.000144
0.000144
0.000144
0.000144
0.000145
0.000144
0.000145
0.000144
0.000145
0.000144
0.000145
0.000144
0.000147
0.000144
0.000144
0.000144
0.000144
0.000144
0.000144
0.000145
0.000144
0.000144
0.000145
0.000144
0.000144
0.000145
0.000145
0.000144
0.000145
0.000144
0.000145
0.000144
0.000145
0.000144
0.000144
0.000145
0.000144
0.000144
0.000144
0.000144
0.000147
0.000145
0.000144
0.000145
0.000144
0.000144
0.000144
0.000144
0.000144
0.000144
0.000144
0.000145
0.000144
0.000144
0.000144
0.000144
0.000144
0.000144
0.000144
0.000145
0.000144
0.000145
0.000144
0.000144
0.000144
0.000144
0.000144
0.000145
0.000146
0.000144
0.000144
0.000144
0.000145
0.000144
0.000144
0.000144
0.000144
0.000145
0.000144
0.000143
0.000144
0.000145
