0.228505
0.271705
0.271550
0.279099
0.278045
0.277234
0.278199
0.276302
0.276935
0.277601
0.276302
0.275732
0.289562
0.282023
0.279820
0.280340
0.279780
0.282429
0.279916
0.280092
0.277999
0.277585
0.277934
0.272543
0.274244
0.273196
0.272462
0.272900
0.274699
0.273247
0.291390
0.290243
0.285912
0.283959
0.283269
0.284196
0.281559
0.282664
0.282811
0.281166
0.279994
0.280268
0.280709
0.279361
0.279583
0.277893
0.277022
0.278697
0.291190
0.288466
0.278641
0.277510
0.277670
0.278601
0.276319
0.276127
0.275497
0.276075
0.275309
0.275502
0.276826
0.275369
0.275082
0.275173
0.276488
0.277187
0.292503
0.288014
0.278832
0.276914
0.277377
0.279115
0.276707
0.277207
0.278747
0.277440
0.278629
0.274897
0.277946
0.274033
0.277608
0.277336
0.278637
0.280583
0.295733
0.290156
0.287139
0.281401
0.281756
0.281594
0.279406
0.280505
0.280274
0.279194
0.278948
0.279019
0.280743
0.278966
0.274126
0.274929
0.275535
0.283584
0.293953
0.290541
0.283204
0.282538
0.282163
0.282280
0.280078
0.277370
0.280129
0.281758
0.280168
0.279479
0.280307
0.278677
0.275806
0.277144
0.275921
0.284310
0.290251
0.287849
0.282903
0.280891
0.278935
0.279415
0.278997
0.277929
0.278328
0.277712
0.277618
0.277018
0.273642
0.272394
0.273993
0.268215
0.276753
0.285193
0.291523
0.288008
0.282640
0.279757
0.279040
0.280568
0.278818
0.277562
0.278210
0.277300
0.276510
0.277092
0.277642
0.276006
0.276265
0.269744
0.271547
0.289485
0.285900
0.283319
0.281198
0.280919
0.276428
0.277930
0.277023
0.276843
0.277683
0.276308
0.276393
0.275786
0.276249
0.276247
0.275924
0.275441
0.276626
0.290404
0.286340
0.283400
0.280245
0.279675
0.279167
0.280289
0.278793
0.277567
0.277340
0.277020
0.276351
0.275493
0.276511
0.276319
0.272931
0.272351
0.274872
0.287526
0.286413
0.282343
0.279444
0.279498
0.277220
0.278988
0.277388
0.276803
0.276343
0.277597
0.275343
0.275998
0.277758
0.276821
0.270669
0.271429
0.273912
0.280505
0.282854
0.280960
0.281207
0.278363
0.278368
0.279270
0.277612
0.276033
0.278938
0.280234
0.276292
0.276166
0.276664
0.275407
0.274277
0.273851
0.273076
0.289650
0.284875
0.284202
0.282698
0.274823
0.275831
0.276795
0.274821
0.274709
0.274336
0.275933
0.274275
0.274795
0.273853
0.275452
0.273337
0.272559
0.272921
0.287875
0.284905
0.282685
0.277259
0.275220
0.275431
0.276282
0.274143
0.274091
0.275430
0.276345
0.274919
0.274008
0.274768
0.275862
0.273588
0.273184
0.274314
0.289631
0.283981
0.276636
0.275398
0.278045
0.278156
0.277345
0.277911
0.275917
0.276312
0.276708
0.276236
0.275620
0.275695
0.276682
0.275534
0.274341
0.273675
0.291331
0.281905
0.280188
0.277532
0.278056
0.277083
0.276088
0.276756
0.274764
0.273939
0.273956
0.275802
0.273523
0.273971
0.272890
0.274094
0.275267
0.274549
0.289876
0.287553
0.284995
0.283070
0.280294
0.279881
0.279811
0.282619
0.280342
0.279312
0.279346
0.280764
0.277919
0.277941
0.278953
0.277050
0.276237
0.275279
0.290745
0.286388
0.284895
0.283309
0.283801
0.283425
0.281236
0.282397
0.279834
0.282410
0.283915
0.281572
0.276834
0.277380
0.275937
0.276551
0.277102
0.277970
0.293276
0.288567
0.286346
0.283321
0.282192
0.275623
0.273899
0.276940
0.275386
0.274948
0.275128
0.276835
0.273299
0.274550
0.274955
0.274571
0.274431
0.276441
0.293400
0.280697
0.278123
0.277935
0.273903
0.276102
0.276304
0.278259
0.277710
0.277356
0.279036
0.278736
0.277359
0.277528
0.277876
0.276185
0.276021
0.277403
0.289725
0.284203
0.281529
0.281518
0.277732
0.277607
0.278828
0.279196
0.277050
0.277463
0.271614
0.278175
0.276793
0.276754
0.278395
0.277580
0.276637
0.280538
0.290673
0.285762
0.284117
0.283295
0.284585
0.280871
0.275630
0.276860
0.276774
0.276070
0.276600
0.277874
0.276337
0.276299
0.278020
0.276019
0.274698
0.281626
0.286886
0.283006
0.282196
0.281825
0.283024
0.281191
0.280906
0.281695
0.277878
0.278396
0.279053
0.278269
0.278463
0.277966
0.274902
0.274990
0.272829
0.281785
0.292207
0.288652
0.285622
0.282855
0.283204
0.280375
0.274398
0.274338
0.276265
0.279456
0.277523
0.274202
0.273196
0.274540
0.273487
0.275692
0.274697
0.282688
0.283860
0.282443
0.281250
0.276034
0.277301
0.276292
0.275596
0.275278
0.273909
0.272909
0.274717
0.274971
0.273978
0.266886
0.270519
0.272404
0.271514
0.278955
0.286852
0.284285
0.280820
0.280419
0.282139
0.280077
0.280035
0.280306
0.280792
0.278704
0.278532
0.268295
0.274685
0.275402
0.275029
0.275982
0.273806
0.283530
0.287019
0.276169
0.275633
0.277159
0.278837
0.278151
0.276928
0.275324
0.276622
0.275225
0.275965
0.278411
0.276070
0.276949
0.276560
0.276991
0.276183
0.280108
0.286068
0.278951
0.277849
0.277287
0.279043
0.275663
0.276047
0.275207
0.276036
0.274077
0.274264
0.271881
0.274475
0.273314
0.273948
0.272773
0.274323
0.278105
0.291448
0.289636
0.285527
0.281739
0.281800
0.280540
0.278833
0.281014
0.281111
0.279385
0.278524
0.278574
0.279630
0.278652
0.278305
0.279183
0.277974
0.288115
0.292219
0.291437
0.284605
0.282853
0.283525
0.282010
0.281112
0.281087
0.282283
0.283911
0.282907
0.282474
0.281283
0.279065
0.278424
0.280357
0.278817
0.291792
0.287598
0.286487
0.284598
0.284013
0.281730
0.280759
0.280842
0.280231
0.280606
0.279533
0.278403
0.278707
0.278357
0.277352
0.277607
0.277630
0.279054
0.290739
0.285682
0.281699
0.275041
0.277933
0.275697
0.275676
0.275762
0.276236
0.277342
0.275739
0.274819
0.276813
0.275362
0.273938
0.274213
0.273595
0.277032
0.289087
0.284654
0.285310
0.281825
0.281762
0.282543
0.280936
0.273457
0.274734
0.275786
0.275689
0.273162
0.274774
0.276134
0.273268
0.273812
0.274868
0.277414
0.291023
0.280260
0.281837
0.275042
0.275056
0.276101
0.275002
0.276124
0.276693
0.276939
0.272737
0.271702
0.271881
0.274386
0.273348
0.273507
0.274008
0.273779
0.291163
0.289617
0.287590
0.283740
0.283596
0.281257
0.282161
0.280900
0.281654
0.281490
0.280215
0.279806
0.279386
0.281330
0.279532
0.279398
0.278522
0.285920
0.289224
0.282174
0.281059
0.279910
0.278868
0.273399
0.274227
0.273605
0.274985
0.280327
0.277970
0.277941
0.277838
0.278097
0.276238
0.272413
0.275371
0.280812
0.289523
0.287067
0.284310
0.282025
0.281397
0.279615
0.281298
0.267146
0.273347
0.274551
0.274730
0.274793
0.274372
0.275835
0.274805
0.273894
0.274029
0.283561
0.287457
0.284543
0.283523
0.279536
0.280451
0.280057
0.276065
0.276878
0.275468
0.276899
0.276335
0.275631
0.275525
0.275658
0.274499
0.270735
0.272954
0.280615
0.277205
0.283228
0.281648
0.277830
0.278304
0.275692
0.277085
0.275871
0.275880
0.275069
0.276837
0.274161
0.274207
0.276137
0.275221
0.273558
0.270924
0.279427
0.282468
0.282279
0.279661
0.275928
0.275228
0.276128
0.277148
0.275298
0.276049
0.275813
0.277432
0.275982
0.274945
0.275339
0.275699
0.276083
0.275230
0.282739
0.284392
0.282931
0.281624
0.281907
0.281204
0.279275
0.280636
0.280846
0.277165
0.277509
0.279179
0.277954
0.277314
0.279464
0.277040
0.276702
0.277178
0.284702
0.287748
0.286247
0.283805
0.280891
0.280579
0.280270
0.280341
0.279099
0.280481
0.280980
0.280959
0.277589
0.277505
0.278849
0.277751
0.276100
0.275808
0.286876
0.283953
0.282628
0.282629
0.282812
0.274761
0.276341
0.278006
0.276375
0.275316
0.276645
0.278070
0.275960
0.274039
0.274908
0.274322
0.272748
0.270680
0.274965
0.284763
0.280003
0.279622
0.281543
0.278847
0.277251
0.277625
0.277077
0.276587
0.276311
0.275640
0.273683
0.273862
0.274284
0.276117
0.274159
0.270815
0.280227
0.284245
0.281144
0.279677
0.281110
0.279043
0.275179
0.274580
0.276605
0.274414
0.269024
0.274240
0.274660
0.274033
0.274022
0.276445
0.278685
0.277040
0.284069
0.285670
0.281518
0.280254
0.279021
0.272146
0.271435
0.271128
0.275140
0.275247
0.274868
0.275183
0.277021
0.275172
0.275648
0.274898
0.274707
0.275087
0.283225
0.289438
0.284417
0.284068
0.283510
0.281267
0.278304
0.278199
0.280079
0.277098
0.276706
0.275692
0.276807
0.275523
0.276304
0.273043
0.273816
0.272788
0.280584
0.287934
0.284057
0.282425
0.276359
0.277136
0.275364
0.275544
0.276363
0.276752
0.281515
0.275929
0.277469
0.276362
0.272726
0.276035
0.275081
0.275394
0.283225
0.286327
0.282784
0.281455
0.279995
0.281849
0.279634
0.278848
0.276111
0.274885
0.275638
0.275769
0.270131
0.273087
0.274217
0.273341
0.276392
0.273709
0.281395
0.289069
0.284642
0.281785
0.281464
0.284009
0.281324
0.280205
0.281822
0.279867
0.279266
0.280033
0.280137
0.278878
0.278450
0.278228
0.280268
0.277492
0.287696
0.288305
0.282180
0.279772
0.277484
0.280861
0.278209
0.277714
0.275002
0.276424
0.276236
0.276400
0.276593
0.274698
0.272661
0.274938
0.275075
0.273846
0.285175
0.286040
0.281945
0.280923
0.279314
0.280723
0.279288
0.278803
0.279267
0.277681
0.277574
0.277368
0.276522
0.276120
0.277581
0.275985
0.277503
0.275508
0.289455
0.290855
0.284471
0.283602
0.281811
0.280318
0.276923
0.277945
0.280418
0.278183
0.277603
0.277983
0.278893
0.278370
0.274144
0.275170
0.276794
0.274957
0.289565
0.286180
0.282839
0.280899
0.280077
0.281327
0.279472
0.279411
0.278835
0.280250
0.281471
0.280239
0.280480
0.278379
0.277922
0.273705
0.275839
0.270659
0.288722
0.283486
0.280129
0.281036
0.280056
0.280417
0.278332
0.273013
0.273529
0.275320
0.273807
0.274110
0.274783
0.271354
0.270672
0.273136
0.274218
0.272694
0.293664
0.287889
0.282611
0.279844
0.279794
0.281828
0.280516
0.279784
0.277614
0.279314
0.278383
0.277662
0.276049
0.275075
0.275189
0.275607
0.275231
0.276656
0.287910
0.283358
0.283547
0.279762
0.279118
0.280857
0.278405
0.274185
0.274372
0.273713
0.274215
0.274113
0.273314
0.272149
0.272236
0.271809
0.273678
0.271758
0.291380
0.284505
0.284291
0.276381
0.276879
0.278628
0.276661
0.276709
0.275887
0.276660
0.276551
0.276112
0.275271
0.277468
0.276090
0.275892
0.275743
0.275742
0.289523
0.285114
0.284380
0.277813
0.277927
0.279551
0.276085
0.273705
0.276555
0.274370
0.275318
0.274464
0.275894
0.277270
0.275567
0.275492
0.274618
0.274185
0.293650
0.289368
0.289214
0.283228
0.282043
0.280736
0.274634
0.274101
0.274867
0.279716
0.277772
0.276445
0.276634
0.277777
0.274907
0.274961
0.274581
0.277942
0.290793
0.287737
0.284891
0.283551
0.280179
0.280273
0.279349
0.277434
0.276280
0.276673
0.275839
0.274789
0.274483
0.276173
0.274869
0.273204
0.272812
0.280122
0.290232
0.286905
0.285136
0.280269
0.278513
0.278236
0.278623
0.276513
0.276126
0.276490
0.275632
0.274860
0.274273
0.275073
0.273794
0.274228
0.270656
0.279045
0.288317
0.283344
0.283206
0.282087
0.281248
0.280246
0.280517
0.279671
0.277910
0.278648
0.277912
0.276309
0.276621
0.276765
0.276294
0.275006
0.275255
0.283398
0.285364
0.281279
0.280862
0.278953
0.277826
0.277430
0.277009
0.275267
0.273984
0.272201
0.273718
0.272560
0.272258
0.267792
0.273845
0.273419
0.273899
0.279922
0.291715
0.286843
0.285545
0.282511
0.280206
0.278517
0.280062
0.278621
0.274143
0.274777
0.277970
0.275644
0.274484
0.276982
0.275909
0.274543
0.273753
0.282727
0.286130
0.283150
0.282223
0.281751
0.280281
0.279629
0.279291
0.277975
0.277272
0.282988
0.276348
0.275270
0.274629
0.274163
0.271954
0.272494
0.273488
0.281445
0.287288
0.281731
0.280442
0.280128
0.274485
0.274094
0.274581
0.272925
0.271517
0.271844
0.272620
0.271335
0.271756
0.272126
0.274056
0.273324
0.273176
0.278465
0.284641
0.277934
0.276816
0.276029
0.276640
0.275158
0.275603
0.277272
0.273478
0.273313
0.274972
0.273563
0.273272
0.273079
0.275021
0.272951
0.272920
0.273531
0.290478
0.285433
0.282814
0.282459
0.273808
0.275810
0.274907
0.275240
0.272268
0.271546
0.272523
0.275856
0.272515
0.272465
0.275422
0.273518
0.273206
0.272853
0.290314
0.283842
0.279256
0.279001
0.280282
0.277831
0.276244
0.277982
0.275403
0.274347
0.271897
0.274533
0.273204
0.272812
0.273790
0.273748
0.273366
0.272407
0.290193
0.284764
0.284537
0.280053
0.273404
0.272955
0.273191
0.274461
0.273601
0.272383
0.270557
0.273444
0.272207
0.272384
0.272126
0.273222
0.272418
0.272154
0.289479
0.287806
0.286533
0.279899
0.280020
0.278997
0.278085
0.277926
0.279564
0.279338
0.274807
0.276496
0.275411
0.274731
0.274586
0.276426
0.274353
0.274480
0.287416
0.285067
0.282224
0.279334
0.279746
0.279728
0.278214
0.273216
0.276630
0.275377
0.274816
0.276161
0.275696
0.275217
0.274720
0.275518
0.275277
0.274733
0.291148
0.291119
0.287675
0.284296
0.281432
0.278426
0.277342
0.277144
0.277073
0.275415
0.275612
0.272656
0.273136
0.273437
0.272745
0.273233
0.271596
0.272414
0.288352
0.285946
0.283909
0.281657
0.281017
0.280741
0.275184
0.276654
0.276355
0.275050
0.275528
0.275799
0.273678
0.272730
0.273202
0.273796
0.271626
0.272263
0.288011
0.288020
0.283770
0.280138
0.274966
0.278875
0.277050
0.274421
0.276626
0.275727
0.275167
0.274160
0.275337
0.273950
0.274143
0.274212
0.275472
0.272913
0.289852
0.287174
0.280499
0.278914
0.278103
0.278988
0.275225
0.274956
0.272933
0.274850
0.274190
0.275116
0.273022
0.275002
0.273902
0.274013
0.275712
0.273076
0.288351
0.289202
0.284431
0.283464
0.281922
0.281676
0.280319
0.275312
0.276783
0.279131
0.282259
0.280852
0.275383
0.276674
0.275776
0.275883
0.277374
0.276940
0.287218
0.290296
0.287257
0.283971
0.281382
0.281497
0.273929
0.275307
0.275209
0.275872
0.275601
0.275139
0.276390
0.274359
0.274861
0.271617
0.273950
0.273316
0.287474
0.277446
0.275980
0.275152
0.275274
0.276036
0.274659
0.273983
0.274247
0.274022
0.274788
0.275792
0.272627
0.272225
0.273118
0.273261
0.273641
0.273382
0.287161
0.286055
0.283795
0.279431
0.279739
0.279835
0.276939
0.273902
0.273603
0.275631
0.273990
0.273023
0.273938
0.275314
0.273343
0.274271
0.274751
0.273862
0.280688
0.287481
0.284476
0.281858
0.278966
0.278982
0.278670
0.277619
0.273969
0.272958
0.272955
0.273957
0.273536
0.270481
0.274557
0.272275
0.273213
0.275234
0.285615
0.289586
0.288327
0.282659
0.281207
0.276304
0.278954
0.277789
0.277184
0.277466
0.274973
0.275966
0.276632
0.278319
0.277445
0.277282
0.276644
0.277976
0.287263
0.284914
0.279360
0.276107
0.275409
0.276216
0.276568
0.275390
0.276016
0.278965
0.279946
0.278500
0.277854
0.275817
0.272754
0.272555
0.272002
0.274216
0.282822
0.285040
0.284609
0.279598
0.278937
0.278007
0.276618
0.276636
0.275566
0.275149
0.276092
0.275700
0.270549
0.272409
0.272741
0.273308
0.272938
0.274617
0.282805
0.288575
0.282457
0.282060
0.278428
0.277786
0.278589
0.277880
0.277456
0.273305
0.275927
0.274807
0.274055
0.276241
0.276079
0.275185
0.275941
0.276806
0.287168
0.287656
0.280655
0.276518
0.275105
0.277103
0.275632
0.276765
0.276502
0.274438
0.275429
0.276382
0.275828
0.275644
0.276355
0.275638
0.275890
0.276794
0.284804
0.287418
0.284845
0.285434
0.281932
0.282256
0.281292
0.280236
0.279187
0.278519
0.278436
0.278098
0.272556
0.272332
0.276246
0.275067
0.275310
0.273821
0.289445
0.280950
0.278877
0.278447
0.277061
0.275893
0.272635
0.278160
0.278140
0.276662
0.277021
0.276217
0.275385
0.268835
0.274162
0.273597
0.274184
0.272811
0.288604
0.288644
0.284929
0.282678
0.278990
0.279139
0.276778
0.278225
0.277007
0.274854
0.279377
0.278365
0.277407
0.276358
0.278711
0.276723
0.276052
0.275252
0.291198
0.288768
0.286965
0.282181
0.280927
0.279432
0.278640
0.278543
0.274397
0.273061
0.275196
0.274181
0.274056
0.273540
0.274400
0.274280
0.273921
0.272406
0.289775
0.287726
0.286488
0.283245
0.281010
0.280998
0.280669
0.280869
0.279824
0.279560
0.280350
0.278518
0.277321
0.277575
0.274360
0.275392
0.274117
0.275511
0.289004
0.280433
0.279649
0.280417
0.279493
0.279329
0.278029
0.274766
0.274750
0.274359
0.274155
0.276934
0.274290
0.274299
0.274380
0.274323
0.271856
0.272990
0.292933
0.284499
0.281178
0.279363
0.274088
0.274329
0.274248
0.275496
0.275035
0.272732
0.273298
0.275384
0.273301
0.273068
0.273115
0.273089
0.272820
0.272290
0.287483
0.284186
0.282416
0.280718
0.279473
0.279093
0.279496
0.279188
0.276514
0.272785
0.272436
0.274890
0.272883
0.272868
0.273116
0.273846
0.272218
0.272614
0.289196
0.287971
0.285106
0.281851
0.282651
0.280465
0.280031
0.279686
0.276879
0.279219
0.279035
0.276778
0.275450
0.274803
0.275497
0.276534
0.274601
0.274717
0.288519
0.284878
0.282022
0.276476
0.276679
0.275388
0.275516
0.274883
0.276188
0.272951
0.275191
0.277403
0.274624
0.274516
0.273417
0.275790
0.271407
0.272663
0.285141
0.291988
0.287117
0.281851
0.281754
0.282343
0.280994
0.280946
0.282140
0.279722
0.279592
0.280876
0.279028
0.279107
0.279090
0.280301
0.278213
0.279002
0.296151
0.289586
0.282880
0.279990
0.282099
0.281054
0.280534
0.280050
0.281146
0.279141
0.279269
0.279220
0.273657
0.275099
0.275897
0.276934
0.276416
0.278123
0.285895
0.283967
0.280210
0.279938
0.279629
0.277506
0.277129
0.277740
0.279767
0.278399
0.274227
0.275065
0.275129
0.272182
0.274523
0.275010
0.273952
0.275630
0.292873
0.287586
0.284561
0.282363
0.282941
0.281803
0.280248
0.280977
0.281396
0.278774
0.278886
0.274809
0.275604
0.273264
0.273760
0.275800
0.274564
0.278080
0.292976
0.289579
0.284773
0.283367
0.283379
0.279938
0.279082
0.278564
0.281175
0.277526
0.278522
0.277956
0.278499
0.277910
0.277977
0.279259
0.277234
0.284982
0.290322
0.288015
0.284305
0.282492
0.283164
0.280720
0.280082
0.279293
0.280485
0.278477
0.279143
0.280464
0.278585
0.278005
0.278048
0.279159
0.279094
0.290658
0.289494
0.287025
0.281913
0.275537
0.277170
0.277068
0.277279
0.275974
0.276358
0.275815
0.276523
0.277150
0.274112
0.276166
0.276018
0.276711
0.275349
0.290738
0.292333
0.281662
0.279792
0.278795
0.279510
0.278125
0.277900
0.277219
0.279097
0.276270
0.277791
0.277483
0.276937
0.276604
0.277198
0.275784
0.275413
0.293940
0.283725
0.282405
0.275573
0.274227
0.276028
0.275052
0.274263
0.274845
0.275088
0.273421
0.273553
0.273066
0.274663
0.273251
0.272644
0.274172
0.272347
0.289379
0.286193
0.285771
0.281610
0.281006
0.282332
0.280487
0.280888
0.278812
0.279569
0.277674
0.274518
0.275213
0.278366
0.275730
0.275449
0.276202
0.274458
0.289893
0.285387
0.284741
0.282223
0.281308
0.281894
0.279716
0.279773
0.279853
0.282543
0.281483
0.280529
0.279775
0.280118
0.278968
0.273884
0.274571
0.275516
0.291484
0.282097
0.280000
0.274998
0.274362
0.276662
0.275683
0.275361
0.275038
0.276000
0.276019
0.275213
0.275361
0.275274
0.274483
0.275016
0.275146
0.275338
0.290105
0.283406
0.282816
0.279519
0.279731
0.279620
0.280454
0.278598
0.277543
0.277093
0.278868
0.277095
0.276216
0.277377
0.276499
0.276300
0.277189
0.279123
0.290948
0.285902
0.284491
0.280658
0.279860
0.278231
0.278214
0.277369
0.273522
0.277724
0.277450
0.276573
