0.046049
0.044408
0.043061
0.042843
0.042867
0.042997
0.043051
0.041829
0.042191
0.042287
0.042622
0.043736
0.042922
0.043329
0.042999
0.042598
0.041432
0.042751
0.042886
0.042052
0.042641
0.041481
0.041877
0.041893
0.042092
0.042267
0.041959
0.041894
0.042157
0.042112
0.042257
0.042308
0.042289
0.042295
0.042260
0.042091
0.042685
0.042191
0.042271
0.042097
0.042271
0.042606
0.051953
0.058469
0.052466
0.052019
0.049738
0.049127
0.048555
0.048719
0.048338
0.048341
0.046885
0.047435
0.047966
0.047358
0.047395
0.047144
0.046342
0.045131
0.044779
0.045021
0.045558
0.045104
0.045010
0.041779
0.043209
0.042437
0.040190
0.043147
0.042740
0.043652
0.043240
0.042217
0.042721
0.041887
0.042630
0.042487
0.042524
0.042961
0.042764
0.042681
0.042667
0.042682
0.042343
0.042977
0.042756
0.042531
0.042497
0.043475
0.043828
0.044245
0.043835
0.044015
0.043641
0.041337
0.043116
0.043083
0.043193
0.042905
0.051238
0.049750
0.048165
0.046549
0.046527
0.046169
0.045828
0.046296
0.046007
0.045902
0.045348
0.045352
0.045987
0.045418
0.045297
0.044954
0.045041
0.045006
0.045223
0.045002
0.045152
0.044836
0.044932
0.043932
0.044386
0.044435
0.043618
0.043614
0.043753
0.044471
0.044243
0.043852
0.044108
0.043872
0.044774
0.044406
0.044270
0.044116
0.043760
0.041023
0.043836
0.043156
0.043172
0.041321
0.042072
0.041874
0.042586
0.042092
0.042396
0.042399
0.042452
0.042489
0.042732
0.042390
0.056841
0.058909
0.056913
0.053492
0.053849
0.055108
0.053026
0.056384
0.062243
0.058627
0.056525
0.054996
0.056537
0.055000
0.053326
0.053419
0.053122
0.052902
0.049670
0.049522
0.049317
0.048899
0.048595
0.047802
0.047939
0.048463
0.047848
0.047950
0.047955
0.047389
0.048207
0.047861
0.047321
0.047814
0.047432
0.046849
0.047705
0.047240
0.047280
0.047171
0.046868
0.047183
0.047161
0.046666
0.045998
0.046455
0.045949
0.046169
0.045938
0.045797
0.045914
0.045841
0.046157
0.045756
0.046154
0.046266
0.045956
0.045242
0.045552
0.045824
0.045741
0.045549
0.045796
0.045801
0.046149
0.045809
0.045490
0.045647
0.045623
0.045577
0.045523
0.045261
0.045635
0.045524
0.042721
0.043454
0.043359
0.042617
0.043398
0.042451
0.043070
0.042810
0.043302
0.042693
0.043028
0.043396
0.043443
0.043699
0.043320
0.043271
0.043723
0.043382
0.043062
0.043243
0.043098
0.043290
0.043770
0.042814
0.043443
0.043156
0.043217
0.043523
0.043527
0.043274
0.041048
0.043318
0.057590
0.060006
0.057257
0.061713
0.061232
0.061050
0.058474
0.056911
0.056258
0.055407
0.055072
0.054694
0.054383
0.055151
0.054389
0.053700
0.052586
0.052256
0.059239
0.058278
0.062284
0.060463
0.057503
0.056260
0.060396
0.059187
0.056785
0.055822
0.055346
0.055667
0.054968
0.053769
0.054294
0.053819
0.052338
0.052024
0.051537
0.052635
0.051783
0.051848
0.050968
0.052206
0.051888
0.051475
0.050846
0.052983
0.062138
0.057895
0.056189
0.055629
0.056107
0.055105
0.053874
0.053336
0.051415
0.051491
0.050712
0.050180
0.051661
0.061788
0.058497
0.055543
0.054571
0.061372
0.058398
0.055579
0.054289
0.053800
0.054017
0.053301
0.052943
0.053115
0.053049
0.052610
0.052566
0.052725
0.053304
0.052800
0.052524
0.052499
0.052421
0.052115
0.051719
0.051041
0.050754
0.050889
0.050838
0.050866
0.050219
0.051039
0.050611
0.051834
0.062780
0.061558
0.060206
0.058363
0.056612
0.055363
0.054641
0.054484
0.053927
0.053685
0.053485
0.053222
0.052966
0.053159
0.049650
0.050099
0.049972
0.050485
0.049936
0.049954
0.049942
0.050243
0.048947
0.049271
0.049194
0.049150
0.048246
0.048633
0.048343
0.048211
0.048112
0.048631
0.048197
0.048258
0.048393
0.048494
0.048252
0.048179
0.048458
0.048204
0.048302
0.047971
0.048248
0.048425
0.048560
0.047780
0.048148
0.046953
0.047983
0.047848
0.046680
0.047307
0.047750
0.047516
0.047283
0.046835
0.047326
0.043751
0.044301
0.044965
0.044736
0.044742
0.045203
0.045311
0.044287
0.043636
0.043918
0.043895
0.044450
0.044072
0.044259
0.044090
0.044067
0.044155
0.044344
0.044600
0.044342
0.044811
0.044381
0.044733
0.044215
0.044789
0.041826
0.043227
0.043499
0.042665
0.044154
0.043716
0.044610
0.043815
0.043723
0.044259
0.043829
0.043757
0.043111
0.043988
0.043632
0.043412
0.043191
0.043358
0.043087
0.043252
0.043301
0.043336
0.043610
0.056578
0.058058
0.057865
0.056609
0.053547
0.053222
0.052040
0.051061
0.050659
0.047570
0.048411
0.048396
0.045457
0.046794
0.046616
0.046646
0.045698
0.046217
0.045263
0.044632
0.044270
0.042497
0.044191
0.043968
0.044008
0.043669
0.045284
0.044637
0.044423
0.044088
0.043623
0.043742
0.043661
0.043927
0.043574
0.043501
0.043280
0.043445
0.043511
0.043499
0.043582
0.044529
0.044303
0.043919
0.044099
0.044128
0.043941
0.044708
0.044409
0.045215
0.042725
0.044183
0.043515
0.043807
0.043785
0.043909
0.044044
0.043657
0.043597
0.043040
0.043207
0.043940
0.043474
0.043609
0.044533
0.044674
0.043675
0.043904
0.044046
0.044168
0.044056
0.043880
0.044306
0.044074
0.042812
0.042666
0.043152
0.043461
0.043378
0.043682
0.043723
0.043959
0.044526
0.045658
0.046001
0.043987
0.044058
0.043632
0.043420
0.044366
0.044026
0.043879
0.042653
0.043275
0.043249
0.043934
0.043211
0.042860
0.043208
0.043492
0.043317
0.043402
0.043372
0.043119
0.042181
0.042866
0.043525
0.043609
0.043550
0.043572
0.043653
0.052181
0.061013
0.058563
0.056687
0.054138
0.053048
0.053226
0.051957
0.050732
0.050757
0.050279
0.050186
0.046584
0.047942
0.047426
0.048409
0.047748
0.047545
0.046757
0.047974
0.047395
0.047069
0.047291
0.047187
0.047520
0.047025
0.045811
0.047707
0.046859
0.046542
0.047208
0.046444
0.046418
0.044124
0.045128
0.045100
0.045088
0.044653
0.043362
0.043122
0.043937
0.045515
0.044256
0.044633
0.045703
0.045328
0.045412
0.044682
0.045363
0.045608
0.045258
0.044922
0.045386
0.045072
0.045514
0.045027
0.045276
0.044147
0.045619
0.045056
0.045000
0.044598
0.044898
0.045692
0.045212
0.045508
0.044718
0.045165
0.045222
0.045074
0.045282
0.045494
0.045318
0.044182
0.044139
0.044270
0.044433
0.043984
0.045035
0.045440
0.044494
0.044900
0.044824
0.044828
0.044965
0.044810
0.045200
0.044958
0.044970
0.044801
0.045229
0.044848
0.045092
0.044750
0.045572
0.044837
0.044805
0.044943
0.044625
0.045013
0.044914
0.045098
0.045066
0.044733
0.044930
0.044696
0.044815
0.044772
0.054524
0.058044
0.056619
0.055069
0.050013
0.050373
0.049056
0.048492
0.048043
0.048154
0.046961
0.046932
0.047197
0.047765
0.046947
0.046532
0.047002
0.046429
0.046452
0.046005
0.046766
0.043911
0.044717
0.044891
0.045076
0.044703
0.045158
0.045133
0.046512
0.046033
0.045257
0.045186
0.044805
0.045103
0.045147
0.045506
0.045055
0.044019
0.043840
0.043680
0.044480
0.044004
0.044383
0.040539
0.042270
0.043246
0.043086
0.043266
0.042163
0.043635
0.042680
0.043528
0.043670
0.043626
0.043731
0.043391
0.043843
0.052911
0.047087
0.046265
0.046166
0.046167
0.045778
0.045642
0.049723
0.047786
0.047152
0.047093
0.046970
0.046761
0.046238
0.045962
0.045869
0.046502
0.045688
0.045713
0.045622
0.045070
0.045185
0.045154
0.043677
0.044543
0.044289
0.044279
0.044922
0.044327
0.044393
0.044851
0.044573
0.044824
0.044762
0.044608
0.044927
0.044646
0.044316
0.044619
0.045023
0.044569
0.044651
0.044540
0.044920
0.044570
0.044472
0.044525
0.044770
0.044419
0.044980
0.044530
0.044394
0.048920
0.056817
0.056633
0.053618
0.053747
0.051950
0.051304
0.050364
0.050202
0.049522
0.049259
0.049536
0.048190
0.048238
0.048108
0.048454
0.048144
0.048574
0.048169
0.048006
0.048484
0.048372
0.047989
0.047353
0.048530
0.047997
0.048420
0.048828
0.048094
0.048394
0.047536
0.047148
0.046931
0.046853
0.046003
0.044363
0.045105
0.045127
0.045626
0.045943
0.044452
0.045269
0.045307
0.045558
0.045493
0.045939
0.045395
0.045712
0.045450
0.044685
0.045336
0.044628
0.044416
0.044289
0.044359
0.044445
0.044493
0.044453
0.044936
0.045041
0.044493
0.044974
0.044237
0.045017
0.045087
0.045016
0.044819
0.045166
0.045246
0.044765
0.041148
0.043263
0.043084
0.043041
0.043105
0.043153
0.043118
0.043548
0.043167
0.043505
0.043168
0.043554
0.043517
0.043303
0.043529
0.043418
0.043729
0.043734
0.044046
0.043783
0.042060
0.044120
0.043662
0.044242
0.043779
0.044072
0.043688
0.043964
0.044139
0.042222
0.043460
0.043379
0.043246
0.043251
0.043526
0.043214
0.043178
0.043487
0.043238
0.044286
0.061695
0.058473
0.057240
0.056657
0.053742
0.052798
0.049951
0.049400
0.049586
0.049270
0.048984
0.048892
0.048675
0.048753
0.049125
0.048770
0.048124
0.047613
0.047814
0.047984
0.047191
0.047239
0.047458
0.047241
0.047622
0.047794
0.048202
0.048234
0.047020
0.046643
0.045890
0.045934
0.045944
0.046142
0.045999
0.045435
0.045891
0.046047
0.046000
0.045769
0.046145
0.045760
0.043920
0.044589
0.044660
0.044894
0.044717
0.044891
0.044981
0.045127
0.044808
0.045380
0.044982
0.045262
0.043613
0.044455
0.044709
0.044205
0.044270
0.044361
0.043985
0.041218
0.043874
0.043439
0.043343
0.043566
0.043707
0.044208
0.043699
0.043654
0.043927
0.043732
0.043872
0.043525
0.044312
0.043815
0.044336
0.043861
0.043907
0.043870
0.044074
0.045010
0.044380
0.044597
0.044246
0.044765
0.042420
0.043875
0.043416
0.043875
0.044146
0.043357
0.044057
0.043501
0.043650
0.043732
0.043758
0.044121
0.043535
0.043603
0.043626
0.043214
0.043577
0.043728
0.043549
0.043513
0.043858
0.043886
0.044489
0.061604
0.058587
0.056048
0.053457
0.051611
0.051186
0.047913
0.048421
0.047569
0.048476
0.047694
0.047850
0.047341
0.047625
0.047557
0.047130
0.047364
0.047181
0.046742
0.047269
0.046677
0.046473
0.045909
0.045905
0.045081
0.045019
0.044810
0.043075
0.044237
0.043616
0.044042
0.043754
0.043844
0.043802
0.043796
0.043556
0.043240
0.043180
0.043035
0.043351
0.043403
0.043285
0.043380
0.043283
0.043477
0.043574
0.043675
0.043820
0.043204
0.043607
0.041019
0.043698
0.043678
0.044302
0.044107
0.043766
0.044091
0.044135
0.043886
0.044103
0.044073
0.043992
0.044457
0.042726
0.043231
0.044126
0.043745
0.044205
0.043192
0.043941
0.044217
0.044252
0.044047
0.044297
0.044404
0.043583
0.043549
0.044133
0.044119
0.041631
0.043582
0.043674
0.043503
0.044040
0.044076
0.043877
0.043623
0.043328
0.043909
0.043500
0.042855
0.042892
0.043369
0.043166
0.041989
0.043236
0.042922
0.043435
0.042710
0.042600
0.043651
0.043224
0.042832
0.043113
0.043298
0.043003
0.043496
0.043278
0.043170
0.043586
0.043272
0.052023
0.058989
0.054923
0.053800
0.053255
0.051536
0.050621
0.050422
0.049850
0.049828
0.050003
0.049602
0.049518
0.049196
0.047160
0.047116
0.047027
0.046680
0.046575
0.045994
0.046732
0.046409
0.046583
0.046557
0.046482
0.046430
0.047079
0.046840
0.047410
0.046098
0.046366
0.046581
0.044284
0.044935
0.044881
0.045267
0.044855
0.045472
0.045148
0.045422
0.045125
0.045341
0.045560
0.045143
0.045243
0.045255
0.045539
0.045530
0.045649
0.045248
0.044981
0.044722
0.044891
0.045224
0.045716
0.045673
0.045123
0.044559
0.045004
0.045175
0.045008
0.045220
0.046109
0.042888
0.044503
0.044043
0.044407
0.042720
0.044228
0.043778
0.044321
0.043874
0.043920
0.044039
0.043923
0.044671
0.044482
0.044382
0.044361
0.044179
0.044407
0.044470
0.044617
0.045272
0.044838
0.044519
0.044596
0.044759
0.044867
0.044428
0.044757
0.044404
0.044005
0.043562
0.044435
0.045804
0.044418
0.045042
0.044451
0.045281
0.044970
0.044614
0.044909
0.044505
0.044942
0.044774
0.044879
0.044687
0.044981
0.056180
0.058471
0.056816
0.055575
0.049629
0.050460
0.049189
0.049130
0.048718
0.049201
0.048305
0.048852
0.045480
0.045448
0.045026
0.045297
0.045185
0.044412
0.044187
0.043914
0.052289
0.049363
0.048742
0.047935
0.045922
0.046063
0.046416
0.046713
0.047692
0.045759
0.046351
0.046312
0.046845
0.046431
0.046397
0.046500
0.045972
0.046203
0.045020
0.044883
0.047665
0.046976
0.046171
0.046084
0.046646
0.046736
0.046029
0.045946
0.045560
0.045519
0.045377
0.045882
0.045854
0.044628
0.044241
0.044378
0.045138
0.044722
0.045060
0.045159
0.044698
0.045064
0.044815
0.045140
0.044886
0.044682
0.044825
0.045136
0.045552
0.044959
0.044999
0.044653
0.044797
0.044289
0.044935
0.044653
0.044592
0.045013
0.045652
0.042492
0.043719
0.043852
0.043579
0.043823
0.044011
0.043184
0.043977
0.043669
0.043862
0.042030
0.043651
0.043253
0.043334
0.043573
0.043417
0.042574
0.042914
0.042814
0.042911
0.042939
0.043519
0.043432
0.043283
0.042815
0.042953
0.042995
0.043983
0.043507
0.043316
0.050423
0.058918
0.056341
0.053819
0.052877
0.052838
0.052001
0.051166
0.050196
0.050022
0.049696
0.049667
0.049474
0.049175
0.049085
0.049321
0.048974
0.049035
0.048787
0.048820
0.048834
0.048648
0.048780
0.048680
0.048306
0.048686
0.048760
0.049730
0.048681
0.048629
0.048323
0.048059
0.048273
0.047828
0.048042
0.047867
0.045468
0.046235
0.046279
0.046209
0.046171
0.046471
0.046528
0.046452
0.046660
0.046779
0.046776
0.046698
0.046596
0.046595
0.046316
0.047951
0.048180
0.049051
0.054249
0.050846
0.049818
0.049646
0.050363
0.049515
0.049042
0.049030
0.049005
0.048964
0.048295
0.048407
0.048292
0.048070
0.048219
0.048234
0.048318
0.048340
0.047950
0.048081
0.047480
0.047859
0.047647
0.047667
0.047888
0.047520
0.047570
0.047522
0.047575
0.047677
0.047398
0.047441
0.047243
0.047275
0.047485
0.047138
0.047131
0.047237
0.047275
0.046898
0.046995
0.046898
0.047110
0.046864
0.046922
0.047103
0.046785
0.047011
0.046119
0.048593
0.058323
0.054779
0.054310
0.055315
0.053385
0.052041
0.051654
0.051400
0.050689
0.050714
0.049542
0.049426
0.050074
0.050358
0.050074
0.048957
0.048931
0.049192
0.048688
0.049344
0.048937
0.048589
0.048764
0.048816
0.048175
0.048188
0.049351
0.048749
0.048517
0.048581
0.048337
0.049088
0.048479
0.048457
0.048230
0.048294
0.048305
0.048559
0.048424
0.048596
0.048377
0.048294
0.047298
0.047863
0.046458
0.047491
0.047379
0.047215
0.044612
0.045981
0.046003
0.045744
0.046041
0.046331
0.046400
0.046078
0.046027
0.045866
0.045733
0.045611
0.046351
0.046211
0.045451
0.046057
0.045899
0.045805
0.046055
0.046122
0.045905
0.045927
0.045885
0.045742
0.046034
0.045979
0.045714
0.046465
0.046489
0.046261
0.045768
0.045766
0.045737
0.046003
0.046048
0.045940
0.046099
0.046147
0.046092
0.046410
0.044852
0.045736
0.045226
0.045746
0.044328
0.045424
0.045047
0.045288
0.045413
0.046047
0.046019
0.045370
0.045504
0.045489
0.045435
0.045675
0.045677
0.063038
0.061245
0.058856
0.058317
0.055827
0.054105
0.053543
0.052625
0.052999
0.052376
0.052432
0.051973
0.052534
0.050264
0.050667
0.050003
0.050625
0.049198
0.049360
0.048853
0.045950
0.047184
0.046994
0.047083
0.047664
0.047878
0.046899
0.047162
0.046770
0.046695
0.046739
0.046689
0.046967
0.047226
0.044403
0.045057
0.044465
0.045565
0.044700
0.045057
0.045045
0.045019
0.044815
0.045309
0.044828
0.044572
0.044847
0.044860
0.044761
0.044974
0.044839
0.044473
0.044235
0.044342
0.044422
0.044992
0.043755
0.044028
0.043611
0.043821
0.045688
0.044844
0.045047
0.044361
0.044891
0.044815
0.044745
0.044552
0.044724
0.043774
0.043844
0.044015
0.043772
0.043938
0.043462
0.043861
0.043936
0.043388
0.042967
0.043310
0.043963
0.043593
0.044102
0.043631
0.042966
0.042060
0.043456
0.043702
0.043449
0.043135
0.043788
0.043964
0.043784
0.044151
0.043615
0.043367
0.043419
0.043727
0.043833
0.043658
0.043776
0.044121
0.043568
0.043590
0.044330
0.043988
0.043620
0.043474
0.058801
0.057825
0.055873
0.054580
0.052548
0.050996
0.050802
0.050097
0.049587
0.049712
0.049510
0.049609
0.048751
0.049097
0.049830
0.049005
0.048523
0.048621
0.048658
0.048217
0.048173
0.048388
0.048282
0.047771
0.047612
0.048049
0.048280
0.047648
0.046787
0.046874
0.046001
0.046077
0.045676
0.045454
0.043544
0.044837
0.044971
0.044927
0.044726
0.044911
0.044929
0.045334
0.045340
0.045046
0.044743
0.045208
0.045230
0.044893
0.044840
0.044682
0.044847
0.044816
0.045071
0.043927
0.044629
0.044408
0.044805
0.045152
0.044785
0.044857
0.044753
0.044827
0.044803
0.045282
0.044868
0.045067
0.045128
0.045793
0.045033
0.045535
0.045218
0.045010
0.044965
0.043236
0.044768
0.044706
0.044702
0.044442
0.044718
0.044619
0.045144
0.044841
0.044710
0.044746
0.045010
0.044949
0.044767
0.044683
0.044565
0.044828
0.043563
0.044515
0.044663
0.043990
0.044006
0.041968
0.044036
0.043535
0.043852
0.043613
0.043571
0.044238
0.044006
0.044867
0.044231
0.041156
0.042722
0.042002
0.053688
0.061636
0.058047
0.056312
0.056066
0.055002
0.053465
0.053212
0.052240
0.052319
0.051423
0.051061
0.050899
0.049877
0.050217
0.049834
0.049135
0.049109
0.049127
0.049430
0.048722
0.049055
0.049068
0.049171
0.049417
0.049332
0.050329
0.047076
0.047251
0.047459
0.047331
0.047167
0.046925
0.045432
0.045059
0.045561
0.045476
0.045544
0.045506
0.045388
0.045770
0.045734
0.045548
0.045110
0.045856
0.045582
0.045558
0.042806
0.044221
0.044235
0.044427
0.044437
0.044078
0.044271
0.044237
0.044574
0.044700
0.043936
0.045176
0.044087
0.044643
0.045776
0.045319
0.044998
0.043581
0.044712
0.044657
0.045074
0.044668
0.045094
0.044499
0.044895
0.044736
0.044737
0.044623
0.044618
0.044745
0.044550
0.045178
0.044854
0.045062
0.045732
0.045448
0.044986
0.045067
0.045414
0.044780
0.045214
0.044931
0.045208
0.044756
0.041780
0.044354
0.044366
0.044398
0.043828
0.044369
0.044054
0.043342
0.044107
0.042906
0.043651
0.043897
0.044497
0.043934
0.044336
0.043992
0.045938
0.062433
0.060323
0.058288
0.054762
0.053969
0.052814
0.052331
0.051410
0.051249
0.047916
0.048728
0.047952
0.048044
0.047825
0.047929
0.047621
0.046744
0.047050
0.046803
0.046988
0.046767
0.046840
0.046866
0.047123
0.046641
0.046834
0.044631
0.046300
0.045302
0.045369
0.045425
0.045447
0.045443
0.045424
0.045612
0.045273
0.045563
0.045778
0.045740
0.045399
0.045778
0.045841
0.042769
0.045243
0.045625
0.045125
0.044947
0.044905
0.044352
0.044685
0.044585
0.044911
0.044930
0.044777
0.045088
0.044920
0.045112
0.045340
0.045466
0.045282
0.045342
0.043956
0.044408
0.045066
0.044530
0.044864
0.044772
0.045033
0.044852
0.044791
0.044408
0.044533
0.044671
0.044370
0.044523
0.044427
0.044871
0.044517
0.046121
0.045100
0.044953
0.045048
0.045610
0.044952
0.044867
0.045010
0.044771
0.045211
0.045070
0.045170
0.045202
0.044957
0.045279
0.044622
0.045278
0.044788
0.045047
0.044818
0.044942
0.042419
0.044408
0.044130
0.044138
0.044639
0.044852
0.044657
0.044028
0.044783
0.060885
0.061043
0.057514
0.058236
0.054894
0.053521
0.053027
0.052533
0.051836
0.051962
0.052140
0.051313
0.050970
0.050695
0.051123
0.051014
0.050448
0.050224
0.050399
0.050435
0.050425
0.050099
0.050503
0.050364
0.051023
0.051981
