0.002020
0.001492
0.001479
0.001441
0.001441
0.001427
0.001392
0.001396
0.001373
0.001350
0.001355
0.001323
0.001308
0.001311
0.001256
0.001239
0.001234
0.001237
0.001204
0.001202
0.001212
0.001179
0.001174
0.001177
0.001159
0.001148
0.001144
0.001148
0.001146
0.001148
0.001153
0.001135
0.001124
0.001124
0.001127
0.001101
0.001102
0.001134
0.001156
0.001101
0.001100
0.001142
0.001114
0.001101
0.001097
0.001104
0.001101
0.001100
0.001105
0.001104
0.001100
0.001099
0.001104
0.001101
0.001100
0.001103
0.001099
0.001100
0.001100
0.001104
0.001100
0.001100
0.001099
0.001103
0.001099
0.001102
0.001101
0.001099
0.001100
0.001100
0.001106
0.001101
0.001100
0.001098
0.001102
0.001102
0.001100
0.001104
0.001099
0.001099
0.001101
0.001104
0.001100
0.001099
0.001098
0.001102
0.001100
0.001100
0.001102
0.001101
0.001102
0.001101
0.001102
0.001102
0.001097
0.001125
0.001120
0.001102
0.001102
0.001103
0.001099
0.001100
0.001100
0.001101
0.001100
0.001099
0.001102
0.001100
0.001101
0.001100
0.001102
0.001100
0.001102
0.001100
0.001101
0.001101
0.001099
0.001101
0.001100
0.001099
0.001099
0.001102
0.001101
0.001098
0.001104
0.001100
0.001098
0.001100
0.001099
0.001100
0.001098
0.001099
0.001104
0.001100
0.001100
0.001100
0.001103
0.001101
0.001100
0.001102
0.001101
0.001101
0.001100
0.001102
0.001100
0.001100
0.001103
0.001101
0.001102
0.001098
0.001103
0.001101
0.001097
0.001100
0.001103
0.001099
0.001101
0.001106
0.001100
0.001100
0.001099
0.001104
0.001101
0.001099
0.001105
0.001100
0.001100
0.001100
0.001103
0.001101
0.001102
0.001101
0.001102
0.001100
0.001100
0.001103
0.001098
0.001100
0.001099
0.001102
0.001102
0.001101
0.001098
0.001104
0.001100
0.001099
0.001101
0.001100
0.001101
0.001100
0.001102
0.001100
0.001100
0.001102
0.001103
0.001102
0.001102
0.001105
0.001100
0.001099
0.001100
0.001103
0.001102
0.001100
0.001105
0.001102
0.001099
0.001099
0.001102
0.001101
0.001102
0.001099
0.001102
0.001102
0.001101
0.001102
0.001102
0.001101
0.001102
0.001101
0.001099
0.001100
0.001099
0.001103
0.001099
0.001102
0.001102
0.001099
0.001100
0.001099
0.001102
0.001100
0.001102
0.001103
0.001097
0.001101
0.001102
0.001102
0.001100
0.001100
0.001100
0.001102
0.001100
0.001099
0.001102
0.001100
0.001099
0.001101
0.001104
0.001101
0.001101
0.001101
0.001104
0.001100
0.001100
0.001101
0.001102
0.001097
0.001100
0.001105
0.001150
0.001139
0.001102
0.001102
0.001102
0.001102
0.001105
0.001103
0.001100
0.001101
0.001100
0.001101
0.001099
0.001103
0.001100
0.001103
0.001103
0.001103
0.001099
0.001099
0.001102
0.001102
0.001102
0.001103
0.001102
0.001101
0.001101
0.001101
0.001101
0.001099
0.001099
0.001102
0.001098
0.001099
0.001099
0.001102
0.001101
0.001100
0.001101
0.001103
0.001101
0.001100
0.001100
0.001102
0.001101
0.001100
0.001105
0.001101
0.001103
0.001098
0.001103
0.001101
0.001100
0.001104
0.001101
0.001100
0.001101
0.001103
0.001101
0.001101
0.001102
0.001102
0.001099
0.001099
0.001102
0.001100
0.001104
0.001099
0.001102
0.001102
0.001101
0.001103
0.001102
0.001102
0.001101
0.001106
0.001098
0.001102
0.001098
0.001101
0.001101
0.001100
0.001102
0.001099
0.001102
0.001099
0.001105
0.001101
0.001101
0.001098
0.001104
0.001102
0.001100
0.001102
0.001101
0.001100
0.001102
0.001104
0.001101
0.001100
0.001101
0.001101
0.001099
0.001099
0.001101
0.001100
0.001100
0.001099
0.001103
0.001102
0.001101
0.001104
0.001100
0.001101
0.001099
0.001104
0.001100
0.001100
0.001098
0.001103
0.001100
0.001100
0.001104
0.001101
0.001099
0.001099
0.001103
0.001100
0.001100
0.001103
0.001103
0.001102
0.001101
0.001102
0.001101
0.001101
0.001101
0.001104
0.001102
0.001099
0.001102
0.001101
0.001099
0.001101
0.001103
0.001100
0.001100
0.001101
0.001103
0.001101
0.001097
0.001102
0.001100
0.001102
0.001100
0.001101
0.001102
0.001099
0.001099
0.001104
0.001099
0.001100
0.001103
0.001100
0.001104
0.001101
0.001101
0.001099
0.001100
0.001104
0.001099
0.001101
0.001101
0.001103
0.001100
0.001101
0.001099
0.001103
0.001103
0.001102
0.001101
0.001100
0.001102
0.001099
0.001104
0.001101
0.001102
0.001104
0.001104
0.001099
0.001102
0.001106
0.001100
0.001099
0.001099
0.001105
0.001101
0.001101
0.001104
0.001100
0.001101
0.001099
0.001103
0.001100
0.001102
0.001100
0.001104
0.001101
0.001099
0.001104
0.001099
0.001099
0.001101
0.001103
0.001101
0.001099
0.001099
0.001104
0.001103
0.001103
0.001106
0.001101
0.001116
0.001149
0.001121
0.001101
0.001100
0.001103
0.001101
0.001101
0.001099
0.001099
0.001100
0.001102
0.001102
0.001105
0.001100
0.001101
0.001102
0.001101
0.001102
0.001099
0.001101
0.001100
0.001101
0.001100
0.001104
0.001101
0.001099
0.001101
0.001100
0.001101
0.001098
0.001103
0.001101
0.001101
0.001105
0.001100
0.001102
0.001101
0.001104
0.001100
0.001103
0.001100
0.001103
0.001099
0.001102
0.001102
0.001101
0.001102
0.001099
0.001102
0.001101
0.001100
0.001101
0.001104
0.001101
0.001101
0.001105
0.001101
0.001098
0.001101
0.001106
0.001099
0.001101
0.001103
0.001101
0.001104
0.001102
0.001104
0.001100
0.001099
0.001099
0.001101
0.001100
0.001101
0.001104
0.001100
0.001100
0.001100
0.001105
0.001098
0.001101
0.001101
0.001100
0.001100
0.001100
0.001104
0.001099
0.001099
0.001100
0.001103
0.001100
0.001100
0.001099
0.001103
0.001102
0.001100
0.001105
0.001098
0.001100
0.001100
0.001104
0.001099
0.001100
0.001104
0.001104
0.001102
0.001102
0.001101
0.001101
0.001099
0.001098
0.001103
0.001102
0.001101
0.001103
0.001101
0.001102
0.001099
0.001102
0.001101
0.001100
0.001101
0.001103
0.001099
0.001100
0.001103
0.001101
0.001100
0.001101
0.001104
0.001099
0.001100
0.001106
0.001099
0.001102
0.001100
0.001102
0.001101
0.001100
0.001098
0.001101
0.001098
0.001099
0.001104
0.001097
0.001101
0.001100
0.001103
0.001102
0.001101
0.001103
0.001103
0.001098
0.001100
0.001102
0.001098
0.001099
0.001101
0.001103
0.001100
0.001100
0.001101
0.001102
0.001100
0.001099
0.001105
0.001102
0.001100
0.001098
0.001106
0.001100
0.001101
0.001102
0.001100
0.001101
0.001102
0.001104
0.001099
0.001100
0.001100
0.001101
0.001101
0.001101
0.001101
0.001100
0.001102
0.001102
0.001107
0.001101
0.001100
0.001100
0.001104
0.001102
0.001099
0.001102
0.001099
0.001099
0.001100
0.001102
0.001100
0.001102
0.001102
0.001099
0.001098
0.001099
0.001104
0.001100
0.001097
0.001100
0.001101
0.001099
0.001100
0.001105
0.001102
0.001097
0.001100
0.001101
0.001100
0.001102
0.001099
0.001150
0.001145
0.001158
0.001172
0.001177
0.001100
0.001100
0.001102
0.001140
0.001148
0.001143
0.001098
0.001139
0.001136
0.001101
0.001100
0.001101
0.001134
0.001147
0.001147
0.001099
0.001104
0.001101
0.001100
0.001105
0.001101
0.001121
0.001146
0.001150
0.001138
0.001102
0.001101
0.001103
0.001099
0.001099
0.001102
0.001101
0.001101
0.001101
0.001105
0.001100
0.001102
0.001101
0.001105
0.001101
0.001102
0.001105
0.001099
0.001101
0.001100
0.001104
0.001101
0.001100
0.001104
0.001100
0.001102
0.001101
0.001104
0.001100
0.001102
0.001101
0.001101
0.001100
0.001102
0.001105
0.001101
0.001100
0.001100
0.001104
0.001100
0.001101
0.001102
0.001103
0.001099
0.001099
0.001102
0.001102
0.001099
0.001100
0.001099
0.001102
0.001101
0.001103
0.001100
0.001101
0.001099
0.001102
0.001101
0.001100
0.001100
0.001102
0.001101
0.001100
0.001103
0.001102
0.001101
0.001099
0.001102
0.001099
0.001100
0.001097
0.001103
0.001103
0.001100
0.001117
0.001102
0.001101
0.001102
0.001102
0.001101
0.001101
0.001105
0.001099
0.001103
0.001102
0.001102
0.001100
0.001100
0.001103
0.001104
0.001099
0.001102
0.001102
0.001101
0.001103
0.001103
0.001101
0.001098
0.001102
0.001100
0.001104
0.001099
0.001102
0.001102
0.001100
0.001098
0.001100
0.001103
0.001100
0.001101
0.001103
0.001104
0.001101
0.001102
0.001102
0.001101
0.001100
0.001101
0.001103
0.001101
0.001101
0.001104
0.001103
0.001102
0.001100
0.001134
0.001101
0.001100
0.001100
0.001103
0.001101
0.001102
0.001129
0.001148
0.001099
0.001101
0.001103
0.001101
0.001099
0.001102
0.001099
0.001100
0.001100
0.001138
0.001140
0.001100
0.001099
0.001104
0.001102
0.001101
0.001102
0.001099
0.001101
0.001100
0.001103
0.001102
0.001099
0.001100
0.001103
0.001100
0.001100
0.001103
0.001099
0.001099
0.001102
0.001104
0.001101
0.001102
0.001103
0.001099
0.001099
0.001101
0.001103
0.001100
0.001099
0.001098
0.001101
0.001102
0.001101
0.001102
0.001102
0.001101
0.001100
0.001103
0.001102
0.001102
0.001100
0.001102
0.001103
0.001098
0.001103
0.001099
0.001101
0.001099
0.001104
0.001136
0.001194
0.001103
0.001101
0.001098
0.001100
0.001102
0.001099
0.001103
0.001102
0.001149
0.001101
0.001100
0.001104
0.001101
0.001100
0.001100
0.001102
0.001102
0.001100
0.001104
0.001099
0.001098
0.001102
0.001100
0.001102
0.001101
0.001101
0.001102
0.001102
0.001102
0.001103
0.001102
0.001099
0.001098
0.001101
0.001098
0.001100
0.001100
0.001104
0.001099
0.001101
0.001104
0.001101
0.001103
0.001098
0.001103
0.001101
0.001101
0.001100
0.001105
0.001101
0.001100
0.001101
0.001099
0.001101
0.001101
0.001104
0.001100
0.001101
0.001104
0.001100
0.001100
0.001103
0.001105
0.001102
0.001101
0.001100
0.001104
0.001099
0.001099
0.001105
0.001102
0.001100
0.001102
0.001103
0.001102
0.001099
0.001100
0.001102
0.001102
0.001099
0.001101
0.001100
0.001103
0.001099
0.001102
0.001101
0.001099
0.001101
0.001102
0.001099
0.001100
0.001104
0.001100
0.001099
0.001101
0.001103
0.001101
0.001101
0.001105
0.001099
0.001101
0.001099
0.001103
0.001100
0.001099
0.001100
0.001102
0.001103
0.001100
0.001102
0.001100
0.001101
0.001102
0.001105
0.001101
0.001103
0.001103
0.001102
0.001099
0.001100
0.001101
0.001101
0.001099
0.001102
0.001105
0.001102
0.001099
0.001103
0.001099
0.001098
0.001099
0.001103
0.001098
0.001100
0.001102
0.001103
0.001099
0.001101
0.001104
0.001102
0.001099
0.001102
0.001104
0.001100
0.001101
0.001100
0.001104
0.001101
0.001100
0.001102
0.001102
0.001099
0.001100
0.001101
0.001099
0.001101
0.001102
0.001102
0.001102
0.001099
0.001102
0.001099
0.001100
0.001099
0.001102
0.001099
0.001100
0.001103
0.001099
0.001098
0.001098
0.001104
0.001098
0.001103
0.001101
0.001103
0.001101
0.001101
0.001101
0.001102
0.001099
0.001099
0.001105
0.001102
0.001101
0.001100
0.001105
0.001100
0.001101
0.001102
0.001103
0.001100
0.001105
0.001101
0.001101
0.001100
0.001106
0.001102
0.001102
0.001100
0.001103
0.001099
0.001099
0.001099
0.001104
0.001098
0.001100
0.001103
0.001133
0.001097
0.001100
0.001103
0.001102
0.001102
0.001101
0.001102
0.001101
0.001102
0.001105
0.001103
0.001101
0.001157
0.001130
0.001098
0.001099
0.001104
0.001100
0.001100
0.001103
0.001103
0.001100
0.001101
0.001100
0.001103
0.001100
0.001101
0.001103
0.001103
0.001099
0.001103
0.001104
0.001098
0.001102
0.001102
0.001101
0.001100
0.001098
0.001102
0.001100
0.001100
0.001101
0.001101
0.001101
0.001099
0.001106
0.001100
0.001100
0.001098
0.001101
0.001099
0.001102
0.001099
0.001103
0.001099
0.001098
0.001102
0.001101
0.001099
0.001101
0.001103
0.001101
0.001099
0.001099
0.001102
0.001102
0.001102
0.001102
0.001102
0.001100
0.001098
0.001102
0.001103
0.001103
0.001104
0.001100
0.001099
0.001101
0.001102
0.001101
0.001102
0.001100
0.001106
0.001100
0.001100
0.001103
0.001100
0.001100
0.001099
0.001103
0.001100
0.001101
0.001100
0.001105
0.001101
0.001100
0.001103
0.001100
0.001101
0.001101
0.001103
0.001100
0.001101
0.001104
0.001101
0.001100
0.001100
0.001103
0.001101
0.001101
0.001100
0.001102
0.001102
0.001099
0.001103
0.001101
0.001101
0.001101
0.001102
0.001099
0.001100
0.001102
0.001103
0.001100
0.001101
0.001104
0.001100
0.001099
0.001099
0.001106
0.001100
0.001101
0.001099
0.001100
0.001100
0.001101
0.001103
0.001100
0.001100
0.001100
0.001103
0.001099
0.001099
0.001104
0.001099
0.001099
0.001100
0.001105
0.001100
0.001101
0.001098
0.001102
0.001100
0.001099
0.001106
0.001101
0.001098
0.001099
0.001103
0.001102
0.001101
0.001100
0.001102
0.001099
0.001099
0.001101
0.001098
0.001099
0.001099
0.001102
0.001102
0.001100
0.001118
0.001122
0.001101
0.001100
0.001101
0.001100
0.001100
0.001102
0.001103
0.001100
0.001101
0.001104
0.001099
0.001102
0.001101
0.001102
0.001100
0.001101
0.001101
0.001104
0.001102
0.001098
0.001101
0.001099
0.001099
0.001099
0.001105
0.001101
0.001100
0.001099
0.001101
0.001101
0.001098
0.001102
0.001099
0.001101
0.001099
0.001105
0.001101
0.001103
0.001102
0.001100
0.001101
0.001100
0.001103
0.001098
0.001102
0.001100
0.001103
0.001100
0.001099
0.001103
0.001100
0.001100
0.001102
0.001105
0.001101
0.001101
0.001100
0.001104
0.001100
0.001100
0.001130
0.001184
0.001117
0.001099
0.001104
0.001097
0.001098
0.001103
0.001100
0.001101
0.001137
0.001103
0.001100
0.001102
0.001100
0.001105
0.001101
0.001101
0.001103
0.001100
0.001100
0.001100
0.001103
0.001100
0.001102
0.001113
0.001101
0.001104
0.001101
0.001105
0.001099
0.001101
0.001100
0.001103
0.001099
0.001101
0.001104
0.001100
0.001100
0.001101
0.001105
0.001101
0.001101
0.001101
0.001102
0.001100
0.001099
0.001103
0.001103
0.001099
0.001099
0.001103
0.001101
0.001101
0.001101
0.001147
0.001114
0.001099
0.001105
0.001099
0.001100
0.001102
0.001104
0.001102
0.001101
0.001102
0.001101
0.001100
0.001101
0.001102
0.001101
0.001102
0.001101
0.001102
0.001101
0.001102
0.001103
0.001100
0.001102
0.001099
0.001101
0.001103
0.001103
0.001106
0.001102
0.001102
0.001100
0.001104
0.001099
0.001100
0.001101
0.001102
0.001100
0.001101
0.001106
0.001102
0.001102
0.001100
0.001104
0.001100
0.001103
0.001102
0.001103
0.001101
0.001100
0.001103
0.001100
0.001101
0.001103
0.001104
0.001101
0.001101
0.001100
0.001101
0.001099
0.001101
0.001103
0.001099
0.001102
0.001099
0.001103
0.001100
0.001103
0.001101
0.001099
0.001099
0.001100
0.001102
0.001102
0.001101
0.001100
0.001103
0.001099
0.001098
0.001102
0.001100
0.001103
0.001100
0.001103
0.001101
0.001099
0.001100
0.001103
0.001099
0.001101
0.001101
0.001102
0.001102
0.001100
0.001104
0.001102
0.001099
0.001102
0.001098
0.001101
0.001101
0.001104
0.001099
0.001101
0.001102
0.001102
0.001101
0.001101
0.001105
0.001103
0.001100
0.001100
0.001104
0.001100
0.001100
0.001097
0.001103
0.001101
0.001100
0.001105
0.001099
0.001097
0.001097
0.001102
0.001099
0.001101
0.001100
0.001100
0.001101
0.001101
0.001104
0.001101
0.001100
0.001101
0.001103
0.001100
0.001100
0.001103
0.001101
0.001101
0.001101
0.001103
0.001098
0.001101
0.001102
0.001162
0.001121
0.001100
0.001110
0.001100
0.001099
0.001102
0.001103
0.001099
0.001100
0.001104
0.001098
0.001101
0.001100
0.001104
0.001103
0.001099
0.001100
0.001103
0.001102
0.001100
0.001103
0.001100
0.001152
0.001135
0.001103
0.001101
0.001100
0.001100
0.001104
0.001102
0.001102
0.001105
0.001099
0.001100
0.001099
0.001103
0.001100
0.001099
0.001104
0.001100
0.001103
0.001100
0.001103
0.001102
0.001101
0.001101
0.001104
0.001100
0.001100
0.001105
0.001103
0.001100
0.001102
0.001101
0.001103
0.001099
0.001101
0.001102
0.001102
0.001099
0.001105
0.001100
0.001101
0.001099
0.001102
0.001102
0.001099
0.001102
0.001098
0.001101
0.001099
0.001102
0.001099
0.001099
0.001099
0.001102
0.001100
0.001102
0.001103
0.001098
0.001100
0.001098
0.001105
0.001098
0.001102
0.001101
0.001103
0.001101
0.001100
0.001104
0.001103
0.001099
0.001101
0.001102
0.001100
0.001100
0.001101
0.001102
0.001100
0.001099
0.001106
0.001098
0.001100
0.001101
0.001102
0.001099
0.001099
0.001105
0.001102
0.001100
0.001101
0.001103
0.001099
0.001097
0.001097
0.001101
0.001100
0.001100
0.001105
0.001099
0.001101
0.001099
0.001106
0.001102
0.001099
0.001100
0.001104
0.001100
0.001099
0.001104
0.001101
0.001100
0.001099
0.001102
0.001100
0.001101
0.001104
0.001100
0.001099
0.001101
0.001103
0.001101
0.001100
0.001101
0.001105
0.001100
0.001101
0.001103
0.001101
0.001103
0.001100
0.001104
0.001101
0.001102
0.001100
0.001104
0.001101
0.001098
0.001100
0.001099
0.001101
0.001101
0.001103
0.001100
0.001099
0.001100
0.001104
0.001099
0.001099
0.001102
0.001102
0.001100
0.001101
0.001132
0.001100
0.001101
0.001103
0.001102
0.001100
0.001102
0.001141
0.001136
0.001101
0.001101
0.001105
0.001100
0.001101
0.001105
0.001102
0.001099
0.001099
0.001105
0.001099
0.001100
0.001103
0.001101
0.001101
0.001101
0.001102
0.001102
0.001102
0.001101
0.001103
0.001101
0.001102
0.001102
0.001101
0.001099
0.001102
0.001105
0.001102
0.001100
0.001100
0.001104
0.001100
0.001100
0.001104
0.001099
0.001102
0.001100
0.001104
0.001101
0.001101
0.001098
0.001104
0.001099
0.001101
0.001101
0.001101
0.001103
0.001102
0.001121
0.001100
0.001147
0.001146
0.001173
0.001160
0.001161
0.001163
0.001122
0.001106
0.001198
0.001180
0.001181
0.001167
0.001179
0.001117
0.001149
0.001213
0.001201
0.001153
0.001101
0.001218
0.001182
0.001101
0.001204
0.001167
0.001147
0.001168
0.001121
0.001095
0.001181
0.001216
0.001195
0.001176
0.001203
0.001208
0.001148
0.001148
0.001216
0.001178
0.001147
0.001191
0.001200
0.001102
0.001167
0.001218
0.001125
0.001149
0.001198
0.001180
0.001150
0.001182
0.001204
0.001101
0.001162
0.001211
0.001176
0.001149
0.001189
0.001195
0.001176
0.001218
0.001192
0.001142
0.001135
0.001183
0.001253
0.001219
0.001218
0.001172
0.001101
0.001101
0.001198
0.001138
0.001102
0.001132
0.001143
0.001101
0.001156
0.001178
0.001174
0.001124
0.001145
0.001182
0.001115
0.001121
0.001159
0.001127
0.001148
0.001156
0.001148
0.001101
0.001101
0.001145
0.001138
0.001146
0.001153
0.001150
0.001150
0.001145
0.001151
0.001146
0.001131
0.001152
0.001136
0.001147
0.001149
0.001152
0.001148
0.001148
0.001154
0.001148
0.001150
0.001146
0.001151
0.001149
0.001149
0.001152
0.001147
0.001148
0.001146
0.001152
0.001149
0.001149
0.001133
0.001147
0.001133
0.001146
0.001149
0.001146
0.001148
0.001152
0.001147
0.001149
0.001147
0.001152
0.001121
0.001159
0.001158
0.001148
0.001146
0.001146
0.001151
0.001146
0.001147
0.001147
0.001135
0.001140
0.001140
0.001149
0.001149
0.001131
0.001153
0.001125
0.001149
0.001149
0.001154
0.001148
0.001148
0.001151
0.001149
0.001149
0.001154
0.001149
0.001146
0.001146
0.001152
0.001148
0.001147
0.001154
0.001145
0.001150
0.001146
0.001151
0.001148
0.001148
0.001151
0.001149
0.001148
0.001154
0.001133
0.001147
0.001134
0.001153
0.001149
0.001148
0.001146
0.001153
0.001148
0.001148
0.001129
0.001155
0.001123
0.001157
0.001152
0.001158
