0.010110
0.006954
0.006778
0.006727
0.006726
0.006746
0.006738
0.006715
0.006651
0.006638
0.006655
0.006637
0.006639
0.006671
0.006634
0.006652
0.006617
0.006618
0.006641
0.006623
0.006697
0.006639
0.006618
0.006635
0.006641
0.006634
0.006647
0.006635
0.006640
0.006639
0.006633
0.006631
0.006629
0.006656
0.006699
0.006630
0.006455
0.006407
0.006516
0.006405
0.006409
0.006400
0.006410
0.006398
0.006401
0.006407
0.006408
0.006397
0.006399
0.006406
0.006412
0.006412
0.006398
0.006411
0.006401
0.006393
0.006396
0.006413
0.006407
0.006402
0.006405
0.006404
0.006399
0.006401
0.006397
0.006399
0.006412
0.006417
0.006404
0.006408
0.006406
0.006397
0.006402
0.006410
0.006399
0.006408
0.006436
0.006439
0.006400
0.006406
0.006398
0.006402
0.006401
0.006399
0.006401
0.006396
0.006413
0.006398
0.006417
0.006394
0.006395
0.006412
0.006401
0.006413
0.006393
0.006411
0.006406
0.006404
0.006403
0.006402
0.006390
0.006408
0.006394
0.006405
0.006398
0.006395
0.006407
0.006414
0.006539
0.006398
0.006404
0.006411
0.006392
0.006399
0.006395
0.006503
0.006415
0.006400
0.006398
0.006467
0.006413
0.006402
0.006402
0.006397
0.006398
0.006388
0.006397
0.006400
0.006409
0.006406
0.006390
0.006398
0.006407
0.006488
0.006478
0.006565
0.006517
0.006390
0.006529
0.006467
0.006395
0.006411
0.006404
0.006469
0.006442
0.006408
0.006467
0.006396
0.006472
0.006463
0.006468
0.006401
0.006409
0.006473
0.006396
0.006406
0.006410
0.006391
0.006400
0.006399
0.006404
0.006396
0.006407
0.006404
0.006410
0.006400
0.006397
0.006403
0.006416
0.006539
0.006400
0.006406
0.006404
0.006407
0.006398
0.006399
0.006412
0.006404
0.006409
0.006396
0.006402
0.006407
0.006406
0.006398
0.006399
0.006405
0.006408
0.006410
0.006398
0.006396
0.006396
0.006479
0.006405
0.006409
0.006399
0.006399
0.006408
0.006401
0.006387
0.006404
0.006410
0.006408
0.006409
0.006403
0.006398
0.006395
0.006401
0.006401
0.006393
0.006408
0.006403
0.006403
0.006408
0.006397
0.006391
0.006389
0.006394
0.006397
0.006404
0.006401
0.006396
0.006408
0.006406
0.006396
0.006399
0.006414
0.006411
0.006405
0.006393
0.006421
0.006463
0.006428
0.006391
0.006399
0.006464
0.006402
0.006397
0.006408
0.006406
0.006568
0.006411
0.006397
0.006391
0.006397
0.006405
0.006402
0.006389
0.006394
0.006387
0.006407
0.006396
0.006412
0.006401
0.006406
0.006400
0.006403
0.006408
0.006404
0.006414
0.006405
0.006398
0.006390
0.006461
0.006423
0.006412
0.006396
0.006402
0.006405
0.006475
0.006459
0.006397
0.006398
0.006405
0.006404
0.006398
0.006404
0.006394
0.006405
0.006403
0.006406
0.006413
0.006396
0.006413
0.006402
0.006392
0.006410
0.006401
0.006410
0.006397
0.006403
0.006400
0.006398
0.006412
0.006399
0.006467
0.006395
0.006391
0.006395
0.006402
0.006422
0.006404
0.006398
0.006393
0.006397
0.006407
0.006405
0.006472
0.006491
0.006436
0.006403
0.006401
0.006405
0.006403
0.006401
0.006392
0.006401
0.006404
0.006413
0.006393
0.006399
0.006410
0.006393
0.006398
0.006400
0.006402
0.006415
0.006402
0.006395
0.006394
0.006415
0.006409
0.006403
0.006405
0.006414
0.006410
0.006398
0.006398
0.006397
0.006404
0.006393
0.006404
0.006395
0.006394
0.006402
0.006451
0.006413
0.006440
0.006412
0.006428
0.006394
0.006407
0.006403
0.006413
0.006401
0.006394
0.006402
0.006396
0.006407
0.006396
0.006402
0.006404
0.006402
0.006399
0.006410
0.006396
0.006399
0.006396
0.006402
0.006409
0.006406
0.006399
0.006397
0.006408
0.006427
0.006421
0.006410
0.006406
0.006402
0.006400
0.006407
0.006408
0.006401
0.006428
0.006484
0.006465
0.006498
0.006404
0.006408
0.006441
0.006425
0.006403
0.006401
0.006400
0.006415
0.006405
0.006406
0.006395
0.006405
0.006409
0.006399
0.006402
0.006399
0.006400
0.006413
0.006404
0.006393
0.006395
0.006398
0.006404
0.006400
0.006403
0.006410
0.006400
0.006405
0.006403
0.006390
0.006396
0.006400
0.006416
0.006404
0.006411
0.006495
0.006409
0.006408
0.006390
0.006394
0.006395
0.006395
0.006390
0.006396
0.006404
0.006409
0.006386
0.006404
0.006399
0.006404
0.006425
0.006401
0.006402
0.006409
0.006405
0.006407
0.006404
0.006404
0.006391
0.006411
0.006398
0.006402
0.006399
0.006405
0.006405
0.006398
0.006399
0.006412
0.006403
0.006413
0.006399
0.006399
0.006399
0.006539
0.006399
0.006451
0.006409
0.006394
0.006465
0.006412
0.006402
0.006401
0.006449
0.006406
0.006395
0.006401
0.006401
0.006411
0.006390
0.006411
0.006399
0.006388
0.006406
0.006398
0.006394
0.006405
0.006399
0.006397
0.006402
0.006395
0.006405
0.006395
0.006416
0.006408
0.006393
0.006409
0.006398
0.006474
0.006398
0.006395
0.006401
0.006412
0.006460
0.006399
0.006406
0.006411
0.006402
0.006468
0.006399
0.006390
0.006405
0.006399
0.006402
0.006396
0.006401
0.006409
0.006406
0.006405
0.006411
0.006410
0.006393
0.006398
0.006399
0.006403
0.006393
0.006400
0.006392
0.006424
0.006402
0.006399
0.006397
0.006414
0.006400
0.006407
0.006407
0.006396
0.006407
0.006477
0.006402
0.006398
0.006508
0.006433
0.006407
0.006411
0.006388
0.006412
0.006393
0.006399
0.006402
0.006404
0.006408
0.006395
0.006419
0.006392
0.006396
0.006408
0.006404
0.006405
0.006406
0.006397
0.006413
0.006404
0.006396
0.006401
0.006392
0.006397
0.006402
0.006401
0.006416
0.006390
0.006410
0.006405
0.006405
0.006412
0.006401
0.006409
0.006406
0.006411
0.006483
0.006437
0.006473
0.006394
0.006397
0.006401
0.006400
0.006397
0.006401
0.006395
0.006407
0.006407
0.006404
0.006401
0.006398
0.006409
0.006408
0.006406
0.006411
0.006401
0.006394
0.006403
0.006408
0.006402
0.006428
0.006402
0.006389
0.006395
0.006408
0.006414
0.006412
0.006394
0.006414
0.006398
0.006408
0.006399
0.006395
0.006399
0.006473
0.006429
0.006404
0.006408
0.006396
0.006399
0.006404
0.006400
0.006404
0.006454
0.006402
0.006410
0.006404
0.006400
0.006409
0.006406
0.006392
0.006403
0.006406
0.006417
0.006419
0.006388
0.006414
0.006393
0.006410
0.006399
0.006400
0.006395
0.006407
0.006396
0.006404
0.006398
0.006395
0.006403
0.006403
0.006392
0.006395
0.006409
0.006404
0.006516
0.006428
0.006407
0.006393
0.006402
0.006411
0.006397
0.006412
0.006401
0.006408
0.006401
0.006396
0.006392
0.006393
0.006389
0.006393
0.006411
0.006400
0.006411
0.006407
0.006398
0.006395
0.006410
0.006406
0.006399
0.006409
0.006404
0.006415
0.006413
0.006400
0.006403
0.006407
0.006407
0.006405
0.006396
0.006404
0.006398
0.006405
0.006492
0.006402
0.006403
0.006406
0.006416
0.006402
0.006396
0.006396
0.006396
0.006412
0.006404
0.006401
0.006411
0.006388
0.006410
0.006396
0.006406
0.006389
0.006402
0.006401
0.006400
0.006407
0.006408
0.006401
0.006408
0.006410
0.006415
0.006401
0.006397
0.006403
0.006399
0.006400
0.006404
0.006408
0.006404
0.006397
0.006410
0.006406
0.006516
0.006420
0.006450
0.006409
0.006410
0.006406
0.006409
0.006403
0.006399
0.006410
0.006413
0.006414
0.006448
0.007232
0.007445
0.006900
0.006935
0.006889
0.006638
0.006668
0.006839
0.006747
0.006657
0.006808
0.006809
0.006764
0.006876
0.006698
0.006649
0.006564
0.006468
0.006565
0.006548
0.006652
0.006640
0.006596
0.006407
0.006597
0.006510
0.006563
0.006681
0.006521
0.006518
0.006550
0.006528
0.006507
0.006545
0.006395
0.006402
0.006412
0.006485
0.006400
0.006404
0.006400
0.006414
0.006398
0.006445
0.006408
0.006403
0.006416
0.006407
0.006401
0.006419
0.006392
0.006396
0.006404
0.006402
0.006402
0.006399
0.006460
0.006427
0.006474
0.006395
0.006390
0.006406
0.006498
0.006434
0.006401
0.006400
0.006469
0.006407
0.006401
0.006395
0.006396
0.006406
0.006397
0.006397
0.006398
0.006395
0.006411
0.006405
0.006407
0.006409
0.006401
0.006409
0.006392
0.006404
0.006405
0.006413
0.006395
0.006399
0.006403
0.006393
0.006406
0.006402
0.006402
0.006393
0.006405
0.006397
0.006407
0.006397
0.006400
0.006395
0.006390
0.006477
0.006397
0.006397
0.006413
0.006397
0.006407
0.006386
0.006396
0.006399
0.006403
0.006405
0.006391
0.006399
0.006401
0.006398
0.006527
0.006406
0.006409
0.006403
0.006407
0.006398
0.006396
0.006410
0.006408
0.006402
0.006395
0.006410
0.006389
0.006401
0.006388
0.006395
0.006396
0.006396
0.006401
0.006400
0.006401
0.006406
0.006397
0.006490
0.006413
0.006401
0.006409
0.006393
0.006399
0.006409
0.006410
0.006399
0.006392
0.006399
0.006402
0.006399
0.006409
0.006411
0.006409
0.006397
0.006398
0.006409
0.006394
0.006412
0.006409
0.006412
0.006398
0.006397
0.006406
0.006401
0.006405
0.006406
0.006395
0.006399
0.006401
0.006401
0.006403
0.006406
0.006398
0.006395
0.006414
0.006488
0.006403
0.006405
0.006393
0.006404
0.006408
0.006400
0.006412
0.006402
0.006400
0.006401
0.006409
0.006405
0.006405
0.006397
0.006409
0.006408
0.006472
0.006409
0.006411
0.006400
0.006395
0.006405
0.006402
0.006400
0.006396
0.006405
0.006387
0.006403
0.006407
0.006494
0.006415
0.006397
0.006389
0.006405
0.006414
0.006407
0.006401
0.006397
0.006495
0.006407
0.006400
0.006406
0.006389
0.006402
0.006405
0.006395
0.006402
0.006391
0.006414
0.006406
0.006397
0.006398
0.006406
0.006400
0.006408
0.006406
0.006396
0.006402
0.006398
0.006406
0.006389
0.006403
0.006406
0.006395
0.006408
0.006397
0.006389
0.006409
0.006401
0.006408
0.006399
0.006398
0.006394
0.006397
0.006405
0.006399
0.006477
0.006401
0.006394
0.006398
0.006409
0.006396
0.006403
0.006401
0.006405
0.006410
0.006405
0.006402
0.006395
0.006398
0.006393
0.006398
0.006406
0.006392
0.006395
0.006393
0.006401
0.006407
0.006417
0.006410
0.006404
0.006393
0.006406
0.006395
0.006411
0.006403
0.006413
0.006407
0.006408
0.006413
0.006413
0.006410
0.006393
0.006406
0.006477
0.006402
0.006396
0.006406
0.006395
0.006409
0.006396
0.006409
0.006396
0.006404
0.006412
0.006404
0.006404
0.006413
0.006402
0.006407
0.006400
0.006406
0.006397
0.006411
0.006410
0.006395
0.006414
0.006412
0.006392
0.006411
0.006404
0.006408
0.006399
0.006405
0.006404
0.006401
0.006395
0.006398
0.006392
0.006405
0.006403
0.006412
0.006472
0.006448
0.006397
0.006398
0.006401
0.006402
0.006398
0.006393
0.006403
0.006402
0.006412
0.006403
0.006412
0.006401
0.006411
0.006406
0.006395
0.006412
0.006406
0.006402
0.006390
0.006393
0.006461
0.006408
0.006394
0.006409
0.006399
0.006399
0.006408
0.006399
0.006398
0.006401
0.006400
0.006395
0.006398
0.006404
0.006398
0.006393
0.006415
0.006493
0.006407
0.006398
0.006405
0.006408
0.006390
0.006389
0.006405
0.006401
0.006405
0.006391
0.006410
0.006392
0.006410
0.006405
0.006389
0.006401
0.006407
0.006402
0.006411
0.006388
0.006406
0.006396
0.006390
0.006400
0.006396
0.006403
0.006392
0.006398
0.006395
0.006398
0.006402
0.006400
0.006400
0.006411
0.006401
0.006403
0.006407
0.006486
0.006403
0.006395
0.006397
0.006400
0.006405
0.006406
0.006394
0.006402
0.006391
0.006394
0.006393
0.006402
0.006399
0.006395
0.006391
0.006402
0.006393
0.006387
0.006405
0.006394
0.006406
0.006405
0.006396
0.006474
0.006402
0.006411
0.006392
0.006399
0.006394
0.006409
0.006411
0.006394
0.006390
0.006397
0.006400
0.006401
0.006398
0.006441
0.006441
0.006416
0.006407
0.006410
0.006390
0.006393
0.006407
0.006394
0.006396
0.006625
0.006413
0.006406
0.006400
0.006392
0.006394
0.006398
0.006410
0.006410
0.006404
0.006408
0.006386
0.006397
0.006410
0.006387
0.006411
0.006397
0.006400
0.006398
0.006400
0.006394
0.006392
0.006399
0.006406
0.006398
0.006408
0.006403
0.006401
0.006404
0.006469
0.006409
0.006401
0.006398
0.006404
0.006402
0.006403
0.006405
0.006394
0.006400
0.006395
0.006405
0.006406
0.006394
0.006400
0.006407
0.006409
0.006404
0.006409
0.006396
0.006397
0.006399
0.006399
0.006392
0.006394
0.006451
0.006404
0.006421
0.006395
0.006405
0.006406
0.006396
0.006393
0.006396
0.006402
0.006404
0.006402
0.006399
0.006476
0.006397
0.006401
0.006415
0.006407
0.006395
0.006407
0.006405
0.006396
0.006394
0.006393
0.006395
0.006389
0.006404
0.006412
0.006399
0.006398
0.006396
0.006407
0.006399
0.006401
0.006400
0.006387
0.006408
0.006402
0.006394
0.006398
0.006403
0.006398
0.006395
0.006398
0.006410
0.006386
0.006411
0.006397
0.006400
0.006408
0.006401
0.006463
0.006434
0.006406
0.006399
0.006413
0.006403
0.006398
0.006393
0.006391
0.006401
0.006400
0.006408
0.006406
0.006396
0.006400
0.006407
0.006414
0.006400
0.006407
0.006413
0.006395
0.006396
0.006407
0.006413
0.006402
0.006399
0.006401
0.006401
0.006401
0.006406
0.006398
0.006464
0.006391
0.006398
0.006398
0.006542
0.006435
0.006409
0.006399
0.006492
0.006402
0.006404
0.006398
0.006404
0.006402
0.006388
0.006406
0.006394
0.006392
0.006400
0.006389
0.006399
0.006396
0.006399
0.006404
0.006404
0.006407
0.006395
0.006397
0.006398
0.006408
0.006394
0.006394
0.006403
0.006409
0.006399
0.006404
0.006396
0.006410
0.006406
0.006398
0.006395
0.006395
0.006411
0.006398
0.006402
0.006398
0.006486
0.006393
0.006398
0.006407
0.006396
0.006403
0.006406
0.006404
0.006398
0.006396
0.006411
0.006410
0.006403
0.006389
0.006415
0.006399
0.006470
0.006408
0.006469
0.006407
0.006466
0.006398
0.006395
0.006388
0.006405
0.006405
0.006397
0.006388
0.006397
0.006467
0.006410
0.006403
0.006411
0.006395
0.006407
0.006399
0.006406
0.006400
0.006475
0.006485
0.006407
0.006406
0.006393
0.006403
0.006395
0.006392
0.006401
0.006398
0.006399
0.006409
0.006404
0.006386
0.006410
0.006401
0.006409
0.006404
0.006393
0.006394
0.006397
0.006407
0.006406
0.006409
0.006400
0.006401
0.006414
0.006397
0.006400
0.006394
0.006400
0.006405
0.006402
0.006409
0.006392
0.006402
0.006412
0.006413
0.006410
0.006477
0.006401
0.006405
0.006409
0.006407
0.006399
0.006387
0.006409
0.006407
0.006395
0.006394
0.006399
0.006401
0.006391
0.006397
0.006407
0.006401
0.006401
0.006400
0.006405
0.006396
0.006391
0.006409
0.006409
0.006403
0.006409
0.006395
0.006404
0.006402
0.006395
0.006398
0.006405
0.006419
0.006415
0.006401
0.006398
0.006392
0.006400
0.006476
0.006395
0.006393
0.006387
0.006397
0.006389
0.006407
0.006405
0.006395
0.006405
0.006404
0.006391
0.006392
0.006400
0.006398
0.006391
0.006406
0.006395
0.006391
0.006403
0.006409
0.006409
0.006396
0.006401
0.006407
0.006398
0.006451
0.007125
0.007315
0.006772
0.007074
0.006712
0.006556
0.006627
0.006675
0.006570
0.006643
0.006671
0.006661
0.006888
0.006830
0.006614
0.006651
0.006673
0.006617
0.006623
0.006633
0.006633
0.006605
0.006595
0.006637
0.006628
0.006645
0.006654
0.006647
0.006649
0.006627
0.006642
0.006646
0.006634
0.006658
0.006628
0.006679
0.006670
0.006623
0.006637
0.006651
0.006656
0.006634
0.006634
0.006738
0.006627
0.006693
0.006619
0.006654
0.006654
0.006677
0.006626
0.006674
0.006651
0.006637
0.006641
0.006666
0.006626
0.006626
0.006624
0.006639
0.006647
0.006642
0.006487
0.006590
0.006625
0.006622
0.006650
0.006653
0.006639
0.006650
0.006662
0.006637
0.006643
0.006659
0.006621
0.006646
0.006650
0.006631
0.006648
0.006646
0.006637
0.006640
0.006638
0.006636
0.006682
0.006646
0.006635
0.006635
0.006655
0.006657
0.006640
0.006649
0.006622
0.006645
0.006558
0.006592
0.006614
0.006649
0.006656
0.006659
0.006642
0.006640
0.006616
0.006634
0.006651
0.006636
0.006649
0.006624
0.006653
0.006638
0.006639
0.006640
0.006690
0.006648
0.006637
0.006641
0.006628
0.006637
0.006634
0.006641
0.006640
0.006697
0.006646
0.006595
0.006624
0.006653
0.006639
0.006644
0.006632
0.006643
0.006641
0.006638
0.006627
0.006646
0.006637
0.006639
0.006640
0.006624
0.006642
0.006626
0.006651
0.006659
0.006654
0.006651
0.006626
0.006653
0.006647
0.006643
0.006635
0.006623
0.006664
0.006611
0.006626
0.006628
0.006649
0.006638
0.006640
0.006636
0.006692
0.006659
0.006487
0.006400
0.006410
0.006416
0.006391
0.006404
0.006393
0.006476
0.006401
0.006405
0.006412
0.006405
0.006405
0.006406
0.006398
0.006407
0.006406
0.006410
0.006414
0.006404
0.006407
0.006410
0.006401
0.006389
0.006410
0.006401
0.006394
0.006399
0.006399
0.006396
0.006489
0.006407
0.006406
0.006406
0.006402
0.006406
0.006534
0.006478
0.006475
0.006409
0.006408
0.006403
0.006489
0.006470
0.006411
0.006414
0.006408
0.006396
0.006406
0.006394
0.006395
0.006408
0.006392
0.006404
0.006399
0.006388
0.006409
0.006401
0.006408
0.006399
0.006398
0.006411
0.006399
0.006394
0.006409
0.006407
0.006406
0.006394
0.006410
0.006391
0.006398
0.006403
0.006403
0.006417
0.006436
0.006518
0.006409
0.006401
0.006411
0.006398
0.006387
0.006401
0.006404
0.006401
0.006393
0.006405
0.006409
0.006405
0.006399
0.006399
0.006405
0.006395
0.006397
0.006413
0.006395
0.006404
0.006412
0.006410
0.006407
0.006411
0.006388
0.006410
0.006397
0.006409
0.006405
0.006388
0.006401
0.006388
0.006397
0.006409
0.006407
0.006408
0.006406
0.006488
0.006404
0.006397
0.006406
0.006397
0.006392
0.006407
0.006389
0.006408
0.006400
0.006399
0.006402
0.006392
0.006407
0.006403
0.006397
0.006412
0.006402
0.006403
0.006391
0.006401
0.006395
0.006392
0.006397
0.006414
0.006396
0.006400
0.006397
0.006404
0.006402
0.006394
0.006408
0.006395
0.006412
0.006397
0.006400
0.006393
0.006552
0.006472
0.006426
0.006397
0.006404
0.006411
0.006410
0.006401
0.006401
0.006399
0.006402
0.006392
0.006403
0.006394
0.006411
0.006657
0.006409
0.006405
0.006389
0.006400
0.006401
0.006400
0.006397
0.006392
0.006402
0.006409
0.006388
0.006397
0.006395
0.006402
0.006399
0.006391
0.006401
0.006390
0.006392
0.006387
0.006393
0.006409
0.006404
0.006403
0.006494
0.006411
0.006414
0.006470
0.006413
0.006395
0.006390
0.006405
0.006397
0.006403
0.006399
0.006399
0.006406
0.006404
0.006403
0.006402
0.006413
0.006411
0.006392
0.006401
0.006405
0.006410
0.006400
0.006410
0.006395
0.006406
0.006406
0.006398
0.006400
0.006397
0.006413
0.006397
0.006403
0.006389
0.006401
0.006396
0.006397
0.006399
0.006489
0.006401
0.006400
0.006393
0.006404
0.006405
0.006413
0.006394
0.006396
0.006409
0.006397
0.006402
0.006409
0.006403
0.006393
0.006403
0.006401
0.006392
0.006407
0.006406
0.006401
0.006406
0.006418
0.006399
0.006411
0.006400
0.006405
0.006411
0.006402
0.006406
0.006407
0.006553
0.006402
0.006406
0.006464
0.006401
0.006408
0.006408
0.006492
0.006420
0.006401
0.006400
0.006413
0.006386
0.006397
0.006400
0.006409
0.006388
0.006409
0.006394
0.006413
0.006408
0.006397
0.006404
0.006395
0.006408
0.006409
0.006400
0.006393
0.006399
0.006405
0.006399
0.006398
0.006390
0.006394
0.006401
0.006390
0.006392
0.006400
0.006400
0.006400
0.006392
0.006400
0.006407
0.006398
0.006408
0.006396
0.006490
0.006393
0.006388
0.006391
0.006400
0.006409
0.006398
0.006411
0.006402
0.006405
0.006389
0.006402
0.006405
0.006398
0.006403
0.006408
