0.001976
0.000706
0.000694
0.000668
0.000660
0.000659
0.000678
0.000663
0.000665
0.000647
0.000643
0.000642
0.000660
0.000640
0.000646
0.000630
0.000629
0.000630
0.000647
0.000617
0.000611
0.000597
0.000591
0.000589
0.000589
0.000610
0.000594
0.000599
0.000587
0.000587
0.000587
0.000584
0.000605
0.000581
0.000589
0.000578
0.000577
0.000572
0.000575
0.000573
0.000570
0.000575
0.000567
0.000571
0.000566
0.000567
0.000568
0.000562
0.000583
0.000545
0.000546
0.000547
0.000546
0.000554
0.000548
0.000543
0.000546
0.000539
0.000543
0.000546
0.000549
0.000542
0.000543
0.000544
0.000545
0.000540
0.000544
0.000542
0.000577
0.000546
0.000541
0.000545
0.000543
0.000544
0.000539
0.000543
0.000543
0.000543
0.000542
0.000543
0.000542
0.000544
0.000546
0.000542
0.000538
0.000539
0.000538
0.000540
0.000537
0.000539
0.000544
0.000542
0.000534
0.000534
0.000534
0.000532
0.000533
0.000533
0.000533
0.000534
0.000530
0.000530
0.000533
0.000532
0.000532
0.000536
0.000531
0.000530
0.000525
0.000523
0.000519
0.000519
0.000521
0.000515
0.000514
0.000513
0.000515
0.000515
0.000517
0.000515
0.000518
0.000512
0.000537
0.000510
0.000508
0.000518
0.000510
0.000508
0.000513
0.000510
0.000507
0.000508
0.000510
0.000506
0.000508
0.000509
0.000510
0.000509
0.000509
0.000505
0.000502
0.000503
0.000503
0.000506
0.000503
0.000501
0.000505
0.000506
0.000502
0.000505
0.000501
0.000518
0.000501
0.000503
0.000501
0.000502
0.000504
0.000503
0.000502
0.000508
0.000503
0.000502
0.000505
0.000500
0.000502
0.000503
0.000502
0.000505
0.000503
0.000504
0.000503
0.000504
0.000506
0.000501
0.000505
0.000505
0.000502
0.000502
0.000502
0.000504
0.000500
0.000504
0.000505
0.000508
0.000502
0.000502
0.000504
0.000498
0.000490
0.000488
0.000488
0.000490
0.000487
0.000488
0.000484
0.000481
0.000497
0.000481
0.000480
0.000492
0.000485
0.000484
0.000470
0.000486
0.000503
0.000493
0.000567
0.000533
0.000500
0.000506
0.000516
0.000479
0.000473
0.000466
0.000487
0.000476
0.000453
0.000444
0.000431
0.000460
0.000457
0.000461
0.000450
0.000471
0.000454
0.000425
0.000417
0.000418
0.000413
0.000407
0.000408
0.000403
0.000410
0.000395
0.000418
0.000397
0.000397
0.000405
0.000403
0.000391
0.000390
0.000416
0.000390
0.000391
0.000397
0.000390
0.000390
0.000396
0.000406
0.000414
0.000390
0.000395
0.000390
0.000388
0.000409
0.000414
0.000415
0.000403
0.000397
0.000396
0.000403
0.000397
0.000395
0.000394
0.000415
0.000408
0.000395
0.000391
0.000390
0.000391
0.000391
0.000389
0.000392
0.000391
0.000394
0.000392
0.000389
0.000402
0.000385
0.000384
0.000406
0.000390
0.000391
0.000389
0.000396
0.000390
0.000391
0.000389
0.000389
0.000401
0.000387
0.000385
0.000396
0.000405
0.000390
0.000396
0.000388
0.000390
0.000391
0.000391
0.000390
0.000391
0.000391
0.000391
0.000395
0.000435
0.000437
0.000419
0.000402
0.000396
0.000399
0.000396
0.000395
0.000392
0.000391
0.000392
0.000388
0.000388
0.000386
0.000408
0.000395
0.000406
0.000389
0.000389
0.000389
0.000391
0.000387
0.000389
0.000396
0.000390
0.000402
0.000401
0.000401
0.000399
0.000392
0.000403
0.000394
0.000389
0.000391
0.000387
0.000388
0.000386
0.000386
0.000391
0.000382
0.000400
0.000386
0.000384
0.000394
0.000380
0.000380
0.000400
0.000385
0.000382
0.000382
0.000383
0.000389
0.000384
0.000387
0.000391
0.000392
0.000392
0.000391
0.000398
0.000401
0.000396
0.000401
0.000405
0.000428
0.000440
0.000430
0.000419
0.000414
0.000443
0.000427
0.000425
0.000413
0.000417
0.000419
0.000415
0.000420
0.000428
0.000409
0.000407
0.000414
0.000411
0.000403
0.000401
0.000398
0.000395
0.000394
0.000391
0.000390
0.000392
0.000388
0.000391
0.000387
0.000389
0.000388
0.000385
0.000384
0.000384
0.000386
0.000384
0.000385
0.000387
0.000385
0.000384
0.000382
0.000381
0.000379
0.000381
0.000380
0.000379
0.000380
0.000381
0.000385
0.000380
0.000380
0.000380
0.000380
0.000379
0.000379
0.000378
0.000379
0.000380
0.000384
0.000378
0.000379
0.000380
0.000379
0.000379
0.000379
0.000380
0.000380
0.000380
0.000380
0.000382
0.000382
0.000380
0.000380
0.000380
0.000381
0.000381
0.000380
0.000378
0.000380
0.000383
0.000379
0.000380
0.000380
0.000380
0.000402
0.000380
0.000379
0.000379
0.000390
0.000388
0.000387
0.000380
0.000379
0.000381
0.000380
0.000378
0.000379
0.000378
0.000379
0.000379
0.000383
0.000381
0.000388
0.000398
0.000398
0.000395
0.000402
0.000431
0.000416
0.000402
0.000404
0.000402
0.000396
0.000419
0.000414
0.000425
0.000407
0.000401
0.000401
0.000397
0.000399
0.000395
0.000393
0.000403
0.000387
0.000385
0.000405
0.000392
0.000389
0.000398
0.000405
0.000386
0.000386
0.000386
0.000384
0.000382
0.000384
0.000383
0.000382
0.000382
0.000385
0.000380
0.000383
0.000380
0.000380
0.000380
0.000382
0.000381
0.000381
0.000381
0.000380
0.000383
0.000382
0.000380
0.000380
0.000380
0.000382
0.000381
0.000381
0.000379
0.000383
0.000385
0.000381
0.000382
0.000380
0.000382
0.000381
0.000380
0.000380
0.000381
0.000383
0.000381
0.000385
0.000381
0.000381
0.000382
0.000381
0.000380
0.000382
0.000382
0.000390
0.000376
0.000396
0.000381
0.000381
0.000380
0.000380
0.000388
0.000406
0.000404
0.000404
0.000399
0.000396
0.000395
0.000389
0.000391
0.000387
0.000391
0.000375
0.000401
0.000379
0.000379
0.000377
0.000385
0.000379
0.000387
0.000380
0.000380
0.000380
0.000378
0.000378
0.000391
0.000396
0.000384
0.000380
0.000378
0.000378
0.000378
0.000378
0.000377
0.000381
0.000377
0.000377
0.000378
0.000393
0.000378
0.000377
0.000378
0.000376
0.000377
0.000377
0.000378
0.000379
0.000376
0.000380
0.000378
0.000377
0.000377
0.000377
0.000376
0.000376
0.000377
0.000385
0.000396
0.000378
0.000382
0.000377
0.000375
0.000402
0.000377
0.000376
0.000376
0.000375
0.000376
0.000377
0.000378
0.000376
0.000375
0.000374
0.000375
0.000375
0.000375
0.000375
0.000375
0.000375
0.000376
0.000379
0.000376
0.000375
0.000376
0.000375
0.000377
0.000376
0.000377
0.000382
0.000407
0.000394
0.000399
0.000420
0.000415
0.000411
0.000412
0.000405
0.000402
0.000412
0.000437
0.000428
0.000419
0.000409
0.000410
0.000415
0.000414
0.000414
0.000415
0.000402
0.000398
0.000399
0.000393
0.000391
0.000392
0.000392
0.000399
0.000384
0.000382
0.000399
0.000383
0.000385
0.000382
0.000381
0.000408
0.000382
0.000382
0.000381
0.000380
0.000380
0.000379
0.000379
0.000382
0.000378
0.000383
0.000402
0.000388
0.000386
0.000380
0.000391
0.000396
0.000386
0.000385
0.000379
0.000381
0.000382
0.000380
0.000379
0.000379
0.000378
0.000380
0.000378
0.000383
0.000378
0.000379
0.000380
0.000379
0.000377
0.000378
0.000376
0.000376
0.000378
0.000376
0.000378
0.000376
0.000377
0.000376
0.000376
0.000376
0.000375
0.000377
0.000382
0.000376
0.000377
0.000378
0.000376
0.000376
0.000376
0.000376
0.000377
0.000377
0.000439
0.000381
0.000378
0.000379
0.000378
0.000377
0.000377
0.000376
0.000377
0.000378
0.000378
0.000381
0.000379
0.000376
0.000379
0.000377
0.000376
0.000376
0.000376
0.000377
0.000377
0.000376
0.000376
0.000375
0.000379
0.000375
0.000376
0.000376
0.000375
0.000375
0.000376
0.000388
0.000377
0.000376
0.000377
0.000378
0.000375
0.000375
0.000375
0.000376
0.000377
0.000377
0.000375
0.000376
0.000377
0.000380
0.000376
0.000374
0.000376
0.000376
0.000375
0.000374
0.000374
0.000377
0.000375
0.000375
0.000378
0.000376
0.000375
0.000375
0.000375
0.000376
0.000376
0.000375
0.000378
0.000377
0.000376
0.000379
0.000377
0.000376
0.000378
0.000377
0.000378
0.000376
0.000376
0.000375
0.000377
0.000379
0.000375
0.000377
0.000376
0.000375
0.000377
0.000377
0.000376
0.000379
0.000377
0.000375
0.000378
0.000375
0.000375
0.000376
0.000376
0.000375
0.000377
0.000375
0.000376
0.000377
0.000378
0.000375
0.000373
0.000376
0.000376
0.000376
0.000375
0.000377
0.000376
0.000378
0.000378
0.000380
0.000376
0.000375
0.000376
0.000376
0.000376
0.000375
0.000376
0.000374
0.000375
0.000374
0.000379
0.000376
0.000376
0.000375
0.000377
0.000375
0.000375
0.000376
0.000374
0.000375
0.000379
0.000375
0.000375
0.000376
0.000376
0.000378
0.000376
0.000376
0.000375
0.000376
0.000377
0.000381
0.000376
0.000377
0.000376
0.000376
0.000378
0.000378
0.000377
0.000378
0.000375
0.000375
0.000379
0.000378
0.000377
0.000375
0.000376
0.000378
0.000375
0.000377
0.000375
0.000378
0.000379
0.000377
0.000377
0.000378
0.000377
0.000378
0.000378
0.000378
0.000376
0.000377
0.000377
0.000378
0.000376
0.000378
0.000378
0.000380
0.000378
0.000377
0.000377
0.000377
0.000376
0.000379
0.000378
0.000377
0.000377
0.000376
0.000377
0.000377
0.000377
0.000376
0.000376
0.000377
0.000381
0.000378
0.000375
0.000377
0.000376
0.000375
0.000377
0.000376
0.000377
0.000376
0.000376
0.000380
0.000376
0.000376
0.000375
0.000374
0.000376
0.000375
0.000375
0.000376
0.000377
0.000380
0.000376
0.000375
0.000376
0.000375
0.000375
0.000375
0.000375
0.000376
0.000376
0.000375
0.000378
0.000375
0.000375
0.000375
0.000376
0.000376
0.000375
0.000377
0.000376
0.000376
0.000379
0.000376
0.000376
0.000376
0.000377
0.000376
0.000376
0.000378
0.000376
0.000376
0.000376
0.000379
0.000378
0.000377
0.000376
0.000375
0.000375
0.000377
0.000375
0.000377
0.000376
0.000376
0.000379
0.000376
0.000375
0.000376
0.000376
0.000374
0.000377
0.000376
0.000377
0.000376
0.000393
0.000381
0.000378
0.000376
0.000376
0.000377
0.000376
0.000375
0.000376
0.000376
0.000376
0.000381
0.000378
0.000377
0.000375
0.000374
0.000375
0.000376
0.000377
0.000376
0.000374
0.000378
0.000375
0.000375
0.000375
0.000374
0.000376
0.000375
0.000376
0.000375
0.000375
0.000376
0.000377
0.000375
0.000375
0.000375
0.000375
0.000374
0.000374
0.000376
0.000374
0.000375
0.000374
0.000378
0.000376
0.000375
0.000374
0.000375
0.000375
0.000375
0.000375
0.000375
0.000375
0.000377
0.000376
0.000375
0.000375
0.000375
0.000376
0.000375
0.000375
0.000375
0.000374
0.000374
0.000377
0.000375
0.000375
0.000374
0.000374
0.000375
0.000374
0.000375
0.000375
0.000376
0.000375
0.000377
0.000375
0.000375
0.000375
0.000375
0.000376
0.000375
0.000374
0.000376
0.000374
0.000376
0.000375
0.000374
0.000375
0.000375
0.000375
0.000375
0.000375
0.000374
0.000375
0.000375
0.000377
0.000374
0.000375
0.000376
0.000376
0.000375
0.000374
0.000375
0.000374
0.000375
0.000374
0.000377
0.000376
0.000375
0.000376
0.000375
0.000373
0.000375
0.000375
0.000377
0.000374
0.000378
0.000376
0.000375
0.000373
0.000376
0.000375
0.000375
0.000375
0.000376
0.000378
0.000375
0.000377
0.000375
0.000375
0.000375
0.000376
0.000376
0.000375
0.000374
0.000376
0.000378
0.000378
0.000377
0.000376
0.000376
0.000375
0.000378
0.000377
0.000376
0.000375
0.000374
0.000375
0.000379
0.000376
0.000377
0.000376
0.000375
0.000376
0.000376
0.000378
0.000377
0.000378
0.000377
0.000380
0.000376
0.000378
0.000376
0.000376
0.000377
0.000375
0.000375
0.000376
0.000375
0.000378
0.000373
0.000375
0.000374
0.000374
0.000375
0.000376
0.000375
0.000376
0.000377
0.000376
0.000381
0.000377
0.000377
0.000377
0.000375
0.000376
0.000375
0.000375
0.000376
0.000376
0.000375
0.000378
0.000377
0.000375
0.000375
0.000375
0.000375
0.000375
0.000374
0.000376
0.000375
0.000379
0.000375
0.000376
0.000375
0.000376
0.000376
0.000375
0.000374
0.000375
0.000375
0.000374
0.000377
0.000374
0.000375
0.000376
0.000376
0.000375
0.000375
0.000375
0.000376
0.000373
0.000375
0.000378
0.000375
0.000376
0.000374
0.000374
0.000376
0.000378
0.000375
0.000376
0.000375
0.000378
0.000375
0.000375
0.000375
0.000375
0.000375
0.000375
0.000376
0.000377
0.000376
0.000374
0.000377
0.000375
0.000374
0.000375
0.000374
0.000374
0.000376
0.000375
0.000375
0.000375
0.000377
0.000375
0.000374
0.000374
0.000375
0.000375
0.000375
0.000374
0.000375
0.000375
0.000375
0.000377
0.000376
0.000375
0.000374
0.000374
0.000375
0.000376
0.000376
0.000376
0.000376
0.000376
0.000380
0.000374
0.000377
0.000376
0.000376
0.000376
0.000375
0.000375
0.000374
0.000375
0.000379
0.000376
0.000377
0.000376
0.000376
0.000375
0.000376
0.000376
0.000375
0.000376
0.000374
0.000377
0.000376
0.000375
0.000374
0.000375
0.000375
0.000374
0.000374
0.000374
0.000375
0.000375
0.000377
0.000375
0.000375
0.000375
0.000374
0.000375
0.000375
0.000376
0.000375
0.000375
0.000377
0.000375
0.000375
0.000375
0.000375
0.000375
0.000376
0.000375
0.000375
0.000375
0.000375
0.000378
0.000374
0.000375
0.000374
0.000375
0.000374
0.000375
0.000375
0.000374
0.000374
0.000375
0.000376
0.000374
0.000375
0.000375
0.000377
0.000375
0.000374
0.000375
0.000375
0.000375
0.000378
0.000376
0.000375
0.000375
0.000376
0.000376
0.000375
0.000374
0.000375
0.000374
0.000375
0.000379
0.000375
0.000377
0.000375
0.000374
0.000375
0.000375
0.000376
0.000376
0.000373
0.000375
0.000376
0.000376
0.000375
0.000375
0.000374
0.000374
0.000375
0.000375
0.000375
0.000375
0.000378
0.000376
0.000375
0.000375
0.000375
0.000374
0.000375
0.000374
0.000375
0.000377
0.000376
0.000377
0.000374
0.000375
0.000375
0.000376
0.000378
0.000376
0.000375
0.000376
0.000375
0.000376
0.000375
0.000377
0.000375
0.000376
0.000376
0.000375
0.000375
0.000376
0.000376
0.000375
0.000379
0.000376
0.000376
0.000377
0.000378
0.000375
0.000375
0.000376
0.000375
0.000375
0.000376
0.000377
0.000377
0.000375
0.000376
0.000374
0.000376
0.000375
0.000376
0.000376
0.000374
0.000379
0.000376
0.000375
0.000374
0.000375
0.000376
0.000376
0.000375
0.000375
0.000376
0.000376
0.000380
0.000376
0.000377
0.000376
0.000375
0.000375
0.000375
0.000375
0.000376
0.000376
0.000376
0.000380
0.000376
0.000376
0.000374
0.000375
0.000375
0.000376
0.000376
0.000376
0.000376
0.000379
0.000375
0.000375
0.000377
0.000376
0.000376
0.000375
0.000374
0.000376
0.000375
0.000376
0.000379
0.000376
0.000377
0.000376
0.000375
0.000376
0.000374
0.000377
0.000377
0.000375
0.000379
0.000376
0.000376
0.000377
0.000376
0.000376
0.000376
0.000375
0.000375
0.000377
0.000375
0.000379
0.000376
0.000376
0.000375
0.000375
0.000375
0.000376
0.000377
0.000376
0.000376
0.000374
0.000378
0.000376
0.000376
0.000376
0.000377
0.000375
0.000375
0.000378
0.000375
0.000377
0.000378
0.000375
0.000377
0.000374
0.000376
0.000375
0.000376
0.000374
0.000374
0.000375
0.000374
0.000380
0.000377
0.000375
0.000375
0.000375
0.000376
0.000375
0.000375
0.000375
0.000375
0.000375
0.000380
0.000374
0.000376
0.000376
0.000375
0.000376
0.000376
0.000375
0.000376
0.000376
0.000378
0.000375
0.000378
0.000376
0.000376
0.000375
0.000375
0.000378
0.000376
0.000377
0.000376
0.000378
0.000375
0.000378
0.000375
0.000376
0.000376
0.000376
0.000376
0.000376
0.000375
0.000374
0.000377
0.000374
0.000375
0.000377
0.000375
0.000374
0.000376
0.000377
0.000374
0.000376
0.000377
0.000376
0.000374
0.000375
0.000376
0.000374
0.000375
0.000375
0.000375
0.000374
0.000375
0.000380
0.000375
0.000375
0.000376
0.000376
0.000378
0.000377
0.000375
0.000376
0.000376
0.000379
0.000377
0.000375
0.000375
0.000376
0.000376
0.000378
0.000376
0.000376
0.000375
0.000374
0.000379
0.000376
0.000376
0.000374
0.000375
0.000375
0.000375
0.000375
0.000375
0.000375
0.000375
0.000376
0.000375
0.000374
0.000374
0.000374
0.000375
0.000374
0.000375
0.000375
0.000375
0.000377
0.000374
0.000375
0.000376
0.000375
0.000375
0.000374
0.000375
0.000376
0.000376
0.000375
0.000380
0.000377
0.000376
0.000375
0.000377
0.000376
0.000376
0.000375
0.000374
0.000377
0.000374
0.000379
0.000377
0.000376
0.000376
0.000375
0.000375
0.000375
0.000374
0.000374
0.000374
0.000378
0.000408
0.000402
0.000396
0.000389
0.000386
0.000384
0.000378
0.000378
0.000377
0.000377
0.000383
0.000378
0.000386
0.000386
0.000369
0.000390
0.000377
0.000377
0.000409
0.000372
0.000391
0.000378
0.000375
0.000377
0.000376
0.000375
0.000376
0.000375
0.000375
0.000374
0.000375
0.000378
0.000375
0.000376
0.000374
0.000376
0.000375
0.000376
0.000375
0.000375
0.000375
0.000379
0.000375
0.000375
0.000377
0.000377
0.000377
0.000377
0.000375
0.000373
0.000376
0.000375
0.000380
0.000376
0.000375
0.000376
0.000376
0.000375
0.000374
0.000376
0.000375
0.000374
0.000373
0.000378
0.000376
0.000375
0.000373
0.000376
0.000374
0.000376
0.000375
0.000376
0.000375
0.000381
0.000375
0.000376
0.000374
0.000375
0.000375
0.000376
0.000375
0.000376
0.000374
0.000374
0.000379
0.000377
0.000377
0.000376
0.000375
0.000376
0.000375
0.000375
0.000375
0.000376
0.000380
0.000376
0.000376
0.000377
0.000376
0.000376
0.000376
0.000375
0.000376
0.000376
0.000376
0.000379
0.000375
0.000376
0.000377
0.000378
0.000376
0.000376
0.000376
0.000375
0.000375
0.000377
0.000381
0.000377
0.000377
0.000375
0.000375
0.000375
0.000377
0.000375
0.000375
0.000375
0.000379
0.000376
0.000376
0.000376
0.000376
0.000377
0.000375
0.000375
0.000374
0.000375
0.000374
0.000378
0.000375
0.000374
0.000374
0.000374
0.000375
0.000375
0.000375
0.000374
0.000374
0.000375
0.000377
0.000372
0.000374
0.000374
0.000375
0.000375
0.000376
0.000375
0.000379
0.000375
0.000378
0.000375
0.000374
0.000378
0.000379
0.000375
0.000374
0.000375
0.000375
0.000376
0.000375
0.000385
0.000373
0.000377
0.000383
0.000371
0.000389
0.000375
0.000376
0.000382
0.000369
0.000386
0.000376
0.000376
0.000375
0.000377
0.000376
0.000374
0.000375
0.000374
0.000376
0.000375
0.000378
0.000376
0.000375
0.000377
0.000376
0.000376
0.000376
0.000377
0.000375
0.000375
0.000376
0.000378
0.000375
0.000375
0.000375
0.000375
0.000376
0.000375
0.000376
0.000377
0.000376
0.000378
0.000375
0.000375
0.000377
0.000375
0.000375
0.000377
0.000376
0.000375
0.000376
0.000375
0.000378
0.000374
0.000375
0.000376
0.000374
0.000375
0.000375
0.000376
0.000375
0.000375
0.000375
0.000380
0.000375
0.000376
0.000382
0.000387
0.000378
0.000375
0.000375
0.000382
0.000370
0.000392
0.000377
0.000377
0.000375
0.000375
0.000376
0.000374
0.000375
0.000375
0.000375
0.000375
0.000380
0.000375
0.000374
0.000375
0.000374
0.000376
0.000375
0.000375
0.000376
0.000376
0.000377
0.000375
0.000375
0.000375
0.000375
0.000374
0.000376
0.000375
0.000375
0.000374
0.000375
0.000377
0.000374
0.000375
0.000374
0.000375
0.000376
0.000375
0.000376
0.000375
0.000375
0.000375
0.000379
0.000376
0.000374
0.000375
0.000375
0.000375
0.000374
0.000375
0.000375
0.000375
0.000377
0.000375
0.000375
0.000375
0.000376
0.000374
0.000375
0.000375
0.000375
0.000374
0.000375
0.000379
0.000373
0.000375
0.000376
0.000375
0.000375
0.000375
0.000375
0.000375
0.000375
0.000375
0.000378
0.000376
0.000375
0.000376
0.000376
0.000376
0.000376
0.000374
0.000374
