0.000454
0.000197
0.000194
0.000197
0.000198
0.000198
0.000193
0.000201
0.000194
0.000199
0.000209
0.000181
0.000164
0.000139
0.000117
0.000116
0.000116
0.000116
0.000118
0.000117
0.000117
0.000116
0.000116
0.000117
0.000117
0.000114
0.000118
0.000117
0.000118
0.000117
0.000116
0.000118
0.000117
0.000116
0.000118
0.000116
0.000116
0.000114
0.000117
0.000117
0.000116
0.000118
0.000128
0.000120
0.000137
0.000111
0.000112
0.000114
0.000115
0.000112
0.000113
0.000113
0.000113
0.000111
0.000113
0.000114
0.000113
0.000112
0.000113
0.000113
0.000114
0.000112
0.000113
0.000111
0.000112
0.000112
0.000113
0.000113
0.000113
0.000112
0.000112
0.000112
0.000112
0.000111
0.000113
0.000112
0.000113
0.000128
0.000115
0.000116
0.000126
0.000110
0.000110
0.000112
0.000110
0.000108
0.000110
0.000114
0.000112
0.000112
0.000110
0.000110
0.000110
0.000112
0.000110
0.000110
0.000110
0.000110
0.000111
0.000109
0.000109
0.000110
0.000109
0.000109
0.000110
0.000113
0.000109
0.000109
0.000109
0.000110
0.000113
0.000110
0.000113
0.000114
0.000112
0.000116
0.000118
0.000105
0.000106
0.000106
0.000108
0.000108
0.000107
0.000108
0.000108
0.000108
0.000106
0.000107
0.000108
0.000107
0.000107
0.000108
0.000110
0.000108
0.000109
0.000108
0.000109
0.000108
0.000108
0.000107
0.000109
0.000109
0.000108
0.000107
0.000110
0.000109
0.000109
0.000107
0.000109
0.000108
0.000114
0.000113
0.000107
0.000106
0.000107
0.000106
0.000105
0.000105
0.000106
0.000104
0.000107
0.000105
0.000106
0.000106
0.000106
0.000106
0.000106
0.000106
0.000104
0.000104
0.000106
0.000106
0.000106
0.000103
0.000105
0.000106
0.000105
0.000104
0.000106
0.000106
0.000104
0.000105
0.000104
0.000105
0.000104
0.000107
0.000106
0.000113
0.000106
0.000106
0.000105
0.000113
0.000104
0.000103
0.000102
0.000103
0.000101
0.000101
0.000102
0.000101
0.000102
0.000102
0.000101
0.000104
0.000103
0.000100
0.000103
0.000100
0.000101
0.000102
0.000102
0.000102
0.000102
0.000103
0.000101
0.000106
0.000102
0.000101
0.000104
0.000101
0.000103
0.000102
0.000102
0.000100
0.000103
0.000102
0.000107
0.000102
0.000101
0.000122
0.000099
0.000101
0.000101
0.000101
0.000101
0.000098
0.000100
0.000101
0.000100
0.000100
0.000100
0.000100
0.000098
0.000099
0.000102
0.000099
0.000102
0.000102
0.000101
0.000103
0.000101
0.000101
0.000101
0.000101
0.000100
0.000101
0.000099
0.000101
0.000102
0.000100
0.000101
0.000098
0.000099
0.000101
0.000101
0.000104
0.000101
0.000100
0.000102
0.000098
0.000100
0.000098
0.000099
0.000100
0.000098
0.000099
0.000097
0.000100
0.000098
0.000100
0.000100
0.000100
0.000099
0.000098
0.000101
0.000100
0.000101
0.000098
0.000099
0.000100
0.000102
0.000100
0.000101
0.000100
0.000099
0.000098
0.000098
0.000099
0.000098
0.000101
0.000100
0.000100
0.000098
0.000098
0.000100
0.000103
0.000099
0.000100
0.000105
0.000099
0.000107
0.000097
0.000096
0.000097
0.000097
0.000099
0.000095
0.000097
0.000101
0.000098
0.000097
0.000098
0.000098
0.000097
0.000098
0.000097
0.000097
0.000098
0.000098
0.000097
0.000099
0.000096
0.000097
0.000097
0.000098
0.000099
0.000100
0.000098
0.000098
0.000101
0.000097
0.000099
0.000098
0.000098
0.000097
0.000100
0.000099
0.000099
0.000097
0.000098
0.000097
0.000096
0.000099
0.000096
0.000097
0.000098
0.000096
0.000098
0.000096
0.000097
0.000100
0.000098
0.000099
0.000098
0.000098
0.000099
0.000098
0.000097
0.000107
0.000098
0.000097
0.000098
0.000103
0.000096
0.000097
0.000098
0.000097
0.000098
0.000096
0.000096
0.000099
0.000098
0.000097
0.000100
0.000097
0.000097
0.000117
0.000099
0.000097
0.000098
0.000097
0.000098
0.000097
0.000097
0.000098
0.000106
0.000099
0.000096
0.000096
0.000098
0.000095
0.000098
0.000095
0.000098
0.000097
0.000098
0.000098
0.000098
0.000098
0.000098
0.000097
0.000112
0.000097
0.000097
0.000098
0.000097
0.000097
0.000098
0.000100
0.000099
0.000098
0.000099
0.000096
0.000097
0.000098
0.000097
0.000098
0.000099
0.000096
0.000099
0.000096
0.000098
0.000097
0.000106
0.000097
0.000099
0.000097
0.000097
0.000097
0.000099
0.000097
0.000097
0.000101
0.000096
0.000096
0.000098
0.000096
0.000098
0.000099
0.000097
0.000097
0.000113
0.000100
0.000098
0.000097
0.000099
0.000096
0.000114
0.000099
0.000098
0.000097
0.000098
0.000100
0.000096
0.000098
0.000098
0.000099
0.000101
0.000098
0.000097
0.000101
0.000098
0.000098
0.000101
0.000100
0.000097
0.000100
0.000099
0.000097
0.000099
0.000094
0.000094
0.000097
0.000095
0.000099
0.000096
0.000098
0.000097
0.000098
0.000098
0.000097
0.000097
0.000096
0.000097
0.000098
0.000095
0.000096
0.000097
0.000097
0.000097
0.000095
0.000098
0.000097
0.000097
0.000096
0.000099
0.000096
0.000097
0.000111
0.000096
0.000099
0.000096
0.000097
0.000097
0.000099
0.000097
0.000099
0.000098
0.000097
0.000099
0.000098
0.000097
0.000099
0.000101
0.000095
0.000096
0.000099
0.000097
0.000097
0.000096
0.000097
0.000096
0.000099
0.000100
0.000095
0.000099
0.000098
0.000096
0.000096
0.000098
0.000095
0.000097
0.000095
0.000098
0.000098
0.000097
0.000098
0.000098
0.000096
0.000106
0.000099
0.000099
0.000098
0.000097
0.000099
0.000098
0.000097
0.000098
0.000097
0.000099
0.000098
0.000109
0.000098
0.000098
0.000097
0.000096
0.000095
0.000106
0.000099
0.000102
0.000098
0.000102
0.000097
0.000096
0.000098
0.000095
0.000096
0.000096
0.000097
0.000099
0.000099
0.000097
0.000095
0.000099
0.000099
0.000096
0.000098
0.000099
0.000096
0.000117
0.000098
0.000098
0.000100
0.000097
0.000099
0.000097
0.000098
0.000098
0.000097
0.000098
0.000100
0.000108
0.000099
0.000097
0.000095
0.000096
0.000097
0.000098
0.000097
0.000096
0.000097
0.000096
0.000097
0.000097
0.000097
0.000098
0.000095
0.000096
0.000094
0.000096
0.000098
0.000098
0.000095
0.000097
0.000101
0.000098
0.000096
0.000096
0.000097
0.000097
0.000112
0.000098
0.000098
0.000100
0.000098
0.000100
0.000097
0.000098
0.000099
0.000096
0.000099
0.000098
0.000107
0.000098
0.000097
0.000094
0.000096
0.000098
0.000098
0.000097
0.000097
0.000098
0.000097
0.000097
0.000098
0.000097
0.000097
0.000097
0.000095
0.000097
0.000099
0.000098
0.000111
0.000099
0.000101
0.000098
0.000097
0.000097
0.000098
0.000098
0.000101
0.000097
0.000097
0.000096
0.000101
0.000099
0.000097
0.000098
0.000097
0.000097
0.000098
0.000098
0.000097
0.000096
0.000095
0.000096
0.000099
0.000098
0.000098
0.000097
0.000098
0.000099
0.000098
0.000099
0.000098
0.000095
0.000096
0.000097
0.000098
0.000098
0.000100
0.000098
0.000097
0.000097
0.000096
0.000097
0.000099
0.000096
0.000095
0.000097
0.000096
0.000101
0.000098
0.000098
0.000098
0.000098
0.000097
0.000098
0.000098
0.000097
0.000097
0.000096
0.000097
0.000102
0.000095
0.000097
0.000097
0.000098
0.000096
0.000096
0.000098
0.000098
0.000098
0.000098
0.000098
0.000097
0.000099
0.000096
0.000096
0.000096
0.000096
0.000096
0.000097
0.000097
0.000097
0.000100
0.000098
0.000105
0.000095
0.000096
0.000097
0.000100
0.000110
0.000099
0.000102
0.000098
0.000100
0.000098
0.000097
0.000099
0.000097
0.000102
0.000107
0.000098
0.000105
0.000113
0.000097
0.000099
0.000098
0.000096
0.000098
0.000097
0.000099
0.000097
0.000099
0.000097
0.000097
0.000097
0.000096
0.000098
0.000098
0.000099
0.000096
0.000097
0.000097
0.000096
0.000095
0.000098
0.000097
0.000098
0.000101
0.000098
0.000099
0.000098
0.000098
0.000096
0.000098
0.000101
0.000098
0.000097
0.000097
0.000095
0.000096
0.000098
0.000097
0.000099
0.000098
0.000099
0.000100
0.000097
0.000098
0.000098
0.000096
0.000096
0.000097
0.000097
0.000096
0.000098
0.000097
0.000098
0.000096
0.000097
0.000098
0.000098
0.000098
0.000095
0.000095
0.000097
0.000097
0.000098
0.000096
0.000097
0.000098
0.000100
0.000096
0.000096
0.000097
0.000098
0.000097
0.000098
0.000098
0.000097
0.000097
0.000097
0.000095
0.000098
0.000098
0.000097
0.000098
0.000097
0.000097
0.000097
0.000095
0.000097
0.000098
0.000102
0.000096
0.000098
0.000097
0.000098
0.000096
0.000099
0.000098
0.000096
0.000097
0.000096
0.000099
0.000096
0.000097
0.000098
0.000097
0.000112
0.000098
0.000098
0.000101
0.000100
0.000098
0.000099
0.000101
0.000099
0.000097
0.000097
0.000097
0.000100
0.000098
0.000096
0.000098
0.000097
0.000097
0.000096
0.000099
0.000100
0.000098
0.000097
0.000098
0.000097
0.000097
0.000098
0.000098
0.000098
0.000098
0.000097
0.000098
0.000097
0.000097
0.000096
0.000098
0.000099
0.000099
0.000097
0.000098
0.000098
0.000097
0.000094
0.000098
0.000098
0.000097
0.000096
0.000097
0.000096
0.000098
0.000098
0.000098
0.000098
0.000097
0.000096
0.000094
0.000096
0.000100
0.000095
0.000097
0.000096
0.000097
0.000096
0.000099
0.000096
0.000097
0.000097
0.000097
0.000097
0.000097
0.000101
0.000096
0.000097
0.000097
0.000099
0.000098
0.000099
0.000097
0.000095
0.000096
0.000099
0.000096
0.000098
0.000097
0.000102
0.000114
0.000098
0.000098
0.000098
0.000099
0.000097
0.000099
0.000098
0.000098
0.000099
0.000099
0.000107
0.000098
0.000098
0.000100
0.000099
0.000098
0.000099
0.000096
0.000114
0.000097
0.000098
0.000098
0.000098
0.000106
0.000096
0.000098
0.000096
0.000098
0.000096
0.000098
0.000098
0.000095
0.000097
0.000099
0.000096
0.000097
0.000096
0.000095
0.000098
0.000098
0.000097
0.000100
0.000098
0.000097
0.000098
0.000098
0.000095
0.000097
0.000096
0.000096
0.000097
0.000096
0.000095
0.000097
0.000098
0.000094
0.000096
0.000099
0.000097
0.000096
0.000101
0.000097
0.000097
0.000095
0.000098
0.000097
0.000096
0.000097
0.000099
0.000096
0.000099
0.000096
0.000100
0.000097
0.000097
0.000098
0.000098
0.000097
0.000096
0.000099
0.000099
0.000097
0.000100
0.000098
0.000098
0.000098
0.000097
0.000097
0.000099
0.000098
0.000098
0.000096
0.000099
0.000097
0.000096
0.000096
0.000098
0.000097
0.000097
0.000097
0.000100
0.000096
0.000097
0.000098
0.000098
0.000096
0.000096
0.000094
0.000096
0.000098
0.000097
0.000098
0.000097
0.000097
0.000112
0.000098
0.000097
0.000098
0.000098
0.000098
0.000101
0.000097
0.000098
0.000098
0.000098
0.000099
0.000098
0.000100
0.000097
0.000099
0.000096
0.000098
0.000097
0.000102
0.000098
0.000096
0.000097
0.000096
0.000096
0.000093
0.000096
0.000096
0.000096
0.000096
0.000096
0.000097
0.000095
0.000096
0.000096
0.000097
0.000099
0.000098
0.000096
0.000096
0.000097
0.000098
0.000101
0.000096
0.000097
0.000097
0.000097
0.000098
0.000106
0.000098
0.000098
0.000097
0.000100
0.000098
0.000099
0.000097
0.000099
0.000098
0.000099
0.000098
0.000105
0.000099
0.000097
0.000098
0.000097
0.000096
0.000096
0.000099
0.000098
0.000097
0.000098
0.000096
0.000097
0.000097
0.000098
0.000095
0.000097
0.000097
0.000097
0.000098
0.000097
0.000098
0.000096
0.000096
0.000097
0.000098
0.000096
0.000099
0.000100
0.000099
0.000111
0.000098
0.000100
0.000097
0.000096
0.000097
0.000098
0.000101
0.000099
0.000097
0.000097
0.000099
0.000111
0.000100
0.000114
0.000098
0.000100
0.000098
0.000100
0.000098
0.000110
0.000098
0.000097
0.000096
0.000097
0.000099
0.000099
0.000098
0.000097
0.000098
0.000095
0.000097
0.000099
0.000100
0.000098
0.000097
0.000097
0.000099
0.000116
0.000099
0.000097
0.000098
0.000098
0.000097
0.000097
0.000100
0.000098
0.000099
0.000098
0.000098
0.000109
0.000098
0.000098
0.000095
0.000096
0.000096
0.000097
0.000096
0.000096
0.000098
0.000097
0.000098
0.000096
0.000097
0.000097
0.000095
0.000097
0.000097
0.000100
0.000096
0.000096
0.000099
0.000098
0.000096
0.000098
0.000097
0.000097
0.000097
0.000096
0.000099
0.000098
0.000095
0.000096
0.000096
0.000097
0.000097
0.000096
0.000099
0.000096
0.000097
0.000097
0.000098
0.000098
0.000097
0.000097
0.000097
0.000098
0.000095
0.000096
0.000097
0.000098
0.000097
0.000096
0.000098
0.000096
0.000098
0.000099
0.000096
0.000096
0.000097
0.000096
0.000109
0.000100
0.000099
0.000100
0.000106
0.000095
0.000096
0.000097
0.000105
0.000099
0.000097
0.000098
0.000098
0.000100
0.000099
0.000101
0.000098
0.000098
0.000098
0.000097
0.000108
0.000101
0.000097
0.000098
0.000098
0.000096
0.000096
0.000097
0.000096
0.000099
0.000098
0.000097
0.000095
0.000097
0.000097
0.000098
0.000097
0.000096
0.000098
0.000097
0.000096
0.000096
0.000099
0.000096
0.000097
0.000097
0.000098
0.000099
0.000097
0.000099
0.000097
0.000099
0.000096
0.000098
0.000098
0.000097
0.000099
0.000101
0.000096
0.000099
0.000098
0.000098
0.000097
0.000098
0.000096
0.000098
0.000097
0.000096
0.000100
0.000098
0.000098
0.000097
0.000099
0.000097
0.000097
0.000100
0.000100
0.000097
0.000099
0.000097
0.000098
0.000101
0.000099
0.000097
0.000099
0.000097
0.000095
0.000097
0.000097
0.000098
0.000099
0.000099
0.000099
0.000096
0.000113
0.000098
0.000101
0.000097
0.000099
0.000100
0.000098
0.000097
0.000118
0.000099
0.000100
0.000099
0.000097
0.000099
0.000101
0.000098
0.000098
0.000098
0.000098
0.000101
0.000097
0.000102
0.000097
0.000096
0.000097
0.000099
0.000096
0.000098
0.000101
0.000097
0.000098
0.000098
0.000098
0.000097
0.000097
0.000099
0.000096
0.000100
0.000100
0.000097
0.000095
0.000098
0.000098
0.000097
0.000097
0.000095
0.000097
0.000098
0.000097
0.000098
0.000101
0.000098
0.000098
0.000099
0.000097
0.000097
0.000097
0.000096
0.000097
0.000097
0.000098
0.000096
0.000097
0.000098
0.000096
0.000100
0.000096
0.000097
0.000100
0.000097
0.000097
0.000100
0.000097
0.000097
0.000098
0.000096
0.000096
0.000100
0.000098
0.000100
0.000096
0.000097
0.000096
0.000097
0.000097
0.000096
0.000099
0.000097
0.000099
0.000097
0.000097
0.000098
0.000096
0.000097
0.000097
0.000095
0.000098
0.000098
0.000096
0.000098
0.000100
0.000099
0.000096
0.000098
0.000097
0.000097
0.000097
0.000096
0.000096
0.000097
0.000097
0.000096
0.000112
0.000098
0.000099
0.000097
0.000099
0.000099
0.000102
0.000100
0.000099
0.000098
0.000099
0.000098
0.000100
0.000098
0.000102
0.000097
0.000098
0.000096
0.000097
0.000096
0.000098
0.000099
0.000099
0.000099
0.000098
0.000097
0.000100
0.000094
0.000098
0.000098
0.000096
0.000097
0.000096
0.000098
0.000098
0.000097
0.000098
0.000096
0.000097
0.000097
0.000097
0.000096
0.000098
0.000098
0.000099
0.000098
0.000099
0.000110
0.000097
0.000099
0.000097
0.000099
0.000097
0.000096
0.000100
0.000098
0.000099
0.000101
0.000098
0.000102
0.000097
0.000097
0.000096
0.000096
0.000098
0.000096
0.000096
0.000098
0.000097
0.000097
0.000098
0.000096
0.000097
0.000098
0.000095
0.000099
0.000098
0.000098
0.000097
0.000097
0.000098
0.000102
0.000096
0.000096
0.000096
0.000098
0.000098
0.000100
0.000099
0.000098
0.000096
0.000098
0.000098
0.000096
0.000110
0.000098
0.000097
0.000098
0.000097
0.000100
0.000097
0.000097
0.000097
0.000098
0.000098
0.000101
0.000098
0.000099
0.000099
0.000099
0.000099
0.000097
0.000099
0.000096
0.000100
0.000108
0.000097
0.000097
0.000098
0.000100
0.000100
0.000095
0.000097
0.000098
0.000098
0.000099
0.000096
0.000101
0.000097
0.000096
0.000097
0.000099
0.000097
0.000097
0.000095
0.000097
0.000097
0.000098
0.000096
0.000097
0.000097
0.000096
0.000097
0.000098
0.000098
0.000099
0.000097
0.000097
0.000095
0.000097
0.000098
0.000097
0.000095
0.000096
0.000096
0.000097
0.000096
0.000097
0.000097
0.000103
0.000095
0.000097
0.000097
0.000098
0.000099
0.000096
0.000098
0.000099
0.000100
0.000097
0.000096
0.000097
0.000097
0.000097
0.000100
0.000097
0.000096
0.000096
0.000098
0.000098
0.000096
0.000098
0.000098
0.000096
0.000096
0.000098
0.000097
0.000096
0.000097
0.000096
0.000097
0.000095
0.000097
0.000099
0.000099
0.000098
0.000097
0.000098
0.000109
0.000096
0.000099
0.000096
0.000099
0.000098
0.000097
0.000099
0.000099
0.000099
0.000099
0.000101
0.000098
0.000099
0.000099
0.000100
0.000096
0.000099
0.000098
0.000098
0.000100
0.000094
0.000097
0.000100
0.000099
0.000099
0.000097
0.000098
0.000096
0.000097
0.000096
0.000095
0.000096
0.000097
0.000099
0.000097
0.000099
0.000098
0.000093
0.000096
0.000095
0.000096
0.000098
0.000097
0.000100
0.000099
0.000098
0.000096
0.000099
0.000096
0.000099
0.000096
0.000101
0.000100
0.000101
0.000096
0.000098
0.000098
0.000098
0.000097
0.000097
0.000096
0.000098
0.000100
0.000095
0.000096
0.000098
0.000097
0.000097
0.000096
0.000099
0.000098
0.000097
0.000098
0.000096
0.000098
0.000096
0.000097
0.000097
0.000098
0.000099
0.000101
0.000098
0.000097
0.000096
0.000097
0.000099
0.000099
0.000097
0.000097
0.000097
0.000097
0.000099
0.000101
0.000097
0.000098
0.000114
0.000098
0.000100
0.000097
0.000097
0.000101
0.000098
0.000098
0.000101
0.000099
0.000098
0.000097
0.000098
0.000096
0.000099
0.000098
0.000098
0.000099
0.000098
0.000108
0.000096
0.000098
0.000098
0.000099
0.000097
0.000096
0.000097
0.000097
0.000097
0.000098
0.000098
0.000096
0.000095
0.000098
0.000097
0.000097
0.000098
0.000099
0.000097
0.000098
0.000096
0.000100
0.000097
0.000098
0.000097
0.000097
0.000096
0.000097
0.000097
0.000097
0.000097
0.000096
0.000097
0.000097
0.000098
0.000099
0.000098
0.000101
0.000095
0.000096
0.000097
0.000097
0.000097
0.000097
0.000099
0.000100
0.000097
0.000099
0.000100
0.000099
0.000099
0.000096
0.000098
0.000097
0.000097
0.000100
0.000097
0.000098
0.000099
0.000097
0.000097
0.000100
0.000095
0.000098
0.000098
0.000096
0.000097
0.000096
0.000098
0.000098
0.000098
0.000097
0.000099
0.000096
0.000096
0.000097
0.000096
0.000097
0.000100
0.000097
0.000099
0.000097
0.000098
0.000098
0.000098
0.000097
0.000101
0.000098
0.000097
0.000098
0.000109
0.000097
0.000099
0.000099
0.000097
0.000098
0.000098
0.000115
0.000102
0.000100
0.000099
0.000109
0.000098
0.000096
0.000099
0.000096
0.000099
0.000100
0.000100
0.000103
0.000097
0.000096
0.000098
0.000097
0.000098
0.000098
0.000096
0.000098
0.000099
0.000098
0.000097
0.000098
0.000099
0.000097
0.000098
0.000097
0.000097
0.000097
0.000097
0.000098
0.000098
0.000097
0.000098
0.000098
0.000096
0.000097
0.000097
0.000097
0.000096
0.000099
0.000100
0.000098
0.000098
0.000100
0.000097
0.000096
0.000099
0.000098
0.000096
0.000099
0.000102
0.000099
0.000098
0.000100
0.000099
0.000100
0.000098
0.000097
0.000096
0.000097
0.000097
0.000100
0.000098
0.000099
0.000098
0.000096
0.000100
0.000098
0.000097
0.000098
0.000097
0.000098
0.000097
0.000100
0.000099
0.000098
0.000100
0.000096
0.000096
0.000096
0.000101
0.000097
0.000097
0.000096
0.000096
0.000100
0.000098
0.000097
0.000103
0.000097
0.000112
0.000098
0.000122
0.000098
0.000099
0.000099
0.000099
0.000098
0.000098
0.000098
0.000098
0.000097
0.000097
0.000101
0.000098
0.000105
0.000097
0.000101
