0.037005
0.028960
0.030680
0.030679
0.030505
0.030550
0.030227
0.029971
0.030532
0.030548
0.030511
0.030354
0.030498
0.031375
0.030366
0.030646
0.030669
0.030494
0.030537
0.030320
0.030464
0.030456
0.033965
0.030188
0.031236
0.030767
0.030617
0.031131
0.030895
0.032140
0.031760
0.031715
0.032443
0.031451
0.031061
0.032527
0.031323
0.032185
0.032332
0.031494
0.032183
0.032336
0.031148
0.031840
0.031493
0.031343
0.030328
0.032414
0.031401
0.032413
0.031217
0.031616
0.032461
0.031411
0.032480
0.031080
0.031389
0.032430
0.032186
0.031082
0.030786
0.032550
0.031427
0.031785
0.082057
0.039513
0.037109
0.037240
0.036963
0.036723
0.035250
0.043029
0.045917
0.045738
0.046558
0.047391
0.050004
0.043417
0.037303
0.037094
0.037154
0.037068
0.037437
0.036885
0.037295
0.037306
0.036803
0.037062
0.037332
0.036848
0.037357
0.037190
0.037874
0.037105
0.039457
0.037178
0.037125
0.036856
0.037245
0.036966
0.037155
0.037254
0.038725
0.036225
0.035149
0.036500
0.036524
0.037139
0.036876
0.036970
0.036306
0.036232
0.035861
0.036373
0.036151
0.035985
0.037760
0.037888
0.038144
0.037826
0.038308
0.038391
0.040228
0.039111
0.038275
0.038694
0.037385
0.037893
0.037527
0.036211
0.039335
0.038180
0.038798
0.037841
0.037606
0.037493
0.038810
0.037916
0.042568
0.036435
0.037451
0.037040
0.036669
0.037279
0.037460
0.035833
0.036162
0.037549
0.037555
0.037443
0.037645
0.037801
0.036679
0.037066
0.038123
0.038436
0.041326
0.038413
0.039647
0.040059
0.040624
0.037937
0.039360
0.037799
0.039733
0.039441
0.038900
0.035794
0.067470
0.033467
0.042861
0.047033
0.047042
0.047946
0.047586
0.042783
0.036464
0.033926
0.033672
0.035466
0.035652
0.035516
0.034873
0.034246
0.033860
0.033471
0.034092
0.033609
0.034042
0.034020
0.033924
0.034438
0.035191
0.033377
0.034512
0.034823
0.035437
0.035000
0.035315
0.035056
0.035346
0.036426
0.035989
0.037124
0.040822
0.035524
0.037182
0.034496
0.033970
0.034251
0.033860
0.034381
0.034205
0.034671
0.034758
0.034575
0.034723
0.035530
0.033434
0.033267
0.033643
0.034841
0.033637
0.034488
0.034632
0.042400
0.037803
0.038117
0.038352
0.037873
0.032361
0.032492
0.033486
0.033026
0.032458
0.033771
0.033433
0.032571
0.031740
0.033823
0.036425
0.035014
0.033884
0.034134
0.034209
0.034509
0.034110
0.037714
0.033613
0.031704
0.038877
0.037512
0.036303
0.039360
0.036306
0.032918
0.032528
0.032841
0.033442
0.032778
0.033694
0.033664
0.033879
0.034673
0.036681
0.034281
0.033757
0.034424
0.035541
0.033119
0.033379
0.032073
0.033050
0.031957
0.033390
0.032773
0.032211
0.032656
0.032826
0.033100
0.033733
0.033661
0.033918
0.033723
0.032468
0.032381
0.037287
0.036018
0.035887
0.035388
0.035590
0.035357
0.035276
0.034483
0.034821
0.033378
0.032636
0.033217
0.032822
0.032284
0.034838
0.033053
0.031744
0.033725
0.033770
0.033229
0.032711
0.032261
0.032816
0.034674
0.037216
0.036351
0.036528
0.038392
0.059685
0.033306
0.036514
0.041256
0.034594
0.039654
0.044270
0.035063
0.041046
0.044703
0.035973
0.045283
0.036418
0.039178
0.043498
0.033876
0.033595
0.034287
0.034149
0.034059
0.034711
0.038332
0.034416
0.039983
0.036215
0.030800
0.031013
0.030370
0.029998
0.032068
0.032043
0.034544
0.034363
0.036928
0.037504
0.032555
0.030042
0.029762
0.031679
0.030328
0.029534
0.029579
0.029369
0.029394
0.029404
0.030730
0.032784
0.033762
0.030059
0.029215
0.030754
0.030874
0.030910
0.030952
0.031436
0.031319
0.030930
0.031630
0.032192
0.031470
0.031105
0.031219
0.031267
0.030351
0.030732
0.030697
0.030581
0.030636
0.030659
0.034065
0.031115
0.030575
0.031239
0.030495
0.030275
0.034216
0.030715
0.030564
0.030751
0.031474
0.031644
0.030599
0.035390
0.035938
0.031137
0.030173
0.030226
0.033411
0.035568
0.034420
0.032936
0.031281
0.029900
0.030416
0.030166
0.031272
0.035716
0.032048
0.031207
0.031101
0.031044
0.030922
0.030811
0.031208
0.030928
0.030395
0.033988
0.030234
0.030105
0.030077
0.030342
0.033085
0.031484
0.030173
0.030137
0.030057
0.031029
0.030966
0.030405
0.029997
0.030442
0.035128
0.029969
0.030542
0.029964
0.030031
0.032259
0.029359
0.029944
0.029530
0.029897
0.029301
0.029527
0.029492
0.029616
0.029471
0.029624
0.029896
0.029590
0.029327
0.029768
0.029492
0.029741
0.029733
0.029152
0.029674
0.030086
0.029750
0.033145
0.029744
0.030182
0.029907
0.030177
0.030180
0.030046
0.030326
0.030057
0.030223
0.029866
0.029857
0.030192
0.030628
0.030036
0.029295
0.029071
0.029527
0.029525
0.029638
0.030069
0.029194
0.029707
0.029358
0.028981
0.029386
0.029084
0.029435
0.029537
0.030178
0.029996
0.030063
0.029546
0.029863
0.029500
0.029485
0.033631
0.030310
0.029602
0.030955
0.030408
0.030125
0.030445
0.030347
0.032023
0.029452
0.032895
0.028991
0.028933
0.032551
0.029259
0.028956
0.028889
0.029029
0.029517
0.028621
0.028773
0.028386
0.028239
0.028300
0.028819
0.028847
0.028141
0.028290
0.028522
0.028362
0.028504
0.028491
0.029149
0.029428
0.029990
0.029129
0.028469
0.027909
0.029124
0.029481
0.028865
0.028636
0.028753
0.028282
0.028664
0.028199
0.028886
0.029014
0.028911
0.029174
0.029061
0.028215
0.028370
0.028363
0.028279
0.028142
0.028827
0.028916
0.028403
0.028587
0.028055
0.028507
0.028056
0.028663
0.029060
0.030802
0.029735
0.028825
0.028557
0.028457
0.028612
0.028977
0.028685
0.029360
0.033082
0.027869
0.027200
0.027377
0.027145
0.027627
0.027784
0.027425
0.027702
0.027074
0.026956
0.026887
0.027087
0.027562
0.027280
0.027560
0.027225
0.027077
0.027076
0.027585
0.027695
0.027591
0.027094
0.027286
0.027818
0.027341
0.026833
0.027423
0.027250
0.028132
0.028998
0.028067
0.028481
0.028468
0.028757
0.029321
0.029469
0.028585
0.029641
0.029135
0.029048
0.030344
0.028160
0.028769
0.028262
0.027901
0.028473
0.027787
0.028188
0.027818
0.028075
0.028375
0.028832
0.028348
0.029054
0.028685
0.028094
0.028601
0.028470
0.028039
0.027990
0.028673
0.028303
0.028176
0.028752
0.028598
0.031710
0.028484
0.028335
0.032051
0.027630
0.027468
0.027753
0.027617
0.027401
0.027509
0.027454
0.027331
0.027371
0.027098
0.027289
0.027413
0.027248
0.027330
0.027322
0.027551
0.027149
0.027884
0.027750
0.027147
0.027504
0.028173
0.029582
0.027608
0.027090
0.026988
0.027358
0.027197
0.027474
0.026663
0.029233
0.027083
0.027165
0.026952
0.027139
0.027074
0.027057
0.028079
0.027267
0.027029
0.033209
0.034611
0.033784
0.032165
0.027777
0.028582
0.030148
0.027540
0.028214
0.027630
0.027966
0.028119
0.027574
0.027637
0.027854
0.027943
0.027787
0.027548
0.027349
0.027064
0.026932
0.027354
0.027521
0.028263
0.027842
0.027778
0.027261
0.027493
0.027366
0.027942
0.027047
0.027676
0.028717
0.028343
0.026961
0.026872
0.027310
0.027053
0.027346
0.026578
0.028141
0.027990
0.027654
0.027133
0.028828
0.026968
0.026896
0.033425
0.029757
0.031077
0.030016
0.030194
0.031577
0.031762
0.032478
0.028978
0.028210
0.028586
0.028736
0.029275
0.028323
0.027849
0.027302
0.028599
0.027519
0.027549
0.028089
0.030506
0.027630
0.027909
0.028117
0.027781
0.027572
0.028046
0.027976
0.027885
0.027598
0.027864
0.031817
0.028490
0.026880
0.026643
0.026420
0.026362
0.026567
0.026570
0.026522
0.026605
0.026430
0.026515
0.026139
0.026582
0.026557
0.026805
0.026312
0.026698
0.026635
0.026322
0.026842
0.026598
0.026641
0.026223
0.026434
0.026809
0.027308
0.029942
0.029264
0.028873
0.029530
0.030118
0.030432
0.029472
0.028798
0.029255
0.028643
0.032312
0.027091
0.030068
0.029229
0.029296
0.028734
0.029490
0.029713
0.029238
0.029405
0.028918
0.027375
0.029817
0.027334
0.026557
0.027015
0.027659
0.027896
0.029536
0.028513
0.028430
0.028712
0.027901
0.028915
0.028914
0.028764
0.060450
0.030494
0.033393
0.032579
0.032507
0.031956
0.032411
0.033094
0.032248
0.032966
0.032196
0.032347
0.032757
0.032661
0.032968
0.032487
0.032936
0.032864
0.031804
0.031667
0.032167
0.031547
0.034193
0.033196
0.033751
0.032454
0.032636
0.032783
0.032298
0.032707
0.035386
0.038874
0.028473
0.033126
0.032741
0.026340
0.029230
0.027352
0.027258
0.027757
0.028131
0.027349
0.027705
0.027341
0.027902
0.028060
0.027437
0.027935
0.027645
0.027831
0.028006
0.027576
0.030246
0.026808
0.027247
0.027039
0.030370
0.027064
0.026403
0.026652
0.026749
0.026973
0.027281
0.027126
0.026118
0.030059
0.026962
0.027198
0.027333
0.026956
0.027566
0.026818
0.026307
0.026247
0.026852
0.026757
0.028057
0.026796
0.026762
0.026690
0.026418
0.026234
0.027372
0.026940
0.026818
0.027292
0.026987
0.026836
0.026375
0.026904
0.026887
0.026714
0.026994
0.026639
0.026645
0.026987
0.027454
0.027323
0.030336
0.026813
0.026955
0.026727
0.026927
0.026872
0.027112
0.026793
0.026327
0.026856
0.026234
0.027148
0.028565
0.026507
0.026641
0.026302
0.025999
0.026265
0.025908
0.026078
0.026286
0.025760
0.025907
0.026093
0.026491
0.025851
0.026163
0.032017
0.026549
0.025901
0.026710
0.026010
0.027054
0.025999
0.026425
0.025847
0.025967
0.026641
0.026199
0.027732
0.025993
0.026636
0.026168
0.026178
0.025817
0.026045
0.025984
0.026031
0.026672
0.026023
0.026577
0.025755
0.026597
0.026085
0.026416
0.025823
0.026371
0.026149
0.026620
0.026233
0.026829
0.026149
0.026301
0.026100
0.026046
0.026713
0.025893
0.026527
0.025943
0.026235
0.025499
0.026598
0.025836
0.026491
0.025750
0.026389
0.025967
0.026610
0.026338
0.025782
0.026861
0.025696
0.026266
0.025880
0.026715
0.025883
0.026841
0.025747
0.026329
0.026008
0.026430
0.025760
0.025740
0.026362
0.025532
0.026000
0.025618
0.025777
0.025819
0.026015
0.025623
0.026219
0.025980
0.026139
0.025809
0.025879
0.025557
0.025235
0.026061
0.025362
0.026056
0.025691
0.025493
0.026137
0.025133
0.026497
0.025712
0.026458
0.025540
0.031047
0.038210
0.033709
0.034384
0.028981
0.027903
0.026827
0.026638
0.026482
0.025491
0.024899
0.024894
0.025821
0.025358
0.025752
0.026708
0.025959
0.024753
0.026200
0.025720
0.025144
0.025925
0.024931
0.025142
0.025641
0.025222
0.025388
0.026153
0.025393
0.025462
0.029011
0.025611
0.026061
0.025406
0.026280
0.026901
0.026349
0.027770
0.026722
0.026930
0.027108
0.027664
0.027251
0.026582
0.027436
0.026936
0.026690
0.028843
0.027056
0.029544
0.026375
0.026629
0.029359
0.026998
0.027075
0.026547
0.026186
0.027128
0.026797
0.028459
0.026371
0.026151
0.026268
0.028045
0.026278
0.026310
0.026546
0.030704
0.025623
0.025831
0.025612
0.031748
0.025723
0.025608
0.025600
0.025689
0.025914
0.028821
0.026909
0.026014
0.026370
0.027176
0.031786
0.026982
0.027610
0.026669
0.026232
0.026651
0.026147
0.026871
0.026752
0.026278
0.026914
0.026490
0.025934
0.026689
0.026469
0.026519
0.027123
0.026421
0.025951
0.026771
0.029401
0.025096
0.025697
0.025607
0.026006
0.025576
0.025704
0.027463
0.027092
0.026601
0.026172
0.026007
0.026274
0.026034
0.026654
0.029029
0.027233
0.027275
0.027427
0.027238
0.027599
0.027741
0.027840
0.027619
0.026452
0.026859
0.027183
0.028915
0.027224
0.027366
0.026850
0.029790
0.027233
0.027358
0.027796
0.027464
0.027429
0.027715
0.027461
0.027541
0.026547
0.026745
0.027208
0.027572
0.027319
0.027391
0.027181
0.026273
0.027091
0.027712
0.026390
0.029502
0.026687
0.031880
0.029670
0.025945
0.025809
0.025536
0.026400
0.026633
0.026128
0.026200
0.026208
0.025962
0.025878
0.026485
0.026060
0.026538
0.026064
0.026159
0.026230
0.026075
0.026156
0.025441
0.025698
0.025506
0.026129
0.025837
0.025550
0.026149
0.025928
0.026439
0.025878
0.026452
0.028489
0.029684
0.025915
0.030904
0.030045
0.025682
0.031248
0.030641
0.025700
0.025213
0.026419
0.027063
0.026741
0.026342
0.026030
0.027129
0.027473
0.026305
0.026865
0.027560
0.026459
0.026149
0.027147
0.028630
0.025910
0.026199
0.025655
0.026722
0.026591
0.025374
0.026951
0.026203
0.025860
0.026010
0.026165
0.026165
0.026061
0.026610
0.025800
0.025399
0.026181
0.026339
0.025222
0.025947
0.026404
0.025967
0.025792
0.026188
0.029528
0.025819
0.025884
0.026312
0.025562
0.026152
0.025709
0.025806
0.025677
0.025671
0.026427
0.025174
0.026504
0.025746
0.025255
0.026812
0.026551
0.026277
0.025000
0.030580
0.026231
0.025914
0.026790
0.026610
0.029925
0.026098
0.029463
0.024777
0.025683
0.025208
0.025202
0.027038
0.025755
0.025873
0.024591
0.025756
0.026685
0.026530
0.024992
0.025589
0.026386
0.026176
0.025470
0.025753
0.025427
0.026029
0.025507
0.026034
0.026432
0.025130
0.026243
0.024926
0.026304
0.025618
0.026158
0.025253
0.026283
0.025961
0.024471
0.024561
0.026908
0.024603
0.024786
0.025209
0.026311
0.026546
0.025935
0.025746
0.025915
0.026041
0.025857
0.025261
0.026385
0.025911
0.025042
0.026095
0.025755
0.025758
0.025258
0.025356
0.025378
0.024980
0.025863
0.025145
0.026022
0.026027
0.025958
0.025852
0.026123
0.025971
0.025603
0.025352
0.029149
0.030161
0.025719
0.026310
0.025951
0.026358
0.025758
0.026396
0.025579
0.026157
0.025744
0.026446
0.025398
0.025435
0.025456
0.026265
0.026407
0.026377
0.032084
0.030096
0.025649
0.030585
0.026003
0.025630
0.026375
0.026353
0.027200
0.026029
0.025290
0.026348
0.024901
0.026186
0.025838
0.025345
0.025432
0.028628
0.025875
0.026261
0.025585
0.026993
0.025891
0.026377
0.025277
0.026066
0.027724
0.025533
0.026753
0.025042
0.027095
0.027277
0.029990
0.025113
0.028887
0.028921
0.024775
0.025413
0.028325
0.025455
0.026048
0.025786
0.027392
0.025632
0.026395
0.025443
0.026130
0.025387
0.026372
0.028507
0.026333
0.025683
0.026266
0.026402
0.025808
0.026431
0.025611
0.026532
0.025625
0.026706
0.026079
0.024914
0.025835
0.025710
0.026364
0.025408
0.025841
0.026323
0.025470
0.025253
0.025636
0.025964
0.025337
0.026259
0.026479
0.025934
0.026487
0.025362
0.025177
0.026837
0.025299
0.026219
0.026339
0.025568
0.025736
0.025532
0.025331
0.026155
0.025763
0.026253
0.026671
0.025447
0.025808
0.025489
0.025682
0.025922
0.026044
0.025785
0.025216
0.029226
0.028091
0.029796
0.024661
0.024936
0.025988
0.025099
0.024792
0.025522
0.025685
0.026111
0.024883
0.025347
0.025014
0.024901
0.024774
0.025709
0.025280
0.024218
0.024069
0.024800
0.024464
0.024273
0.024751
0.025260
0.025455
0.030112
0.025526
0.026131
0.026757
0.025675
0.024722
0.024790
0.025419
0.025385
0.025590
0.024411
0.025089
0.025260
0.025290
0.025342
0.026137
0.024447
0.025874
0.025354
0.025820
0.025762
0.028950
0.026109
0.025999
0.026543
0.026586
0.026269
0.025426
0.025925
0.025933
0.025951
0.026338
0.025590
0.025317
0.025859
0.026000
0.025004
0.026063
0.025711
0.025332
0.025720
0.025306
0.025840
0.025863
0.025884
0.025569
0.025054
0.026175
0.025791
0.026319
0.025730
0.025547
0.026539
0.025213
0.025561
0.025928
0.025570
0.024935
0.025892
0.025928
0.025745
0.025673
0.025595
0.026285
0.025463
0.026301
0.025254
0.025182
0.025758
0.025730
0.026157
0.024946
0.025380
0.025944
0.025640
0.025813
0.025271
0.025647
0.026380
0.026654
0.025203
0.025443
0.026074
0.025720
0.025967
0.025034
0.026035
0.026057
0.025303
0.025350
0.025821
0.025137
0.025062
0.025210
0.026280
0.028690
0.025009
0.025475
0.025258
0.025524
0.030412
0.031125
0.028683
0.025424
0.024989
0.024756
0.025033
0.024560
0.025538
0.025350
0.025034
0.024950
0.024659
0.025401
0.024769
0.024774
0.025444
0.025378
0.024725
0.025237
0.025202
0.025333
0.024754
0.025341
0.024996
0.024807
0.024938
0.025201
0.025283
0.025315
0.024860
0.025714
0.024792
0.024940
0.024495
0.024887
0.025014
0.025133
0.024907
0.025201
0.025101
0.024962
0.025432
0.025471
0.024547
0.025232
0.025052
0.025237
0.025078
0.025381
0.025024
0.024867
0.025100
0.025280
0.025361
0.025364
0.024589
0.025626
0.024800
0.024793
0.025098
0.024349
0.025349
0.024867
0.025783
0.025106
0.024536
0.024876
0.025691
0.024633
0.024650
0.025002
0.024943
0.024878
0.025199
0.024688
0.024763
0.025040
0.024745
0.025019
0.024764
0.025213
0.024813
0.024794
0.024551
0.025011
0.025114
0.024522
0.024609
0.024709
0.024988
0.024875
0.025090
0.025142
0.025029
0.024955
0.024989
0.024628
0.025012
0.024884
0.024807
0.025063
0.024618
0.024718
0.024336
0.025096
0.025101
0.024327
0.024923
0.024462
0.025150
0.024449
0.024942
0.025139
0.024943
0.024753
0.024662
0.024877
0.024690
0.025197
0.024663
0.024322
0.025109
0.024899
0.024634
0.024739
0.024916
0.024971
0.024735
0.025043
0.024939
0.024088
0.024692
0.025290
0.024834
0.024966
0.024682
0.024839
0.024595
0.025175
0.024701
0.025037
0.024760
0.025006
0.024730
0.025119
0.024881
0.025107
0.024954
0.024608
0.024711
0.025225
0.024845
0.024857
0.024633
0.024861
0.025298
0.024738
0.024836
0.024815
0.024573
0.024820
0.025188
0.024808
0.024848
0.024691
0.024798
0.024782
0.024883
0.024627
0.024956
0.024608
0.025096
0.024677
0.025183
0.024873
0.024817
0.024760
0.025053
0.024870
0.025407
0.024553
0.024914
0.024998
0.025050
0.024977
0.024980
0.024896
0.025052
0.024762
0.024916
0.024477
0.024580
0.024753
0.024987
0.024699
0.024426
0.024602
0.024829
0.024712
0.031016
0.025714
0.027199
0.026311
0.029141
0.026828
0.027635
0.030461
0.026999
0.025570
0.025927
0.026418
0.026718
0.026483
0.027132
0.026403
0.026090
0.026488
0.026610
0.026627
0.029776
0.025833
0.025971
0.025727
0.025205
0.026247
0.026407
0.026163
0.025854
0.026270
0.025784
0.025984
0.026286
0.026306
0.025634
0.026949
0.024937
0.025916
0.025547
0.026201
0.026810
0.026298
0.028495
0.026522
0.029146
0.024849
0.025397
0.025951
0.025820
0.025779
0.034706
0.032491
0.028148
0.027513
0.028307
0.026249
0.026485
0.028563
0.027222
0.026455
0.026778
0.027026
0.026441
0.026116
0.026457
0.025488
0.026191
0.025610
0.026225
0.025851
0.025425
0.026979
0.026344
0.026100
0.027229
0.026376
0.026645
0.026658
0.026390
0.026561
0.027687
0.026921
0.030181
0.026035
0.026493
0.026878
0.031473
0.027775
0.026016
0.027380
0.027142
0.027746
0.027485
0.028131
0.026744
0.026809
0.027789
0.025313
0.025055
0.025604
0.025749
0.026295
0.027004
0.026213
0.024883
0.027141
0.025066
0.024999
0.026476
0.024773
0.025284
0.024935
0.025224
0.025179
0.025785
0.024743
0.025231
0.025040
0.024783
0.024770
0.024960
0.024797
0.025046
0.024605
0.024883
0.024756
0.024923
0.024590
0.024894
0.024573
0.024973
0.024554
0.025321
0.024153
0.025189
0.024946
0.025414
0.025114
0.027248
0.025219
0.025390
0.025356
0.025536
0.025604
0.025766
0.025036
0.025004
0.025997
0.033923
0.034750
0.034796
0.038797
0.034404
0.035542
0.035182
0.033169
0.034824
0.033050
0.035077
0.040898
0.037861
0.038054
0.038598
0.038302
0.038905
0.038462
0.036137
0.038147
0.038077
0.036961
0.036461
0.037618
0.037001
0.037238
0.037702
0.037280
0.036839
0.036615
0.035743
0.036724
0.039570
0.043654
0.037210
0.036748
0.037888
0.030244
0.032812
0.031646
0.031808
0.032014
0.033099
