0.062859
0.053611
0.051762
0.049139
0.050161
0.047969
0.049510
0.048914
0.048459
0.049258
0.051125
0.050707
0.051357
0.052582
0.052677
0.052106
0.058553
0.051402
0.050284
0.055839
0.056550
0.051954
0.053640
0.052782
0.052940
0.052536
0.050838
0.050666
0.050018
0.049969
0.051139
0.049312
0.050588
0.050240
0.050093
0.050065
0.050755
0.050019
0.053691
0.050403
0.051447
0.051988
0.052794
0.051562
0.050915
0.051685
0.051251
0.053177
0.053156
0.053548
0.054485
0.055106
0.051911
0.050118
0.049731
0.048733
0.048692
0.050049
0.063662
0.064695
0.062870
0.063893
0.061359
0.061095
0.060521
0.058210
0.062625
0.059222
0.058296
0.058868
0.067509
0.061440
0.060776
0.061241
0.090667
0.091888
0.074258
0.085389
0.072853
0.076341
0.093480
0.088697
0.087831
0.087630
0.087558
0.088431
0.086875
0.100893
0.091254
0.086318
0.088518
0.091534
0.089221
0.087055
0.086996
0.086138
0.088812
0.079278
0.086109
0.075091
0.085357
0.074352
0.076253
0.088080
0.072912
0.090095
0.078011
0.071726
0.069074
0.070602
0.078847
0.067293
0.069758
0.071692
0.078152
0.071738
0.066952
0.065515
0.063445
0.058079
0.057390
0.055973
0.060142
0.057859
0.055227
0.056577
0.058174
0.057741
0.061637
0.058107
0.064937
0.063384
0.060585
0.057980
0.059536
0.055779
0.070467
0.054493
0.052784
0.054250
0.052807
0.052998
0.053073
0.052775
0.051074
0.053059
0.052370
0.049336
0.050558
0.050675
0.051614
0.052041
0.052427
0.050426
0.052071
0.053475
0.052756
0.052995
0.049275
0.051657
0.052969
0.055674
0.051304
0.052224
0.055847
0.054471
0.052874
0.052219
0.053525
0.052979
0.060524
0.054828
0.053321
0.053474
0.063745
0.054523
0.052366
0.049280
0.049622
0.049671
0.049055
0.048701
0.048793
0.048308
0.048582
0.048063
0.048453
0.048527
0.048658
0.048214
0.048355
0.048312
0.047852
0.047289
0.047299
0.047251
0.047323
0.047513
0.047091
0.047119
0.047476
0.048628
0.056553
0.049403
0.050704
0.051578
0.051183
0.054219
0.059644
0.052748
0.052251
0.052384
0.052079
0.051531
0.052790
0.052848
0.052266
0.051968
0.052145
0.049885
0.051001
0.050935
0.049208
0.051302
0.050760
0.050016
0.050073
0.049757
0.049400
0.052813
0.054265
0.051389
0.050212
0.051159
0.053190
0.052634
0.052036
0.053190
0.053281
0.053357
0.053173
0.053415
0.057163
0.052189
0.051797
0.051718
0.060767
0.052447
0.051939
0.052107
0.051397
0.053068
0.052361
0.053349
0.054200
0.052204
0.051921
0.051966
0.052243
0.053780
0.051434
0.053246
0.053150
0.052889
0.052261
0.052306
0.051541
0.051443
0.051694
0.051610
0.051813
0.051363
0.051872
0.052150
0.051587
0.050007
0.050415
0.050668
0.050614
0.056366
0.049749
0.050778
0.050526
0.050417
0.051321
0.050648
0.053548
0.053915
0.051276
0.050999
0.056984
0.055421
0.052334
0.052151
0.051347
0.052237
0.051627
0.056068
0.050194
0.052120
0.047861
0.047806
0.052106
0.054503
0.054244
0.053982
0.054527
0.054711
0.053201
0.053294
0.053003
0.053117
0.054169
0.052437
0.051786
0.052629
0.049002
0.052732
0.051636
0.053858
0.051601
0.052688
0.052992
0.051453
0.050166
0.049002
0.049816
0.049425
0.054599
0.049470
0.049146
0.050560
0.051669
0.050199
0.050311
0.052813
0.050404
0.049642
0.051668
0.051521
0.053339
0.053260
0.053454
0.052817
0.051138
0.052062
0.051999
0.050589
0.052040
0.052127
0.053282
0.051762
0.051018
0.051863
0.052855
0.053429
0.053487
0.051813
0.052009
0.051195
0.055540
0.055186
0.056620
0.062114
0.052680
0.053120
0.051673
0.053233
0.053169
0.053625
0.052390
0.058467
0.053164
0.051792
0.052155
0.055953
0.053006
0.048497
0.050229
0.050244
0.050155
0.049551
0.049876
0.050727
0.049915
0.048862
0.049556
0.049683
0.051783
0.051235
0.051891
0.053046
0.055340
0.052679
0.053891
0.053472
0.060504
0.054691
0.054029
0.052975
0.052765
0.055011
0.062742
0.051195
0.051103
0.051614
0.052080
0.050586
0.049584
0.049776
0.052922
0.050017
0.050374
0.049754
0.053362
0.052816
0.052099
0.052098
0.052280
0.051953
0.052129
0.049224
0.050809
0.048887
0.049347
0.051333
0.051158
0.052637
0.058455
0.052636
0.052355
0.052116
0.052553
0.052453
0.052993
0.054530
0.053563
0.053141
0.053829
0.054136
0.054122
0.053199
0.053148
0.054397
0.052879
0.052978
0.053283
0.053294
0.052951
0.054701
0.052490
0.052373
0.053733
0.052448
0.055770
0.079295
0.072287
0.072691
0.072080
0.072619
0.072047
0.072063
0.071434
0.065334
0.061297
0.073429
0.073032
0.072754
0.071860
0.071143
0.069449
0.069154
0.069711
0.069337
0.069930
0.070534
0.070077
0.069164
0.068918
0.069939
0.069354
0.066838
0.066131
0.070040
0.069394
0.068467
0.068138
0.072426
0.071840
0.071997
0.068529
0.068365
0.069524
0.069566
0.063184
0.069996
0.070732
0.071240
0.070841
0.070622
0.069378
0.070991
0.072296
0.070615
0.071861
0.071199
0.068466
0.069179
0.070489
0.066807
0.067114
0.067279
0.065612
0.061932
0.068465
0.062987
0.061448
0.065563
0.065262
0.062844
0.061692
0.064592
0.071545
0.077041
0.074565
0.069459
0.068276
0.066801
0.067316
0.067590
0.077260
0.069807
0.070808
0.067781
0.066881
0.066714
0.066205
0.066784
0.066940
0.066904
0.066703
0.066915
0.067108
0.066931
0.066120
0.066594
0.066567
0.066534
0.066031
0.067171
0.066801
0.066675
0.066721
0.066922
0.066789
0.066465
0.066925
0.066507
0.066463
0.066886
0.066514
0.066796
0.066888
0.064451
0.064707
0.066422
0.066081
0.065229
0.065958
0.066783
0.066818
0.066896
0.066997
0.065813
0.066158
0.064190
0.066198
0.066426
0.066109
0.066036
0.066154
0.066130
0.066493
0.066582
0.066257
0.067140
0.066822
0.065169
0.065789
0.067060
0.065430
0.067042
0.065762
0.066781
0.066839
0.066372
0.066834
0.068474
0.067951
0.069113
0.067735
0.067996
0.067539
0.065288
0.066201
0.066101
0.066058
0.066261
0.066328
0.066198
0.066127
0.066403
0.066511
0.066650
0.066721
0.065348
0.066832
0.066856
0.066604
0.066379
0.065285
0.066820
0.066775
0.066231
0.064871
0.065702
0.066373
0.067160
0.067483
0.067615
0.065902
0.066955
0.067179
0.066896
0.066663
0.066550
0.066619
0.064671
0.066067
0.066710
0.067034
0.067080
0.065804
0.067056
0.066946
0.067145
0.067094
0.067151
0.066937
0.065842
0.067196
0.067300
0.065252
0.064106
0.064322
0.064100
0.061712
0.064451
0.065247
0.064448
0.065466
0.065181
0.065194
0.064523
0.064793
0.066089
0.066310
0.066432
0.066476
0.066498
0.066335
0.065951
0.065728
0.072362
0.068671
0.067038
0.067279
0.066427
0.065536
0.066130
0.065233
0.066041
0.066142
0.066285
0.066802
0.066918
0.065905
0.065553
0.065008
0.067013
0.066231
0.067138
0.065623
0.066699
0.067169
0.067053
0.065305
0.066563
0.066523
0.063297
0.066174
0.067011
0.067039
0.065252
0.085491
0.074669
0.074475
0.074673
0.068999
0.072819
0.080031
0.073458
0.079725
0.078454
0.080230
0.080072
0.078319
0.068345
0.076376
0.081799
0.074028
0.074447
0.073765
0.081131
0.073140
0.074971
0.073610
0.074269
0.073087
0.069279
0.074124
0.079615
0.074153
0.073676
0.073560
0.080761
0.074524
0.074479
0.073033
0.072006
0.071898
0.072232
0.072296
0.076423
0.075630
0.074731
0.076202
0.074849
0.075607
0.080701
0.083599
0.074490
0.075173
0.082689
0.080267
0.080424
0.081501
0.074164
0.079809
0.079928
0.074594
0.078259
0.072689
0.074242
0.071888
0.074715
0.074182
0.073024
0.068390
0.070171
0.071687
0.074554
0.072897
0.071684
0.075008
0.074582
0.074871
0.074984
0.071580
0.073503
0.070970
0.069263
0.072340
0.074832
0.068662
0.072998
0.074674
0.073097
0.072301
0.074875
0.079796
0.073041
0.073642
0.078566
0.074065
0.081288
0.074461
0.071890
0.079072
0.068184
0.067548
0.067957
0.067226
0.069176
0.067267
0.068359
0.067795
0.068840
0.067758
0.067300
0.069455
0.073841
0.069603
0.069437
0.071636
0.074768
0.068600
0.067701
0.066864
0.067301
0.070057
0.070454
0.073617
0.074475
0.071050
0.071910
0.072792
0.071656
0.072559
0.071080
0.073982
0.071795
0.072768
0.069841
0.071309
0.073369
0.071946
0.068092
0.069309
0.069629
0.073278
0.066170
0.073331
0.070671
0.072531
0.072100
0.074026
0.068792
0.073513
0.072768
0.069801
0.069307
0.069386
0.069541
0.074404
0.072267
0.071830
0.071552
0.072299
0.072985
0.072245
0.071498
0.070912
0.070546
0.070934
0.071857
0.071314
0.068321
0.070450
0.069422
0.067215
0.068429
0.069823
0.067513
0.070445
0.070651
0.070831
0.070771
0.071185
0.070267
0.069976
0.077663
0.072383
0.068460
0.066193
0.071263
0.075963
0.074309
0.075675
0.073098
0.075759
0.073338
0.069644
0.071298
0.068126
0.069863
0.068580
0.071440
0.063625
0.068783
0.068344
0.069737
0.071984
0.074691
0.067445
0.067750
0.065577
0.073186
0.074039
0.067177
0.067926
0.069784
0.074352
0.069094
0.068450
0.071408
0.072387
0.070966
0.070391
0.072554
0.072127
0.069428
0.071354
0.068676
0.067559
0.072041
0.071752
0.072674
0.072767
0.071926
0.071584
0.069657
0.073717
0.073970
0.072732
0.070250
0.073495
0.073613
0.069315
0.074312
0.072076
0.072863
0.071576
0.071034
0.071603
0.062849
0.070479
0.069793
0.069772
0.068703
0.068592
0.072269
0.070015
0.076989
0.070438
0.066143
0.069910
0.072867
0.073712
0.074105
0.069718
0.070212
0.068257
0.071737
0.075253
0.073589
0.073788
0.073350
0.074000
0.074029
0.072693
0.073700
0.073961
0.073939
0.071302
0.072811
0.074089
0.067639
0.073100
0.073384
0.073097
0.067311
0.067180
0.067021
0.067345
0.067912
0.066486
0.069273
0.071520
0.069481
0.067991
0.071402
0.073086
0.073227
0.068027
0.071177
0.071811
0.068212
0.069874
0.065469
0.069222
0.066765
0.067908
0.068210
0.071585
0.057152
0.056758
0.056108
0.056281
0.056150
0.053830
0.054975
0.055626
0.054282
0.055378
0.056667
0.057231
0.057175
0.057358
0.052929
0.051409
0.052568
0.050889
0.050164
0.062852
0.062473
0.058250
0.088144
0.067538
0.065397
0.062965
0.065468
0.063860
0.063216
0.063844
0.057846
0.065520
0.069071
0.066419
0.069619
0.066324
0.065225
0.057515
0.056654
0.060105
0.068491
0.065928
0.068127
0.065283
0.067675
0.065271
0.065244
0.061854
0.053776
0.054409
0.054978
0.054228
0.053574
0.057636
0.053242
0.056702
0.056474
0.056359
0.054054
0.058052
0.055680
0.053934
0.053493
0.053573
0.059757
0.053692
0.056279
0.056797
0.062134
0.062185
0.064746
0.065060
0.065487
0.064779
0.065442
0.063975
0.062997
0.064173
0.065984
0.065862
0.062274
0.060423
0.055738
0.056317
0.056433
0.055957
0.053638
0.060760
0.060783
0.063237
0.064809
0.064721
0.065805
0.065525
0.064075
0.063716
0.063552
0.062444
0.057736
0.055498
0.052404
0.051764
0.052076
0.059661
0.088250
0.068845
0.067300
0.067199
0.079428
0.068808
0.064829
0.060209
0.058662
0.057559
0.055540
0.057310
0.056264
0.057131
0.055457
0.057682
0.053668
0.054830
0.054431
0.060878
0.060095
0.061640
0.063086
0.059741
0.056068
0.053288
0.056247
0.053145
0.054939
0.053313
0.056940
0.055874
0.055971
0.055973
0.054310
0.054352
0.055662
0.057554
0.054109
0.054793
0.056998
0.056813
0.056290
0.055541
0.065834
0.061153
0.058138
0.060478
0.057035
0.054193
0.053701
0.053714
0.053046
0.052399
0.052724
0.051477
0.051735
0.052373
0.058310
0.060533
0.065404
0.061401
0.052681
0.051169
0.051939
0.051181
0.050792
0.051907
0.052011
0.056423
0.051274
0.050839
0.051812
0.052413
0.052235
0.052016
0.051965
0.051770
0.051719
0.052866
0.052970
0.052468
0.053218
0.052749
0.051807
0.052539
0.051992
0.056748
0.083181
0.080351
0.068195
0.065694
0.065079
0.064723
0.067691
0.059544
0.065111
0.063414
0.059007
0.064428
0.056772
0.056810
0.055670
0.054266
0.053937
0.057769
0.053638
0.053269
0.053227
0.053049
0.055050
0.054338
0.054812
0.053600
0.053801
0.054175
0.054007
0.053272
0.054104
0.054358
0.054157
0.053409
0.053069
0.052058
0.053264
0.053970
0.052806
0.051979
0.052128
0.052439
0.052545
0.054539
0.053172
0.052624
0.053093
0.054587
0.052993
0.052460
0.052465
0.053561
0.052344
0.053494
0.060869
0.059723
0.057428
0.056529
0.058178
0.057814
0.055579
0.054149
0.059806
0.065960
0.065316
0.061754
0.063221
0.060177
0.059785
0.058434
0.056422
0.060524
0.059991
0.059860
0.058669
0.059203
0.057355
0.059612
0.060676
0.059722
0.061113
0.060891
0.057859
0.060716
0.061158
0.057184
0.057142
0.067682
0.064547
0.064182
0.076463
0.081873
0.082423
0.069514
0.060396
0.058059
0.056920
0.056343
0.060257
0.054773
0.056292
0.053684
0.053405
0.053343
0.052490
0.053406
0.052628
0.054062
0.053825
0.058596
0.053991
0.054212
0.054131
0.054189
0.054785
0.056104
0.055262
0.056328
0.051694
0.051893
0.051613
0.055492
0.057479
0.057104
0.059590
0.058533
0.056306
0.051828
0.052184
0.051125
0.051471
0.051197
0.051079
0.050740
0.050653
0.049935
0.051222
0.052871
0.052507
0.054441
0.050573
0.052000
0.051728
0.051819
0.051611
0.051727
0.053540
0.053933
0.052704
0.051619
0.050003
0.050013
0.050141
0.051069
0.051360
0.054101
0.053061
0.051421
0.051480
0.052528
0.052614
0.051190
0.052123
0.052505
0.058194
0.062397
0.054034
0.051709
0.051220
0.051332
0.050963
0.050887
0.051084
0.051036
0.051283
0.050507
0.049893
0.056459
0.081051
0.068620
0.070755
0.064294
0.067114
0.063950
0.063347
0.060718
0.059635
0.061809
0.060412
0.061161
0.057704
0.056302
0.057657
0.063039
0.064237
0.064899
0.065021
0.065189
0.067651
0.062236
0.055642
0.055404
0.054290
0.053832
0.051565
0.052387
0.052239
0.054289
0.055316
0.054993
0.053099
0.051836
0.051853
0.051816
0.050956
0.051530
0.051200
0.051918
0.052380
0.052198
0.057571
0.063222
0.058112
0.058172
0.051178
0.050777
0.051645
0.052376
0.053733
0.056207
0.053115
0.053537
0.051932
0.051324
0.051792
0.051168
0.050698
0.050156
0.050012
0.049781
0.052295
0.052896
0.051318
0.051722
0.054958
0.056459
0.059752
0.058173
0.053643
0.050812
0.050674
0.049735
0.049900
0.050801
0.050264
0.050582
0.051152
0.050382
0.049968
0.050716
0.049677
0.050238
0.050333
0.050157
0.049874
0.049832
0.052760
0.057101
0.090005
0.078020
0.064276
0.066961
0.062543
0.059050
0.059683
0.062958
0.063786
0.060625
0.059152
0.059622
0.056222
0.055342
0.056602
0.056935
0.058772
0.061207
0.054514
0.053315
0.054076
0.053689
0.054177
0.053383
0.053868
0.053616
0.053680
0.053744
0.053683
0.054158
0.053439
0.053360
0.053561
0.054404
0.054150
0.059344
0.060825
0.055014
0.052968
0.053107
0.053460
0.054956
0.054411
0.055066
0.054042
0.053556
0.054586
0.054794
0.052696
0.053925
0.054517
0.055317
0.051616
0.055841
0.051853
0.052791
0.054368
0.054987
0.055889
0.055090
0.054141
0.064770
0.058213
0.054858
0.057747
0.057127
0.056913
0.053866
0.056818
0.054337
0.054452
0.051878
0.055600
0.060307
0.053266
0.056823
0.053452
0.054148
0.055266
0.054556
0.056787
0.054733
0.055331
0.053775
0.052045
0.051199
0.050330
0.052252
0.061792
0.064581
0.081855
0.066242
0.063208
0.063693
0.060087
0.059083
0.057827
0.056509
0.058139
0.055833
0.065754
0.062424
0.066267
0.066464
0.060069
0.055181
0.054947
0.051857
0.051669
0.052248
0.060359
0.058683
0.052860
0.052215
0.052863
0.054856
0.056316
0.055473
0.056443
0.053833
0.053492
0.054727
0.053784
0.053569
0.053458
0.053592
0.053551
0.053726
0.053309
0.054983
0.054014
0.054445
0.052900
0.054719
0.053618
0.052764
0.050938
0.050588
0.051120
0.051000
0.051301
0.050893
0.050917
0.050676
0.057294
0.056451
0.056405
0.056676
0.057576
0.062045
0.065639
0.053397
0.051439
0.051079
0.050664
0.051093
0.055023
0.054969
0.055551
0.055450
0.056280
0.057550
0.053648
0.054278
0.052768
0.054181
0.053961
0.054098
0.052582
0.052337
0.052322
0.052940
0.053354
0.055071
0.055305
0.056786
0.054658
0.054710
0.067783
0.066569
0.064253
0.063047
0.061346
0.060242
0.062981
0.060888
0.060070
0.058441
0.055276
0.056982
0.056260
0.056752
0.057429
0.057568
0.058150
0.056995
0.055113
0.055521
0.056478
0.054544
0.053305
0.055940
0.054311
0.052409
0.052353
0.053302
0.051776
0.056450
0.056543
0.060224
0.063804
0.060892
0.062244
0.061713
0.060900
0.062508
0.066080
0.056794
0.051047
0.051535
0.058355
0.057258
0.056786
0.055849
0.052257
0.052539
0.054037
0.052717
0.053145
0.056787
0.057556
0.060485
0.062028
0.059139
0.057959
0.055017
0.051645
0.051364
0.051795
0.051851
0.054401
0.052407
0.052163
0.051000
0.051956
0.050400
0.050298
0.050347
0.050923
0.050346
0.050459
0.050203
0.050573
0.050792
0.057619
0.058622
0.057685
0.062461
0.062332
0.064206
0.053145
0.051671
0.050192
0.050484
0.051163
0.051552
0.056382
0.069160
0.080027
0.066530
0.065512
0.061872
0.060575
0.058272
0.059530
0.055135
0.056317
0.056836
0.063112
0.056091
0.058040
0.062947
0.059689
0.055942
0.062536
0.066342
0.063585
0.064476
0.064684
0.064499
0.062061
0.063268
0.059634
0.055962
0.052523
0.051129
0.052819
0.051491
0.051176
0.051064
0.054186
0.054361
0.053755
0.053097
0.054012
0.054551
0.054592
0.052499
0.052369
0.053088
0.053027
0.052715
0.053257
0.051033
0.053723
0.053313
0.052653
0.052972
0.053778
0.052383
0.053062
0.054391
0.054322
0.054233
0.054063
0.052217
0.055391
0.054563
0.053507
0.053286
0.051436
0.051971
0.051271
0.051502
0.050997
0.051354
0.050460
0.049764
0.051625
0.051259
0.050069
0.050699
0.050126
0.050026
0.049851
0.050917
0.051038
0.050667
0.051169
0.051266
0.051135
0.051316
0.051788
0.054465
0.051545
0.052397
0.052647
0.060209
0.081446
0.070475
0.070442
0.068869
0.062218
0.056121
0.057779
0.055413
0.055405
0.057183
0.058941
0.059180
0.054698
0.053259
0.053391
0.052994
0.054342
0.052385
0.052608
0.051845
0.051752
0.052919
0.051870
0.051663
0.056543
0.054966
0.054659
0.054735
0.056580
0.061488
0.054938
0.051852
0.053098
0.053481
0.051585
0.051580
0.051870
0.051988
0.052604
0.056764
0.056862
0.051341
0.054444
0.054429
0.054805
0.054722
0.055157
0.055084
0.051826
0.052287
0.050877
0.056683
0.053571
0.051063
0.053054
0.052925
0.051446
0.053495
0.054302
0.052540
0.051030
0.053964
0.055529
0.056661
0.058010
0.052230
0.052913
0.052917
0.052665
0.053407
0.052744
0.051985
0.052884
0.052839
0.052305
0.052865
0.051649
0.051511
0.052030
0.051904
0.051723
0.051370
0.051721
0.051908
0.052820
0.056517
0.053774
0.050887
0.054711
0.050764
0.052866
0.087768
0.084055
0.083432
0.066284
0.059992
0.057354
0.056997
0.054865
0.056588
0.056404
0.061148
0.060245
0.057891
0.058408
0.058709
0.059924
0.058066
0.058266
0.055612
0.055379
0.053844
0.059227
0.061908
0.063626
0.060612
0.059874
0.057817
0.056017
0.055787
0.058911
0.056212
0.054999
0.054976
0.056467
0.055775
0.062539
0.064017
0.061619
0.054806
0.054694
0.054243
0.053901
0.053970
0.060854
0.056964
0.057810
0.055960
0.053865
0.053698
0.053550
0.055074
0.054596
0.054844
0.054008
0.053673
0.053173
0.053087
0.051869
0.052750
0.052008
0.051481
0.051572
0.051642
0.055307
0.053556
0.053331
0.053206
0.053669
0.052116
0.053347
0.054815
0.054293
0.053633
0.054523
0.053977
0.056117
0.055344
0.059061
0.058735
0.060778
0.060179
0.059920
0.063091
0.060319
0.061509
0.060013
