0.008470
0.004149
0.003429
0.003269
0.003520
0.003445
0.003134
0.003184
0.003169
0.003174
0.003227
0.003395
0.003189
0.003159
0.002990
0.002963
0.003292
0.003360
0.003077
0.003164
0.003311
0.003350
0.003194
0.003295
0.002999
0.003267
0.003347
0.003364
0.003346
0.003368
0.003063
0.003085
0.002979
0.002962
0.002952
0.003359
0.003352
0.003344
0.003335
0.003256
0.003321
0.003325
0.003344
0.003345
0.003060
0.003188
0.003279
0.002957
0.002985
0.003065
0.002962
0.003332
0.003310
0.003319
0.003349
0.003394
0.003267
0.003279
0.003315
0.003340
0.003164
0.003357
0.003331
0.003361
0.003389
0.003378
0.003402
0.003392
0.003387
0.003397
0.003105
0.003311
0.002978
0.003357
0.003023
0.003296
0.003293
0.003394
0.003344
0.003376
0.003379
0.003201
0.003283
0.003375
0.003304
0.003344
0.003413
0.003372
0.003358
0.003403
0.003396
0.003297
0.003369
0.003249
0.003362
0.003384
0.003190
0.003332
0.003189
0.002873
0.003300
0.003324
0.003319
0.003306
0.003351
0.003358
0.003379
0.003317
0.003343
0.003366
0.003355
0.003384
0.003379
0.003008
0.003324
0.003316
0.003254
0.003055
0.002879
0.002960
0.003333
0.003319
0.003345
0.003332
0.003360
0.003372
0.003385
0.002965
0.003136
0.003340
0.003402
0.003446
0.003238
0.003277
0.003203
0.002951
0.003379
0.003422
0.003444
0.003361
0.003330
0.003373
0.002984
0.003185
0.003305
0.003378
0.003325
0.003352
0.003353
0.003339
0.003330
0.003344
0.003265
0.003070
0.003349
0.003332
0.003363
0.003372
0.003460
0.003478
0.003433
0.003405
0.003317
0.003014
0.003288
0.003162
0.002981
0.003331
0.003354
0.003384
0.003400
0.003406
0.003406
0.003246
0.003343
0.003287
0.003311
0.003365
0.003329
0.003489
0.003325
0.003357
0.003371
0.003328
0.003387
0.003489
0.003408
0.003181
0.003386
0.003373
0.003357
0.003388
0.003374
0.003393
0.002957
0.003294
0.003317
0.003326
0.003381
0.003402
0.003402
0.002981
0.003336
0.003336
0.003354
0.003220
0.003457
0.003428
0.003432
0.003018
0.003177
0.003359
0.003264
0.003363
0.003184
0.003034
0.003349
0.003327
0.003388
0.003373
0.003247
0.003428
0.003366
0.003366
0.003417
0.003247
0.003397
0.003439
0.003456
0.003370
0.003357
0.003391
0.003386
0.003451
0.003451
0.003202
0.003276
0.003250
0.003299
0.003169
0.003280
0.002978
0.003303
0.002998
0.003337
0.003433
0.003401
0.003389
0.003372
0.003408
0.003394
0.003429
0.003071
0.002962
0.003289
0.003306
0.003318
0.003353
0.003338
0.003351
0.003296
0.003345
0.003371
0.003327
0.003377
0.003397
0.002934
0.003085
0.003241
0.003250
0.003323
0.003337
0.003375
0.003435
0.003385
0.003000
0.003349
0.003258
0.003081
0.003352
0.003416
0.003400
0.003468
0.003291
0.003262
0.003305
0.003381
0.003350
0.003396
0.003357
0.003374
0.003418
0.003291
0.003219
0.003390
0.003364
0.003388
0.003365
0.003040
0.003267
0.003285
0.003347
0.003374
0.003359
0.011885
0.005394
0.004196
0.003924
0.003883
0.003769
0.003734
0.003765
0.003781
0.003820
0.003799
0.003620
0.003248
0.003332
0.003500
0.003677
0.003696
0.003165
0.003332
0.003293
0.003232
0.003277
0.003309
0.003183
0.003305
0.003298
0.003146
0.003005
0.003267
0.003212
0.003119
0.003255
0.003261
0.003155
0.003268
0.003408
0.003625
0.003243
0.003362
0.003529
0.003288
0.003304
0.003372
0.003397
0.003309
0.003289
0.003382
0.003045
0.003280
0.003272
0.003469
0.003508
0.003349
0.003091
0.003163
0.003340
0.003345
0.003291
0.003324
0.003392
0.003633
0.003682
0.003635
0.003682
0.003311
0.003268
0.003317
0.003270
0.003281
0.003274
0.003312
0.003307
0.003405
0.003479
0.003486
0.003572
0.003464
0.003187
0.003245
0.003157
0.003185
0.003260
0.003282
0.003222
0.003289
0.003410
0.003336
0.003489
0.003308
0.003309
0.003290
0.003288
0.003181
0.003303
0.003289
0.003220
0.003288
0.003522
0.003641
0.003461
0.003255
0.003400
0.003537
0.003685
0.003494
0.003268
0.003227
0.003304
0.003638
0.003660
0.003678
0.003755
0.003712
0.003540
0.003308
0.003273
0.003285
0.003250
0.003276
0.003529
0.003706
0.003686
0.003756
0.003524
0.003392
0.003654
0.003686
0.003653
0.003746
0.003745
0.003558
0.003283
0.003340
0.003269
0.003289
0.003552
0.003408
0.003290
0.003214
0.003292
0.003109
0.003313
0.003304
0.003302
0.003297
0.003290
0.003426
0.003590
0.003281
0.003210
0.003412
0.003564
0.003601
0.003282
0.003357
0.003251
0.003227
0.003349
0.003458
0.003263
0.003291
0.003309
0.003380
0.003483
0.003527
0.003695
0.003514
0.003686
0.003705
0.003734
0.003556
0.003480
0.003350
0.003251
0.003062
0.003267
0.003392
0.003620
0.003730
0.003701
0.003754
0.003573
0.003271
0.003357
0.003226
0.003220
0.003181
0.003410
0.003135
0.003182
0.003488
0.003510
0.003567
0.003664
0.003680
0.003401
0.003279
0.003211
0.003208
0.003236
0.003126
0.003637
0.003601
0.003647
0.003490
0.003415
0.003502
0.003227
0.003431
0.003665
0.003586
0.003297
0.003287
0.003555
0.003377
0.003298
0.003219
0.003151
0.003175
0.003259
0.003288
0.003208
0.003195
0.003184
0.003250
0.003408
0.003281
0.003211
0.003540
0.003384
0.003268
0.003297
0.003306
0.003376
0.003396
0.003376
0.003274
0.003250
0.003355
0.003237
0.003240
0.003219
0.003249
0.003256
0.003389
0.003247
0.003473
0.003225
0.003289
0.003313
0.003250
0.003367
0.003425
0.003504
0.003259
0.003311
0.003312
0.003291
0.003451
0.003586
0.003285
0.003275
0.003355
0.003284
0.003367
0.003318
0.003307
0.003203
0.003144
0.003260
0.003272
0.003272
0.003203
0.003328
0.003279
0.003146
0.003116
0.003213
0.003232
0.003177
0.003260
0.003184
0.003283
0.003659
0.003360
0.003272
0.003280
0.003425
0.003652
0.003573
0.003209
0.003174
0.003275
0.003272
0.003286
0.003343
0.003501
0.003615
0.003661
0.003300
0.003680
0.003330
0.003568
0.003573
0.003519
0.003293
0.003131
0.003345
0.003318
0.003418
0.003321
0.003241
0.003411
0.003375
0.003300
0.003193
0.003225
0.003450
0.003380
0.003397
0.003519
0.003699
0.003640
0.003718
0.003374
0.003228
0.003381
0.003229
0.003311
0.003328
0.003317
0.003388
0.003193
0.003284
0.003291
0.003306
0.003320
0.003398
0.003317
0.003223
0.003271
0.003358
0.003381
0.003575
0.003223
0.003292
0.003279
0.003359
0.003212
0.003250
0.003558
0.003658
0.003612
0.003650
0.003284
0.003281
0.003285
0.003285
0.003290
0.003294
0.003358
0.003191
0.003501
0.003314
0.003281
0.003362
0.003248
0.003281
0.003372
0.003287
0.003365
0.003376
0.003622
0.003426
0.003343
0.003638
0.003654
0.003731
0.003614
0.003234
0.003331
0.003245
0.003299
0.003268
0.003398
0.003611
0.003565
0.003252
0.003128
0.003313
0.003363
0.003077
0.003211
0.003446
0.003434
0.003232
0.003326
0.003536
0.003501
0.003297
0.003304
0.003459
0.003708
0.003439
0.003310
0.003168
0.003213
0.003064
0.003308
0.003282
0.003193
0.003332
0.003358
0.003305
0.003313
0.003281
0.003260
0.003205
0.003366
0.003313
0.003345
0.003338
0.003458
0.003557
0.003222
0.003450
0.003522
0.003683
0.003717
0.003694
0.003778
0.003271
0.003287
0.003182
0.003222
0.003272
0.003215
0.003608
0.003622
0.003580
0.003312
0.003300
0.003189
0.003509
0.003607
0.003293
0.003139
0.003252
0.003164
0.003253
0.003356
0.003704
0.003655
0.003696
0.003518
0.003225
0.003368
0.003333
0.003191
0.003247
0.003343
0.003071
0.003293
0.003401
0.003307
0.003302
0.003215
0.003295
0.003278
0.003309
0.003073
0.003155
0.003409
0.003705
0.003637
0.003717
0.003750
0.003734
0.003791
0.003683
0.003291
0.003384
0.003322
0.003305
0.003214
0.003293
0.003295
0.003312
0.003148
0.003314
0.003402
0.003455
0.003365
0.003191
0.003374
0.003306
0.003319
0.003143
0.003339
0.003283
0.003293
0.003181
0.003179
0.003288
0.003560
0.003656
0.003594
0.003485
0.003299
0.003195
0.003325
0.003384
0.003232
0.003493
0.003455
0.003388
0.003415
0.003330
0.003070
0.003494
0.003336
0.003269
0.003336
0.003549
0.003529
0.003573
0.003186
0.003176
0.003363
0.003330
0.003289
0.003379
0.003577
0.003613
0.003720
0.003613
0.003301
0.003313
0.003217
0.003292
0.003318
0.003318
0.003300
0.003378
0.003275
0.003301
0.003245
0.003254
0.003269
0.003221
0.003174
0.003548
0.003672
0.003681
0.003538
0.003380
0.003172
0.003150
0.003271
0.003297
0.003087
0.003201
0.003409
0.003514
0.003236
0.003359
0.003136
0.003369
0.003513
0.003149
0.003311
0.003337
0.003298
0.003309
0.003310
0.003378
0.003292
0.003122
0.003263
0.003298
0.003267
0.003154
0.003252
0.003451
0.003495
0.003342
0.003242
0.003229
0.003581
0.003577
0.003382
0.003350
0.003152
0.016618
0.003775
0.003282
0.003145
0.003181
0.003108
0.003109
0.003096
0.002810
0.002990
0.003013
0.002873
0.003110
0.003000
0.002976
0.003043
0.002889
0.002773
0.002922
0.002787
0.003006
0.003030
0.003031
0.003147
0.003048
0.003043
0.003002
0.002776
0.003000
0.003102
0.002984
0.003051
0.003049
0.002850
0.002867
0.003044
0.003007
0.003138
0.003079
0.003026
0.003061
0.003085
0.002841
0.003179
0.003048
0.003053
0.003073
0.003208
0.002849
0.003051
0.003065
0.003038
0.003093
0.002432
0.002827
0.002711
0.002906
0.002929
0.002958
0.002958
0.003138
0.003046
0.002982
0.002909
0.003055
0.002929
0.002992
0.003008
0.002938
0.003055
0.003097
0.003078
0.003209
0.003231
0.003092
0.003001
0.003020
0.003058
0.003040
0.002896
0.003121
0.002449
0.002741
0.002916
0.002949
0.002978
0.002971
0.003024
0.002932
0.003112
0.002935
0.003023
0.003088
0.003142
0.003028
0.002951
0.003040
0.003055
0.003089
0.003079
0.003079
0.003084
0.003252
0.003016
0.003112
0.003075
0.002889
0.003194
0.003068
0.003021
0.002954
0.002953
0.002829
0.003044
0.003042
0.003031
0.002915
0.002753
0.002910
0.003120
0.003025
0.003132
0.002954
0.003039
0.003100
0.003057
0.003073
0.003096
0.003058
0.003062
0.002855
0.003044
0.003032
0.003084
0.003179
0.003072
0.002995
0.002994
0.003005
0.003102
0.002998
0.003057
0.003214
0.003014
0.003121
0.003058
0.003048
0.003254
0.003057
0.003071
0.003070
0.002997
0.002993
0.003047
0.003102
0.002964
0.002988
0.003043
0.003160
0.003063
0.003023
0.003058
0.003067
0.003065
0.003244
0.003073
0.003091
0.003073
0.002869
0.002980
0.002977
0.003148
0.003024
0.002869
0.002889
0.002922
0.003062
0.003000
0.003052
0.003061
0.003032
0.003068
0.003059
0.003189
0.003063
0.003053
0.003006
0.003058
0.003098
0.003079
0.003058
0.003083
0.003001
0.003057
0.003050
0.003062
0.003115
0.003017
0.003100
0.002937
0.002993
0.003005
0.002960
0.003074
0.003064
0.003074
0.003079
0.003086
0.003153
0.003073
0.003175
0.003083
0.003195
0.003063
0.002833
0.003046
0.003045
0.003051
0.003040
0.003058
0.003061
0.003107
0.003049
0.003071
0.003031
0.002406
0.002585
0.002879
0.003231
0.002964
0.003029
0.003142
0.003051
0.003036
0.003000
0.003071
0.003188
0.003104
0.003053
0.003052
0.003068
0.003086
0.003084
0.003187
0.002971
0.002988
0.003048
0.003047
0.003156
0.002948
0.003025
0.002956
0.003012
0.003005
0.003002
0.003004
0.002939
0.003216
0.003071
0.003279
0.003030
0.003089
0.003089
0.003008
0.003062
0.003006
0.003065
0.003002
0.003116
0.003086
0.003221
0.003137
0.003120
0.003025
0.003059
0.003076
0.003206
0.003135
0.003199
0.003065
0.003093
0.003058
0.003109
0.003055
0.003101
0.003116
0.002873
0.003071
0.003025
0.003050
0.003082
0.003207
0.003062
0.003071
0.003095
0.002810
0.002936
0.002994
0.002861
0.003031
0.003086
0.003026
0.003044
0.002972
0.003195
0.003046
0.002594
0.002750
0.003009
0.002908
0.002976
0.002816
0.003012
0.003000
0.002964
0.003074
0.003233
0.003184
0.002965
0.003052
0.003044
0.003112
0.003084
0.002983
0.002787
0.003029
0.003037
0.003032
0.003042
0.002967
0.002951
0.003023
0.003030
0.003082
0.003109
0.002996
0.003069
0.002532
0.002914
0.002823
0.003044
0.003031
0.003138
0.003080
0.002833
0.002927
0.002918
0.003103
0.003007
0.003106
0.002964
0.002934
0.002983
0.002999
0.003023
0.003013
0.003012
0.003004
0.002748
0.003028
0.002952
0.002825
0.003013
0.003008
0.002810
0.002948
0.003021
0.003037
0.003060
0.003040
0.003042
0.002809
0.003008
0.002997
0.002844
0.002928
0.002998
0.003064
0.003010
0.003036
0.003039
0.003044
0.002984
0.003056
0.003011
0.002979
0.003061
0.003066
0.003054
0.003055
0.003167
0.003052
0.003047
0.003058
0.003055
0.003027
0.003066
0.003166
0.003088
0.002994
0.003000
0.002429
0.003016
0.003416
0.003601
0.003297
0.003150
0.003157
0.002965
0.003525
0.003200
0.003160
0.003083
0.003155
0.003130
0.003224
0.003142
0.003189
0.003107
0.003141
0.003396
0.003162
0.003203
0.003201
0.003196
0.003242
0.003008
0.003003
0.003017
0.003118
0.003124
0.002982
0.003009
0.003032
0.003114
0.003031
0.002971
0.002998
0.003157
0.003156
0.003138
0.003129
0.003124
0.003110
0.002875
0.002949
0.002980
0.003150
0.002837
0.003061
0.003071
0.003087
0.003028
0.003074
0.002783
0.002708
0.002875
0.002928
0.003016
0.003041
0.003252
0.003126
0.003202
0.003133
0.003352
0.003025
0.002892
0.002842
0.002960
0.003081
0.003078
0.003009
0.003012
0.003027
0.003112
0.003026
0.002882
0.002555
0.002908
0.002723
0.002989
0.003012
0.002954
0.003000
0.003007
0.003034
0.003046
0.003209
0.003187
0.003149
0.002511
0.002996
0.002924
0.003009
0.002953
0.002952
0.002883
0.002879
0.003124
0.003124
0.003071
0.003061
0.003122
0.002938
0.002953
0.002910
0.003038
0.003009
0.003028
0.003036
0.003278
0.003089
0.003114
0.003082
0.003180
0.003095
0.003133
0.002626
0.002748
0.002763
0.002888
0.003269
0.002985
0.003247
0.003101
0.003062
0.003067
0.003262
0.003106
0.003229
0.003044
0.003061
0.003103
0.003066
0.002814
0.002884
0.003111
0.003032
0.003021
0.003047
0.003072
0.003116
0.002412
0.002866
0.002996
0.002915
0.003071
0.002936
0.002996
0.002928
0.003165
0.003045
0.002953
0.002467
0.002911
0.002947
0.002736
0.002408
0.002841
0.002925
0.002953
0.002926
0.003025
0.002989
0.003046
0.003097
0.003056
0.002987
0.002859
0.002864
0.003107
0.002995
0.003108
0.002795
0.002913
0.003070
0.003022
0.003031
0.003003
0.002966
0.002826
0.002957
0.003132
0.003082
0.002970
0.002974
0.003207
0.003127
0.003110
0.003083
0.003115
0.003239
0.003111
0.003118
0.003092
0.003093
0.003090
0.003067
0.002527
0.002829
0.002922
0.003035
0.002953
0.003130
0.002971
0.003024
0.003195
0.003039
0.002980
0.002839
0.003236
0.002910
0.002900
0.002954
0.003174
0.002936
0.002415
0.002825
0.003165
0.003043
0.002974
0.002836
0.002881
0.003014
0.003025
0.003191
0.002982
0.003033
0.003036
0.003317
0.002907
0.003077
0.003065
0.003072
0.003048
0.003074
0.003189
0.003182
0.003059
0.002864
0.003037
0.002861
0.002779
0.003008
0.002771
0.003034
0.003066
0.003016
0.003068
0.002836
0.002947
0.003010
0.002964
0.003071
0.003166
0.003052
0.002956
0.002985
0.003066
0.003039
0.003066
0.003029
0.002971
0.002908
0.002994
0.002867
0.003016
0.003019
0.002922
0.003023
0.003011
0.002864
0.002937
0.003039
0.003048
0.003044
0.002830
0.003038
0.003047
0.003162
0.003054
0.002843
0.002999
0.002981
0.003054
0.003069
0.002981
0.003062
0.003103
0.002884
0.002861
0.003051
0.002910
0.002598
0.002804
0.002906
0.002939
0.002957
0.002921
0.002971
0.003031
0.002864
0.002965
0.002983
0.002998
0.003020
0.003032
0.003050
0.002818
0.003034
0.003010
0.003063
0.003083
0.003052
0.003034
0.003065
0.003130
0.003044
0.003114
0.003046
0.003033
0.003080
0.002858
0.003059
0.003055
0.003012
0.003170
0.003091
0.003190
0.003197
0.003076
0.003095
0.003075
0.003059
0.002814
0.002950
0.002928
0.002998
0.003063
0.003082
0.002845
0.002850
0.002858
0.002968
0.002925
0.003062
0.003057
0.002773
0.002782
0.002964
0.002949
0.002982
0.003022
0.013370
0.004353
0.003109
0.003055
0.002541
0.002725
0.002874
0.002849
0.002853
0.002867
0.003121
0.003193
0.003101
0.003243
0.003215
0.003158
0.003096
0.003189
0.003151
0.003542
0.003251
0.003463
0.003147
0.003201
0.003157
0.003067
0.003408
0.003208
0.003111
0.003022
0.003430
0.003503
0.003510
0.003228
0.003173
0.003197
0.003696
0.003411
0.003190
0.003085
0.003528
0.003706
0.003668
0.003312
0.003493
0.003661
0.003677
0.003718
0.003748
0.003384
0.003190
0.003187
0.003147
0.003121
0.003164
0.003136
0.003159
0.003325
0.003640
0.003690
0.003369
0.003195
0.003225
0.003336
0.003265
0.003290
0.003715
0.003439
0.003200
0.003358
0.002813
0.002535
0.002992
0.002927
0.002949
0.002841
0.003020
0.003141
0.003279
0.003348
0.003633
0.003306
0.003134
0.003128
0.003374
0.003198
0.002972
0.002923
0.003059
0.003644
0.003691
0.003700
0.003723
0.003458
0.003178
0.003174
0.003208
0.003253
0.003189
0.003194
0.003095
0.003024
0.003127
0.003158
0.002992
0.003035
0.003205
0.003148
0.003121
0.003181
0.003172
0.003138
0.003231
0.003616
0.003248
0.003088
0.003042
0.003385
0.003571
0.003206
0.003048
0.003406
0.003547
0.003551
0.003314
0.003474
0.003521
0.003596
0.003650
0.003705
0.003727
0.003680
0.003668
0.003668
0.003361
0.003131
0.003341
0.003504
0.003547
0.003600
0.003120
0.003164
0.003211
0.003177
0.003167
0.003184
0.003444
0.002914
0.002924
0.002919
0.002898
0.003029
0.002979
0.002948
0.002938
0.003082
0.003007
0.003067
0.003088
0.002753
0.002803
0.003045
0.003029
0.002976
0.003131
0.002956
0.002989
0.002947
0.003126
0.002938
0.003058
0.003014
0.003023
0.002829
0.002814
0.003032
0.003052
0.002960
0.002943
0.003041
0.002946
0.002946
0.003519
0.003646
0.003706
0.003368
0.003175
0.003459
0.003579
0.003295
0.003277
0.003190
0.003216
0.003183
0.003550
0.003641
0.003679
0.003487
0.003508
0.003613
0.003573
0.003605
0.003623
0.003661
0.003411
0.002968
0.002975
0.002984
0.003079
0.003472
0.003675
0.003393
0.003177
0.003156
0.003152
0.003036
0.003138
0.003332
0.003122
0.003446
0.003391
0.003184
0.003101
0.003162
0.003219
0.003600
0.003633
0.003642
0.003632
0.003659
0.003616
0.003571
0.003130
0.003033
0.003317
0.003506
0.003541
0.003577
0.003559
0.003575
0.003621
0.003624
0.003648
0.003637
0.003608
0.003727
0.003737
0.003696
0.003550
0.003196
0.003144
0.003159
0.003195
0.003502
0.003659
0.003697
0.003331
0.003207
0.003510
0.003614
0.003715
0.003447
0.003142
0.003587
0.003666
0.003246
0.003179
0.003092
0.003159
0.003171
0.003090
0.003126
0.003430
0.003321
0.003164
0.003136
0.003175
0.003131
0.003119
0.003067
0.003411
0.003087
0.003054
0.003045
0.002940
0.002967
0.002940
0.002536
0.002671
0.002612
0.003226
0.003140
0.003161
0.003198
0.003155
0.003221
0.003148
0.003072
0.003071
0.003171
0.003145
0.003115
0.003235
0.003122
0.003088
0.003205
0.003175
0.003130
0.003111
0.002989
0.003086
0.003094
0.003032
0.003084
0.003034
0.002988
0.002437
0.002960
0.003191
0.002924
0.002917
0.003001
0.002953
0.003072
0.003003
0.003245
0.003528
0.003422
0.003065
0.003032
0.002990
0.003152
0.003361
0.003486
0.003584
0.003404
0.003172
0.003145
0.003137
0.003069
0.003209
0.003102
0.003347
0.003159
0.003157
0.003177
0.003137
0.003147
0.003147
0.003103
