0.007102
0.003052
0.002815
0.002890
0.002886
0.002785
0.002916
0.002842
0.002799
0.002757
0.002791
0.002759
0.002862
0.002623
0.002858
0.002844
0.002760
0.002846
0.002861
0.002839
0.002623
0.002901
0.002863
0.002794
0.002816
0.002878
0.002810
0.002665
0.002716
0.002654
0.002702
0.002677
0.002691
0.002634
0.002670
0.002708
0.002661
0.002699
0.002707
0.002636
0.002647
0.002660
0.002636
0.002639
0.002692
0.002686
0.002669
0.002664
0.002623
0.002637
0.002701
0.002677
0.002660
0.002637
0.002694
0.002670
0.002680
0.002648
0.002655
0.002637
0.002649
0.002634
0.002626
0.002706
0.002641
0.002636
0.002658
0.002662
0.002644
0.002681
0.002652
0.002676
0.002621
0.002654
0.002624
0.002693
0.002635
0.002685
0.002668
0.002695
0.002669
0.002650
0.002670
0.002647
0.002663
0.002646
0.002672
0.002629
0.002632
0.002650
0.002694
0.002648
0.002663
0.002661
0.002692
0.002660
0.002665
0.002660
0.002656
0.002668
0.002639
0.002674
0.002678
0.002669
0.002660
0.002644
0.002631
0.002697
0.002729
0.002664
0.002684
0.002656
0.002704
0.002673
0.002664
0.002652
0.002681
0.002647
0.002638
0.002670
0.002639
0.002662
0.002634
0.002641
0.002666
0.002664
0.002715
0.002652
0.002713
0.002655
0.002687
0.002698
0.002673
0.002662
0.002703
0.002701
0.002662
0.002666
0.002698
0.002679
0.002702
0.002653
0.002682
0.002651
0.002682
0.002670
0.002701
0.002615
0.002656
0.002641
0.002667
0.002642
0.002640
0.002675
0.002610
0.002632
0.002650
0.002678
0.002700
0.002664
0.002638
0.002666
0.002678
0.002691
0.002711
0.002674
0.002630
0.002671
0.002648
0.002700
0.002686
0.002655
0.002662
0.002683
0.002694
0.002684
0.002677
0.002681
0.002673
0.002667
0.002715
0.002672
0.002688
0.002654
0.002703
0.002682
0.002684
0.002694
0.002703
0.002760
0.002655
0.002708
0.002719
0.002700
0.002666
0.002712
0.002667
0.002629
0.002652
0.002635
0.002679
0.002664
0.002652
0.002652
0.002678
0.002658
0.002717
0.002700
0.002681
0.002701
0.002655
0.002681
0.002635
0.002678
0.002675
0.002661
0.002680
0.002677
0.002696
0.002628
0.002663
0.002726
0.002679
0.002677
0.002669
0.002687
0.002757
0.002717
0.002707
0.002672
0.002689
0.002703
0.002689
0.002682
0.002712
0.002668
0.002661
0.002658
0.002688
0.002693
0.002697
0.002665
0.002657
0.002675
0.002678
0.002729
0.002708
0.002665
0.002677
0.002716
0.002746
0.002707
0.002649
0.002655
0.002678
0.002654
0.002697
0.002615
0.002680
0.002591
0.002608
0.002635
0.002677
0.002614
0.002688
0.002648
0.002687
0.002680
0.002618
0.002653
0.002694
0.002661
0.002652
0.002680
0.002639
0.002675
0.002634
0.002623
0.002628
0.002703
0.002687
0.002667
0.002676
0.002666
0.002647
0.002636
0.002633
0.002659
0.002678
0.002637
0.002669
0.002688
0.002686
0.002661
0.002666
0.002640
0.002655
0.002703
0.002674
0.002687
0.002679
0.002693
0.002722
0.002658
0.002677
0.002676
0.002626
0.002676
0.002670
0.002681
0.002623
0.002621
0.002660
0.002648
0.002644
0.002661
0.002648
0.002643
0.002666
0.002654
0.002726
0.002641
0.002675
0.002594
0.002652
0.002633
0.002670
0.002648
0.002638
0.002639
0.002679
0.002667
0.002663
0.002686
0.002637
0.002643
0.002729
0.002677
0.002670
0.002658
0.003349
0.002687
0.002736
0.002677
0.002666
0.002650
0.002642
0.002652
0.002665
0.002649
0.002664
0.002723
0.002655
0.002652
0.002666
0.002657
0.002678
0.002671
0.002649
0.002655
0.002655
0.002699
0.002632
0.002671
0.002647
0.002662
0.002663
0.002658
0.002633
0.002650
0.002644
0.002645
0.002715
0.002708
0.002720
0.002758
0.002746
0.002666
0.002721
0.002675
0.002717
0.002646
0.002698
0.002631
0.002676
0.002659
0.002642
0.002689
0.002689
0.002693
0.002612
0.002675
0.002680
0.002711
0.002715
0.002702
0.002695
0.002699
0.002694
0.002656
0.002677
0.002639
0.002715
0.002669
0.002683
0.002696
0.002740
0.002721
0.002701
0.002688
0.002648
0.002678
0.002650
0.002639
0.002685
0.002684
0.002649
0.002658
0.002650
0.002656
0.002648
0.002649
0.002684
0.002728
0.002664
0.002625
0.002650
0.002684
0.002675
0.002668
0.002647
0.002619
0.002660
0.002657
0.002676
0.002647
0.002685
0.002660
0.002626
0.002675
0.002689
0.002659
0.002627
0.002673
0.002667
0.002708
0.002689
0.002685
0.002686
0.002674
0.002689
0.002684
0.002734
0.002651
0.002653
0.002669
0.002666
0.002668
0.002673
0.002675
0.002669
0.002650
0.002657
0.002657
0.002712
0.002653
0.002684
0.002675
0.002708
0.002696
0.002671
0.002667
0.002668
0.002671
0.002664
0.002705
0.002642
0.002730
0.002654
0.002677
0.002696
0.002664
0.002680
0.002658
0.002692
0.002676
0.002691
0.002648
0.002670
0.002676
0.002674
0.002671
0.002681
0.002684
0.002671
0.002711
0.002665
0.002653
0.002629
0.002651
0.002667
0.002645
0.002610
0.002678
0.002658
0.002636
0.002609
0.002654
0.002647
0.002648
0.002653
0.002682
0.002658
0.002649
0.002683
0.002640
0.002668
0.002617
0.002676
0.002633
0.002735
0.002642
0.002706
0.002693
0.002771
0.002649
0.002711
0.002677
0.002634
0.002655
0.002670
0.002642
0.002730
0.002626
0.002699
0.002694
0.002675
0.002652
0.002671
0.002668
0.002752
0.002675
0.002737
0.002628
0.002675
0.002697
0.002722
0.002616
0.002692
0.002674
0.002668
0.002681
0.002675
0.002677
0.002770
0.002661
0.002669
0.002713
0.002746
0.002692
0.002720
0.002669
0.002682
0.002722
0.002711
0.002691
0.002710
0.002714
0.002679
0.002739
0.002690
0.002688
0.002670
0.002669
0.002654
0.002641
0.002766
0.002698
0.002721
0.002652
0.002706
0.002706
0.002698
0.002665
0.002660
0.002653
0.002688
0.002689
0.002816
0.002666
0.002642
0.002694
0.002681
0.002711
0.002640
0.002647
0.002661
0.002658
0.002624
0.002648
0.002669
0.002640
0.002700
0.002623
0.002644
0.002644
0.002638
0.002699
0.002641
0.002693
0.002613
0.002670
0.002638
0.002657
0.002680
0.002673
0.002648
0.002695
0.002626
0.002650
0.002656
0.002633
0.002613
0.002631
0.002618
0.002651
0.002638
0.002661
0.002648
0.002638
0.002649
0.002661
0.002642
0.002617
0.002682
0.002663
0.002718
0.002713
0.002687
0.002679
0.002702
0.002716
0.002737
0.002640
0.002691
0.002678
0.002701
0.002635
0.002708
0.002653
0.002698
0.002656
0.002703
0.002741
0.002720
0.002659
0.002691
0.002662
0.002664
0.002610
0.002641
0.002651
0.002704
0.002694
0.002664
0.002666
0.002662
0.002664
0.002655
0.002690
0.002663
0.002680
0.002682
0.002644
0.002673
0.002678
0.002662
0.002670
0.002678
0.002667
0.002661
0.002678
0.002733
0.002646
0.002710
0.002706
0.002684
0.002701
0.002739
0.002706
0.002718
0.002663
0.002693
0.002695
0.002663
0.002688
0.002790
0.002682
0.002660
0.002774
0.002677
0.002636
0.002640
0.002665
0.002702
0.002672
0.002650
0.002687
0.002647
0.002665
0.002649
0.002650
0.002605
0.002684
0.002647
0.002645
0.002655
0.002690
0.002689
0.002695
0.002646
0.002672
0.002699
0.002655
0.002657
0.002644
0.002687
0.002635
0.002717
0.002623
0.002651
0.002690
0.002715
0.002650
0.002711
0.002652
0.002659
0.002654
0.002694
0.002649
0.002674
0.002687
0.002621
0.002675
0.002636
0.002671
0.002637
0.002690
0.042759
0.003467
0.003097
0.002901
0.002725
0.002794
0.002753
0.002844
0.002803
0.002864
0.002907
0.002842
0.002814
0.002836
0.002849
0.002874
0.002895
0.002834
0.002806
0.002870
0.002839
0.002783
0.002862
0.002843
0.002720
0.002978
0.002736
0.002906
0.002810
0.002950
0.002772
0.002879
0.002747
0.002853
0.002794
0.002804
0.002835
0.002829
0.002852
0.002808
0.002841
0.002842
0.002841
0.002812
0.002814
0.002874
0.002806
0.002904
0.002842
0.002876
0.002829
0.002838
0.002867
0.002802
0.002854
0.002866
0.002848
0.002882
0.002823
0.002854
0.002830
0.002873
0.002781
0.002872
0.002731
0.002843
0.002830
0.002820
0.002820
0.002815
0.002838
0.002835
0.002808
0.002850
0.002787
0.002882
0.002755
0.002835
0.002717
0.002795
0.002810
0.002908
0.002893
0.002843
0.002853
0.002761
0.002827
0.002866
0.002857
0.002897
0.002883
0.002871
0.002822
0.002866
0.002838
0.002850
0.002859
0.002891
0.002906
0.002730
0.002925
0.002871
0.002759
0.002870
0.002782
0.002830
0.002792
0.002782
0.002826
0.002888
0.002889
0.002878
0.002890
0.002766
0.002855
0.002809
0.002825
0.002863
0.002911
0.002874
0.002801
0.002845
0.002873
0.002908
0.002860
0.002902
0.002893
0.002782
0.002853
0.002901
0.002884
0.002882
0.002857
0.002952
0.002877
0.002894
0.002865
0.002932
0.002854
0.002916
0.002813
0.002824
0.002830
0.002873
0.002823
0.002927
0.002824
0.002944
0.002797
0.002866
0.002785
0.002943
0.002836
0.002850
0.002801
0.002761
0.002772
0.002849
0.002756
0.002888
0.002772
0.002843
0.002719
0.002883
0.002749
0.002871
0.002813
0.002890
0.002834
0.002853
0.002859
0.002874
0.002843
0.002885
0.002827
0.002889
0.002786
0.002870
0.002833
0.002876
0.002843
0.002841
0.002829
0.002805
0.002837
0.002873
0.002973
0.002887
0.002808
0.002870
0.002806
0.002886
0.002802
0.002877
0.002781
0.002818
0.002812
0.002846
0.002858
0.002906
0.002908
0.002849
0.002831
0.002814
0.002758
0.002811
0.002794
0.002904
0.002776
0.002867
0.002798
0.002776
0.002773
0.002877
0.002860
0.002795
0.002765
0.002849
0.002826
0.002861
0.002858
0.002847
0.002721
0.002912
0.002824
0.002851
0.002841
0.002845
0.002826
0.002751
0.002859
0.002835
0.002839
0.002865
0.002860
0.002853
0.002812
0.002853
0.002838
0.002796
0.002843
0.002834
0.002836
0.002748
0.002887
0.002845
0.002895
0.002863
0.002819
0.002844
0.002741
0.002814
0.003077
0.002750
0.002849
0.002795
0.002803
0.002755
0.002784
0.002849
0.002842
0.002739
0.002839
0.002806
0.002822
0.002796
0.002876
0.002856
0.002824
0.002814
0.002840
0.002770
0.002816
0.002823
0.002822
0.002732
0.002888
0.002821
0.002840
0.002861
0.002855
0.002861
0.002821
0.002854
0.002804
0.002801
0.002837
0.002850
0.002824
0.002719
0.002849
0.002821
0.002865
0.002857
0.002868
0.002846
0.002839
0.002829
0.002878
0.002846
0.002836
0.002866
0.002858
0.002744
0.002823
0.002831
0.002850
0.002849
0.002848
0.002817
0.002833
0.002816
0.002835
0.002842
0.002744
0.002852
0.002827
0.002747
0.002878
0.002829
0.002909
0.002891
0.002853
0.002825
0.002816
0.002840
0.002868
0.002854
0.002829
0.002862
0.002843
0.002752
0.002859
0.002831
0.002880
0.002874
0.002851
0.008628
0.009479
0.011041
0.003638
0.003095
0.002898
0.002838
0.002801
0.002693
0.002785
0.002773
0.002792
0.002816
0.002851
0.007089
0.006356
0.011758
0.003534
0.002758
0.002584
0.002710
0.002695
0.002623
0.002680
0.002665
0.002645
0.002646
0.002601
0.002823
0.002772
0.002721
0.002664
0.002662
0.002675
0.002746
0.002636
0.002726
0.002751
0.002865
0.002657
0.003773
0.002642
0.002702
0.002686
0.002609
0.002716
0.002666
0.002725
0.002603
0.002745
0.002834
0.005572
0.002692
0.002698
0.002762
0.002819
0.002746
0.002721
0.002640
0.002764
0.002605
0.002731
0.003063
0.002735
0.002641
0.002657
0.002646
0.002731
0.002603
0.002687
0.002688
0.002679
0.002613
0.002742
0.002662
0.002721
0.002668
0.002627
0.002597
0.002710
0.002731
0.002780
0.002686
0.002585
0.002698
0.002677
0.002696
0.002688
0.002682
0.002683
0.002708
0.002676
0.002761
0.002713
0.002709
0.002792
0.002766
0.002985
0.002613
0.002705
0.002623
0.002689
0.002627
0.002661
0.002620
0.002749
0.002611
0.002709
0.002657
0.002726
0.002668
0.002718
0.002613
0.002697
0.002740
0.002664
0.002599
0.002716
0.002632
0.002701
0.002644
0.002693
0.002628
0.002623
0.002635
0.002690
0.002683
0.002679
0.002594
0.002694
0.002634
0.002697
0.002686
0.002723
0.002703
0.002683
0.002573
0.002751
0.002625
0.002730
0.002700
0.002705
0.002626
0.002657
0.002617
0.002734
0.002788
0.002766
0.002844
0.002651
0.002669
0.002588
0.002732
0.002574
0.002697
0.002658
0.002761
0.002703
0.002654
0.002755
0.002687
0.002632
0.002688
0.002720
0.002675
0.002666
0.002689
0.002772
0.002617
0.002734
0.002823
0.002715
0.002645
0.002578
0.002704
0.002689
0.002726
0.002634
0.002729
0.002651
0.002642
0.002692
0.002795
0.002649
0.002637
0.002711
0.002690
0.002716
0.002684
0.002662
0.002653
0.002627
0.002686
0.002672
0.002616
0.002704
0.002780
0.002753
0.002612
0.002822
0.002689
0.002785
0.002663
0.002790
0.002693
0.002697
0.002717
0.002696
0.002619
0.002723
0.002694
0.002709
0.002686
0.002643
0.002720
0.002615
0.002690
0.002620
0.002743
0.002722
0.002683
0.002754
0.002703
0.002632
0.002784
0.002770
0.002840
0.002690
0.002736
0.002637
0.002752
0.002681
0.002639
0.002692
0.002730
0.002621
0.002732
0.002662
0.002748
0.002565
0.002733
0.002718
0.002646
0.002598
0.002701
0.002638
0.002670
0.002699
0.002728
0.002668
0.002665
0.002657
0.002609
0.002562
0.002797
0.002588
0.002657
0.002625
0.002634
0.002694
0.002699
0.002605
0.002718
0.002647
0.002621
0.002611
0.002698
0.002635
0.002694
0.002654
0.002641
0.002648
0.002605
0.002604
0.002742
0.002617
0.002600
0.002657
0.002717
0.002666
0.002714
0.002618
0.002664
0.002550
0.002722
0.002660
0.002763
0.002603
0.002728
0.002692
0.002733
0.002822
0.002806
0.002561
0.002689
0.002650
0.002598
0.002688
0.002558
0.002726
0.002581
0.002666
0.002530
0.002683
0.002626
0.002704
0.002612
0.002666
0.002622
0.002659
0.002745
0.002678
0.002816
0.002694
0.002868
0.002692
0.002676
0.002689
0.002776
0.002634
0.002751
0.002781
0.002672
0.002739
0.002785
0.002695
0.002960
0.002667
0.002817
0.002631
0.002709
0.002626
0.002631
0.002667
0.002710
0.002698
0.002696
0.002724
0.002631
0.002685
0.002769
0.002673
0.002639
0.002624
0.002705
0.002639
0.002627
0.002661
0.002660
0.002656
0.002578
0.002666
0.002616
0.002682
0.002676
0.002631
0.002538
0.002699
0.003039
0.002752
0.002555
0.002522
0.002544
0.002584
0.002480
0.002588
0.002573
0.002600
0.002529
0.002556
0.002434
0.002685
0.002499
0.002596
0.002463
0.002520
0.002522
0.002525
0.002685
0.002566
0.002568
0.002587
0.002519
0.002557
0.002587
0.002599
0.002473
0.002509
0.002651
0.002683
0.002717
0.002537
0.002604
0.002435
0.002638
0.002525
0.002644
0.002435
0.002623
0.002645
0.002488
0.002509
0.002578
0.002517
0.002623
0.002574
0.002490
0.002587
0.002533
0.002505
0.002535
0.002533
0.002595
0.002454
0.002578
0.002482
0.002551
0.002480
0.002429
0.002508
0.002387
0.002488
0.002601
0.002554
0.002488
0.002497
0.002557
0.002553
0.002526
0.002454
0.002494
0.002670
0.002362
0.002573
0.002393
0.003068
0.002609
0.002539
0.002407
0.002556
0.002475
0.002551
0.002498
0.002511
0.002749
0.002485
0.002601
0.002796
0.002577
0.002492
0.002519
0.002467
0.002581
0.002422
0.002549
0.002520
0.002694
0.002470
0.002502
0.002528
0.002639
0.002528
0.002619
0.002461
0.002545
0.002512
0.002691
0.002545
0.002600
0.002498
0.002563
0.002503
0.002530
0.002566
0.002589
0.002479
0.002559
0.002505
0.002532
0.002520
0.002550
0.002535
0.002627
0.002491
0.002460
0.002589
0.002537
0.002583
0.002669
0.002971
0.002649
0.002478
0.002531
0.002596
0.002572
0.002597
0.002448
0.002523
0.002645
0.002572
0.002555
0.002531
0.002627
0.002511
0.002545
0.002462
0.002563
0.002688
0.002476
0.002601
0.002514
0.002516
0.002524
0.002532
0.002592
0.002535
0.002547
0.002550
0.002420
0.002583
0.002471
0.002748
0.002522
0.002608
0.002542
0.002543
0.002630
0.002502
0.002559
0.002565
0.002586
0.002582
0.002631
0.002478
0.002540
0.002540
0.002494
0.002454
0.002502
0.002497
0.002458
0.002570
0.002481
0.002524
0.002507
0.002517
0.002620
0.002465
0.002430
0.002452
0.002587
0.002505
0.002512
0.002601
0.002574
0.002503
0.002570
0.002589
0.002588
0.002496
0.002576
0.002550
0.002477
0.002613
0.002508
0.002564
0.002644
0.002524
0.002715
0.002406
0.002632
0.002480
0.002662
0.002535
0.002683
0.002499
0.002623
0.002481
0.002444
0.002510
0.002555
0.002553
0.002601
0.002576
0.002623
0.002554
0.002454
0.002655
0.002538
0.002535
0.002445
0.002688
0.002540
0.002534
0.002709
0.002469
0.002616
0.002500
0.002508
0.002528
0.002445
0.002525
0.002509
0.002585
0.002635
0.002505
0.002401
0.002547
0.002486
0.002519
0.002582
0.002586
0.002619
0.002512
0.002567
0.002522
0.002512
0.002648
0.002435
0.002579
0.002510
0.002547
0.002447
0.002659
0.002471
0.002720
0.002477
0.002536
0.002450
0.002507
0.002450
0.002562
0.002565
0.002468
0.002617
0.002534
0.002572
0.002542
0.002434
0.002541
0.002560
0.002573
0.002534
0.002566
0.002542
0.002476
0.002551
0.002525
0.002611
0.002536
0.002575
0.002521
0.002589
0.002585
0.002618
0.002508
0.002591
0.002484
0.002470
0.002497
0.002540
0.002603
0.002419
0.002571
0.002487
0.002521
0.002400
0.002561
0.002465
0.002510
0.002497
0.002615
0.002559
0.002542
0.002604
0.002535
0.002730
0.002527
0.002547
0.002540
0.002659
0.002489
0.002607
0.002565
0.002540
0.002564
0.002555
0.002566
0.002581
0.002513
0.002535
0.002497
0.002584
0.002504
0.002464
0.002513
0.002501
0.002539
0.002624
0.002485
0.002582
0.002470
0.002547
0.002528
0.002635
0.002684
0.002479
0.002526
0.002615
0.002479
0.002472
0.002528
0.002532
0.002513
0.002651
0.002514
0.002588
0.002551
0.002579
0.002491
0.002568
0.002532
0.002668
0.002515
0.002549
0.002746
0.002409
0.002620
0.002596
0.002520
0.002622
0.002528
0.002482
0.002486
0.002481
0.002691
0.002495
0.002522
0.002638
0.002475
0.002530
0.002517
0.002579
0.002504
0.002464
0.002502
0.002563
0.002554
0.002644
0.002512
0.002596
0.002484
0.002598
0.002522
0.002549
0.002515
0.002754
0.002486
0.002563
0.002491
0.002662
0.002502
0.002465
0.002548
0.002554
0.002559
0.002586
0.002514
0.002561
0.002536
0.002585
0.002485
0.002719
0.002482
0.002611
0.002491
0.002451
0.002514
0.002471
0.002666
0.002475
0.002609
0.002552
0.002572
0.002675
0.002509
0.002647
0.002436
0.002484
0.002529
0.002586
0.002529
0.002518
0.002460
0.002552
0.002577
0.002534
0.002530
0.002526
0.002540
0.002513
0.002572
0.002546
0.002516
0.002577
0.002586
0.002675
0.002501
0.002548
0.002557
0.002604
0.002638
0.002553
0.002561
0.002445
0.002510
0.002422
0.002547
0.002499
0.002547
0.002507
0.002567
0.002484
0.002534
0.002620
0.002474
0.002580
0.002556
0.002604
0.002490
0.002548
0.002578
0.002571
0.002542
0.002499
0.002556
0.002405
0.002508
0.002570
0.002511
0.002618
0.002660
0.002573
0.002523
0.002639
0.002502
0.002535
0.002511
0.002433
0.002600
0.002636
0.002437
0.002552
0.002508
0.002417
0.002539
0.002421
0.002588
0.002572
0.002514
0.002592
0.002509
0.002519
0.002570
0.002572
0.002534
0.002572
0.002587
0.002653
0.002578
0.002468
0.002542
0.002393
0.002520
0.002476
0.002520
0.002390
0.002517
0.002527
0.002515
0.002548
0.002513
0.002544
0.002492
0.002554
0.002523
0.002505
0.002540
0.002635
0.002458
0.002654
0.002486
0.002648
0.002571
0.002572
0.002567
0.002557
0.002481
0.002521
0.002537
0.002479
0.002601
0.002513
0.002507
0.002503
0.002658
0.002675
0.002417
0.002562
0.002523
0.002594
0.002511
0.002575
0.002509
0.002460
