0.013811
0.009343
0.007998
0.008131
0.007994
0.008148
0.008134
0.007762
0.008329
0.007524
0.007577
0.007981
0.007810
0.007895
0.007832
0.007799
0.007790
0.007891
0.007756
0.007760
0.008026
0.009246
0.007824
0.007666
0.007724
0.007645
0.007913
0.007869
0.007704
0.007809
0.007788
0.007749
0.007980
0.007883
0.007852
0.007858
0.007955
0.008079
0.008058
0.008045
0.008003
0.007755
0.007859
0.007878
0.007354
0.007653
0.007721
0.007816
0.007766
0.007906
0.007973
0.007151
0.007616
0.007714
0.007855
0.007854
0.007795
0.007792
0.007793
0.007849
0.007946
0.007755
0.007821
0.007917
0.007956
0.007946
0.007904
0.007876
0.008168
0.007939
0.007955
0.007938
0.007813
0.007790
0.007799
0.007891
0.007852
0.007855
0.008109
0.008175
0.007966
0.007870
0.007879
0.007251
0.007614
0.007710
0.007758
0.007903
0.007761
0.007975
0.007741
0.007925
0.007859
0.007867
0.007895
0.007907
0.008066
0.007935
0.007911
0.007995
0.007967
0.007957
0.007952
0.008054
0.007959
0.007977
0.007882
0.007816
0.007864
0.008102
0.007854
0.007817
0.007835
0.007950
0.007858
0.007862
0.007921
0.007923
0.007996
0.007843
0.007858
0.007978
0.007756
0.008050
0.007865
0.007777
0.007945
0.013805
0.009524
0.008772
0.008065
0.008062
0.007988
0.007983
0.008024
0.007944
0.007966
0.007900
0.008037
0.008040
0.007312
0.007941
0.007706
0.007824
0.007772
0.007989
0.007156
0.007181
0.007039
0.007342
0.007418
0.007640
0.007876
0.007847
0.007107
0.007514
0.007736
0.007649
0.007595
0.008061
0.007920
0.007325
0.007809
0.007237
0.007728
0.007668
0.007833
0.007810
0.007130
0.007698
0.007703
0.007805
0.007787
0.007730
0.007887
0.007863
0.007867
0.007643
0.007887
0.007831
0.007846
0.007891
0.008027
0.007904
0.007978
0.008363
0.007233
0.008647
0.007732
0.007790
0.007764
0.007913
0.007902
0.007218
0.007634
0.007162
0.007588
0.007910
0.007081
0.007556
0.007616
0.007689
0.007736
0.007767
0.007734
0.007873
0.007844
0.007665
0.007948
0.007841
0.007901
0.008024
0.008033
0.007812
0.007861
0.007236
0.007697
0.007977
0.007742
0.007817
0.007746
0.007810
0.007824
0.007943
0.008090
0.007942
0.007905
0.008039
0.007938
0.007884
0.007927
0.007943
0.008097
0.009176
0.009334
0.008382
0.008427
0.007576
0.009202
0.007980
0.008022
0.008113
0.008594
0.008341
0.008334
0.008201
0.008261
0.008240
0.008348
0.008267
0.008091
0.008109
0.008138
0.008130
0.009546
0.008830
0.008851
0.008747
0.008477
0.008397
0.008309
0.008267
0.008345
0.008342
0.008279
0.007757
0.008774
0.007914
0.008023
0.008117
0.008045
0.008028
0.008032
0.008061
0.008027
0.008065
0.007829
0.008108
0.008147
0.008143
0.007564
0.007973
0.007358
0.007787
0.007875
0.007280
0.007770
0.007806
0.007896
0.008113
0.007824
0.007854
0.007748
0.007896
0.008022
0.007930
0.008018
0.007267
0.008861
0.007254
0.008944
0.008987
0.009014
0.008934
0.007357
0.008075
0.007753
0.007853
0.007963
0.007968
0.007991
0.007941
0.007964
0.008002
0.007962
0.007967
0.008307
0.008004
0.007946
0.007910
0.008013
0.007994
0.008133
0.007422
0.007777
0.007781
0.007905
0.007940
0.007747
0.007816
0.008098
0.007983
0.007939
0.007235
0.008719
0.007727
0.007967
0.007902
0.008013
0.008450
0.007927
0.007964
0.007964
0.008107
0.008030
0.008054
0.008190
0.008137
0.008064
0.008097
0.008107
0.008046
0.007742
0.008043
0.007557
0.007836
0.007946
0.007963
0.007877
0.008193
0.007876
0.007864
0.007967
0.007924
0.007897
0.007895
0.007963
0.007879
0.007983
0.007815
0.007786
0.007873
0.008111
0.007998
0.007998
0.006298
0.006658
0.007741
0.007700
0.011119
0.007972
0.007141
0.007737
0.007887
0.007751
0.007891
0.007961
0.008008
0.007721
0.007831
0.007810
0.007739
0.007916
0.007227
0.007626
0.007677
0.007693
0.007954
0.007862
0.008026
0.008049
0.007990
0.007985
0.008089
0.008269
0.007921
0.008061
0.008050
0.008041
0.008073
0.007839
0.007754
0.008104
0.008164
0.007376
0.007832
0.008101
0.007929
0.007263
0.007775
0.007841
0.007860
0.008053
0.007745
0.007792
0.007749
0.007717
0.007843
0.007775
0.007808
0.007875
0.007840
0.008115
0.007882
0.007868
0.007893
0.008279
0.008025
0.007920
0.007921
0.008162
0.007958
0.008071
0.007899
0.008044
0.007978
0.007940
0.007990
0.007923
0.008085
0.007970
0.008067
0.007936
0.007252
0.007824
0.007901
0.007820
0.007833
0.008000
0.007920
0.008130
0.007965
0.007930
0.008050
0.008044
0.008028
0.007971
0.008024
0.007917
0.008111
0.007980
0.008066
0.007942
0.007947
0.008177
0.008014
0.007806
0.008050
0.008037
0.008030
0.008039
0.008156
0.008098
0.007969
0.007968
0.008072
0.007993
0.008115
0.007997
0.007892
0.007196
0.007666
0.007888
0.007821
0.007817
0.007970
0.007805
0.007948
0.007810
0.007968
0.008116
0.007951
0.008011
0.008053
0.008153
0.007752
0.007848
0.007924
0.007877
0.007908
0.007914
0.007985
0.007995
0.007935
0.007939
0.007943
0.007334
0.007832
0.007757
0.007787
0.007803
0.007166
0.007657
0.007758
0.007561
0.007916
0.007380
0.007609
0.007769
0.008017
0.007808
0.007841
0.007981
0.007888
0.007889
0.007994
0.007707
0.007970
0.007822
0.007860
0.008000
0.008015
0.007895
0.007765
0.007848
0.008032
0.007916
0.007854
0.007888
0.008187
0.007943
0.007913
0.008168
0.007995
0.008053
0.007913
0.007433
0.008186
0.007474
0.007702
0.007672
0.007765
0.007697
0.007834
0.007884
0.007971
0.008093
0.007708
0.007778
0.007954
0.007974
0.007738
0.008000
0.008037
0.007234
0.007701
0.007860
0.007848
0.007631
0.007790
0.007757
0.008061
0.008050
0.007902
0.008025
0.007947
0.007888
0.007927
0.007867
0.007962
0.007850
0.007774
0.007872
0.007840
0.007242
0.008220
0.007647
0.007766
0.007935
0.007995
0.007932
0.007414
0.009080
0.007952
0.007609
0.007942
0.007865
0.007501
0.008083
0.008204
0.008031
0.007901
0.008003
0.008103
0.007990
0.008031
0.007921
0.007309
0.007801
0.007674
0.007661
0.007838
0.007664
0.007773
0.007956
0.007907
0.007801
0.007703
0.007860
0.007996
0.007878
0.008213
0.007890
0.008182
0.008011
0.007974
0.007901
0.007906
0.008078
0.007815
0.007965
0.008090
0.007192
0.007862
0.007649
0.006995
0.007639
0.007620
0.007693
0.007880
0.007744
0.007896
0.008325
0.008414
0.007687
0.007720
0.007250
0.007784
0.008056
0.007883
0.008053
0.007979
0.007864
0.007990
0.007912
0.007758
0.007895
0.007884
0.008047
0.008001
0.007882
0.008048
0.007548
0.007702
0.007847
0.007787
0.007834
0.007527
0.007852
0.007958
0.007823
0.007816
0.007905
0.008091
0.011499
0.008691
0.007255
0.007951
0.008174
0.007931
0.007951
0.007797
0.007824
0.008120
0.007847
0.007927
0.008086
0.008110
0.008131
0.008205
0.007898
0.008059
0.007948
0.007394
0.007586
0.007897
0.007933
0.007662
0.007987
0.007882
0.007828
0.007872
0.008002
0.008004
0.008036
0.007982
0.008040
0.007924
0.007979
0.007934
0.007231
0.007745
0.007690
0.007853
0.007679
0.008025
0.007968
0.008055
0.008008
0.007828
0.007976
0.008085
0.008147
0.008108
0.008013
0.008021
0.007801
0.008010
0.007903
0.007486
0.007591
0.007695
0.007858
0.007835
0.007940
0.007866
0.007732
0.007582
0.008212
0.008045
0.007879
0.007908
0.007974
0.007752
0.008958
0.009088
0.007836
0.007901
0.008003
0.008123
0.007367
0.007794
0.007709
0.007700
0.007956
0.007132
0.007589
0.007696
0.007610
0.007868
0.007914
0.007912
0.007936
0.007797
0.008003
0.007932
0.007832
0.008040
0.007987
0.007947
0.008201
0.007237
0.007860
0.007945
0.007701
0.007847
0.007790
0.007819
0.007805
0.007825
0.007816
0.007930
0.007979
0.007793
0.007909
0.008486
0.007240
0.007892
0.007901
0.007826
0.007921
0.007951
0.007966
0.007937
0.007926
0.007959
0.008009
0.007962
0.007880
0.007964
0.007880
0.008064
0.007989
0.008074
0.008021
0.007241
0.007882
0.007797
0.007186
0.008921
0.008124
0.007733
0.007914
0.007822
0.007860
0.007839
0.007902
0.008005
0.007624
0.007776
0.007800
0.007720
0.007780
0.007879
0.007967
0.007974
0.008331
0.008288
0.007685
0.008182
0.007679
0.008108
0.007961
0.007873
0.008051
0.007859
0.007786
0.007995
0.007968
0.007775
0.007847
0.008025
0.007817
0.007952
0.007983
0.007473
0.008134
0.008316
0.008388
0.008413
0.007919
0.007976
0.008056
0.008536
0.008559
0.008835
0.008848
0.008292
0.008219
0.008288
0.008089
0.008595
0.008181
0.008186
0.008222
0.008144
0.007857
0.007982
0.008152
0.007967
0.008095
0.008193
0.008159
0.008067
0.008261
0.008291
0.008318
0.008292
0.008315
0.008053
0.008167
0.008304
0.008037
0.008210
0.008067
0.008374
0.008123
0.007361
0.007848
0.008039
0.007912
0.007417
0.009255
0.007484
0.008802
0.007711
0.007926
0.007928
0.007919
0.008050
0.007939
0.007957
0.008048
0.007477
0.007986
0.007989
0.008065
0.007986
0.007898
0.007928
0.008106
0.007915
0.008009
0.007970
0.008214
0.007966
0.007963
0.008063
0.007881
0.008055
0.008055
0.008149
0.007936
0.008076
0.008167
0.008174
0.007665
0.008070
0.008065
0.007826
0.008224
0.008090
0.007911
0.007964
0.008002
0.007943
0.008035
0.007897
0.007919
0.008055
0.007989
0.008035
0.008063
0.008008
0.008121
0.008029
0.008088
0.008091
0.008062
0.008154
0.008012
0.008046
0.008066
0.008071
0.008052
0.008052
0.007346
0.009032
0.008070
0.008426
0.007912
0.006753
0.007640
0.007812
0.008320
0.007828
0.007926
0.007861
0.007965
0.007927
0.007958
0.007970
0.007814
0.007919
0.007972
0.007783
0.008166
0.007931
0.007878
0.007903
0.007946
0.007907
0.008208
0.008119
0.007927
0.008235
0.008075
0.008055
0.008048
0.007332
0.007680
0.007919
0.007804
0.007815
0.007956
0.007804
0.007829
0.007862
0.007936
0.008169
0.010606
0.009715
0.008997
0.008632
0.008830
0.008906
0.008400
0.007900
0.007822
0.008261
0.008085
0.008986
0.008980
0.008174
0.008559
0.008564
0.008230
0.008557
0.008869
0.008460
0.007914
0.008512
0.008644
0.008884
0.008823
0.009179
0.008682
0.008932
0.008953
0.009067
0.008259
0.008483
0.008872
0.009093
0.009106
0.009067
0.009108
0.008314
0.007812
0.007935
0.008186
0.008308
0.008942
0.008015
0.008612
0.007907
0.008595
0.008840
0.008587
0.008800
0.008278
0.007815
0.008350
0.008601
0.008836
0.008827
0.008949
0.009252
0.009122
0.008980
0.007891
0.008099
0.007962
0.007982
0.008806
0.007916
0.008085
0.008275
0.008554
0.008347
0.008642
0.008238
0.007957
0.008187
0.008315
0.008573
0.009538
0.009661
0.009621
0.009583
0.009610
0.008699
0.008547
0.008825
0.009047
0.007724
0.008272
0.008232
0.008505
0.008713
0.009079
0.009158
0.010009
0.009765
0.009621
0.007741
0.007592
0.008312
0.008446
0.008696
0.007973
0.008514
0.009209
0.008972
0.009517
0.008585
0.008851
0.008340
0.008740
0.009183
0.009059
0.008903
0.007872
0.008820
0.008866
0.008063
0.007713
0.008043
0.008643
0.008793
0.007866
0.007835
0.008167
0.007739
0.008417
0.007935
0.009598
0.009455
0.009611
0.007783
0.007774
0.008182
0.007423
0.007819
0.008326
0.007673
0.007854
0.007943
0.008266
0.008298
0.008390
0.008405
0.008539
0.008845
0.008818
0.009002
0.008934
0.008719
0.008931
0.008793
0.009187
0.009093
0.008207
0.008493
0.008551
0.008009
0.008457
0.007893
0.008653
0.007984
0.008053
0.008388
0.008741
0.008006
0.007814
0.007875
0.007822
0.007759
0.008222
0.008611
0.008491
0.007890
0.007856
0.009939
0.008830
0.009023
0.008615
0.008950
0.007992
0.008547
0.008576
0.008831
0.008228
0.007766
0.007560
0.008339
0.008403
0.008507
0.008583
0.007846
0.007809
0.007683
0.007899
0.008236
0.008304
0.009476
0.009289
0.009272
0.007688
0.008511
0.008589
0.008914
0.012499
0.009020
0.007965
0.007958
0.007992
0.007883
0.007985
0.007783
0.007920
0.007981
0.008148
0.007887
0.007968
0.007953
0.008004
0.007932
0.008044
0.008103
0.007914
0.007958
0.007886
0.007950
0.007984
0.007922
0.008122
0.007922
0.008010
0.007979
0.007900
0.007859
0.008059
0.007984
0.008035
0.008007
0.007920
0.007956
0.008017
0.008022
0.008157
0.008050
0.008035
0.007957
0.008026
0.006579
0.007437
0.007800
0.007861
0.007702
0.007629
0.007678
0.007208
0.007890
0.007593
0.007643
0.007705
0.007789
0.007909
0.007592
0.007717
0.007695
0.007730
0.007736
0.007648
0.007895
0.007785
0.007805
0.007665
0.007937
0.007832
0.007925
0.007805
0.007677
0.007552
0.007772
0.007712
0.007689
0.007036
0.007578
0.007407
0.007803
0.006927
0.009531
0.007588
0.007686
0.007747
0.007668
0.007726
0.007819
0.007718
0.007730
0.007650
0.007745
0.007747
0.007683
0.007779
0.007893
0.007962
0.007927
0.007896
0.007824
0.007182
0.008911
0.007617
0.007516
0.007746
0.007625
0.007726
0.008005
0.007716
0.008215
0.007816
0.007813
0.007806
0.007702
0.007806
0.007680
0.007948
0.007882
0.007868
0.007873
0.007801
0.007889
0.007884
0.007879
0.007863
0.007991
0.007907
0.007905
0.007900
0.007807
0.007868
0.007932
0.007925
0.007902
0.007919
0.007932
0.007930
0.008168
0.007862
0.007838
0.007899
0.007902
0.007757
0.007975
0.007848
0.007802
0.007852
0.007975
0.007902
0.007194
0.008032
0.007516
0.007879
0.007681
0.007721
0.007782
0.008173
0.007781
0.007312
0.007492
0.008068
0.008087
0.007856
0.007740
0.007052
0.006872
0.006934
0.007491
0.007781
0.007807
0.008114
0.007635
0.007685
0.007805
0.007697
0.007761
0.007750
0.007610
0.007751
0.007776
0.008320
0.008394
0.007156
0.007544
0.007654
0.007818
0.008237
0.007665
0.007460
0.007872
0.007981
0.007675
0.007685
0.008079
0.008279
0.008143
0.007702
0.007070
0.006518
0.007132
0.007612
0.007577
0.007587
0.007703
0.007818
0.007675
0.007755
0.008296
0.007752
0.007910
0.007817
0.007824
0.007813
0.007888
0.007675
0.007870
0.007838
0.007735
0.007907
0.007752
0.007703
0.008157
0.007417
0.007609
0.007706
0.007596
0.007701
0.007703
0.007629
0.008619
0.008632
0.007569
0.007676
0.007939
0.007789
0.007749
0.007823
0.007641
0.008028
0.007523
0.007612
0.007669
0.009805
0.008840
0.008292
0.008765
0.008718
0.008689
0.008740
0.007941
0.008237
0.008403
0.008649
0.008696
0.008683
0.008659
0.008728
0.008728
0.008794
0.008807
0.008869
0.008614
0.007900
0.008302
0.008770
0.011288
0.010415
0.010829
0.010336
0.010169
0.010103
0.010053
0.010834
0.009672
0.009523
0.009900
0.009794
0.008687
0.008729
0.008817
0.009877
0.009822
0.009953
0.009752
0.009865
0.008655
0.008978
0.009298
0.009354
0.008558
0.008924
0.009211
0.008189
0.008811
0.008850
0.008525
0.008873
0.008873
0.008981
0.009684
0.009701
0.008662
0.008855
0.009053
0.008305
0.008649
0.008746
0.008837
0.008869
0.008938
0.009309
0.009191
0.009253
0.008333
0.009261
0.009256
0.009292
0.008374
0.008012
0.008493
0.008184
0.008860
0.009375
0.008277
0.008845
0.008902
0.008983
0.009047
0.009370
0.009035
0.009122
0.009093
0.009147
0.007871
0.007738
0.008483
0.008499
0.008837
0.009003
0.009020
0.009049
0.009028
0.008226
0.008524
0.008723
0.008626
0.007993
0.008585
0.008649
0.008758
0.008870
0.008921
0.007871
0.008191
0.008768
0.008812
0.009138
0.009051
0.009004
0.009020
0.009100
0.009119
0.009133
0.009017
0.009106
0.009092
0.009116
0.009097
0.009105
0.009123
0.008929
0.008165
0.009451
0.009240
0.009369
0.009343
0.009398
0.009598
0.009840
0.009758
0.009777
0.009695
0.008603
0.008816
0.008838
0.009456
0.009338
0.008413
0.008396
0.008545
0.009106
0.009264
0.009309
0.009309
0.009502
0.009453
0.009490
0.009445
0.009614
0.009633
0.009708
0.009636
0.009645
0.009624
0.009671
0.009678
0.009658
0.009630
0.009567
0.009580
0.009626
0.009807
0.008665
0.008664
0.009035
0.008982
0.009128
0.009141
0.008981
0.009152
0.009180
0.008315
0.008637
0.008933
0.008979
0.009091
0.009129
0.008245
0.008531
0.008399
0.008973
0.008985
0.009327
0.009342
0.009436
0.009356
0.009327
0.009338
0.009690
0.009541
0.009569
0.009572
0.009572
0.009346
0.009265
0.008275
0.008683
0.009229
0.008335
0.008535
0.007779
0.008149
0.008442
0.008550
0.008418
0.008671
0.008732
0.008168
0.008424
0.008654
0.008725
0.009172
0.009321
0.009491
0.008468
0.008653
0.008829
0.008831
0.009088
0.009056
0.009184
0.008110
0.008445
0.008674
0.008942
0.008945
0.008994
0.008116
0.008928
0.008716
0.009194
0.008240
0.008520
0.008722
0.008736
0.008036
0.008753
0.008783
0.008827
0.008820
0.008824
0.008860
0.008875
0.008857
0.008972
0.008994
0.008996
0.009008
0.008977
0.008970
0.008994
0.009053
0.008817
0.008895
0.008992
0.009044
0.009092
0.009050
0.008239
0.008510
0.009634
0.009202
0.009171
0.009141
0.009451
0.008277
0.008651
0.008784
0.008818
0.009039
0.008881
0.009086
0.009020
0.009094
0.009226
0.009208
0.008289
0.008580
0.008714
0.008778
0.008164
0.008559
0.008144
0.008814
0.008838
0.008902
0.008126
0.008677
0.009522
0.009398
0.009386
0.009379
0.009583
0.009559
0.009536
0.009465
0.009501
0.009438
0.009625
0.009530
0.009376
0.009556
0.010116
0.010945
0.010629
0.010525
0.010406
0.010392
0.009528
0.009400
0.008865
0.009294
0.009305
0.009269
0.009333
0.009326
0.009309
0.009298
0.009300
0.009295
0.009324
0.009636
0.009531
0.009647
0.008647
0.008891
0.009128
0.009091
0.008335
0.008650
0.008782
0.008850
0.009123
0.009008
0.008931
0.008276
0.008453
0.008493
0.008591
0.008226
0.008739
0.008812
0.009028
0.008813
0.008588
0.008867
0.007813
0.008263
0.008434
0.008519
0.008558
0.008123
0.008887
0.008792
0.008828
0.008959
0.008316
0.008876
0.009042
0.008286
0.008866
0.008859
0.008047
0.008202
0.008536
0.008634
0.009035
0.009388
0.008360
0.008888
0.008949
0.009034
0.009075
0.009166
0.009117
0.009109
0.009118
0.009190
0.009150
0.009128
0.009164
0.009482
0.008448
0.008557
0.008690
0.008857
0.008827
0.008049
0.008666
0.008734
0.008598
0.008215
0.008044
0.008504
0.007844
0.008546
0.008584
0.008617
0.009328
0.009250
0.009416
0.009409
0.009410
0.009360
0.009368
0.009121
0.009372
0.009389
0.009377
0.009214
0.008484
0.008912
0.008512
0.008537
0.008589
0.008665
0.008774
0.008842
0.008001
0.008122
0.008287
0.009124
0.009278
0.009286
0.009353
0.009339
0.009297
0.009333
0.009237
0.009270
0.009284
0.009280
0.009418
0.009131
0.009566
0.009463
0.009457
0.009433
0.008195
0.008174
0.008783
0.008909
0.008968
0.008999
0.009286
0.009277
0.008823
0.008921
0.008918
0.008989
0.008942
0.008929
0.009034
0.008984
0.008942
0.009101
0.009149
0.008231
0.008503
0.008689
0.008736
0.008787
0.008796
0.008644
0.008810
0.009120
0.009123
0.009158
0.009188
0.009200
0.009194
0.009421
0.009396
0.008513
0.008147
0.008436
0.008531
0.008522
0.009173
0.009041
0.009029
0.009104
0.009048
0.009114
0.009069
0.009093
0.009060
0.009037
0.008541
0.008846
0.008748
0.008621
0.008501
0.009086
0.009054
0.009376
0.009411
0.009423
0.009549
0.009534
0.009471
0.009602
0.009478
0.009464
0.009502
0.009471
0.009451
0.008600
0.008723
0.009014
0.009015
0.009398
0.009326
0.008340
0.008693
0.008739
0.008562
0.008703
0.008728
0.008807
0.008797
0.008844
0.008925
0.008694
0.008785
0.008660
0.008904
0.008922
0.008894
0.009315
0.009330
0.008221
0.008596
0.008719
0.008845
0.008277
0.008485
0.007834
