0.043188
0.030732
0.029085
0.027536
0.029660
0.030310
0.027887
0.028147
0.029959
0.029581
0.029658
0.028496
0.028085
0.027813
0.030287
0.028938
0.028603
0.030027
0.028704
0.028703
0.028230
0.028168
0.027688
0.027551
0.027059
0.028572
0.027734
0.028034
0.028321
0.030221
0.028465
0.028705
0.027910
0.029143
0.050533
0.028465
0.024867
0.024331
0.026780
0.027129
0.030179
0.025748
0.025601
0.024968
0.025467
0.025562
0.025232
0.025603
0.024723
0.024783
0.024903
0.024808
0.024709
0.025237
0.025779
0.025251
0.025471
0.025587
0.025803
0.025424
0.024447
0.024493
0.024661
0.023900
0.024211
0.025373
0.026604
0.026600
0.025794
0.026001
0.025658
0.026654
0.024606
0.025067
0.024829
0.024717
0.024261
0.024329
0.024095
0.024060
0.024061
0.024531
0.025389
0.026718
0.025847
0.026556
0.026463
0.025351
0.025036
0.025951
0.024844
0.024172
0.027257
0.025715
0.025528
0.027316
0.025609
0.024692
0.024362
0.024616
0.024759
0.026330
0.027672
0.027445
0.026894
0.026603
0.026521
0.025632
0.025645
0.025103
0.025568
0.026123
0.045047
0.027843
0.026834
0.026883
0.026426
0.026456
0.026355
0.026661
0.027453
0.026770
0.026773
0.026494
0.026994
0.026776
0.027719
0.027966
0.026562
0.026636
0.026697
0.026721
0.026876
0.027047
0.026890
0.026839
0.026737
0.026998
0.026078
0.026232
0.025577
0.025991
0.026436
0.026349
0.026008
0.026146
0.026884
0.026308
0.026253
0.026405
0.026711
0.026733
0.026479
0.027745
0.027219
0.026540
0.027043
0.026770
0.026176
0.026105
0.025939
0.026284
0.025215
0.025450
0.025589
0.025759
0.025692
0.026656
0.026786
0.026372
0.026297
0.025890
0.026334
0.026718
0.026917
0.026573
0.026608
0.026079
0.026145
0.025827
0.025540
0.026411
0.025867
0.025957
0.026273
0.025952
0.025041
0.025179
0.025973
0.026337
0.026687
0.025610
0.025482
0.025727
0.025160
0.025538
0.025962
0.026153
0.026069
0.026453
0.025242
0.026880
0.026414
0.025448
0.026051
0.026090
0.025676
0.025707
0.025809
0.025181
0.025332
0.025555
0.025957
0.026309
0.026618
0.026948
0.026579
0.026320
0.026485
0.027229
0.026583
0.026918
0.026132
0.026008
0.025121
0.025037
0.025889
0.026645
0.026236
0.026178
0.026696
0.026652
0.026636
0.026307
0.026343
0.026331
0.025419
0.025979
0.026752
0.026640
0.026352
0.027028
0.027017
0.026677
0.027074
0.026881
0.027310
0.027258
0.027030
0.027194
0.026453
0.026071
0.027489
0.027133
0.026534
0.026392
0.026143
0.026226
0.026505
0.026518
0.026211
0.026582
0.026631
0.041152
0.026294
0.025495
0.025221
0.026129
0.027841
0.025650
0.027022
0.025813
0.026852
0.026404
0.025574
0.025051
0.024435
0.024472
0.024653
0.024436
0.025999
0.030197
0.028097
0.030356
0.027058
0.026499
0.026731
0.028005
0.026508
0.025741
0.025523
0.027445
0.025635
0.026107
0.025979
0.025785
0.025165
0.024975
0.024003
0.023786
0.025058
0.024829
0.023781
0.024759
0.025377
0.023886
0.024277
0.024801
0.024659
0.024977
0.023992
0.024343
0.023960
0.023973
0.023911
0.024351
0.024326
0.024460
0.023819
0.024001
0.023654
0.023261
0.023730
0.023936
0.024418
0.024094
0.024352
0.024682
0.024606
0.024940
0.025402
0.025129
0.025089
0.024624
0.025079
0.025720
0.025827
0.025285
0.025161
0.025519
0.025251
0.025175
0.025449
0.025793
0.025379
0.025202
0.024589
0.024502
0.023959
0.023730
0.024175
0.025505
0.024653
0.024748
0.025029
0.025094
0.025031
0.024609
0.024788
0.024640
0.024298
0.024172
0.025048
0.024502
0.024922
0.023938
0.023819
0.024335
0.024860
0.024708
0.024929
0.025164
0.024637
0.024519
0.024953
0.025052
0.024770
0.024666
0.024488
0.024587
0.024214
0.024192
0.024217
0.024247
0.024161
0.024574
0.024030
0.025332
0.025262
0.025133
0.025077
0.025055
0.025045
0.024179
0.024002
0.024915
0.025091
0.023927
0.023957
0.024307
0.023230
0.023816
0.023662
0.024202
0.024194
0.023660
0.024078
0.023863
0.023377
0.023585
0.022941
0.024936
0.026017
0.026278
0.025587
0.026295
0.024847
0.024764
0.024915
0.024757
0.025052
0.024259
0.023660
0.023536
0.023587
0.023721
0.024102
0.024057
0.023977
0.024066
0.023947
0.023787
0.024435
0.024553
0.024178
0.024976
0.023927
0.024214
0.023987
0.023370
0.023088
0.023703
0.024800
0.025359
0.026410
0.026538
0.025297
0.026107
0.025800
0.025814
0.025868
0.025906
0.025691
0.025997
0.027947
0.028420
0.028847
0.026209
0.025316
0.025932
0.026431
0.025300
0.025932
0.026209
0.026325
0.026368
0.026575
0.025935
0.026674
0.026530
0.026508
0.026485
0.026087
0.025840
0.025125
0.023757
0.023473
0.023220
0.023014
0.023255
0.023716
0.025175
0.026664
0.025129
0.024559
0.024680
0.024985
0.024750
0.026111
0.026482
0.025381
0.024863
0.024370
0.024035
0.025948
0.024810
0.025926
0.024325
0.026399
0.025964
0.027365
0.026795
0.026423
0.026738
0.025561
0.024745
0.025143
0.025103
0.025526
0.025536
0.024985
0.024957
0.026150
0.025726
0.024817
0.024407
0.024691
0.024491
0.023625
0.023755
0.023484
0.023416
0.023708
0.023526
0.023801
0.024452
0.025919
0.023712
0.023854
0.023756
0.023425
0.024422
0.024033
0.024449
0.024647
0.024949
0.023888
0.025703
0.025805
0.024894
0.025896
0.025222
0.025562
0.025830
0.027754
0.026868
0.027081
0.026738
0.026467
0.027406
0.027237
0.027168
0.025795
0.026459
0.026689
0.025899
0.025906
0.025620
0.025160
0.025145
0.025423
0.027954
0.027130
0.026334
0.025705
0.025988
0.024639
0.024830
0.024287
0.024836
0.023720
0.023919
0.023708
0.024036
0.024986
0.024829
0.025333
0.026444
0.024611
0.024735
0.024703
0.024832
0.043945
0.023764
0.023705
0.023796
0.023599
0.023005
0.023262
0.023922
0.023840
0.025151
0.024862
0.023648
0.024046
0.023864
0.023270
0.023686
0.023457
0.023491
0.023438
0.023123
0.023510
0.023567
0.024042
0.024445
0.023910
0.024437
0.024161
0.023977
0.023719
0.023709
0.024188
0.024166
0.024081
0.024559
0.024629
0.024419
0.024146
0.024027
0.024585
0.024566
0.024561
0.024826
0.024483
0.024249
0.024615
0.024628
0.024417
0.024140
0.024056
0.023225
0.023315
0.023597
0.022989
0.022481
0.022992
0.022628
0.022855
0.023231
0.023813
0.023082
0.024280
0.024924
0.024872
0.024337
0.024196
0.024806
0.025020
0.024482
0.025025
0.024931
0.023823
0.024091
0.024134
0.024333
0.023936
0.023881
0.024043
0.024007
0.023765
0.024024
0.023028
0.023232
0.023316
0.023804
0.024541
0.024129
0.024664
0.024332
0.024433
0.024360
0.024056
0.023886
0.024189
0.024274
0.023910
0.023903
0.023496
0.024785
0.024572
0.024327
0.025161
0.024153
0.025707
0.024512
0.023526
0.025586
0.025141
0.025181
0.025684
0.025825
0.025860
0.026539
0.041696
0.028599
0.024900
0.025796
0.025690
0.025118
0.025691
0.025943
0.026583
0.025477
0.024240
0.024833
0.024465
0.024870
0.026013
0.026437
0.025590
0.026249
0.026897
0.025591
0.026052
0.024680
0.025873
0.025897
0.025645
0.024974
0.025815
0.026456
0.026619
0.027107
0.026513
0.026050
0.026289
0.025458
0.025815
0.025792
0.025536
0.026789
0.026500
0.025467
0.026543
0.025865
0.027020
0.027736
0.027316
0.027332
0.025646
0.025107
0.025587
0.025107
0.024403
0.024275
0.023273
0.023806
0.023732
0.024706
0.024617
0.025142
0.024620
0.025162
0.025102
0.025278
0.024444
0.024122
0.024940
0.024534
0.024417
0.024238
0.024235
0.023469
0.023273
0.024260
0.024908
0.025831
0.025798
0.025760
0.026062
0.025162
0.024254
0.024441
0.024572
0.025241
0.026164
0.027281
0.026492
0.027260
0.027575
0.027611
0.025493
0.024570
0.024571
0.024590
0.024801
0.024844
0.024503
0.025533
0.025284
0.024461
0.024226
0.023577
0.022994
0.023059
0.023226
0.024425
0.025152
0.024180
0.022787
0.023051
0.022928
0.023147
0.024076
0.024161
0.025172
0.024985
0.025011
0.024929
0.025759
0.025835
0.026347
0.025420
0.024616
0.024740
0.024725
0.023856
0.024322
0.024303
0.023018
0.025549
0.025641
0.025387
0.025519
0.025599
0.025494
0.025935
0.025379
0.025456
0.025768
0.025558
0.024873
0.025948
0.025922
0.025039
0.025312
0.025192
0.025052
0.024986
0.025706
0.025482
0.025224
0.024871
0.024993
0.025293
0.025543
0.025600
0.025618
0.025655
0.025476
0.026342
0.026552
0.025714
0.026194
0.025694
0.026082
0.026030
0.026204
0.026088
0.025967
0.025950
0.025707
0.025650
0.024168
0.023345
0.023745
0.023348
0.024260
0.024371
0.025016
0.025749
0.024691
0.024266
0.024504
0.024897
0.024683
0.024965
0.024773
0.024586
0.026900
0.025470
0.025127
0.025031
0.024885
0.024133
0.025272
0.024955
0.025386
0.025746
0.025343
0.025000
0.026331
0.023529
0.025515
0.023484
0.023282
0.023009
0.022906
0.023449
0.023334
0.023385
0.023324
0.022947
0.024150
0.024769
0.024157
0.025724
0.025192
0.024546
0.024708
0.024424
0.024837
0.023469
0.023826
0.024397
0.024399
0.025433
0.025046
0.024725
0.024828
0.025251
0.025129
0.026417
0.026159
0.025988
0.025578
0.025815
0.026066
0.026173
0.024713
0.024364
0.024288
0.024011
0.024041
0.024802
0.025907
0.025884
0.025889
0.025546
0.024934
0.023826
0.023546
0.023646
0.023965
0.026107
0.025609
0.025282
0.025043
0.025019
0.024723
0.024982
0.024035
0.023956
0.023838
0.023815
0.024209
0.024149
0.024154
0.022604
0.023518
0.023620
0.023947
0.023448
0.024155
0.023917
0.023688
0.024222
0.024058
0.023881
0.024394
0.024244
0.025098
0.025288
0.025407
0.024189
0.024078
0.024894
0.025522
0.024929
0.025651
0.024359
0.024559
0.024549
0.024799
0.024872
0.024823
0.024619
0.024746
0.024661
0.024440
0.024925
0.025188
0.026474
0.026717
0.025345
0.025606
0.025508
0.025320
0.024664
0.024761
0.024776
0.024585
0.024279
0.027216
0.025164
0.024961
0.023737
0.023554
0.023764
0.025481
0.025109
0.024360
0.024332
0.023535
0.024045
0.024453
0.024867
0.025219
0.025262
0.025073
0.025116
0.024934
0.025051
0.024641
0.024668
0.024480
0.024603
0.024621
0.024375
0.024039
0.024235
0.024470
0.024510
0.024728
0.024158
0.023487
0.024098
0.024144
0.023606
0.023221
0.023008
0.022960
0.022798
0.023898
0.026046
0.025768
0.025357
0.039896
0.024941
0.023953
0.023729
0.023594
0.023448
0.023433
0.024082
0.023690
0.024158
0.025275
0.024986
0.024559
0.025131
0.025245
0.025852
0.024986
0.024770
0.023673
0.023455
0.024431
0.025406
0.025588
0.026050
0.026187
0.025746
0.025714
0.026373
0.026307
0.025825
0.024122
0.023381
0.024025
0.023875
0.024188
0.027253
0.026369
0.025735
0.026747
0.024990
0.025196
0.027220
0.027131
0.026580
0.025010
0.025804
0.024846
0.025416
0.026221
0.025394
0.024848
0.024547
0.023847
0.023979
0.024712
0.024126
0.024851
0.024902
0.024004
0.024669
0.023245
0.023635
0.023449
0.023568
0.023810
0.023548
0.024105
0.023705
0.023866
0.024535
0.023890
0.024054
0.024676
0.024473
0.025498
0.025836
0.025891
0.024785
0.025014
0.025378
0.025932
0.025693
0.024955
0.025746
0.025412
0.024424
0.024935
0.024814
0.026179
0.026512
0.024882
0.023702
0.023648
0.023738
0.023195
0.024096
0.024269
0.024562
0.024716
0.025531
0.026070
0.026594
0.025511
0.025678
0.026017
0.025535
0.026027
0.026405
0.026367
0.026839
0.026474
0.026569
0.026560
0.026379
0.026092
0.026207
0.026605
0.025425
0.025373
0.026118
0.028267
0.028071
0.028316
0.026973
0.027191
0.027118
0.027105
0.027705
0.027498
0.027216
0.027012
0.026345
0.027233
0.026005
0.025627
0.026358
0.026115
0.026139
0.025778
0.025950
0.025163
0.026209
0.026437
0.025964
0.024936
0.025087
0.025046
0.025770
0.024916
0.024786
0.025160
0.025483
0.025651
0.025600
0.026054
0.025235
0.025814
0.026274
0.026820
0.027416
0.028032
0.028410
0.027721
0.027841
0.026978
0.026996
0.027213
0.026648
0.027694
0.028264
0.028885
0.028598
0.027260
0.026805
0.027210
0.026652
0.026830
0.027216
0.026218
0.025543
0.025871
0.025771
0.025637
0.025835
0.026310
0.026261
0.026011
0.026093
0.026529
0.026244
0.026318
0.025725
0.026796
0.026650
0.026574
0.026558
0.025203
0.025339
0.024581
0.024806
0.024715
0.024911
0.025511
0.026516
0.026293
0.025572
0.025012
0.025602
0.025009
0.025846
0.025676
0.025753
0.025484
0.025306
0.025628
0.025814
0.026397
0.026772
0.026799
0.026744
0.027496
0.027227
0.026922
0.025701
0.025249
0.025105
0.025595
0.025669
0.026436
0.026059
0.025410
0.025146
0.027151
0.026223
0.025923
0.024799
0.024215
0.024847
0.025247
0.025339
0.023765
0.023896
0.024490
0.024894
0.024615
0.024922
0.024943
0.026252
0.026383
0.027306
0.026826
0.026308
0.026363
0.026939
0.026198
0.025696
0.025269
0.025065
0.025476
0.025313
0.024709
0.025551
0.025836
0.026068
0.025025
0.025529
0.025152
0.024849
0.024883
0.024667
0.025056
0.025568
0.025573
0.025333
0.025852
0.024858
0.025229
0.025299
0.027034
0.026896
0.024988
0.025452
0.026022
0.025654
0.025395
0.025898
0.026629
0.026037
0.027082
0.026063
0.025929
0.025902
0.025837
0.025978
0.026054
0.025120
0.025169
0.024808
0.025005
0.025026
0.024351
0.025543
0.024963
0.024758
0.025416
0.025702
0.026070
0.025620
0.026967
0.027792
0.026106
0.026332
0.025799
0.025781
0.025433
0.024386
0.024858
0.025353
0.024598
0.025519
0.024772
0.024944
0.025799
0.024598
0.024296
0.024654
0.024034
0.023862
0.024725
0.024199
0.024355
0.024512
0.024183
0.024707
0.024133
0.024024
0.024266
0.024746
0.024005
0.024057
0.024608
0.025088
0.025278
0.025067
0.025508
0.025132
0.024972
0.025056
0.025330
0.024863
0.024526
0.025192
0.026151
0.026792
0.026272
0.025810
0.026381
0.026190
0.027540
0.027558
0.027821
0.026169
0.026547
0.025870
0.026162
0.026204
0.026760
0.024265
0.023956
0.024127
0.023764
0.023996
0.023949
0.023899
0.024359
0.024168
0.024131
0.024842
0.024791
0.024714
0.024673
0.024902
0.024736
0.024569
0.024808
0.024867
0.025464
0.025647
0.024677
0.024728
0.024628
0.025256
0.024671
0.025788
0.025897
0.025401
0.025546
0.025650
0.025627
0.024941
0.025081
0.024879
0.024958
0.024977
0.025856
0.025477
0.025523
0.025307
0.024865
0.025249
0.024852
0.024732
0.024906
0.023731
0.023868
0.023612
0.024107
0.024366
0.023275
0.023154
0.022944
0.023933
0.024249
0.024845
0.025514
0.024741
0.025715
0.027099
0.026345
0.026102
0.025519
0.025495
0.025476
0.025445
0.025917
0.025061
0.025367
0.025330
0.026412
0.027143
0.025973
0.025958
0.027098
0.024985
0.025379
0.026775
0.025018
0.025000
0.024840
0.025141
0.024131
0.025030
0.025024
0.024861
0.024830
0.025442
0.025357
0.025141
0.025082
0.025289
0.024750
0.023119
0.023579
0.024760
0.023449
0.023545
0.023322
0.023620
0.023376
0.023902
0.024689
0.024535
0.024503
0.025192
0.024456
0.024107
0.024248
0.024215
0.023977
0.024453
0.024755
0.025199
0.025205
0.026251
0.024621
0.024653
0.025187
0.024426
0.024783
0.023905
0.024114
0.023443
0.023355
0.023039
0.022985
0.022900
0.022596
0.022762
0.022858
0.022890
0.023926
0.023538
0.023314
0.023399
0.024215
0.025833
0.026156
0.025991
0.026775
0.026940
0.027111
0.026896
0.026872
0.025260
0.025019
0.024455
0.024984
0.025048
0.025027
0.025385
0.024952
0.024820
0.025119
0.024983
0.026043
0.024689
0.024853
0.025559
0.025506
0.025246
0.024198
0.024280
0.024229
0.024407
0.024563
0.024739
0.025288
0.024691
0.024585
0.022992
0.023124
0.024186
0.023141
0.024066
0.024605
0.025598
0.024559
0.025347
0.025303
0.025237
0.026375
0.027248
0.027123
0.027657
0.027672
0.028082
0.027072
0.026934
0.027206
0.026870
0.027044
0.025856
0.025570
0.025000
0.025271
0.024997
0.024842
0.024724
0.025002
0.025358
0.024953
0.025293
0.026497
0.027151
0.026852
0.026781
0.025451
0.025313
0.025439
0.025221
0.025597
0.027427
0.027160
0.028038
0.026183
0.028319
0.027046
0.026807
0.026955
0.027517
0.027155
0.026104
0.025378
0.025357
0.026191
0.027507
0.027837
0.028025
0.027430
0.027077
0.028063
0.027599
0.027566
0.027317
0.027835
0.028141
0.027432
0.027475
0.026706
0.027688
0.027043
0.024699
0.024970
0.025668
0.026267
0.025826
0.024062
0.024191
0.025272
0.025591
0.025292
0.025583
0.026589
0.027315
0.027113
0.025265
0.025193
0.026368
0.026126
0.024922
0.025470
0.025278
0.025608
0.024290
0.024688
0.024910
0.025029
0.024546
0.024390
0.024075
0.024079
0.023786
0.024376
0.024723
0.024379
0.024374
0.024625
0.024672
0.024950
0.025077
0.024753
0.024411
0.025284
0.024301
0.024287
0.023480
0.024169
0.024452
0.024444
0.023946
0.024494
0.024389
0.023717
0.023940
0.024173
0.024248
0.024221
0.024048
0.026252
0.025762
0.027431
0.027719
0.027802
0.028105
0.027851
0.028170
0.027938
0.027053
0.025855
0.025410
0.025833
0.024777
0.025009
0.025527
0.025553
0.026119
0.025991
0.026330
0.025464
0.025339
0.025995
0.025163
0.037971
0.030287
0.027814
0.026459
0.026558
0.025039
0.024313
0.025285
0.025194
0.025956
0.026145
0.026352
0.025900
0.026562
0.027302
0.026816
0.027203
0.027383
0.028019
0.027609
0.027449
0.027608
0.026391
0.026293
0.025551
0.026100
0.025870
0.026005
0.026613
0.026763
0.026707
0.025612
0.026096
0.026202
0.026800
0.027568
0.027122
0.027020
0.026567
0.026675
0.028236
0.027002
0.027651
0.026640
0.024745
0.024167
0.023947
0.024441
0.024758
0.026728
0.026974
0.027979
0.028182
0.027385
0.027502
0.027536
0.027878
0.028068
0.029296
0.026930
0.025438
0.025628
0.026095
0.026837
0.026982
0.025015
0.024329
0.024917
0.026675
0.027217
0.027062
0.026892
0.026628
0.026730
0.026588
0.027555
0.028012
0.027170
0.027048
0.025449
0.025313
0.024740
0.025585
0.025815
0.026101
0.026838
0.027008
0.026482
0.026809
0.027152
0.026305
0.025269
0.026130
0.026139
0.025571
0.025387
0.024865
0.025315
0.026281
0.027447
0.027135
0.028336
0.028053
0.028007
0.028310
0.027079
0.028353
0.027724
0.027148
0.027125
0.026883
0.026727
0.027510
0.025939
0.025079
0.026997
0.025734
0.023680
0.024417
0.027161
0.026333
0.027335
0.030634
0.029619
0.028584
0.028946
0.027644
0.027448
0.028321
0.026807
0.025446
0.026248
0.025899
0.026008
0.026502
0.025985
0.026724
0.026367
0.026056
0.026315
0.026401
0.025536
0.025052
0.025389
0.025328
0.024766
0.024718
0.024358
0.024315
0.025234
0.025596
0.025400
0.025377
0.025815
0.025926
0.027075
0.026953
0.027966
0.029128
0.028525
0.027516
0.027421
0.028191
0.028001
0.026991
0.026919
0.026811
0.027086
0.027470
0.026627
0.028589
0.027812
0.026316
0.026958
0.027136
0.027135
0.027440
0.027831
0.027981
0.027045
0.025345
0.025915
0.025754
0.025270
0.026345
0.025834
0.025281
0.025462
0.025673
0.025904
0.025863
0.026149
0.026412
0.026721
0.025115
0.025323
0.025418
0.024925
0.024693
0.025170
0.025884
0.025730
0.026524
0.027285
0.027198
0.026392
0.026267
0.025951
0.024258
0.023743
0.023285
0.023549
0.024590
0.024437
0.024873
0.024761
0.025222
0.025623
0.026204
0.026038
0.025708
0.025065
0.026232
0.025204
0.024887
0.025338
0.024804
0.025133
0.026099
0.026416
0.026564
0.026434
0.028201
0.026844
0.026434
0.025353
0.026875
0.027818
0.027015
0.026248
0.026065
0.025889
0.026320
0.026553
0.026113
0.026035
0.025946
0.025871
0.027765
0.026184
0.026924
0.025288
0.024451
0.024609
0.024861
0.024573
0.025470
0.025816
0.025646
0.025247
