0.003671
0.001946
0.001814
0.001750
0.001653
0.001647
0.001593
0.001538
0.001513
0.001471
0.001483
0.001500
0.001458
0.001422
0.001391
0.001382
0.001410
0.001368
0.001378
0.001380
0.001334
0.001319
0.001348
0.001305
0.001291
0.001288
0.001319
0.001278
0.001265
0.001261
0.001255
0.001280
0.001238
0.001229
0.001268
0.001243
0.001224
0.001219
0.001221
0.001211
0.001209
0.001246
0.001260
0.001221
0.001203
0.001198
0.001198
0.001216
0.001212
0.001198
0.001194
0.001241
0.001201
0.001182
0.001186
0.001181
0.001178
0.001197
0.001226
0.001214
0.001176
0.001183
0.001181
0.001174
0.001206
0.001166
0.001166
0.001192
0.001192
0.001162
0.001165
0.001165
0.001157
0.001160
0.001162
0.001152
0.001196
0.001180
0.001195
0.001156
0.001152
0.001173
0.001160
0.001147
0.001177
0.001204
0.001176
0.001144
0.001180
0.001135
0.001133
0.001136
0.001180
0.001174
0.001141
0.001156
0.001114
0.001113
0.001114
0.001118
0.001109
0.001131
0.001143
0.001128
0.001104
0.001100
0.001104
0.001101
0.001102
0.001104
0.001129
0.001137
0.001095
0.001100
0.001094
0.001093
0.001092
0.001132
0.001099
0.001082
0.001151
0.001103
0.001082
0.001081
0.001088
0.001080
0.001077
0.001079
0.001116
0.001114
0.001090
0.001081
0.001077
0.001077
0.001074
0.001079
0.001077
0.001078
0.001115
0.001106
0.001080
0.001074
0.001098
0.001102
0.001066
0.001067
0.001107
0.001129
0.001095
0.001064
0.001113
0.001082
0.001066
0.001095
0.001101
0.001068
0.001095
0.001106
0.001067
0.001065
0.001062
0.001063
0.001055
0.001061
0.001070
0.001104
0.001098
0.001075
0.001066
0.001062
0.001057
0.001060
0.001066
0.001063
0.001062
0.001100
0.001097
0.001075
0.001059
0.001064
0.001060
0.001060
0.001060
0.001088
0.001110
0.001094
0.001057
0.001058
0.001052
0.001054
0.001053
0.001059
0.001055
0.001077
0.001094
0.001078
0.001053
0.001053
0.001056
0.001090
0.001082
0.001078
0.001044
0.001078
0.001075
0.001061
0.001075
0.001050
0.001037
0.001039
0.001032
0.001033
0.001048
0.001064
0.001043
0.001035
0.001034
0.001036
0.001031
0.001032
0.001031
0.001032
0.001052
0.001058
0.001028
0.001035
0.001027
0.001026
0.001028
0.001031
0.001026
0.001043
0.001063
0.001042
0.001032
0.001028
0.001034
0.001022
0.001021
0.001024
0.001050
0.001052
0.001057
0.001020
0.001026
0.001024
0.001023
0.001021
0.001024
0.001025
0.001022
0.001050
0.001054
0.001019
0.001022
0.001022
0.001026
0.001021
0.001022
0.001021
0.001026
0.001081
0.001037
0.001044
0.001049
0.001029
0.001020
0.001022
0.001021
0.001020
0.001017
0.001053
0.001032
0.001021
0.001018
0.001019
0.001019
0.001022
0.001018
0.001022
0.001041
0.001047
0.001023
0.001025
0.001021
0.001020
0.001019
0.001019
0.001023
0.001014
0.001052
0.001048
0.001014
0.001014
0.001018
0.001022
0.001017
0.001020
0.001020
0.001015
0.001060
0.001086
0.001079
0.001050
0.001011
0.001006
0.001010
0.001007
0.001007
0.001025
0.001039
0.001036
0.001003
0.001001
0.001004
0.001003
0.001003
0.001005
0.001004
0.001025
0.001046
0.001005
0.001007
0.001005
0.001005
0.001001
0.001039
0.001029
0.001001
0.001034
0.001024
0.001000
0.001000
0.000996
0.000999
0.001000
0.001000
0.000998
0.001001
0.001026
0.001036
0.000996
0.001002
0.001000
0.000999
0.000998
0.001000
0.001002
0.001001
0.001032
0.001035
0.001002
0.000998
0.000995
0.001002
0.000998
0.000998
0.000996
0.001067
0.001041
0.001016
0.000995
0.001005
0.000999
0.000997
0.000995
0.000997
0.000996
0.000995
0.001019
0.001022
0.000993
0.000993
0.000994
0.000994
0.000994
0.000990
0.000993
0.000996
0.000995
0.001030
0.000992
0.000993
0.000993
0.000996
0.000995
0.000997
0.000994
0.000990
0.001027
0.001026
0.000987
0.000993
0.000995
0.000993
0.000990
0.000993
0.000991
0.000994
0.001052
0.001014
0.000989
0.001056
0.001010
0.000995
0.000996
0.000994
0.000993
0.000992
0.001012
0.001010
0.000989
0.000990
0.000992
0.000994
0.000992
0.000993
0.000994
0.000989
0.001024
0.001012
0.000996
0.000987
0.000993
0.000991
0.000990
0.000991
0.000993
0.000990
0.001017
0.001022
0.000989
0.000987
0.000987
0.000995
0.000993
0.000988
0.000987
0.000995
0.001022
0.001025
0.000989
0.000991
0.000993
0.000987
0.000989
0.000995
0.000986
0.000987
0.001014
0.001028
0.000990
0.000994
0.000993
0.000992
0.000987
0.000989
0.000992
0.000994
0.001035
0.001013
0.000992
0.000994
0.000991
0.000994
0.000987
0.000990
0.000991
0.000993
0.001024
0.001024
0.000989
0.000989
0.000991
0.000991
0.000989
0.000992
0.000987
0.000989
0.001025
0.001020
0.000990
0.001047
0.001042
0.000991
0.000988
0.001040
0.001000
0.000983
0.001013
0.001007
0.000977
0.000973
0.000976
0.000977
0.000978
0.000975
0.000972
0.000977
0.001018
0.000999
0.000973
0.000980
0.000975
0.000973
0.000969
0.000973
0.000971
0.000972
0.001005
0.001012
0.000974
0.000972
0.000971
0.001008
0.001004
0.000974
0.000970
0.001005
0.001028
0.001007
0.000970
0.000975
0.000972
0.000971
0.000970
0.000972
0.000970
0.000970
0.000994
0.001015
0.000970
0.000970
0.000970
0.000978
0.000969
0.000967
0.000969
0.000972
0.000976
0.001027
0.000989
0.000976
0.000970
0.000968
0.000972
0.000970
0.000971
0.000970
0.000972
0.001004
0.001004
0.000971
0.000970
0.000971
0.000974
0.000971
0.000971
0.000971
0.000979
0.001027
0.000997
0.000972
0.000977
0.000971
0.000968
0.000969
0.000973
0.000971
0.000972
0.000982
0.001019
0.000971
0.000972
0.000969
0.000972
0.000971
0.000967
0.000967
0.000970
0.000972
0.000993
0.000991
0.000974
0.000971
0.000970
0.000970
0.000971
0.000969
0.000966
0.000981
0.001005
0.001003
0.000970
0.000966
0.000967
0.000971
0.000982
0.000967
0.000968
0.000972
0.001017
0.000993
0.000969
0.000980
0.000968
0.000966
0.000968
0.000985
0.000968
0.000966
0.000979
0.001007
0.000975
0.000962
0.000967
0.001034
0.001059
0.000992
0.000975
0.001011
0.001020
0.001022
0.000983
0.000974
0.000970
0.000969
0.000967
0.000973
0.000965
0.000960
0.000977
0.001002
0.000981
0.000962
0.000961
0.000972
0.000970
0.000963
0.000958
0.000971
0.000967
0.000991
0.000992
0.000960
0.000987
0.000967
0.000958
0.000957
0.000960
0.000957
0.000956
0.000979
0.000995
0.000973
0.000961
0.000958
0.000960
0.000955
0.000958
0.000957
0.000959
0.000982
0.001009
0.000966
0.000963
0.000956
0.000957
0.000956
0.000961
0.000960
0.000959
0.000957
0.001008
0.000982
0.000960
0.000956
0.000954
0.000960
0.000957
0.000958
0.000959
0.000981
0.000989
0.000998
0.000973
0.000960
0.000957
0.000956
0.000957
0.000959
0.000960
0.000959
0.000966
0.001007
0.000977
0.000956
0.000958
0.000959
0.000957
0.000956
0.000958
0.000957
0.000959
0.001008
0.000978
0.000959
0.000962
0.000958
0.000956
0.000957
0.000962
0.000956
0.000956
0.000990
0.001000
0.000971
0.000956
0.000956
0.000958
0.000956
0.000958
0.000960
0.000988
0.000989
0.000989
0.000969
0.000959
0.000956
0.000954
0.000959
0.000959
0.000960
0.000984
0.001023
0.000995
0.000975
0.000953
0.000956
0.000956
0.000960
0.000954
0.000954
0.000953
0.000994
0.001006
0.000996
0.000965
0.000958
0.000956
0.000956
0.000958
0.000958
0.000956
0.000953
0.000975
0.000990
0.000965
0.000952
0.000950
0.000953
0.000955
0.000952
0.000952
0.000953
0.000983
0.001022
0.000973
0.000953
0.000955
0.000954
0.000955
0.000953
0.000957
0.000953
0.000967
0.000967
0.001004
0.000967
0.000951
0.000951
0.000956
0.000952
0.000952
0.000952
0.000953
0.000972
0.000972
0.000973
0.000964
0.000953
0.000951
0.000952
0.000955
0.000954
0.000952
0.000977
0.000983
0.000997
0.000956
0.000955
0.000955
0.000955
0.000950
0.000950
0.000949
0.000953
0.000983
0.000999
0.000968
0.000951
0.000949
0.000949
0.000949
0.000951
0.000952
0.000950
0.000971
0.000977
0.000975
0.000968
0.000950
0.000949
0.000953
0.000951
0.000950
0.000949
0.000974
0.000976
0.000994
0.000949
0.000952
0.000950
0.000949
0.000949
0.000952
0.000952
0.000951
0.000980
0.000983
0.000974
0.000960
0.000949
0.000948
0.000985
0.000964
0.000949
0.000951
0.000997
0.001002
0.000995
0.000969
0.000973
0.000971
0.000950
0.000951
0.000981
0.000974
0.000951
0.000975
0.000999
0.000973
0.000976
0.000950
0.000953
0.000949
0.000950
0.000949
0.000952
0.000966
0.000988
0.000967
0.000951
0.000950
0.000949
0.000950
0.000951
0.000955
0.000949
0.000950
0.000981
0.000996
0.000970
0.000949
0.000950
0.000952
0.000949
0.000949
0.000951
0.000954
0.000950
0.001001
0.000977
0.000952
0.000952
0.000952
0.000952
0.000954
0.000951
0.000950
0.000952
0.000978
0.000985
0.000953
0.000950
0.000950
0.000952
0.000949
0.000949
0.000949
0.000952
0.000975
0.000985
0.000969
0.000977
0.000979
0.000951
0.000951
0.000955
0.000950
0.000949
0.000951
0.001001
0.000970
0.000963
0.000951
0.000952
0.000954
0.000952
0.000951
0.000951
0.000956
0.000976
0.000983
0.000950
0.000981
0.000976
0.000948
0.000950
0.000953
0.000949
0.000949
0.000968
0.000982
0.000969
0.000950
0.000951
0.000954
0.000952
0.000952
0.000951
0.000951
0.000973
0.000990
0.000977
0.000966
0.000952
0.000949
0.000950
0.000950
0.000951
0.000950
0.000949
0.000976
0.000984
0.000958
0.000950
0.000949
0.000951
0.000950
0.000952
0.000950
0.000952
0.000985
0.000984
0.000973
0.000948
0.000953
0.000952
0.000953
0.000950
0.000951
0.000949
0.000965
0.000969
0.002335
0.001514
0.001037
0.000983
0.000982
0.000978
0.000982
0.001003
0.000996
0.001001
0.000979
0.000976
0.000974
0.000974
0.000977
0.000974
0.000991
0.000993
0.000997
0.000993
0.000974
0.000975
0.000977
0.000972
0.000973
0.000972
0.000975
0.000999
0.000991
0.001000
0.000973
0.000976
0.000971
0.000972
0.000970
0.000973
0.000967
0.000967
0.001003
0.000992
0.000992
0.000972
0.000971
0.001004
0.000991
0.000972
0.000970
0.000997
0.000988
0.000993
0.000965
0.000969
0.000967
0.000967
0.000992
0.000998
0.000967
0.000969
0.001003
0.000990
0.000989
0.000969
0.000969
0.000972
0.000969
0.000966
0.000965
0.000969
0.000987
0.000984
0.000983
0.000979
0.000968
0.000967
0.000966
0.000969
0.000965
0.000964
0.000994
0.000983
0.000990
0.000968
0.000965
0.000965
0.000968
0.000966
0.000967
0.000965
0.000985
0.000983
0.000981
0.000979
0.000967
0.000965
0.000964
0.000964
0.000966
0.000968
0.000967
0.000995
0.000987
0.000990
0.000967
0.000964
0.000966
0.000964
0.000965
0.000964
0.000984
0.000984
0.000984
0.000982
0.000965
0.000962
0.000963
0.000964
0.000984
0.000985
0.000985
0.001005
0.000984
0.000995
0.000965
0.000964
0.000963
0.000966
0.000963
0.000983
0.000983
0.000982
0.001000
0.000983
0.000984
0.000969
0.000965
0.000966
0.000967
0.000965
0.000966
0.000966
0.000990
0.000994
0.000963
0.000963
0.000963
0.000966
0.000964
0.000965
0.000965
0.000968
0.000994
0.000981
0.000982
0.000964
0.000963
0.000962
0.000962
0.000963
0.000966
0.000965
0.000986
0.000984
0.000984
0.000981
0.000963
0.000963
0.000996
0.000985
0.000966
0.000967
0.000995
0.000986
0.000993
0.000987
0.000992
0.000986
0.000962
0.000965
0.000989
0.000989
0.000963
0.000983
0.000984
0.000978
0.000966
0.000966
0.000969
0.000965
0.000963
0.000963
0.000968
0.000967
0.000992
0.000989
0.000966
0.000964
0.000964
0.000962
0.000963
0.000965
0.000965
0.000964
0.000966
0.001002
0.000983
0.000966
0.000963
0.000965
0.000962
0.000963
0.000963
0.000967
0.000989
0.000993
0.000965
0.000969
0.000966
0.000964
0.000963
0.000965
0.000963
0.000963
0.000966
0.000998
0.000982
0.000975
0.000962
0.000966
0.000964
0.000965
0.000962
0.000962
0.000966
0.000981
0.000982
0.000974
0.000965
0.000963
0.000962
0.000959
0.000962
0.000958
0.000958
0.000955
0.000983
0.000979
0.000953
0.000953
0.000957
0.000956
0.000956
0.000956
0.000958
0.000954
0.000985
0.000971
0.000957
0.000956
0.000956
0.000955
0.000956
0.000957
0.000954
0.000952
0.000970
0.000974
0.000967
0.000953
0.000954
0.000981
0.000976
0.000953
0.000954
0.000979
0.000971
0.000972
0.000979
0.000956
0.000953
0.000953
0.000954
0.000959
0.000953
0.000955
0.000957
0.000990
0.000977
0.000957
0.000954
0.000955
0.000956
0.000953
0.000953
0.000952
0.000975
0.000969
0.000971
0.000965
0.000954
0.000952
0.000954
0.000954
0.000956
0.000954
0.000953
0.000979
0.000974
0.000981
0.000952
0.000951
0.000952
0.000953
0.000953
0.000952
0.000954
0.000958
0.000987
0.000971
0.000975
0.000954
0.000953
0.000952
0.000951
0.000975
0.000980
0.000973
0.000971
0.000973
0.000967
0.000952
0.000953
0.000954
0.000952
0.000952
0.000953
0.000952
0.000978
0.000972
0.000982
0.000950
0.000952
0.000949
0.000951
0.000950
0.000955
0.000952
0.000953
0.000983
0.000974
0.000976
0.000952
0.000950
0.000953
0.000951
0.000949
0.000950
0.000972
0.000970
0.000968
0.000967
0.000953
0.000950
0.000950
0.000951
0.000950
0.000953
0.000952
0.000974
0.000969
0.000970
0.000970
0.000971
0.000980
0.000981
0.000976
0.000953
0.000952
0.000978
0.000978
0.000978
0.000977
0.000977
0.000979
0.000952
0.000951
0.000972
0.000969
0.000962
0.000967
0.000971
0.000969
0.000964
0.000951
0.000950
0.000954
0.000953
0.000952
0.000952
0.000954
0.000974
0.000981
0.000953
0.000954
0.000952
0.000950
0.000951
0.000954
0.000951
0.000950
0.000950
0.000978
0.000974
0.000949
0.000950
0.000950
0.000952
0.000949
0.000952
0.000953
0.000955
0.000952
0.000983
0.000973
0.000956
0.000952
0.000952
0.000952
0.000954
0.000953
0.000951
0.000966
0.000970
0.000965
0.000951
0.000950
0.000952
0.000950
0.000953
0.000951
0.000951
0.000953
0.000972
0.000971
0.000963
0.000956
0.000954
0.000952
0.000953
0.000954
0.000952
0.000950
0.000952
0.000980
0.000978
0.000954
0.000953
0.000955
0.000953
0.000952
0.000950
0.000953
0.000950
0.000980
0.000973
0.000953
0.000954
0.000953
0.000953
0.000953
0.000955
0.000952
0.000954
0.000953
0.000988
0.000969
0.000952
0.000952
0.000977
0.000979
0.000952
0.000952
0.000974
0.000969
0.000967
0.000982
0.000952
0.000951
0.000951
0.000950
0.000953
0.000955
0.000952
0.000952
0.000983
0.000985
0.000953
0.000952
0.000953
0.000955
0.000953
0.000953
0.000951
0.000973
0.000971
0.000971
0.000969
0.000955
0.000950
0.000950
0.000951
0.000952
0.000952
0.000952
0.000974
0.000970
0.000974
0.000966
0.000953
0.000950
0.000956
0.000952
0.000953
0.000950
0.000953
0.000976
0.000975
0.000951
0.000951
0.000954
0.000951
0.000952
0.000953
0.000951
0.000953
0.000986
0.000973
0.000973
0.000952
0.000952
0.000952
0.000955
0.000952
0.000952
0.000952
0.000974
0.000970
0.000971
0.000968
0.000954
0.000950
0.000950
0.000951
0.000954
0.000953
0.000952
0.000977
0.000972
0.000983
0.000962
0.000953
0.000955
0.000952
0.000950
0.000950
0.000950
0.000983
0.000967
0.000974
0.000950
0.000953
0.000951
0.000952
0.000952
0.000954
0.000952
0.000952
0.000987
0.000975
0.000980
0.000953
0.000953
0.000974
0.000972
0.000963
0.000953
0.000974
0.000971
0.000986
0.000972
0.000963
0.000988
0.000969
0.000952
0.000952
0.000987
0.000970
0.000953
0.000981
0.000973
0.000974
0.000951
0.000950
0.000953
0.000950
0.000950
0.000950
0.000952
0.000950
0.000983
0.000967
0.000955
0.000953
0.000953
0.000953
0.000955
0.000952
0.000952
0.000952
0.000972
0.000973
0.000962
0.000950
0.000952
0.000955
0.000954
0.000969
0.000969
0.000975
0.000970
0.000979
0.000976
0.000955
0.000951
0.000949
0.000949
0.000953
0.000949
0.000979
0.000970
0.000984
0.000967
0.000950
0.000950
0.000950
0.000952
0.000950
0.000950
0.000951
0.000952
0.000967
0.000968
0.000963
0.000978
0.000973
0.000950
0.000951
0.000953
0.000951
0.000952
0.000952
0.000978
0.000979
0.000953
0.000952
0.000954
0.000950
0.000950
0.000950
0.000949
0.000955
0.000982
0.000973
0.000953
0.000954
0.000951
0.000952
0.000951
0.000955
0.000952
0.000950
0.000950
0.000986
0.000965
0.000950
0.000950
0.000971
0.000968
0.000963
0.000950
0.000950
0.000985
0.000968
0.000980
0.000950
0.000954
0.000951
0.000949
0.000949
0.000954
0.000953
0.000952
0.000980
0.000973
0.000976
0.000951
0.000953
0.000954
0.000953
0.000953
0.000952
0.000972
0.000972
0.000971
0.000970
0.000954
0.000949
0.000950
0.000950
0.000950
0.000953
0.000950
0.000972
0.000969
0.000973
0.000965
0.000950
0.000949
0.000954
0.000952
0.000951
0.000953
0.000954
0.000978
0.000969
0.000976
0.000952
0.000950
0.000950
0.000950
0.000949
0.000955
0.000954
0.000952
0.000983
0.000975
0.000952
0.000953
0.000953
0.000956
0.000954
0.000952
0.000953
0.000974
0.000979
0.000972
0.000965
0.000974
0.000978
0.000950
0.000950
0.000952
0.000950
0.000950
0.000976
0.000975
0.000981
0.000953
0.000951
0.000950
0.000953
0.000951
0.000950
0.000952
0.000954
0.000982
0.000970
0.000976
0.000952
0.000949
0.000950
0.000950
0.000952
0.000950
0.000966
0.000967
0.000972
0.000970
0.000962
0.000950
0.000950
0.000986
0.000965
0.000952
0.000952
0.000987
0.000991
0.000979
0.000951
0.000982
0.000969
0.000951
0.000982
0.000972
0.000979
0.000951
0.000951
0.000980
0.000973
0.000950
0.000951
0.000956
0.000953
0.000980
0.000973
0.000956
0.000970
0.000970
0.000964
0.000955
0.000952
0.000953
0.000953
0.000952
0.000964
0.000951
0.000950
0.000972
0.000980
0.000951
0.000953
0.000953
0.000953
0.000950
0.000950
0.000950
0.000952
0.000952
0.000980
0.000974
0.000953
0.000951
0.000951
0.000951
0.000953
0.000954
0.000953
0.000952
0.000953
0.000986
0.000971
0.000952
0.000953
0.000955
0.000952
0.000952
0.000954
0.000955
0.000970
0.000971
0.000967
0.000954
0.000952
0.000953
0.000951
0.000954
0.000952
0.000954
0.000951
0.000972
0.000981
0.000950
0.000951
0.000950
0.000953
0.000950
0.000949
0.000949
0.000954
0.000950
0.000975
0.000973
0.000973
0.000967
0.000968
0.000962
0.000953
0.000950
0.000952
0.000952
0.000988
0.000968
0.000950
0.000968
0.000968
0.001000
0.000968
0.000952
0.000952
0.000987
0.000970
0.000980
0.000952
0.000954
0.000951
0.000950
0.000953
0.000957
0.000953
0.000954
0.000981
0.000976
0.000976
0.000953
0.000954
0.000954
0.000950
0.000950
0.000949
0.000950
0.000969
0.000968
0.000966
0.000950
0.000952
0.000950
0.000950
0.000950
0.000953
0.000950
0.000972
0.000967
0.000970
0.000962
0.000951
0.000953
0.000955
0.000953
0.000952
0.000950
0.000954
0.000978
0.000969
0.000979
0.000951
0.000951
0.000950
0.000950
0.000951
0.000954
0.000952
0.000953
0.000984
0.000975
0.000975
0.000951
0.000952
0.000978
0.000975
0.000950
0.000952
0.000976
0.000971
0.000972
0.000967
0.000954
0.000953
0.000952
0.000952
0.000953
0.000954
0.000952
0.000977
0.000968
0.000980
0.000950
0.000949
0.000951
0.000953
0.000950
0.000950
0.000952
0.000955
0.000982
0.000968
0.000972
0.000952
0.000952
0.000950
0.000950
0.000952
0.000950
0.000951
0.000968
0.000968
0.000970
0.000965
0.000950
0.000951
0.000982
0.000968
0.000950
0.000950
0.000981
0.000993
0.000977
0.000949
0.000977
0.000973
0.000952
0.000952
0.000979
0.000979
0.000954
0.000951
0.000981
