0.000975
0.000196
0.000141
0.000132
0.000131
0.000132
0.000129
0.000130
0.000131
0.000147
0.000134
0.000129
0.000128
0.000131
0.000131
0.000130
0.000134
0.000128
0.000132
0.000131
0.000128
0.000124
0.000130
0.000132
0.000129
0.000131
0.000131
0.000134
0.000130
0.000133
0.000128
0.000156
0.000135
0.000133
0.000135
0.000136
0.000132
0.000129
0.000130
0.000141
0.000132
0.000128
0.000129
0.000130
0.000131
0.000134
0.000128
0.000130
0.000133
0.000132
0.000124
0.000129
0.000127
0.000126
0.000132
0.000129
0.000129
0.000129
0.000129
0.000129
0.000128
0.000148
0.000132
0.000135
0.000134
0.000129
0.000131
0.000128
0.000131
0.000130
0.000141
0.000129
0.000134
0.000129
0.000130
0.000129
0.000132
0.000129
0.000127
0.000125
0.000125
0.000130
0.000129
0.000130
0.000128
0.000130
0.000131
0.000128
0.000130
0.000129
0.000128
0.000132
0.000142
0.000129
0.000134
0.000134
0.000131
0.000130
0.000128
0.000128
0.000140
0.000131
0.000129
0.000128
0.000128
0.000129
0.000127
0.000128
0.000133
0.000131
0.000130
0.000130
0.000128
0.000124
0.000125
0.000125
0.000128
0.000126
0.000127
0.000128
0.000129
0.000127
0.000151
0.000130
0.000126
0.000133
0.000133
0.000133
0.000132
0.000137
0.000131
0.000139
0.000130
0.000132
0.000131
0.000128
0.000130
0.000128
0.000128
0.000128
0.000128
0.000132
0.000127
0.000131
0.000126
0.000126
0.000128
0.000133
0.000131
0.000130
0.000127
0.000130
0.000126
0.000153
0.000130
0.000130
0.000131
0.000130
0.000128
0.000128
0.000128
0.000132
0.000140
0.000132
0.000131
0.000131
0.000126
0.000126
0.000129
0.000127
0.000132
0.000130
0.000127
0.000130
0.000130
0.000127
0.000127
0.000129
0.000131
0.000124
0.000127
0.000128
0.000127
0.000150
0.000130
0.000133
0.000134
0.000130
0.000129
0.000125
0.000131
0.000130
0.000144
0.000129
0.000130
0.000128
0.000129
0.000126
0.000127
0.000137
0.000125
0.000131
0.000130
0.000133
0.000129
0.000130
0.000129
0.000127
0.000125
0.000127
0.000128
0.000128
0.000128
0.000129
0.000148
0.000130
0.000126
0.000128
0.000134
0.000132
0.000132
0.000133
0.000137
0.000141
0.000129
0.000128
0.000126
0.000133
0.000129
0.000131
0.000129
0.000125
0.000133
0.000128
0.000126
0.000125
0.000130
0.000132
0.000131
0.000129
0.000130
0.000129
0.000127
0.000127
0.000150
0.000127
0.000134
0.000132
0.000126
0.000129
0.000130
0.000132
0.000134
0.000142
0.000127
0.000130
0.000128
0.000131
0.000131
0.000127
0.000129
0.000131
0.000131
0.000127
0.000128
0.000132
0.000132
0.000129
0.000128
0.000126
0.000123
0.000131
0.000130
0.000125
0.000130
0.000148
0.000133
0.000128
0.000129
0.000130
0.000129
0.000133
0.000131
0.000132
0.000139
0.000131
0.000128
0.000132
0.000125
0.000128
0.000132
0.000129
0.000128
0.000131
0.000124
0.000132
0.000129
0.000132
0.000128
0.000129
0.000133
0.000128
0.000130
0.000126
0.000130
0.000165
0.000125
0.000131
0.000128
0.000128
0.000130
0.000129
0.000131
0.000129
0.000139
0.000128
0.000130
0.000125
0.000124
0.000125
0.000125
0.000125
0.000128
0.000128
0.000126
0.000129
0.000126
0.000125
0.000126
0.000127
0.000127
0.000126
0.000130
0.000128
0.000124
0.000126
0.000148
0.000134
0.000132
0.000132
0.000131
0.000130
0.000128
0.000134
0.000129
0.000139
0.000129
0.000125
0.000126
0.000128
0.000126
0.000130
0.000124
0.000129
0.000130
0.000129
0.000129
0.000125
0.000128
0.000127
0.000127
0.000125
0.000131
0.000127
0.000130
0.000126
0.000127
0.000150
0.000132
0.000129
0.000127
0.000126
0.000125
0.000128
0.000128
0.000130
0.000137
0.000126
0.000126
0.000126
0.000123
0.000124
0.000122
0.000128
0.000127
0.000127
0.000129
0.000126
0.000124
0.000130
0.000125
0.000124
0.000126
0.000127
0.000128
0.000126
0.000125
0.000128
0.000156
0.000129
0.000125
0.000130
0.000126
0.000129
0.000131
0.000127
0.000128
0.000137
0.000127
0.000125
0.000126
0.000127
0.000128
0.000125
0.000126
0.000124
0.000127
0.000122
0.000124
0.000126
0.000127
0.000125
0.000123
0.000128
0.000125
0.000127
0.000128
0.000125
0.000125
0.000123
0.000146
0.000130
0.000131
0.000127
0.000126
0.000125
0.000143
0.000127
0.000139
0.000125
0.000128
0.000124
0.000126
0.000126
0.000126
0.000126
0.000126
0.000129
0.000128
0.000126
0.000121
0.000127
0.000125
0.000124
0.000127
0.000126
0.000128
0.000131
0.000125
0.000131
0.000127
0.000145
0.000126
0.000126
0.000131
0.000128
0.000129
0.000128
0.000126
0.000124
0.000137
0.000127
0.000129
0.000128
0.000126
0.000123
0.000127
0.000129
0.000124
0.000125
0.000126
0.000123
0.000128
0.000131
0.000130
0.000128
0.000127
0.000126
0.000125
0.000123
0.000127
0.000124
0.000148
0.000127
0.000129
0.000130
0.000129
0.000129
0.000124
0.000128
0.000127
0.000136
0.000127
0.000130
0.000127
0.000130
0.000127
0.000123
0.000126
0.000125
0.000124
0.000124
0.000126
0.000123
0.000126
0.000127
0.000124
0.000126
0.000127
0.000126
0.000129
0.000132
0.000126
0.000149
0.000128
0.000128
0.000126
0.000128
0.000126
0.000131
0.000128
0.000127
0.000140
0.000127
0.000125
0.000126
0.000127
0.000123
0.000128
0.000123
0.000126
0.000125
0.000129
0.000128
0.000128
0.000125
0.000125
0.000125
0.000126
0.000127
0.000122
0.000123
0.000126
0.000124
0.000134
0.000128
0.000129
0.000126
0.000127
0.000124
0.000125
0.000127
0.000127
0.000125
0.000130
0.000126
0.000128
0.000126
0.000126
0.000125
0.000128
0.000129
0.000124
0.000125
0.000123
0.000125
0.000127
0.000124
0.000127
0.000129
0.000127
0.000128
0.000125
0.000128
0.000126
0.000127
0.000130
0.000129
0.000126
0.000139
0.000122
0.000122
0.000125
0.000128
0.000145
0.000136
0.000124
0.000130
0.000127
0.000125
0.000126
0.000127
0.000127
0.000125
0.000128
0.000127
0.000127
0.000125
0.000128
0.000126
0.000125
0.000126
0.000125
0.000124
0.000129
0.000127
0.000127
0.000129
0.000125
0.000124
0.000125
0.000125
0.000125
0.000127
0.000124
0.000125
0.000127
0.000125
0.000128
0.000127
0.000127
0.000126
0.000127
0.000125
0.000123
0.000123
0.000127
0.000130
0.000126
0.000125
0.000123
0.000127
0.000124
0.000126
0.000129
0.000127
0.000124
0.000124
0.000129
0.000130
0.000126
0.000129
0.000129
0.000128
0.000126
0.000122
0.000123
0.000128
0.000125
0.000127
0.000126
0.000127
0.000125
0.000125
0.000125
0.000129
0.000127
0.000129
0.000127
0.000126
0.000125
0.000128
0.000129
0.000129
0.000124
0.000124
0.000125
0.000123
0.000127
0.000124
0.000147
0.000130
0.000125
0.000139
0.000132
0.000127
0.000131
0.000126
0.000133
0.000122
0.000122
0.000124
0.000124
0.000125
0.000125
0.000127
0.000128
0.000129
0.000128
0.000126
0.000127
0.000129
0.000128
0.000126
0.000128
0.000126
0.000125
0.000125
0.000127
0.000127
0.000128
0.000128
0.000140
0.000128
0.000125
0.000126
0.000126
0.000128
0.000129
0.000126
0.000137
0.000123
0.000123
0.000123
0.000122
0.000126
0.000124
0.000127
0.000127
0.000125
0.000125
0.000125
0.000130
0.000128
0.000126
0.000124
0.000125
0.000124
0.000124
0.000124
0.000125
0.000122
0.000124
0.000129
0.000127
0.000127
0.000122
0.000123
0.000125
0.000123
0.000125
0.000122
0.000126
0.000125
0.000126
0.000125
0.000124
0.000123
0.000128
0.000124
0.000123
0.000127
0.000123
0.000125
0.000128
0.000123
0.000126
0.000126
0.000126
0.000126
0.000124
0.000127
0.000125
0.000123
0.000125
0.000129
0.000123
0.000124
0.000124
0.000124
0.000126
0.000127
0.000124
0.000128
0.000127
0.000126
0.000125
0.000125
0.000127
0.000125
0.000126
0.000124
0.000124
0.000126
0.000123
0.000127
0.000127
0.000124
0.000125
0.000126
0.000127
0.000126
0.000124
0.000123
0.000124
0.000124
0.000127
0.000126
0.000128
0.000128
0.000125
0.000125
0.000125
0.000121
0.000124
0.000125
0.000125
0.000127
0.000121
0.000125
0.000125
0.000126
0.000126
0.000130
0.000125
0.000126
0.000122
0.000123
0.000119
0.000122
0.000125
0.000126
0.000126
0.000126
0.000124
0.000126
0.000128
0.000127
0.000148
0.000123
0.000136
0.000126
0.000124
0.000125
0.000126
0.000128
0.000125
0.000126
0.000125
0.000125
0.000123
0.000125
0.000126
0.000125
0.000123
0.000128
0.000128
0.000126
0.000126
0.000126
0.000129
0.000125
0.000123
0.000127
0.000122
0.000124
0.000126
0.000124
0.000125
0.000125
0.000130
0.000128
0.000124
0.000126
0.000122
0.000125
0.000123
0.000126
0.000124
0.000125
0.000126
0.000127
0.000125
0.000126
0.000124
0.000128
0.000127
0.000127
0.000128
0.000126
0.000125
0.000125
0.000124
0.000128
0.000126
0.000128
0.000128
0.000126
0.000125
0.000126
0.000127
0.000146
0.000145
0.000103
0.000090
0.000085
0.000083
0.000083
0.000083
0.000083
0.000083
0.000082
0.000083
0.000084
0.000084
0.000083
0.000091
0.000083
0.000084
0.000082
0.000082
0.000082
0.000083
0.000083
0.000081
0.000084
0.000084
0.000082
0.000082
0.000084
0.000081
0.000082
0.000084
0.000093
0.000082
0.000081
0.000082
0.000081
0.000081
0.000081
0.000081
0.000082
0.000081
0.000082
0.000080
0.000082
0.000081
0.000081
0.000103
0.000083
0.000082
0.000082
0.000084
0.000083
0.000082
0.000083
0.000083
0.000083
0.000083
0.000083
0.000083
0.000082
0.000098
0.000082
0.000081
0.000082
0.000081
0.000080
0.000082
0.000081
0.000083
0.000081
0.000081
0.000083
0.000081
0.000082
0.000081
0.000081
0.000083
0.000080
0.000082
0.000080
0.000081
0.000081
0.000081
0.000081
0.000082
0.000081
0.000082
0.000081
0.000081
0.000083
0.000082
0.000081
0.000082
0.000081
0.000113
0.000082
0.000083
0.000084
0.000083
0.000082
0.000082
0.000083
0.000082
0.000084
0.000083
0.000082
0.000082
0.000083
0.000100
0.000081
0.000080
0.000081
0.000081
0.000081
0.000082
0.000081
0.000082
0.000081
0.000081
0.000080
0.000082
0.000083
0.000081
0.000081
0.000080
0.000081
0.000097
0.000084
0.000082
0.000083
0.000082
0.000083
0.000083
0.000083
0.000082
0.000081
0.000082
0.000082
0.000083
0.000083
0.000083
0.000084
0.000102
0.000084
0.000082
0.000083
0.000084
0.000082
0.000082
0.000082
0.000084
0.000084
0.000082
0.000083
0.000083
0.000093
0.000091
0.000081
0.000082
0.000080
0.000082
0.000082
0.000081
0.000081
0.000082
0.000082
0.000081
0.000081
0.000080
0.000081
0.000081
0.000081
0.000081
0.000082
0.000082
0.000080
0.000081
0.000081
0.000081
0.000081
0.000084
0.000081
0.000081
0.000081
0.000081
0.000081
0.000082
0.000080
0.000082
0.000081
0.000101
0.000084
0.000083
0.000082
0.000083
0.000083
0.000084
0.000083
0.000083
0.000083
0.000083
0.000084
0.000083
0.000082
0.000095
0.000081
0.000080
0.000084
0.000081
0.000081
0.000082
0.000080
0.000081
0.000082
0.000081
0.000080
0.000081
0.000081
0.000082
0.000081
0.000081
0.000082
0.000081
0.000082
0.000081
0.000082
0.000082
0.000082
0.000081
0.000082
0.000082
0.000082
0.000081
0.000082
0.000082
0.000081
0.000082
0.000081
0.000113
0.000083
0.000083
0.000082
0.000082
0.000082
0.000083
0.000083
0.000083
0.000082
0.000082
0.000083
0.000083
0.000083
0.000093
0.000084
0.000082
0.000083
0.000081
0.000083
0.000082
0.000082
0.000083
0.000082
0.000083
0.000082
0.000084
0.000082
0.000081
0.000092
0.000082
0.000084
0.000081
0.000082
0.000081
0.000081
0.000080
0.000081
0.000081
0.000081
0.000082
0.000082
0.000082
0.000080
0.000081
0.000081
0.000081
0.000082
0.000101
0.000082
0.000082
0.000082
0.000082
0.000082
0.000083
0.000082
0.000082
0.000082
0.000082
0.000083
0.000082
0.000082
0.000093
0.000082
0.000083
0.000081
0.000082
0.000081
0.000081
0.000081
0.000081
0.000081
0.000082
0.000082
0.000082
0.000080
0.000080
0.000082
0.000081
0.000081
0.000081
0.000081
0.000082
0.000082
0.000081
0.000080
0.000082
0.000081
0.000081
0.000081
0.000081
0.000082
0.000082
0.000081
0.000082
0.000082
0.000084
0.000097
0.000082
0.000083
0.000082
0.000082
0.000081
0.000082
0.000082
0.000081
0.000082
0.000082
0.000082
0.000083
0.000082
0.000092
0.000082
0.000082
0.000081
0.000082
0.000082
0.000082
0.000081
0.000080
0.000080
0.000081
0.000081
0.000082
0.000097
0.000083
0.000084
0.000082
0.000082
0.000084
0.000082
0.000084
0.000084
0.000082
0.000084
0.000083
0.000083
0.000083
0.000084
0.000083
0.000083
0.000083
0.000085
0.000083
0.000101
0.000083
0.000084
0.000093
0.000083
0.000082
0.000084
0.000081
0.000084
0.000093
0.000081
0.000082
0.000081
0.000080
0.000081
0.000081
0.000081
0.000082
0.000083
0.000081
0.000081
0.000082
0.000080
0.000081
0.000081
0.000081
0.000082
0.000081
0.000081
0.000082
0.000081
0.000081
0.000081
0.000080
0.000081
0.000082
0.000081
0.000082
0.000081
0.000081
0.000081
0.000080
0.000082
0.000080
0.000082
0.000081
0.000080
0.000080
0.000083
0.000082
0.000081
0.000082
0.000081
0.000082
0.000081
0.000082
0.000081
0.000080
0.000081
0.000081
0.000082
0.000081
0.000081
0.000082
0.000081
0.000082
0.000081
0.000081
0.000082
0.000082
0.000081
0.000081
0.000081
0.000082
0.000082
0.000081
0.000081
0.000081
0.000082
0.000082
0.000082
0.000082
0.000081
0.000081
0.000082
0.000081
0.000080
0.000082
0.000081
0.000083
0.000083
0.000081
0.000081
0.000080
0.000081
0.000081
0.000080
0.000086
0.000082
0.000082
0.000081
0.000082
0.000081
0.000082
0.000081
0.000099
0.000083
0.000083
0.000082
0.000084
0.000083
0.000109
0.000083
0.000082
0.000082
0.000082
0.000082
0.000082
0.000081
0.000082
0.000083
0.000083
0.000082
0.000082
0.000082
0.000083
0.000082
0.000083
0.000083
0.000081
0.000083
0.000083
0.000082
0.000083
0.000091
0.000081
0.000081
0.000081
0.000082
0.000081
0.000081
0.000082
0.000081
0.000082
0.000081
0.000083
0.000080
0.000081
0.000081
0.000082
0.000082
0.000080
0.000080
0.000081
0.000082
0.000081
0.000081
0.000082
0.000082
0.000082
0.000080
0.000083
0.000083
0.000080
0.000081
0.000082
0.000082
0.000081
0.000081
0.000082
0.000081
0.000082
0.000082
0.000081
0.000081
0.000080
0.000082
0.000081
0.000082
0.000081
0.000081
0.000081
0.000082
0.000081
0.000082
0.000082
0.000081
0.000081
0.000082
0.000081
0.000081
0.000081
0.000080
0.000081
0.000107
0.000083
0.000083
0.000082
0.000083
0.000082
0.000084
0.000081
0.000082
0.000082
0.000081
0.000082
0.000082
0.000081
0.000093
0.000082
0.000082
0.000082
0.000081
0.000082
0.000082
0.000081
0.000081
0.000082
0.000080
0.000081
0.000081
0.000081
0.000081
0.000082
0.000081
0.000082
0.000080
0.000081
0.000082
0.000081
0.000099
0.000084
0.000082
0.000083
0.000083
0.000082
0.000082
0.000082
0.000083
0.000083
0.000084
0.000082
0.000099
0.000084
0.000083
0.000092
0.000082
0.000094
0.000081
0.000081
0.000080
0.000082
0.000081
0.000081
0.000082
0.000081
0.000082
0.000081
0.000081
0.000081
0.000081
0.000081
0.000081
0.000082
0.000081
0.000081
0.000082
0.000083
0.000081
0.000083
0.000081
0.000083
0.000081
0.000082
0.000082
0.000082
0.000081
0.000081
0.000081
0.000082
0.000082
0.000081
0.000082
0.000080
0.000081
0.000081
0.000082
0.000080
0.000081
0.000081
0.000084
0.000081
0.000081
0.000081
0.000082
0.000081
0.000081
0.000081
0.000082
0.000082
0.000081
0.000082
0.000083
0.000081
0.000081
0.000082
0.000082
0.000081
0.000081
0.000081
0.000082
0.000081
0.000080
0.000081
0.000081
0.000082
0.000081
0.000083
0.000081
0.000081
0.000081
0.000082
0.000081
0.000081
0.000081
0.000082
0.000080
0.000081
0.000081
0.000082
0.000081
0.000082
0.000081
0.000083
0.000082
0.000081
0.000080
0.000082
0.000081
0.000084
0.000082
0.000081
0.000099
0.000083
0.000083
0.000084
0.000083
0.000083
0.000082
0.000082
0.000083
0.000097
0.000082
0.000091
0.000084
0.000084
0.000083
0.000083
0.000083
0.000082
0.000082
0.000084
0.000083
0.000083
0.000083
0.000083
0.000084
0.000083
0.000083
0.000083
0.000093
0.000083
0.000082
0.000082
0.000080
0.000082
0.000082
0.000082
0.000081
0.000082
0.000081
0.000082
0.000083
0.000081
0.000082
0.000081
0.000085
0.000081
0.000082
0.000081
0.000081
0.000081
0.000081
0.000081
0.000082
0.000080
0.000081
0.000080
0.000081
0.000082
0.000081
0.000081
0.000081
0.000081
0.000081
0.000081
0.000081
0.000083
0.000082
0.000082
0.000081
0.000082
0.000081
0.000082
0.000083
0.000080
0.000082
0.000082
0.000081
0.000082
0.000080
0.000082
0.000081
0.000081
0.000082
0.000080
0.000081
0.000081
0.000081
0.000081
0.000082
0.000080
0.000081
0.000081
0.000081
0.000084
0.000081
0.000082
0.000081
0.000081
0.000080
0.000081
0.000082
0.000081
0.000081
0.000082
0.000081
0.000081
0.000081
0.000081
0.000082
0.000082
0.000082
0.000083
0.000082
0.000080
0.000081
0.000081
0.000082
0.000082
0.000081
0.000081
0.000082
0.000082
0.000082
0.000082
0.000099
0.000083
0.000084
0.000083
0.000083
0.000083
0.000083
0.000082
0.000083
0.000082
0.000083
0.000081
0.000083
0.000084
0.000082
0.000083
0.000083
0.000083
0.000099
0.000084
0.000084
0.000083
0.000095
0.000083
0.000082
0.000083
0.000083
0.000083
0.000082
0.000091
0.000081
0.000082
0.000081
0.000082
0.000081
0.000081
0.000083
0.000082
0.000082
0.000082
0.000082
0.000081
0.000081
0.000082
0.000080
0.000083
0.000081
0.000082
0.000081
0.000080
0.000082
0.000081
0.000081
0.000082
0.000082
0.000082
0.000081
0.000082
0.000081
0.000082
0.000081
0.000082
0.000081
0.000081
0.000082
0.000082
0.000084
0.000082
0.000082
0.000081
0.000082
0.000082
0.000082
0.000082
0.000082
0.000082
0.000081
0.000082
0.000081
0.000081
0.000082
0.000082
0.000081
0.000082
0.000081
0.000082
0.000082
0.000082
0.000081
0.000080
0.000082
0.000081
0.000081
0.000081
0.000081
0.000083
0.000082
0.000083
0.000081
0.000082
0.000082
0.000082
0.000081
0.000081
0.000081
0.000081
0.000082
0.000082
0.000082
0.000082
0.000083
0.000081
0.000081
0.000081
0.000081
0.000084
0.000082
0.000109
0.000082
0.000083
0.000082
0.000082
0.000082
0.000082
0.000081
0.000099
0.000082
0.000084
0.000082
0.000083
0.000082
0.000093
0.000083
0.000083
0.000085
0.000084
0.000081
0.000083
0.000082
0.000083
0.000084
0.000083
0.000083
0.000083
0.000083
0.000083
0.000083
0.000083
0.000083
0.000084
0.000085
0.000083
0.000084
0.000093
0.000082
0.000083
0.000081
0.000080
0.000082
0.000082
0.000082
0.000081
0.000100
0.000082
0.000082
0.000083
0.000082
0.000081
0.000082
0.000082
0.000080
0.000082
0.000081
0.000081
0.000082
0.000081
0.000092
0.000082
0.000079
0.000080
0.000081
0.000081
0.000081
0.000081
0.000081
0.000081
0.000081
0.000082
0.000081
0.000081
0.000081
0.000081
0.000081
0.000083
0.000082
0.000081
0.000081
0.000081
0.000082
0.000081
0.000082
0.000081
0.000082
0.000081
0.000080
0.000081
0.000081
0.000081
0.000082
0.000081
0.000085
0.000082
0.000082
0.000081
0.000082
0.000081
0.000080
0.000082
0.000080
0.000080
0.000080
0.000080
0.000081
0.000080
0.000080
0.000079
0.000080
0.000080
0.000080
0.000080
0.000081
0.000081
0.000080
0.000081
0.000081
0.000081
0.000081
0.000099
0.000083
0.000082
0.000082
0.000083
0.000081
0.000081
0.000082
0.000082
0.000081
0.000081
0.000081
0.000082
