0.038784
0.025172
0.024532
0.024742
0.025094
0.024566
0.025534
0.025087
0.025223
0.024933
0.025216
0.025507
0.025662
0.024925
0.024567
0.025097
0.025695
0.025277
0.024730
0.023907
0.024446
0.024244
0.024419
0.025195
0.024589
0.024579
0.025018
0.024932
0.025456
0.025560
0.025237
0.024863
0.024643
0.024878
0.024316
0.024090
0.024201
0.024518
0.024610
0.024760
0.038503
0.024484
0.023712
0.024049
0.024500
0.025017
0.025361
0.024591
0.022169
0.022654
0.021969
0.022636
0.022621
0.021887
0.022596
0.023451
0.023304
0.022170
0.022920
0.023395
0.023503
0.023738
0.022698
0.022735
0.023010
0.022855
0.023080
0.022299
0.023521
0.025252
0.023925
0.023970
0.024218
0.024443
0.024119
0.024783
0.024279
0.024321
0.024314
0.024374
0.024584
0.046132
0.025856
0.024858
0.023717
0.023046
0.022585
0.022981
0.022939
0.021699
0.021856
0.021914
0.021454
0.021327
0.021306
0.021595
0.021357
0.021333
0.020847
0.021307
0.021652
0.021489
0.021958
0.022009
0.022535
0.023144
0.022909
0.023311
0.023336
0.022056
0.022269
0.022628
0.023173
0.021929
0.021501
0.021897
0.023114
0.022046
0.022296
0.020858
0.021386
0.021750
0.022517
0.026705
0.022245
0.021654
0.021749
0.020694
0.021040
0.020715
0.021748
0.021507
0.021378
0.021330
0.021672
0.022124
0.021886
0.021930
0.021076
0.021424
0.021280
0.021186
0.020428
0.023251
0.022235
0.022181
0.022852
0.022761
0.021869
0.023011
0.022527
0.022527
0.022286
0.022545
0.022639
0.022080
0.022118
0.022117
0.020901
0.021826
0.021978
0.021692
0.022114
0.022268
0.022466
0.022111
0.022217
0.022088
0.022173
0.022100
0.021387
0.021789
0.021899
0.021894
0.035770
0.021572
0.022452
0.022485
0.022171
0.022645
0.022139
0.021831
0.021723
0.022011
0.021747
0.021420
0.024419
0.021738
0.021098
0.020476
0.019838
0.020669
0.021147
0.021307
0.020508
0.020928
0.020863
0.021182
0.021382
0.021228
0.020390
0.020221
0.020421
0.020302
0.020945
0.020562
0.021641
0.022268
0.022113
0.022254
0.022049
0.022090
0.021714
0.021637
0.021760
0.021867
0.020657
0.021828
0.021590
0.021365
0.020918
0.020980
0.020524
0.022003
0.036414
0.025966
0.025556
0.025254
0.023551
0.021914
0.022730
0.022339
0.022325
0.022586
0.022945
0.022421
0.022485
0.023802
0.023906
0.022272
0.021742
0.021758
0.021663
0.021842
0.021816
0.021169
0.021762
0.021123
0.021874
0.022358
0.022258
0.022259
0.022266
0.022157
0.022889
0.023315
0.023516
0.023483
0.023372
0.023467
0.022784
0.022908
0.023064
0.023026
0.022289
0.021563
0.022544
0.022650
0.023392
0.022894
0.022659
0.022380
0.022477
0.022868
0.023205
0.021945
0.021793
0.021705
0.021172
0.021444
0.022006
0.022355
0.023222
0.022731
0.023409
0.023087
0.022901
0.022976
0.022960
0.022352
0.022269
0.022495
0.022445
0.022631
0.022327
0.021848
0.022927
0.023273
0.023164
0.022460
0.022503
0.022978
0.022857
0.022648
0.022704
0.022333
0.022607
0.021874
0.022049
0.022633
0.023243
0.023958
0.023960
0.023247
0.023852
0.024070
0.023672
0.024103
0.023882
0.023650
0.023753
0.023698
0.024356
0.022195
0.023146
0.023762
0.023711
0.023291
0.023653
0.022679
0.023371
0.023708
0.024650
0.024479
0.025267
0.025055
0.024868
0.024522
0.023887
0.024729
0.023813
0.024310
0.023202
0.023579
0.023708
0.024240
0.021316
0.023233
0.020986
0.023053
0.023194
0.024035
0.022318
0.022705
0.022493
0.022503
0.022223
0.024515
0.023609
0.023550
0.022837
0.022703
0.023464
0.023277
0.022328
0.021533
0.021243
0.022111
0.022097
0.021860
0.021570
0.021994
0.022117
0.021729
0.021737
0.021655
0.021667
0.021812
0.021584
0.021761
0.021667
0.022070
0.022460
0.022518
0.021665
0.022054
0.021659
0.022661
0.022139
0.023627
0.024105
0.023549
0.023826
0.023669
0.023464
0.022698
0.022741
0.022969
0.022355
0.023320
0.025252
0.028132
0.027562
0.028188
0.026550
0.026621
0.026392
0.027019
0.026020
0.026325
0.025876
0.027047
0.026332
0.025802
0.026380
0.026287
0.026481
0.026761
0.026567
0.026631
0.027384
0.027193
0.026424
0.026442
0.025919
0.024723
0.024213
0.024160
0.023955
0.024296
0.024266
0.023978
0.024420
0.024082
0.022793
0.022933
0.023024
0.023417
0.023610
0.023517
0.023151
0.023929
0.024158
0.023709
0.024553
0.024100
0.026446
0.023929
0.024238
0.024702
0.024508
0.024578
0.024917
0.025160
0.024719
0.024759
0.024487
0.024666
0.024395
0.024316
0.024181
0.024415
0.024300
0.024507
0.024281
0.024770
0.024914
0.024827
0.024941
0.024840
0.024640
0.024649
0.024651
0.024811
0.025186
0.024417
0.024204
0.024539
0.024261
0.024845
0.024500
0.025070
0.024884
0.024590
0.024394
0.024422
0.024423
0.024493
0.024334
0.024194
0.024397
0.024303
0.023906
0.024273
0.021568
0.021652
0.021919
0.020848
0.021077
0.020707
0.020479
0.020607
0.021120
0.020533
0.020514
0.020829
0.020417
0.020502
0.021466
0.020701
0.021076
0.020861
0.020963
0.020755
0.021289
0.021094
0.020809
0.020921
0.020927
0.020556
0.021527
0.021727
0.021506
0.021892
0.021733
0.022608
0.022309
0.021766
0.022827
0.022647
0.022594
0.022637
0.022951
0.023112
0.022587
0.022877
0.022456
0.022953
0.022487
0.022700
0.023506
0.022906
0.022963
0.022995
0.022340
0.022792
0.021921
0.023593
0.022910
0.023065
0.022706
0.023513
0.023160
0.022555
0.023182
0.023628
0.022766
0.022516
0.022077
0.023485
0.022958
0.023154
0.022602
0.022594
0.022741
0.022942
0.022141
0.022563
0.022401
0.022422
0.031693
0.024203
0.022714
0.022673
0.021765
0.022434
0.022989
0.021518
0.021331
0.021343
0.021374
0.021516
0.021420
0.021867
0.022473
0.022159
0.022680
0.022838
0.022279
0.022495
0.022511
0.022659
0.022702
0.022109
0.022288
0.022047
0.022781
0.022585
0.022132
0.022346
0.022381
0.022458
0.022654
0.021917
0.022180
0.021957
0.022585
0.022466
0.021826
0.022126
0.023640
0.023663
0.023736
0.023525
0.022859
0.023011
0.023271
0.024437
0.024644
0.024824
0.023387
0.023765
0.025723
0.024337
0.023265
0.023286
0.023641
0.024066
0.025365
0.025978
0.025474
0.026037
0.024734
0.025813
0.025341
0.024875
0.024972
0.024686
0.025231
0.025769
0.025785
0.025265
0.024836
0.025103
0.025555
0.025369
0.024679
0.024507
0.024639
0.024246
0.024245
0.023936
0.024120
0.025272
0.025880
0.025438
0.024922
0.024336
0.023154
0.021562
0.021472
0.021431
0.021750
0.021257
0.021547
0.021421
0.021048
0.021395
0.021304
0.021105
0.021816
0.021316
0.022253
0.022079
0.021611
0.021948
0.022311
0.022367
0.021737
0.021947
0.021615
0.021773
0.021285
0.021735
0.021677
0.021522
0.021644
0.021492
0.022219
0.024882
0.025728
0.025799
0.025343
0.025125
0.024238
0.023909
0.024381
0.025046
0.024315
0.024280
0.024619
0.023899
0.024035
0.024131
0.023387
0.024111
0.024042
0.023416
0.023856
0.023372
0.023580
0.023280
0.022359
0.022232
0.022271
0.022273
0.022833
0.022621
0.022397
0.022503
0.022655
0.022284
0.022416
0.022826
0.023084
0.022747
0.022949
0.024072
0.024030
0.023652
0.023865
0.023279
0.022800
0.022827
0.022857
0.022485
0.023275
0.023661
0.023141
0.023373
0.022807
0.022868
0.022991
0.022792
0.022871
0.022983
0.022874
0.023457
0.022052
0.023321
0.022394
0.022227
0.023364
0.024421
0.024505
0.024216
0.023324
0.024312
0.023269
0.023884
0.023104
0.024315
0.023548
0.024715
0.023753
0.023378
0.023352
0.022520
0.022169
0.022322
0.021805
0.021987
0.021587
0.022202
0.023003
0.022367
0.021776
0.022086
0.021870
0.022755
0.022841
0.022671
0.022820
0.022948
0.022589
0.021740
0.021736
0.022472
0.021771
0.022400
0.021761
0.022478
0.022834
0.026010
0.022225
0.022546
0.024013
0.022919
0.022410
0.023429
0.024385
0.024954
0.023821
0.021467
0.023843
0.023109
0.023654
0.024752
0.023319
0.023730
0.024585
0.024886
0.025139
0.025077
0.024723
0.024240
0.023942
0.023296
0.024168
0.024403
0.024729
0.024363
0.023487
0.023835
0.023920
0.024121
0.024172
0.024171
0.022750
0.022595
0.024006
0.023382
0.024642
0.023714
0.023260
0.023529
0.022854
0.022971
0.023000
0.023020
0.023818
0.025180
0.023491
0.023274
0.024871
0.025494
0.025704
0.026004
0.024446
0.023491
0.023958
0.024137
0.023714
0.023454
0.022949
0.023303
0.023408
0.023429
0.023475
0.023405
0.023682
0.024379
0.023928
0.023364
0.023814
0.023931
0.023062
0.024353
0.023656
0.023492
0.023755
0.023460
0.022663
0.021632
0.023972
0.024456
0.024688
0.024248
0.023974
0.024609
0.024083
0.024325
0.023381
0.023525
0.023389
0.023239
0.024334
0.024230
0.024434
0.023762
0.023980
0.023321
0.036815
0.025061
0.024074
0.024601
0.024684
0.025427
0.025813
0.025826
0.024849
0.025439
0.025248
0.025551
0.026431
0.026365
0.025432
0.025644
0.025481
0.024376
0.024862
0.024958
0.025021
0.026664
0.026129
0.026231
0.023895
0.024261
0.024271
0.023608
0.023891
0.023365
0.023762
0.024134
0.024638
0.025183
0.023906
0.025168
0.025416
0.023479
0.023735
0.023869
0.024225
0.023542
0.023325
0.023310
0.022413
0.022772
0.022976
0.023006
0.025478
0.025697
0.024633
0.024721
0.024875
0.023591
0.023358
0.022982
0.024020
0.025759
0.024065
0.024899
0.025237
0.025071
0.025595
0.025568
0.025126
0.029266
0.024646
0.023946
0.021986
0.023142
0.023434
0.023415
0.022559
0.023251
0.022526
0.022971
0.023204
0.023316
0.024133
0.024181
0.023769
0.023922
0.024142
0.023457
0.022532
0.024854
0.024463
0.024213
0.023772
0.024393
0.024736
0.030791
0.024681
0.024511
0.024842
0.025408
0.024945
0.025222
0.024365
0.024754
0.024933
0.023900
0.024072
0.025191
0.022535
0.024373
0.024553
0.024869
0.023232
0.023089
0.024337
0.024577
0.024317
0.024249
0.024184
0.023246
0.023706
0.023333
0.022922
0.023747
0.022873
0.022338
0.023579
0.022758
0.023675
0.023966
0.023788
0.023117
0.022579
0.023442
0.023932
0.024043
0.024114
0.023831
0.022327
0.022571
0.022355
0.022367
0.022359
0.022611
0.022193
0.022692
0.022182
0.022280
0.023028
0.023166
0.022676
0.023216
0.022921
0.023851
0.024130
0.023807
0.023631
0.023643
0.023812
0.023419
0.023477
0.023443
0.023722
0.023857
0.023566
0.023769
0.023591
0.024048
0.023910
0.023586
0.023871
0.023697
0.023588
0.023580
0.023592
0.023380
0.022948
0.023381
0.022712
0.023100
0.023355
0.022383
0.022243
0.022965
0.023151
0.023206
0.024308
0.023772
0.023576
0.023882
0.023836
0.023777
0.022819
0.024139
0.022925
0.022503
0.025051
0.024835
0.025398
0.024673
0.024366
0.024327
0.024524
0.025006
0.024181
0.024454
0.024135
0.024115
0.023845
0.024070
0.023608
0.023447
0.025425
0.025350
0.025106
0.024857
0.026280
0.024903
0.025405
0.024993
0.025903
0.026222
0.024781
0.025285
0.024776
0.025640
0.025385
0.024764
0.025485
0.024922
0.025909
0.025980
0.025759
0.025203
0.025568
0.025572
0.024895
0.026626
0.023176
0.023403
0.023171
0.023319
0.023358
0.023794
0.023503
0.023903
0.023890
0.023802
0.023046
0.023639
0.023220
0.023523
0.023350
0.023678
0.023608
0.023711
0.024126
0.023727
0.023920
0.023737
0.024146
0.023569
0.022973
0.023191
0.023776
0.023675
0.024078
0.023857
0.023702
0.024273
0.023973
0.029148
0.024688
0.024850
0.024691
0.024762
0.026019
0.024883
0.024690
0.025312
0.025177
0.025535
0.024771
0.024627
0.024014
0.024393
0.023847
0.024596
0.024761
0.024098
0.023731
0.024514
0.023757
0.023487
0.023759
0.024071
0.023618
0.024097
0.023337
0.024747
0.025083
0.024616
0.024424
0.024875
0.025335
0.025225
0.024825
0.024894
0.023708
0.024621
0.024490
0.025356
0.025119
0.024113
0.023353
0.024466
0.023787
0.023492
0.023416
0.023647
0.024551
0.023750
0.023927
0.024061
0.024109
0.023682
0.023585
0.024888
0.025575
0.024780
0.024582
0.024334
0.024480
0.024957
0.024664
0.025355
0.023797
0.022528
0.023164
0.022859
0.023289
0.022469
0.023599
0.023357
0.024888
0.024090
0.023843
0.024238
0.024133
0.023814
0.024280
0.024361
0.023979
0.023791
0.023976
0.024276
0.023762
0.023955
0.023931
0.023679
0.023919
0.024100
0.024175
0.024417
0.023835
0.023775
0.023321
0.023995
0.024185
0.024175
0.024150
0.024801
0.023853
0.023467
0.023746
0.026055
0.024059
0.023583
0.023331
0.022957
0.022809
0.023058
0.023824
0.023205
0.023791
0.023596
0.023972
0.023949
0.023666
0.024163
0.022336
0.023629
0.023297
0.023313
0.023603
0.023512
0.023770
0.023664
0.023322
0.027436
0.022808
0.023133
0.022717
0.024168
0.023877
0.023422
0.023620
0.023207
0.022346
0.024365
0.027563
0.023597
0.023907
0.024208
0.024265
0.023497
0.024075
0.023636
0.023343
0.024180
0.024572
0.024825
0.024955
0.023817
0.024792
0.024098
0.024052
0.023545
0.024417
0.023689
0.023372
0.023696
0.024272
0.024216
0.024040
0.023238
0.024657
0.024155
0.024493
0.024604
0.023947
0.023826
0.023318
0.023608
0.023559
0.023313
0.028112
0.024467
0.023652
0.023101
0.023503
0.023483
0.023331
0.023480
0.023035
0.023464
0.023051
0.024043
0.022890
0.022866
0.023364
0.023551
0.023490
0.022725
0.023732
0.023616
0.022329
0.022706
0.022472
0.022480
0.022491
0.023031
0.022441
0.022496
0.022565
0.022300
0.022199
0.022190
0.022483
0.022279
0.023042
0.021930
0.022658
0.022285
0.022069
0.022063
0.022371
0.022218
0.022328
0.022218
0.022260
0.022687
0.022449
0.022750
0.022908
0.022775
0.023108
0.022678
0.034587
0.023032
0.022004
0.021853
0.021644
0.022004
0.022040
0.021675
0.021311
0.021353
0.022345
0.022290
0.022311
0.021947
0.022022
0.021868
0.022247
0.022205
0.022120
0.021978
0.021639
0.022230
0.021897
0.022253
0.022139
0.022219
0.022599
0.022796
0.022712
0.022545
0.022520
0.022349
0.022187
0.022341
0.025497
0.023483
0.022500
0.022381
0.022174
0.021665
0.021953
0.022040
0.021305
0.021321
0.021376
0.021453
0.021841
0.021964
0.022090
0.022167
0.021907
0.021799
0.022380
0.021603
0.022612
0.021700
0.021070
0.021155
0.022749
0.022340
0.023934
0.023872
0.022250
0.022061
0.021460
0.021517
0.021398
0.021155
0.021385
0.021340
0.021069
0.021445
0.020912
0.020798
0.021235
0.021186
0.020841
0.021000
0.021796
0.020697
0.020123
0.020252
0.021135
0.020826
0.021149
0.020711
0.021367
0.021566
0.021791
0.021066
0.021189
0.021548
0.021866
0.021936
0.021631
0.023451
0.022698
0.021971
0.021218
0.022254
0.021984
0.021975
0.022421
0.021993
0.022155
0.022107
0.022496
0.022061
0.021934
0.022054
0.022152
0.022411
0.022129
0.022226
0.021985
0.022367
0.022421
0.022100
0.022315
0.022181
0.021978
0.022002
0.022219
0.022492
0.022256
0.022141
0.022468
0.022275
0.022435
0.022894
0.022534
0.022261
0.022291
0.022718
0.022254
0.022186
0.021562
0.021836
0.021266
0.021385
0.020497
0.021305
0.021386
0.020925
0.020676
0.021611
0.020497
0.021142
0.021371
0.020608
0.020935
0.020886
0.021381
0.021118
0.021329
0.021606
0.021972
0.021328
0.021002
0.021900
0.022333
0.021465
0.021722
0.022271
0.022561
0.022236
0.021821
0.022051
0.021241
0.022157
0.023416
0.022143
0.022100
0.022684
0.022083
0.021252
0.021218
0.021711
0.021939
0.022336
0.021641
0.022192
0.022315
0.021221
0.021377
0.020863
0.021418
0.021429
0.022119
0.021868
0.022189
0.021333
0.021253
0.021855
0.022591
0.021292
0.021555
0.022307
0.021762
0.021247
0.022055
0.021468
0.021333
0.022084
0.021400
0.022141
0.021662
0.022132
0.022090
0.020815
0.022760
0.022028
0.022671
0.022624
0.021284
0.021976
0.022459
0.021263
0.021484
0.020799
0.021572
0.021282
0.020479
0.021365
0.021077
0.021336
0.020547
0.021807
0.021624
0.021250
0.021612
0.021557
0.021757
0.021587
0.021545
0.021842
0.022105
0.026122
0.020995
0.021421
0.021199
0.021524
0.021397
0.021507
0.021237
0.021102
0.021552
0.021554
0.022050
0.021566
0.021961
0.021624
0.021646
0.021687
0.021520
0.021624
0.021339
0.022110
0.022301
0.022100
0.021838
0.021781
0.021538
0.022838
0.022974
0.021789
0.021729
0.021851
0.021615
0.021627
0.021872
0.022084
0.021493
0.021628
0.021525
0.021722
0.021838
0.022184
0.020721
0.021053
0.021263
0.021735
0.021740
0.021941
0.021538
0.022003
0.021324
0.021514
0.021648
0.021197
0.021262
0.021276
0.021355
0.022397
0.021773
0.020971
0.021285
0.022267
0.026726
0.021485
0.021669
0.021517
0.021023
0.021231
0.022242
0.021297
0.021555
0.021335
0.021298
0.023305
0.022084
0.021992
0.022224
0.022175
0.021891
0.021851
0.022517
0.021714
0.022496
0.022567
0.021762
0.022455
0.021836
0.022365
0.022321
0.021592
0.021950
0.021869
0.021391
0.021515
0.022001
0.021462
0.021874
0.022059
0.021467
0.022975
0.022372
0.022554
0.023109
0.023264
0.022484
0.022208
0.022675
0.022057
0.022257
0.021942
0.022066
0.021952
0.022176
0.021754
0.022164
0.022153
0.023246
0.023164
0.023135
0.022739
0.022883
0.022989
0.022905
0.022865
0.022953
0.022842
0.022808
0.023200
0.022399
0.022522
0.023475
0.022296
0.022592
0.023075
0.022814
0.022769
0.022853
0.022494
0.022762
0.022901
0.022723
0.022004
0.021792
0.022371
0.022316
0.022213
0.022589
0.022498
0.022348
0.022566
0.022067
0.022744
0.022485
0.022323
0.022066
0.022113
0.022018
0.022000
0.021968
0.022072
0.022163
0.021405
0.022705
0.024516
0.021738
0.022727
0.022958
0.022394
0.022325
0.022004
0.021996
0.021871
0.023166
0.022740
0.022934
0.023005
0.023064
0.022717
0.022282
0.023349
0.023501
0.023229
0.022836
0.023447
0.023380
0.022555
0.022163
0.022638
0.022824
0.022464
0.022624
0.022643
0.023020
0.023182
0.023250
0.023209
0.023496
0.023543
0.022223
0.023866
0.022841
0.022788
0.023316
0.023009
0.022778
0.023111
0.022796
0.023155
0.022681
0.023834
0.022685
0.022981
0.022968
0.022823
0.023310
0.023406
0.023783
0.023683
0.022616
0.023078
0.022792
0.023218
0.023024
0.022825
0.023298
0.023015
0.023585
0.023227
0.023123
0.028321
0.023689
0.023988
0.023652
0.024177
0.023702
0.024229
0.023606
0.023903
0.023673
0.023564
0.023499
0.023343
0.023033
0.024439
0.023315
0.024216
0.023757
0.026708
0.022599
0.024756
0.022537
0.023376
0.023148
0.022737
0.021674
0.022393
0.022056
0.022197
0.021763
0.022005
0.022026
0.022206
0.021987
0.021897
0.021942
0.022022
0.022046
0.021890
0.022090
0.022453
0.021998
0.021985
0.022579
0.021898
0.022922
0.021775
0.021381
0.021485
0.021252
0.021620
0.021645
0.021566
0.021585
0.021379
0.021714
0.021141
0.021264
0.021170
0.021813
0.021306
0.021185
0.021532
0.020938
0.021342
0.021132
0.021564
0.022060
0.021407
0.021868
0.022087
0.021797
0.021406
0.021195
0.023048
0.022417
0.021947
0.022320
0.022236
0.022251
0.022867
0.022237
0.021247
0.022512
0.021395
0.021072
0.021201
0.021356
0.022060
0.021210
0.021311
0.022062
0.023136
0.023402
0.021182
0.021617
0.022082
0.021325
0.021370
0.021508
0.021566
0.022577
0.021728
0.021863
0.021839
0.021441
0.022155
0.023083
0.022183
0.022709
0.022221
0.023094
0.023108
0.021927
0.022005
0.023016
0.022126
0.023130
0.021829
0.021915
0.022341
0.021635
0.021430
0.022601
0.022056
0.022796
0.022400
0.022086
0.022191
0.022061
0.022227
0.021819
0.021489
0.022502
0.021701
0.022345
0.022209
0.022007
0.021815
0.022089
0.022369
0.021639
0.021562
0.022065
0.021685
0.021131
0.022601
0.021634
0.022851
