0.000404
0.000268
0.000269
0.000268
0.000269
0.000268
0.000268
0.000268
0.000268
0.000269
0.000269
0.000269
0.000281
0.000258
0.000257
0.000256
0.000255
0.000257
0.000257
0.000258
0.000257
0.000257
0.000257
0.000256
0.000256
0.000258
0.000256
0.000257
0.000272
0.000246
0.000246
0.000247
0.000245
0.000247
0.000246
0.000247
0.000246
0.000246
0.000246
0.000247
0.000246
0.000246
0.000246
0.000247
0.000263
0.000236
0.000238
0.000236
0.000237
0.000236
0.000237
0.000236
0.000237
0.000236
0.000236
0.000236
0.000237
0.000236
0.000236
0.000236
0.000239
0.000236
0.000236
0.000234
0.000220
0.000219
0.000219
0.000219
0.000218
0.000219
0.000219
0.000218
0.000219
0.000220
0.000218
0.000219
0.000219
0.000219
0.000223
0.000229
0.000211
0.000211
0.000211
0.000210
0.000211
0.000212
0.000212
0.000211
0.000211
0.000211
0.000210
0.000211
0.000212
0.000211
0.000212
0.000211
0.000211
0.000216
0.000211
0.000218
0.000204
0.000204
0.000204
0.000205
0.000204
0.000203
0.000204
0.000204
0.000204
0.000204
0.000204
0.000204
0.000204
0.000204
0.000205
0.000205
0.000204
0.000208
0.000209
0.000197
0.000196
0.000197
0.000198
0.000197
0.000198
0.000198
0.000197
0.000197
0.000196
0.000197
0.000198
0.000198
0.000197
0.000197
0.000197
0.000197
0.000197
0.000200
0.000204
0.000190
0.000191
0.000190
0.000191
0.000191
0.000190
0.000190
0.000191
0.000191
0.000190
0.000190
0.000191
0.000190
0.000190
0.000190
0.000190
0.000192
0.000191
0.000191
0.000195
0.000190
0.000190
0.000190
0.000190
0.000191
0.000190
0.000191
0.000190
0.000191
0.000191
0.000190
0.000191
0.000190
0.000190
0.000190
0.000190
0.000191
0.000191
0.000191
0.000190
0.000194
0.000191
0.000191
0.000190
0.000191
0.000191
0.000191
0.000191
0.000191
0.000191
0.000190
0.000192
0.000191
0.000191
0.000191
0.000191
0.000192
0.000190
0.000191
0.000190
0.000194
0.000190
0.000191
0.000190
0.000192
0.000191
0.000190
0.000191
0.000190
0.000190
0.000190
0.000191
0.000191
0.000190
0.000191
0.000191
0.000190
0.000190
0.000191
0.000192
0.000191
0.000194
0.000191
0.000191
0.000191
0.000191
0.000191
0.000190
0.000191
0.000191
0.000190
0.000191
0.000192
0.000190
0.000190
0.000192
0.000190
0.000190
0.000191
0.000191
0.000191
0.000191
0.000193
0.000190
0.000191
0.000191
0.000190
0.000189
0.000189
0.000192
0.000191
0.000190
0.000191
0.000191
0.000190
0.000192
0.000190
0.000191
0.000191
0.000190
0.000191
0.000190
0.000190
0.000194
0.000190
0.000190
0.000189
0.000190
0.000191
0.000191
0.000191
0.000191
0.000190
0.000190
0.000191
0.000191
0.000191
0.000190
0.000191
0.000190
0.000190
0.000190
0.000190
0.000191
0.000194
0.000191
0.000192
0.000191
0.000190
0.000190
0.000190
0.000191
0.000190
0.000190
0.000190
0.000191
0.000191
0.000192
0.000190
0.000190
0.000190
0.000190
0.000191
0.000190
0.000191
0.000194
0.000191
0.000190
0.000190
0.000191
0.000190
0.000192
0.000191
0.000191
0.000191
0.000191
0.000191
0.000190
0.000191
0.000191
0.000191
0.000191
0.000190
0.000191
0.000190
0.000190
0.000193
0.000192
0.000190
0.000191
0.000190
0.000190
0.000199
0.000184
0.000185
0.000185
0.000184
0.000185
0.000185
0.000185
0.000185
0.000185
0.000184
0.000184
0.000183
0.000185
0.000185
0.000225
0.000192
0.000191
0.000192
0.000193
0.000191
0.000201
0.000185
0.000186
0.000186
0.000186
0.000185
0.000185
0.000185
0.000185
0.000184
0.000186
0.000186
0.000186
0.000185
0.000186
0.000188
0.000185
0.000185
0.000202
0.000191
0.000191
0.000192
0.000191
0.000191
0.000191
0.000191
0.000191
0.000192
0.000190
0.000191
0.000190
0.000191
0.000191
0.000191
0.000190
0.000191
0.000193
0.000190
0.000190
0.000191
0.000191
0.000190
0.000190
0.000191
0.000190
0.000190
0.000190
0.000190
0.000190
0.000191
0.000191
0.000190
0.000191
0.000190
0.000190
0.000190
0.000190
0.000192
0.000191
0.000190
0.000191
0.000190
0.000190
0.000190
0.000192
0.000191
0.000190
0.000190
0.000191
0.000191
0.000189
0.000190
0.000190
0.000190
0.000190
0.000190
0.000190
0.000190
0.000192
0.000190
0.000191
0.000190
0.000192
0.000191
0.000191
0.000191
0.000191
0.000190
0.000190
0.000190
0.000191
0.000191
0.000191
0.000191
0.000191
0.000191
0.000191
0.000191
0.000191
0.000192
0.000190
0.000190
0.000190
0.000190
0.000191
0.000191
0.000192
0.000192
0.000191
0.000192
0.000191
0.000192
0.000192
0.000191
0.000191
0.000191
0.000191
0.000191
0.000191
0.000192
0.000194
0.000191
0.000190
0.000192
0.000192
0.000191
0.000190
0.000192
0.000192
0.000192
0.000198
0.000185
0.000184
0.000184
0.000185
0.000184
0.000185
0.000184
0.000184
0.000185
0.000185
0.000187
0.000186
0.000185
0.000185
0.000185
0.000184
0.000184
0.000184
0.000184
0.000184
0.000184
0.000184
0.000185
0.000185
0.000185
0.000184
0.000184
0.000185
0.000185
0.000185
0.000185
0.000184
0.000186
0.000185
0.000185
0.000185
0.000185
0.000184
0.000187
0.000185
0.000186
0.000185
0.000185
0.000185
0.000184
0.000200
0.000192
0.000192
0.000191
0.000190
0.000191
0.000191
0.000191
0.000193
0.000191
0.000191
0.000191
0.000190
0.000190
0.000191
0.000190
0.000189
0.000191
0.000191
0.000191
0.000190
0.000191
0.000191
0.000191
0.000191
0.000190
0.000191
0.000191
0.000191
0.000193
0.000190
0.000190
0.000190
0.000191
0.000191
0.000191
0.000191
0.000191
0.000191
0.000191
0.000191
0.000190
0.000192
0.000190
0.000190
0.000190
0.000191
0.000191
0.000191
0.000191
0.000194
0.000192
0.000190
0.000191
0.000191
0.000190
0.000190
0.000190
0.000192
0.000191
0.000190
0.000191
0.000191
0.000190
0.000190
0.000190
0.000190
0.000191
0.000191
0.000190
0.000191
0.000193
0.000190
0.000191
0.000191
0.000190
0.000191
0.000191
0.000190
0.000190
0.000189
0.000190
0.000190
0.000190
0.000191
0.000191
0.000191
0.000191
0.000191
0.000191
0.000190
0.000190
0.000193
0.000190
0.000191
0.000192
0.000190
0.000192
0.000191
0.000191
0.000191
0.000191
0.000191
0.000190
0.000191
0.000190
0.000191
0.000190
0.000190
0.000191
0.000191
0.000190
0.000193
0.000191
0.000190
0.000190
0.000191
0.000191
0.000191
0.000191
0.000191
0.000190
0.000190
0.000190
0.000191
0.000191
0.000191
0.000190
0.000190
0.000189
0.000190
0.000191
0.000192
0.000193
0.000190
0.000192
0.000191
0.000190
0.000191
0.000190
0.000191
0.000190
0.000189
0.000191
0.000191
0.000191
0.000192
0.000191
0.000190
0.000190
0.000192
0.000192
0.000191
0.000191
0.000193
0.000191
0.000191
0.000191
0.000191
0.000191
0.000191
0.000191
0.000191
0.000190
0.000190
0.000197
0.000185
0.000185
0.000184
0.000184
0.000184
0.000184
0.000185
0.000184
0.000185
0.000185
0.000208
0.000191
0.000190
0.000190
0.000191
0.000191
0.000197
0.000184
0.000184
0.000184
0.000185
0.000185
0.000185
0.000184
0.000184
0.000185
0.000185
0.000185
0.000184
0.000184
0.000184
0.000187
0.000185
0.000185
0.000184
0.000184
0.000186
0.000185
0.000185
0.000184
0.000185
0.000186
0.000185
0.000185
0.000185
0.000205
0.000189
0.000189
0.000190
0.000190
0.000191
0.000191
0.000193
0.000191
0.000191
0.000191
0.000191
0.000191
0.000191
0.000191
0.000191
0.000192
0.000190
0.000191
0.000191
0.000191
0.000190
0.000190
0.000191
0.000191
0.000191
0.000191
0.000191
0.000192
0.000191
0.000191
0.000191
0.000199
0.000186
0.000185
0.000185
0.000184
0.000185
0.000206
0.000191
0.000191
0.000191
0.000192
0.000190
0.000190
0.000191
0.000191
0.000192
0.000190
0.000193
0.000191
0.000191
0.000191
0.000190
0.000191
0.000198
0.000185
0.000185
0.000185
0.000185
0.000201
0.000191
0.000191
0.000191
0.000190
0.000190
0.000190
0.000191
0.000191
0.000191
0.000194
0.000190
0.000191
0.000190
0.000190
0.000191
0.000191
0.000190
0.000191
0.000190
0.000191
0.000191
0.000192
0.000191
0.000191
0.000191
0.000191
0.000190
0.000191
0.000190
0.000191
0.000193
0.000191
0.000191
0.000191
0.000192
0.000191
0.000196
0.000184
0.000184
0.000185
0.000185
0.000185
0.000185
0.000203
0.000190
0.000190
0.000190
0.000190
0.000191
0.000191
0.000198
0.000188
0.000185
0.000185
0.000184
0.000184
0.000184
0.000185
0.000185
0.000186
0.000184
0.000185
0.000185
0.000185
0.000185
0.000184
0.000184
0.000184
0.000184
0.000185
0.000185
0.000185
0.000188
0.000185
0.000185
0.000184
0.000184
0.000184
0.000184
0.000184
0.000185
0.000185
0.000185
0.000185
0.000185
0.000185
0.000185
0.000184
0.000184
0.000184
0.000185
0.000185
0.000185
0.000185
0.000209
0.000190
0.000190
0.000190
0.000192
0.000191
0.000191
0.000191
0.000191
0.000191
0.000192
0.000197
0.000184
0.000184
0.000185
0.000184
0.000185
0.000185
0.000185
0.000186
0.000185
0.000187
0.000185
0.000186
0.000186
0.000184
0.000185
0.000185
0.000185
0.000184
0.000184
0.000185
0.000185
0.000185
0.000186
0.000184
0.000185
0.000185
0.000186
0.000185
0.000185
0.000185
0.000185
0.000187
0.000185
0.000185
0.000184
0.000185
0.000185
0.000184
0.000184
0.000185
0.000185
0.000185
0.000185
0.000185
0.000200
0.000192
0.000191
0.000190
0.000190
0.000190
0.000191
0.000190
0.000194
0.000191
0.000191
0.000190
0.000191
0.000190
0.000191
0.000191
0.000191
0.000191
0.000192
0.000191
0.000191
0.000190
0.000191
0.000191
0.000191
0.000191
0.000191
0.000191
0.000191
0.000193
0.000191
0.000191
0.000191
0.000190
0.000191
0.000191
0.000190
0.000190
0.000191
0.000191
0.000191
0.000191
0.000191
0.000191
0.000190
0.000191
0.000190
0.000189
0.000190
0.000191
0.000193
0.000191
0.000191
0.000191
0.000191
0.000192
0.000190
0.000191
0.000190
0.000190
0.000191
0.000191
0.000191
0.000191
0.000191
0.000191
0.000191
0.000191
0.000190
0.000190
0.000191
0.000193
0.000191
0.000190
0.000190
0.000191
0.000190
0.000190
0.000190
0.000191
0.000190
0.000191
0.000191
0.000191
0.000190
0.000191
0.000190
0.000190
0.000191
0.000191
0.000190
0.000191
0.000194
0.000191
0.000191
0.000190
0.000190
0.000190
0.000190
0.000191
0.000191
0.000190
0.000191
0.000190
0.000190
0.000189
0.000191
0.000191
0.000191
0.000190
0.000191
0.000191
0.000199
0.000185
0.000185
0.000184
0.000185
0.000184
0.000185
0.000185
0.000186
0.000184
0.000185
0.000185
0.000185
0.000185
0.000185
0.000186
0.000184
0.000185
0.000185
0.000185
0.000184
0.000185
0.000187
0.000184
0.000184
0.000184
0.000184
0.000185
0.000186
0.000184
0.000184
0.000184
0.000183
0.000185
0.000185
0.000185
0.000186
0.000185
0.000185
0.000184
0.000184
0.000185
0.000185
0.000185
0.000187
0.000185
0.000184
0.000206
0.000191
0.000190
0.000190
0.000190
0.000191
0.000191
0.000191
0.000191
0.000190
0.000191
0.000190
0.000190
0.000190
0.000191
0.000191
0.000190
0.000190
0.000193
0.000191
0.000191
0.000190
0.000191
0.000191
0.000191
0.000191
0.000191
0.000191
0.000191
0.000190
0.000191
0.000192
0.000191
0.000191
0.000189
0.000191
0.000190
0.000190
0.000193
0.000190
0.000191
0.000191
0.000191
0.000191
0.000201
0.000184
0.000184
0.000184
0.000185
0.000185
0.000184
0.000184
0.000203
0.000193
0.000190
0.000191
0.000191
0.000191
0.000191
0.000190
0.000193
0.000191
0.000190
0.000190
0.000190
0.000191
0.000190
0.000192
0.000191
0.000190
0.000191
0.000190
0.000191
0.000192
0.000191
0.000191
0.000191
0.000191
0.000192
0.000190
0.000194
0.000191
0.000191
0.000191
0.000190
0.000191
0.000190
0.000191
0.000192
0.000191
0.000191
0.000191
0.000190
0.000190
0.000191
0.000190
0.000190
0.000191
0.000190
0.000190
0.000190
0.000196
0.000191
0.000190
0.000191
0.000190
0.000190
0.000190
0.000191
0.000191
0.000190
0.000191
0.000191
0.000191
0.000191
0.000191
0.000191
0.000191
0.000191
0.000190
0.000191
0.000190
0.000194
0.000191
0.000192
0.000191
0.000191
0.000190
0.000192
0.000191
0.000191
0.000190
0.000191
0.000190
0.000191
0.000191
0.000191
0.000190
0.000190
0.000190
0.000190
0.000191
0.000191
0.000194
0.000191
0.000191
0.000191
0.000190
0.000191
0.000189
0.000190
0.000190
0.000191
0.000191
0.000191
0.000190
0.000189
0.000190
0.000191
0.000191
0.000190
0.000191
0.000191
0.000191
0.000203
0.000185
0.000185
0.000185
0.000185
0.000185
0.000185
0.000184
0.000185
0.000185
0.000185
0.000185
0.000184
0.000184
0.000185
0.000185
0.000185
0.000184
0.000184
0.000185
0.000184
0.000185
0.000187
0.000184
0.000185
0.000186
0.000185
0.000186
0.000184
0.000184
0.000185
0.000185
0.000185
0.000184
0.000185
0.000185
0.000184
0.000185
0.000185
0.000185
0.000185
0.000184
0.000185
0.000187
0.000184
0.000184
0.000202
0.000191
0.000192
0.000192
0.000191
0.000190
0.000191
0.000189
0.000191
0.000191
0.000190
0.000192
0.000191
0.000190
0.000192
0.000191
0.000190
0.000190
0.000193
0.000191
0.000191
0.000191
0.000192
0.000191
0.000190
0.000192
0.000191
0.000191
0.000190
0.000190
0.000190
0.000190
0.000191
0.000191
0.000191
0.000191
0.000191
0.000191
0.000190
0.000194
0.000191
0.000190
0.000191
0.000191
0.000191
0.000191
0.000191
0.000190
0.000191
0.000190
0.000191
0.000191
0.000191
0.000190
0.000190
0.000191
0.000191
0.000190
0.000190
0.000190
0.000193
0.000190
0.000191
0.000191
0.000191
0.000191
0.000191
0.000191
0.000191
0.000191
0.000191
0.000190
0.000190
0.000191
0.000190
0.000191
0.000191
0.000191
0.000190
0.000191
0.000191
0.000195
0.000191
0.000191
0.000192
0.000191
0.000191
0.000197
0.000184
0.000185
0.000184
0.000185
0.000185
0.000185
0.000184
0.000185
0.000185
0.000184
0.000185
0.000185
0.000185
0.000185
0.000187
0.000184
0.000185
0.000203
0.000191
0.000190
0.000191
0.000191
0.000190
0.000191
0.000197
0.000184
0.000184
0.000185
0.000186
0.000185
0.000185
0.000185
0.000185
0.000184
0.000183
0.000203
0.000191
0.000191
0.000190
0.000190
0.000190
0.000191
0.000196
0.000185
0.000185
0.000185
0.000185
0.000185
0.000185
0.000185
0.000186
0.000184
0.000184
0.000185
0.000184
0.000184
0.000184
0.000188
0.000186
0.000185
0.000185
0.000185
0.000185
0.000185
0.000186
0.000184
0.000185
0.000185
0.000185
0.000185
0.000186
0.000205
0.000190
0.000191
0.000191
0.000191
0.000191
0.000190
0.000203
0.000184
0.000186
0.000185
0.000185
0.000185
0.000185
0.000183
0.000184
0.000185
0.000185
0.000186
0.000185
0.000185
0.000185
0.000184
0.000184
0.000184
0.000184
0.000186
0.000185
0.000187
0.000184
0.000185
0.000185
0.000185
0.000185
0.000185
0.000184
0.000184
0.000184
0.000185
0.000185
0.000185
0.000184
0.000184
0.000185
0.000185
0.000184
0.000185
0.000185
0.000184
0.000185
0.000188
0.000185
0.000185
0.000203
0.000190
0.000191
0.000190
0.000191
0.000190
0.000191
0.000191
0.000191
0.000190
0.000191
0.000191
0.000191
0.000190
0.000191
0.000191
0.000190
0.000189
0.000193
0.000191
0.000190
0.000190
0.000190
0.000191
0.000191
0.000191
0.000191
0.000190
0.000191
0.000191
0.000191
0.000190
0.000190
0.000191
0.000192
0.000190
0.000190
0.000191
0.000191
0.000194
0.000191
0.000191
0.000191
0.000190
0.000190
0.000191
0.000191
0.000190
0.000191
0.000191
0.000190
0.000190
0.000190
0.000191
0.000191
0.000192
0.000191
0.000191
0.000191
0.000191
0.000193
0.000191
0.000191
0.000191
0.000190
0.000190
0.000191
0.000191
0.000191
0.000190
0.000190
0.000190
0.000191
0.000190
0.000190
0.000190
0.000191
0.000190
0.000190
0.000191
0.000190
0.000193
0.000190
0.000191
0.000192
0.000191
0.000191
0.000190
0.000190
0.000190
0.000191
0.000191
0.000191
0.000190
0.000190
0.000191
0.000191
0.000190
0.000191
0.000191
0.000190
0.000191
0.000194
0.000191
0.000191
0.000192
0.000191
0.000190
0.000190
0.000190
0.000190
0.000201
0.000185
0.000185
0.000184
0.000184
0.000185
0.000185
0.000185
0.000186
0.000185
0.000184
0.000185
0.000187
0.000184
0.000185
0.000184
0.000184
0.000185
0.000184
0.000185
0.000184
0.000184
0.000185
0.000185
0.000185
0.000184
0.000185
0.000185
0.000185
0.000185
0.000185
0.000184
0.000184
0.000185
0.000187
0.000185
0.000184
0.000185
0.000184
0.000185
0.000184
0.000185
0.000185
0.000185
0.000184
0.000185
0.000185
0.000202
0.000191
0.000190
0.000190
0.000191
0.000191
0.000191
0.000191
0.000194
0.000190
0.000190
0.000191
0.000192
0.000191
0.000191
0.000191
0.000191
0.000190
0.000190
0.000191
0.000192
0.000191
0.000191
0.000192
0.000192
0.000191
0.000191
0.000191
0.000191
0.000194
0.000191
0.000191
0.000190
0.000191
0.000191
0.000196
0.000184
0.000184
0.000184
0.000185
0.000185
0.000185
0.000183
0.000184
0.000185
0.000185
0.000184
0.000185
0.000185
0.000185
0.000206
0.000190
0.000190
0.000190
0.000191
0.000191
0.000190
0.000191
0.000191
0.000191
0.000191
0.000190
0.000189
0.000191
0.000191
0.000190
0.000191
0.000191
0.000191
0.000191
0.000191
0.000194
0.000189
0.000192
0.000191
0.000191
0.000191
0.000190
0.000191
0.000191
0.000191
0.000192
0.000191
0.000191
0.000191
0.000191
0.000190
0.000191
0.000190
0.000190
0.000190
0.000190
0.000194
0.000190
0.000190
0.000190
0.000190
0.000191
0.000190
0.000190
0.000191
0.000190
0.000191
0.000190
0.000190
0.000191
0.000191
0.000191
0.000191
0.000191
0.000190
0.000192
0.000191
0.000194
0.000190
0.000191
0.000191
0.000191
0.000191
0.000191
0.000191
0.000191
0.000192
0.000191
0.000190
0.000191
0.000191
0.000192
0.000191
0.000191
0.000190
0.000190
0.000191
0.000190
0.000193
0.000191
0.000191
0.000191
0.000190
0.000190
0.000191
0.000191
0.000191
0.000191
0.000191
0.000190
0.000191
0.000191
0.000191
0.000190
0.000190
0.000191
0.000190
0.000191
0.000191
0.000194
0.000190
0.000190
0.000190
0.000190
0.000191
0.000192
0.000192
0.000190
0.000190
0.000196
0.000186
0.000185
0.000184
0.000184
0.000184
0.000185
0.000185
0.000185
0.000184
0.000185
0.000188
0.000184
0.000185
0.000184
0.000185
0.000184
0.000185
0.000185
0.000185
0.000185
0.000184
0.000185
0.000185
0.000185
0.000184
0.000185
0.000185
0.000184
0.000184
0.000185
0.000185
0.000188
0.000184
0.000184
0.000184
0.000184
0.000185
0.000184
0.000184
0.000184
0.000184
0.000184
0.000185
0.000185
0.000186
0.000202
0.000190
0.000191
0.000191
0.000191
0.000191
0.000191
0.000190
0.000194
0.000190
0.000196
0.000184
0.000185
0.000185
0.000185
0.000185
0.000185
0.000185
0.000185
0.000184
0.000185
0.000185
0.000185
0.000185
0.000184
0.000184
0.000184
0.000184
0.000184
0.000187
0.000184
0.000184
0.000185
0.000184
0.000184
0.000185
0.000185
0.000185
0.000185
0.000184
0.000186
0.000185
0.000185
0.000184
0.000185
0.000184
0.000184
0.000184
0.000184
0.000186
0.000185
0.000188
0.000185
0.000185
0.000205
0.000190
0.000190
0.000190
0.000190
0.000190
0.000191
0.000191
0.000190
0.000191
0.000196
0.000184
0.000185
0.000185
0.000185
0.000184
0.000185
0.000184
0.000187
0.000185
0.000185
0.000184
0.000185
0.000185
0.000185
0.000184
0.000185
0.000185
0.000185
0.000184
0.000184
0.000184
0.000185
0.000184
0.000185
0.000184
0.000184
0.000185
0.000185
0.000187
0.000207
0.000190
0.000190
0.000191
0.000191
0.000190
