0.001767
0.001183
0.001179
0.001181
0.001138
0.001136
0.001153
0.001101
0.001102
0.001102
0.001095
0.001036
0.001037
0.001037
0.001038
0.001008
0.001010
0.001009
0.001010
0.000981
0.000982
0.000982
0.000984
0.000957
0.000957
0.000956
0.000966
0.000935
0.000933
0.000935
0.000938
0.000934
0.000925
0.000936
0.000934
0.000941
0.000953
0.000935
0.000926
0.000947
0.000937
0.000912
0.000913
0.000948
0.000933
0.000940
0.000912
0.000937
0.000934
0.000957
0.000938
0.000913
0.000948
0.000933
0.000914
0.000943
0.000939
0.000940
0.000914
0.000914
0.000948
0.000993
0.000948
0.000912
0.000911
0.000959
0.000935
0.000939
0.000913
0.000947
0.000934
0.000913
0.000914
0.000918
0.000912
0.000913
0.000892
0.000905
0.000906
0.000874
0.000874
0.000873
0.000904
0.000911
0.000900
0.000874
0.000875
0.000881
0.000912
0.000899
0.000875
0.000881
0.000876
0.000876
0.000875
0.000874
0.000878
0.000874
0.000875
0.000902
0.000944
0.000874
0.000874
0.000874
0.000872
0.000878
0.000876
0.000874
0.000876
0.000878
0.000874
0.000918
0.000876
0.000875
0.000878
0.000873
0.000875
0.000874
0.000880
0.000875
0.000874
0.000892
0.000913
0.000893
0.000874
0.000874
0.000874
0.000878
0.000874
0.000875
0.000875
0.000874
0.000878
0.000909
0.000899
0.000874
0.000879
0.000874
0.000875
0.000875
0.000874
0.000877
0.000873
0.000874
0.000876
0.000934
0.000988
0.000952
0.000875
0.000873
0.000879
0.000874
0.000873
0.000873
0.000878
0.000898
0.000915
0.000888
0.000875
0.000876
0.000877
0.000874
0.000873
0.000878
0.000874
0.000875
0.000873
0.000918
0.000903
0.000875
0.000874
0.000874
0.000878
0.000875
0.000874
0.000875
0.000875
0.000877
0.000919
0.000904
0.000875
0.000874
0.000876
0.000875
0.000874
0.000874
0.000878
0.000874
0.000875
0.000904
0.000921
0.000877
0.000874
0.000875
0.000875
0.000878
0.000875
0.000875
0.000875
0.000874
0.000876
0.000923
0.000903
0.000875
0.000877
0.000873
0.000875
0.000874
0.000875
0.000877
0.000874
0.000875
0.000904
0.000920
0.000874
0.000874
0.000875
0.000873
0.000878
0.000875
0.000876
0.000875
0.000877
0.000909
0.000918
0.000876
0.000875
0.000878
0.000875
0.000875
0.000873
0.000878
0.000874
0.000875
0.000889
0.000913
0.000902
0.000876
0.000873
0.000873
0.000876
0.000874
0.000875
0.000873
0.000874
0.000877
0.000912
0.000908
0.000875
0.000875
0.000876
0.000874
0.000874
0.000875
0.000878
0.000874
0.000875
0.000908
0.000918
0.000879
0.000875
0.000876
0.000874
0.000878
0.000877
0.000877
0.000875
0.000874
0.000896
0.000937
0.000895
0.000876
0.000880
0.000874
0.000874
0.000875
0.000874
0.000878
0.000877
0.000873
0.000874
0.000927
0.000875
0.000875
0.000873
0.000875
0.000876
0.000874
0.000874
0.000875
0.000878
0.000892
0.000913
0.000887
0.000874
0.000877
0.000876
0.000875
0.000874
0.000878
0.000875
0.000875
0.000875
0.000915
0.000894
0.000874
0.000874
0.000876
0.000877
0.000872
0.000874
0.000874
0.000874
0.000876
0.000872
0.000923
0.000875
0.000874
0.000878
0.000872
0.000876
0.000874
0.000878
0.000874
0.000874
0.000874
0.000900
0.000894
0.000873
0.000874
0.000874
0.000878
0.000872
0.000874
0.000875
0.000874
0.000878
0.000912
0.000910
0.000873
0.000880
0.000874
0.000873
0.000874
0.000875
0.000876
0.000875
0.000874
0.000891
0.000909
0.000874
0.000876
0.000874
0.000875
0.000877
0.000876
0.000874
0.000874
0.000873
0.000896
0.000933
0.000925
0.000902
0.000877
0.000874
0.000874
0.000874
0.000878
0.000874
0.000874
0.000876
0.000923
0.000906
0.000875
0.000875
0.000874
0.000872
0.000877
0.000875
0.000873
0.000876
0.000879
0.000920
0.000905
0.000875
0.000872
0.000877
0.000874
0.000874
0.000875
0.000879
0.000874
0.000875
0.000875
0.000919
0.000888
0.000874
0.000875
0.000874
0.000876
0.000875
0.000874
0.000875
0.000875
0.000878
0.000893
0.000906
0.000873
0.000878
0.000874
0.000874
0.000876
0.000874
0.000877
0.000874
0.000875
0.000901
0.000917
0.000875
0.000876
0.000874
0.000874
0.000877
0.000875
0.000876
0.000875
0.000877
0.000875
0.000932
0.000877
0.000875
0.000879
0.000875
0.000875
0.000875
0.000874
0.000876
0.000874
0.000875
0.000897
0.000904
0.000873
0.000875
0.000876
0.000874
0.000876
0.000874
0.000875
0.000874
0.000876
0.000905
0.000907
0.000875
0.000876
0.000877
0.000873
0.000875
0.000875
0.000878
0.000876
0.000875
0.000894
0.000923
0.000878
0.000874
0.000873
0.000875
0.000877
0.000874
0.000876
0.000876
0.000874
0.000877
0.000906
0.000904
0.000873
0.000877
0.000875
0.000875
0.000874
0.000874
0.000876
0.000873
0.000873
0.000872
0.000930
0.000874
0.000874
0.000874
0.000874
0.000877
0.000874
0.000875
0.000875
0.000874
0.000877
0.000933
0.000874
0.000877
0.000878
0.000873
0.000874
0.000874
0.000874
0.000876
0.000875
0.000875
0.000917
0.000903
0.000875
0.000875
0.000875
0.000873
0.000877
0.000874
0.000874
0.000874
0.000877
0.000876
0.000933
0.000874
0.000874
0.000878
0.000874
0.000873
0.000874
0.000878
0.000873
0.000875
0.000873
0.000904
0.000904
0.000874
0.000876
0.000875
0.000878
0.000874
0.000876
0.000874
0.000872
0.000876
0.000906
0.000905
0.000873
0.000877
0.000874
0.000875
0.000875
0.000875
0.000875
0.000876
0.000874
0.000899
0.000914
0.000878
0.000874
0.000875
0.000875
0.000877
0.000875
0.000874
0.000874
0.000875
0.000875
0.000909
0.000896
0.000875
0.000877
0.000874
0.000875
0.000875
0.000876
0.000877
0.000874
0.000874
0.000874
0.000929
0.000875
0.000874
0.000876
0.000875
0.000877
0.000873
0.000874
0.000875
0.000877
0.000891
0.000922
0.000876
0.000874
0.000877
0.000875
0.000874
0.000876
0.000877
0.000876
0.000875
0.000876
0.000919
0.000898
0.000873
0.000875
0.000875
0.000872
0.000877
0.000876
0.000875
0.000873
0.000876
0.000914
0.000910
0.000874
0.000877
0.000877
0.000873
0.000874
0.000873
0.000876
0.000874
0.000876
0.000874
0.000908
0.000897
0.000875
0.000875
0.000873
0.000878
0.000876
0.000876
0.000873
0.000874
0.000876
0.000916
0.000900
0.000874
0.000878
0.000874
0.000875
0.000873
0.000920
0.000920
0.000875
0.000875
0.000908
0.000907
0.000874
0.000875
0.000873
0.000873
0.000876
0.000874
0.000874
0.000874
0.000878
0.000874
0.000919
0.000874
0.000875
0.000877
0.000874
0.000876
0.000874
0.000877
0.000874
0.000875
0.000876
0.000893
0.000906
0.000874
0.000875
0.000877
0.000875
0.000875
0.000873
0.000876
0.000874
0.000878
0.000903
0.000915
0.000876
0.000875
0.000877
0.000876
0.000873
0.000875
0.000875
0.000875
0.000875
0.000901
0.000913
0.000901
0.000875
0.000875
0.000874
0.000880
0.000874
0.000876
0.000874
0.000874
0.000879
0.000949
0.000898
0.000874
0.000877
0.000875
0.000874
0.000874
0.000874
0.000878
0.000875
0.000874
0.000873
0.000923
0.000875
0.000876
0.000875
0.000875
0.000877
0.000875
0.000872
0.000875
0.000879
0.000891
0.000912
0.000890
0.000874
0.000878
0.000875
0.000875
0.000875
0.000879
0.000874
0.000873
0.000875
0.000909
0.000897
0.000874
0.000874
0.000872
0.000874
0.000876
0.000873
0.000875
0.000875
0.000878
0.000874
0.000922
0.000873
0.000874
0.000877
0.000873
0.000874
0.000874
0.000878
0.000875
0.000874
0.000894
0.000923
0.000878
0.000873
0.000873
0.000874
0.000878
0.000874
0.000874
0.000873
0.000873
0.000877
0.000914
0.000898
0.000876
0.000877
0.000875
0.000875
0.000874
0.000874
0.000875
0.000872
0.000873
0.000873
0.000936
0.000876
0.000875
0.000873
0.000875
0.000877
0.000875
0.000921
0.000925
0.000896
0.000911
0.000912
0.000889
0.000875
0.000878
0.000874
0.000876
0.000876
0.000893
0.001000
0.000934
0.000875
0.000926
0.000929
0.000874
0.000875
0.000876
0.000878
0.000874
0.000876
0.000874
0.000873
0.000921
0.000913
0.000904
0.000876
0.000878
0.000874
0.000875
0.000874
0.000874
0.000877
0.000874
0.000873
0.000919
0.000931
0.000913
0.000886
0.000874
0.000875
0.000877
0.000872
0.000875
0.000874
0.000875
0.000904
0.000939
0.000874
0.000875
0.000878
0.000874
0.000875
0.000875
0.000877
0.000873
0.000873
0.000874
0.000922
0.000920
0.000874
0.000874
0.000875
0.000877
0.000873
0.000876
0.000874
0.000873
0.000877
0.000911
0.000902
0.000876
0.000877
0.000874
0.000874
0.000874
0.000874
0.000878
0.000875
0.000876
0.000874
0.000932
0.000917
0.000876
0.000874
0.000874
0.000876
0.000874
0.000873
0.000874
0.000874
0.000878
0.000902
0.000899
0.000875
0.000877
0.000875
0.000874
0.000874
0.000874
0.000876
0.000875
0.000877
0.000906
0.000908
0.000874
0.000875
0.000873
0.000875
0.000877
0.000875
0.000874
0.000875
0.000877
0.000894
0.000917
0.000876
0.000875
0.000878
0.000874
0.000875
0.000873
0.000877
0.000874
0.000873
0.000876
0.000911
0.000917
0.000948
0.000905
0.000875
0.000878
0.000874
0.000872
0.000873
0.000875
0.000877
0.000875
0.000924
0.000904
0.000877
0.000876
0.000875
0.000874
0.000876
0.000878
0.000873
0.000876
0.000897
0.000918
0.000875
0.000875
0.000874
0.000875
0.000878
0.000874
0.000873
0.000875
0.000876
0.000906
0.000913
0.000885
0.000873
0.000878
0.000874
0.000874
0.000875
0.000875
0.000876
0.000873
0.000873
0.000899
0.000908
0.000875
0.000874
0.000874
0.000875
0.000877
0.000874
0.000876
0.000876
0.000877
0.000874
0.000912
0.000886
0.000874
0.000876
0.000874
0.000875
0.000874
0.000876
0.000874
0.000875
0.001002
0.000981
0.000909
0.000876
0.000875
0.000874
0.000877
0.000873
0.000874
0.000875
0.000874
0.000899
0.000912
0.000892
0.000875
0.000878
0.000873
0.000875
0.000875
0.000874
0.000879
0.000875
0.000876
0.000914
0.000913
0.000874
0.000874
0.000875
0.000874
0.000877
0.000875
0.000875
0.000874
0.000879
0.000897
0.000914
0.000891
0.000876
0.000879
0.000876
0.000875
0.000873
0.000879
0.000876
0.000875
0.000875
0.000919
0.000912
0.000875
0.000874
0.000875
0.000878
0.000873
0.000905
0.000875
0.000874
0.000914
0.000913
0.000912
0.000885
0.000894
0.000913
0.000892
0.000873
0.000874
0.000878
0.000876
0.000874
0.000875
0.000941
0.000905
0.000877
0.000875
0.000874
0.000878
0.000874
0.000876
0.000875
0.000872
0.000910
0.000922
0.000874
0.000872
0.000878
0.000873
0.000877
0.000874
0.000873
0.000878
0.000876
0.000875
0.000918
0.000899
0.000874
0.000874
0.000873
0.000873
0.000876
0.000874
0.000873
0.000875
0.000878
0.000893
0.000916
0.000874
0.000872
0.000878
0.000875
0.000875
0.000875
0.000877
0.000875
0.000875
0.000874
0.000904
0.000900
0.000874
0.000873
0.000874
0.000877
0.000873
0.000874
0.000875
0.000874
0.000878
0.000910
0.000901
0.000873
0.000878
0.000874
0.000875
0.000875
0.000875
0.000876
0.000874
0.000874
0.000899
0.000918
0.000875
0.000874
0.000874
0.000876
0.000876
0.000874
0.000875
0.000875
0.000876
0.000877
0.000910
0.000892
0.000875
0.000877
0.000874
0.000873
0.000876
0.000875
0.000878
0.000874
0.000874
0.000874
0.000926
0.000875
0.000873
0.000874
0.000874
0.000876
0.000874
0.000873
0.000875
0.000878
0.000903
0.000923
0.000874
0.000874
0.000878
0.000873
0.000876
0.000875
0.000877
0.000875
0.000876
0.000874
0.000918
0.000893
0.000874
0.000875
0.000873
0.000879
0.000876
0.000876
0.000874
0.000875
0.000877
0.000915
0.000907
0.000874
0.000876
0.000878
0.000876
0.000875
0.000875
0.000877
0.000874
0.000875
0.000898
0.000913
0.000892
0.000874
0.000872
0.000874
0.000877
0.000933
0.000940
0.000912
0.000915
0.000911
0.000912
0.000894
0.000874
0.000879
0.000874
0.000874
0.000874
0.000877
0.000875
0.000877
0.000893
0.000913
0.000898
0.000876
0.000874
0.000875
0.000875
0.000877
0.000875
0.000875
0.000877
0.000877
0.000914
0.000912
0.000875
0.000875
0.000878
0.000874
0.000874
0.000874
0.000877
0.000875
0.000875
0.000895
0.000919
0.000904
0.000875
0.000873
0.000874
0.000879
0.000876
0.000875
0.000874
0.000876
0.000895
0.000912
0.000893
0.000873
0.000878
0.000874
0.000875
0.000874
0.000874
0.000879
0.000876
0.000875
0.000915
0.000914
0.000874
0.000875
0.000875
0.000874
0.000875
0.000875
0.000874
0.000873
0.000879
0.000897
0.000912
0.000890
0.000875
0.000877
0.000875
0.000876
0.000874
0.000878
0.000874
0.000875
0.000874
0.000917
0.000913
0.000876
0.000876
0.000873
0.000875
0.000879
0.000874
0.000875
0.000874
0.000880
0.000921
0.000907
0.000875
0.000874
0.000879
0.000876
0.000875
0.000874
0.000877
0.000874
0.000875
0.000901
0.000922
0.000876
0.000874
0.000875
0.000874
0.000904
0.000924
0.000876
0.000874
0.000872
0.000878
0.000927
0.000901
0.000874
0.000877
0.000875
0.000875
0.000874
0.000874
0.000876
0.000875
0.000876
0.000908
0.000908
0.000873
0.000875
0.000875
0.000875
0.000875
0.000876
0.000875
0.000875
0.000877
0.000910
0.000916
0.000875
0.000875
0.000877
0.000874
0.000873
0.000874
0.000879
0.000873
0.000876
0.000891
0.000913
0.000897
0.000874
0.000877
0.000874
0.000876
0.000877
0.000874
0.000874
0.000874
0.000878
0.000914
0.000911
0.000874
0.000877
0.000873
0.000876
0.000875
0.000875
0.000875
0.000874
0.000874
0.000894
0.000920
0.000878
0.000874
0.000874
0.000875
0.000877
0.000875
0.000874
0.000872
0.000875
0.000901
0.000912
0.000889
0.000874
0.000879
0.000876
0.000877
0.000874
0.000875
0.000877
0.000874
0.000875
0.000915
0.000910
0.000875
0.000875
0.000876
0.000876
0.000878
0.000874
0.000875
0.000873
0.000877
0.000901
0.000924
0.000885
0.000875
0.000876
0.000876
0.000875
0.000876
0.000878
0.000873
0.000875
0.000874
0.000920
0.000903
0.000874
0.000874
0.000875
0.000878
0.000874
0.000875
0.000874
0.000875
0.000875
0.000899
0.000901
0.000875
0.000879
0.000875
0.000874
0.000874
0.000874
0.000877
0.000875
0.000874
0.000873
0.000922
0.000877
0.000873
0.000874
0.000873
0.000878
0.000874
0.000876
0.000875
0.000874
0.000877
0.000924
0.000895
0.000875
0.000878
0.000876
0.000874
0.000874
0.000875
0.000876
0.000873
0.000874
0.000907
0.000907
0.000874
0.000874
0.000876
0.000873
0.000877
0.000874
0.000873
0.000874
0.000878
0.000874
0.000918
0.000884
0.000907
0.000915
0.000893
0.000875
0.000874
0.000877
0.000875
0.000876
0.000874
0.000898
0.000905
0.000875
0.000874
0.000874
0.000876
0.000873
0.000874
0.000876
0.000874
0.000877
0.000906
0.000911
0.000875
0.000875
0.000878
0.000875
0.000876
0.000875
0.000876
0.000876
0.000874
0.000890
0.000915
0.000911
0.000876
0.000874
0.000875
0.000877
0.000873
0.000875
0.000875
0.000874
0.000894
0.000913
0.000895
0.000876
0.000881
0.000873
0.000874
0.000875
0.000875
0.000878
0.000876
0.000875
0.000913
0.000915
0.000873
0.000874
0.000873
0.000875
0.000875
0.000875
0.000876
0.000875
0.000877
0.000894
0.000911
0.000890
0.000875
0.000876
0.000875
0.000873
0.000875
0.000879
0.000875
0.000875
0.000899
0.000914
0.000895
0.000876
0.000875
0.000875
0.000879
0.000876
0.000875
0.000876
0.000872
0.000903
0.000913
0.000909
0.000875
0.000877
0.000874
0.000873
0.000875
0.000875
0.000877
0.000876
0.000875
0.000901
0.000913
0.000876
0.000874
0.000874
0.000874
0.000876
0.000873
0.000877
0.000875
0.000875
0.000901
0.000912
0.000888
0.000874
0.000877
0.000876
0.000875
0.000875
0.000874
0.000875
0.000875
0.000875
0.000918
0.000911
0.000875
0.000877
0.000874
0.000875
0.000877
0.000874
0.000874
0.000873
0.000878
0.000899
0.000913
0.000886
0.000876
0.000878
0.000874
0.000874
0.000873
0.000877
0.000874
0.000874
0.000874
0.000921
0.000906
0.000875
0.000875
0.000874
0.000877
0.000872
0.000873
0.000874
0.000874
0.000878
0.000926
0.000901
0.000875
0.000900
0.000914
0.000894
0.000876
0.000875
0.000878
0.000874
0.000874
0.000910
0.000920
0.000876
0.000875
0.000876
0.000875
0.000874
0.000872
0.000874
0.000875
0.000874
0.000893
0.000912
0.000896
0.000876
0.000877
0.000874
0.000875
0.000874
0.000874
0.000877
0.000874
0.000874
0.000911
0.000917
0.000918
0.000919
0.000905
0.000875
0.000878
0.000873
0.000873
0.000873
0.000877
0.000875
0.000874
0.000876
0.000901
0.000907
0.000874
0.000875
0.000875
0.000879
0.000876
0.000874
0.000906
0.000911
0.000908
0.000875
0.000875
0.000876
0.000878
0.000874
0.000872
0.000874
0.000874
0.000876
0.000928
0.000896
0.000874
0.000877
0.000874
0.000874
0.000874
0.000873
0.000877
0.000874
0.000874
0.000908
0.000914
0.000891
0.000874
0.000874
0.000874
0.000877
0.000874
0.000876
0.000875
0.000875
0.000921
0.000912
0.000912
0.000913
0.000916
0.000875
0.000877
0.000926
0.000915
0.000924
0.000875
0.000875
0.000925
0.000902
0.000876
0.000877
0.000875
0.000903
0.000889
0.000874
0.000874
0.000873
0.000878
0.000903
0.000875
0.000873
0.000902
0.000893
0.000873
0.000874
0.000872
0.000878
0.000927
0.000910
0.000876
0.000878
0.000873
0.000875
0.000873
0.000882
0.000878
0.000875
0.000875
0.000891
0.000920
0.000874
0.000874
0.000874
0.000876
0.000879
0.000875
0.000875
0.000873
0.000929
0.000897
0.000875
0.000874
0.000908
0.000933
0.000875
0.000875
0.000875
0.000877
0.000875
0.000874
0.000874
0.000908
0.000919
0.000876
0.000876
0.000875
0.000881
0.000874
0.000877
0.000874
0.000873
0.000877
0.000873
0.000875
0.000874
0.000875
0.000878
0.000874
0.000876
0.000876
0.000878
0.000874
0.000874
0.000874
0.000873
0.000879
0.000872
0.000873
0.000874
0.000877
0.000875
0.000872
0.000876
0.000874
0.000878
0.000874
0.000875
0.000876
0.000878
0.000875
0.000878
0.000874
0.000875
0.000879
0.000876
0.000873
0.000874
0.000876
0.000879
0.000874
0.000875
0.000874
0.000877
0.000875
0.000874
0.000873
0.000873
0.000879
0.000875
0.000874
0.000874
0.000879
0.000875
0.000873
0.000874
0.000874
0.000878
0.000873
0.000874
0.000874
0.000878
0.000874
0.000874
0.000874
0.000875
0.000878
0.000873
0.000876
0.000876
0.000878
0.000874
0.000875
0.000876
0.000874
0.000880
0.000873
0.000876
0.000875
0.000876
0.000876
0.000874
0.000874
0.000875
0.000877
0.000874
0.000875
0.000873
0.000874
0.000878
0.000874
0.000875
0.000875
0.000877
0.000874
0.000874
0.000873
0.000875
0.000878
0.000875
0.000876
0.000875
0.000879
0.000874
0.000875
0.000873
0.000874
0.000877
0.000874
0.000874
0.000873
0.000874
0.000876
0.000875
0.000875
0.000874
0.000879
0.000873
0.000872
0.000875
0.000876
0.000879
0.000875
0.000875
0.000875
0.000877
0.000873
0.000875
0.000875
0.000875
0.000878
0.000875
0.000874
0.000874
0.000876
0.000875
0.000875
0.000874
0.000874
0.000878
0.000874
0.000874
0.000876
0.000875
0.000878
0.000875
0.000874
0.000876
0.000879
0.000874
0.000874
0.000873
0.000875
0.000877
0.000875
0.000875
0.000875
0.000878
0.000875
0.000873
0.000876
0.000876
0.000876
0.000873
0.000874
0.000874
0.000878
0.000873
0.000875
0.000875
0.000874
0.000877
0.000873
0.000874
0.000876
0.000874
0.000879
0.000873
0.000877
0.000873
0.000877
0.000874
0.000874
0.000873
0.000875
0.000878
0.000874
0.000874
0.000874
0.000877
0.000874
0.000876
0.000874
0.000876
0.000874
0.000874
0.000873
0.000874
0.000876
0.000874
0.000876
0.000875
0.000874
0.000890
0.000873
0.000876
0.000874
0.000872
