0.007586
0.004908
0.004729
0.004599
0.004509
0.004500
0.004447
0.004368
0.004369
0.004364
0.004409
0.004362
0.004364
0.004357
0.004357
0.004356
0.004360
0.004361
0.004357
0.004359
0.004353
0.004347
0.004353
0.004343
0.004345
0.004357
0.004355
0.004354
0.004348
0.004349
0.004353
0.004344
0.004347
0.004350
0.004352
0.004350
0.004357
0.004345
0.004355
0.004351
0.004352
0.004342
0.004350
0.004353
0.004345
0.004352
0.004346
0.004353
0.004352
0.004351
0.004356
0.004342
0.004349
0.004346
0.004349
0.004351
0.004513
0.004359
0.004387
0.004353
0.004439
0.004411
0.004343
0.004344
0.004342
0.004342
0.004343
0.004344
0.004341
0.004344
0.004341
0.004345
0.004345
0.004337
0.004341
0.004344
0.004339
0.004341
0.004339
0.004337
0.004346
0.004337
0.004338
0.004337
0.004344
0.004344
0.004340
0.004341
0.004415
0.004369
0.004345
0.004409
0.004346
0.004406
0.004344
0.004396
0.004339
0.004360
0.004388
0.004342
0.004395
0.004340
0.004416
0.004350
0.004390
0.004369
0.004345
0.004415
0.004339
0.004421
0.004349
0.004411
0.004535
0.004408
0.004425
0.004375
0.004422
0.004340
0.004422
0.004345
0.004397
0.004360
0.004341
0.004425
0.004345
0.004412
0.004347
0.004417
0.004348
0.004380
0.004378
0.004340
0.004427
0.004339
0.004421
0.004343
0.004412
0.004365
0.004341
0.004402
0.004342
0.004417
0.004340
0.004420
0.004335
0.004402
0.004428
0.004343
0.004411
0.004337
0.004412
0.004342
0.004409
0.004344
0.004343
0.004421
0.004341
0.004407
0.004348
0.004429
0.004348
0.004381
0.004370
0.004338
0.004419
0.004340
0.004416
0.004342
0.004508
0.004359
0.004376
0.004402
0.004349
0.004418
0.004341
0.004409
0.004342
0.004370
0.004369
0.004344
0.004388
0.004346
0.004411
0.004345
0.004395
0.004338
0.004335
0.004394
0.004340
0.004386
0.004345
0.004416
0.004346
0.004367
0.004379
0.004338
0.004408
0.004347
0.004408
0.004342
0.004400
0.004338
0.004341
0.004398
0.004343
0.004394
0.004339
0.004397
0.004343
0.004377
0.004376
0.004343
0.004396
0.004338
0.004391
0.004349
0.004402
0.004358
0.004344
0.004390
0.004349
0.004398
0.004339
0.004383
0.004409
0.004412
0.004389
0.004416
0.004394
0.004339
0.004396
0.004339
0.004409
0.004342
0.004389
0.004430
0.004340
0.004390
0.004338
0.004417
0.004338
0.004374
0.004376
0.004348
0.004426
0.004337
0.004423
0.004341
0.004413
0.004346
0.004342
0.004408
0.004340
0.004416
0.004340
0.004414
0.004340
0.004404
0.004379
0.004342
0.004431
0.004338
0.004419
0.004340
0.004414
0.004347
0.004336
0.004417
0.004344
0.004418
0.004346
0.004411
0.004338
0.004386
0.004375
0.004343
0.004407
0.004346
0.004428
0.004346
0.004466
0.004392
0.004368
0.004429
0.004347
0.004405
0.004341
0.004425
0.004378
0.004500
0.004364
0.004343
0.004421
0.004353
0.004409
0.004345
0.004414
0.004346
0.004379
0.004386
0.004368
0.004417
0.004346
0.004411
0.004347
0.004420
0.004358
0.004384
0.004426
0.004344
0.004437
0.004348
0.004401
0.004343
0.004361
0.004375
0.004341
0.004425
0.004525
0.004408
0.004344
0.004404
0.004347
0.004341
0.004395
0.004339
0.004398
0.004343
0.004401
0.004344
0.004388
0.004369
0.004344
0.004394
0.004340
0.004388
0.004395
0.004443
0.004345
0.004345
0.004403
0.004336
0.004393
0.004340
0.004398
0.004341
0.004375
0.004377
0.004347
0.004394
0.004342
0.004389
0.004344
0.004407
0.004344
0.004336
0.004406
0.004344
0.004406
0.004343
0.004397
0.004336
0.004340
0.004385
0.004347
0.004417
0.004339
0.004400
0.004344
0.004373
0.004357
0.004338
0.004412
0.004344
0.004401
0.004340
0.004421
0.004346
0.004378
0.004392
0.004346
0.004461
0.004342
0.004421
0.004340
0.004413
0.004341
0.004339
0.004422
0.004344
0.004414
0.004347
0.004437
0.004403
0.004410
0.004410
0.004345
0.004422
0.004353
0.004419
0.004351
0.004420
0.004344
0.004345
0.004418
0.004341
0.004406
0.004347
0.004409
0.004345
0.004377
0.004374
0.004343
0.004415
0.004347
0.004411
0.004350
0.004473
0.004353
0.004362
0.004402
0.004341
0.004428
0.004338
0.004415
0.004341
0.004380
0.004360
0.004342
0.004385
0.004340
0.004400
0.004344
0.004408
0.004338
0.004341
0.004394
0.004337
0.004390
0.004336
0.004413
0.004341
0.004370
0.004372
0.004345
0.004411
0.004340
0.004421
0.004369
0.004491
0.004351
0.004431
0.004474
0.004348
0.004446
0.004338
0.004423
0.004342
0.004406
0.004357
0.004340
0.004421
0.004340
0.004412
0.004341
0.004422
0.004351
0.004385
0.004385
0.004342
0.004417
0.004340
0.004415
0.004340
0.004392
0.004371
0.004342
0.004416
0.004341
0.004408
0.004343
0.004410
0.004348
0.004381
0.004378
0.004336
0.004428
0.004339
0.004423
0.004354
0.004401
0.004348
0.004345
0.004421
0.004352
0.004422
0.004345
0.004417
0.004350
0.004372
0.004376
0.004342
0.004420
0.004350
0.004483
0.004402
0.004401
0.004356
0.004345
0.004414
0.004343
0.004426
0.004423
0.004468
0.004343
0.004340
0.004386
0.004422
0.004410
0.004339
0.004400
0.004343
0.004391
0.004343
0.004357
0.004394
0.004335
0.004411
0.004339
0.004402
0.004338
0.004362
0.004374
0.004335
0.004447
0.004344
0.004421
0.004341
0.004394
0.004346
0.004343
0.004409
0.004348
0.004402
0.004339
0.004417
0.004345
0.004374
0.004369
0.004345
0.004390
0.004343
0.004410
0.004341
0.004408
0.004343
0.004349
0.004396
0.004349
0.004420
0.004361
0.004489
0.004341
0.004395
0.004367
0.004347
0.004425
0.004335
0.004410
0.004342
0.004447
0.004360
0.004371
0.004393
0.004339
0.004415
0.004347
0.004408
0.004345
0.004382
0.004361
0.004344
0.004422
0.004347
0.004393
0.004364
0.004894
0.005194
0.005018
0.004699
0.004724
0.004827
0.004635
0.004546
0.004575
0.004589
0.004503
0.004616
0.004508
0.004584
0.004563
0.004654
0.004763
0.004607
0.004601
0.004594
0.004521
0.004479
0.004541
0.004573
0.004690
0.004389
0.004425
0.004348
0.004393
0.004499
0.004434
0.004458
0.004347
0.004503
0.004341
0.004503
0.004439
0.004622
0.004587
0.004652
0.004616
0.004511
0.004540
0.004549
0.004521
0.004437
0.004472
0.004345
0.004458
0.004408
0.004352
0.004462
0.004338
0.004431
0.004353
0.004466
0.004352
0.004421
0.004420
0.004346
0.004485
0.004424
0.004464
0.004422
0.004463
0.004350
0.004400
0.004418
0.004346
0.004464
0.004355
0.004463
0.004348
0.004454
0.004375
0.004376
0.004418
0.004345
0.004444
0.004344
0.004470
0.004345
0.004430
0.004417
0.004544
0.004512
0.004428
0.004455
0.004348
0.004425
0.004343
0.004394
0.004398
0.004432
0.004445
0.004339
0.004428
0.004345
0.004428
0.004438
0.004379
0.004415
0.004345
0.004441
0.004344
0.004497
0.004430
0.004524
0.004462
0.004385
0.004465
0.004370
0.004497
0.004339
0.004504
0.004348
0.004475
0.004381
0.004368
0.004452
0.004345
0.004519
0.004348
0.004511
0.004344
0.004492
0.004488
0.004363
0.004514
0.004418
0.004543
0.004399
0.004504
0.004351
0.004454
0.004417
0.004365
0.004472
0.004349
0.004543
0.004444
0.004486
0.004352
0.004456
0.004413
0.004356
0.004458
0.004353
0.004528
0.004348
0.004510
0.004441
0.004491
0.004495
0.004348
0.004416
0.004434
0.004508
0.004418
0.004445
0.004342
0.004381
0.004410
0.004342
0.004430
0.004336
0.004432
0.004348
0.004415
0.004383
0.004367
0.004446
0.004349
0.004445
0.004472
0.004473
0.004347
0.004398
0.004417
0.004395
0.004443
0.004351
0.004416
0.004355
0.004429
0.004346
0.004376
0.004408
0.004347
0.004425
0.004345
0.004434
0.004340
0.004419
0.004368
0.004423
0.004509
0.004352
0.004476
0.004347
0.004441
0.004349
0.004407
0.004384
0.004344
0.004448
0.004346
0.004417
0.004347
0.004432
0.004352
0.004379
0.004406
0.004345
0.004441
0.004345
0.004416
0.004347
0.004425
0.004370
0.004385
0.004421
0.004348
0.004437
0.004348
0.004416
0.004344
0.004397
0.004386
0.004347
0.004437
0.004350
0.004451
0.004343
0.004411
0.004355
0.004372
0.004409
0.004347
0.004438
0.004342
0.004447
0.004354
0.004396
0.004435
0.004344
0.004435
0.004342
0.004436
0.004343
0.004473
0.004437
0.004411
0.004376
0.004350
0.004469
0.004343
0.004431
0.004344
0.004450
0.004376
0.004369
0.004403
0.004346
0.004447
0.004400
0.004471
0.004350
0.004394
0.004443
0.004376
0.004467
0.004418
0.004542
0.004343
0.004473
0.004356
0.004386
0.004397
0.004341
0.004426
0.004343
0.004437
0.004342
0.004412
0.004364
0.004363
0.004444
0.004347
0.004422
0.004344
0.004429
0.004347
0.004398
0.004386
0.004365
0.004460
0.004345
0.004433
0.004349
0.004438
0.004347
0.004577
0.004411
0.004339
0.004417
0.004341
0.004511
0.004346
0.004412
0.004371
0.004395
0.004388
0.004345
0.004430
0.004337
0.004416
0.004342
0.004399
0.004370
0.004347
0.004419
0.004424
0.004425
0.004347
0.004407
0.004341
0.004375
0.004381
0.004339
0.004425
0.004384
0.004469
0.004350
0.004400
0.004367
0.004339
0.004421
0.004351
0.004418
0.004347
0.004418
0.004347
0.004364
0.004387
0.004340
0.004418
0.004344
0.004411
0.004413
0.004405
0.004348
0.004356
0.004399
0.004337
0.004424
0.004353
0.004432
0.004348
0.004368
0.004379
0.004347
0.004408
0.004434
0.004399
0.004348
0.004377
0.004352
0.004340
0.004400
0.004336
0.004397
0.004342
0.004391
0.004345
0.004347
0.004388
0.004338
0.004418
0.004345
0.004436
0.004339
0.004391
0.004346
0.004448
0.004397
0.004343
0.004407
0.004343
0.004395
0.004341
0.004343
0.004396
0.004340
0.004410
0.004340
0.004404
0.004340
0.004394
0.004343
0.004343
0.004398
0.004340
0.004405
0.004345
0.004405
0.004344
0.004368
0.004383
0.004344
0.004396
0.004337
0.004443
0.004360
0.004406
0.004353
0.004345
0.004394
0.004345
0.004504
0.004349
0.004425
0.004355
0.004364
0.004370
0.004343
0.004422
0.004351
0.004412
0.004337
0.004416
0.004346
0.004360
0.004409
0.004347
0.004409
0.004342
0.004407
0.004339
0.004380
0.004365
0.004340
0.004416
0.004341
0.004420
0.004339
0.004408
0.004378
0.004363
0.004393
0.004342
0.004413
0.004342
0.004412
0.004345
0.004395
0.004393
0.004354
0.004428
0.004346
0.004419
0.004346
0.004405
0.004350
0.004365
0.004394
0.004347
0.004422
0.004345
0.004418
0.004354
0.004421
0.004376
0.004341
0.004412
0.004435
0.004416
0.004350
0.004419
0.004344
0.004360
0.004582
0.004358
0.004435
0.004346
0.004421
0.004341
0.004365
0.004365
0.004342
0.004417
0.004340
0.004429
0.004343
0.004432
0.004373
0.004383
0.004392
0.004351
0.004436
0.004343
0.004451
0.004346
0.004418
0.004351
0.004370
0.004422
0.004338
0.004449
0.004353
0.004450
0.004344
0.004392
0.004385
0.004344
0.004453
0.004344
0.004474
0.004351
0.004419
0.004352
0.004380
0.004415
0.004344
0.004445
0.004339
0.004428
0.004345
0.004406
0.004375
0.004342
0.004571
0.004340
0.004439
0.004346
0.004413
0.004348
0.004387
0.004399
0.004351
0.004476
0.004350
0.004419
0.004343
0.004414
0.004363
0.004360
0.004420
0.004338
0.004452
0.004348
0.004423
0.004425
0.004401
0.004403
0.004346
0.004460
0.004351
0.004513
0.004361
0.004428
0.004361
0.004400
0.004415
0.004345
0.004427
0.004356
0.004429
0.004344
0.004437
0.004467
0.004365
0.004468
0.004347
0.004418
0.004343
0.004436
0.004347
0.004402
0.004415
0.004373
0.004429
0.004346
0.004471
0.004345
0.004442
0.004366
0.004532
0.004374
0.004344
0.004432
0.004347
0.004435
0.004346
0.004409
0.004382
0.004342
0.004428
0.004353
0.004453
0.004339
0.004449
0.004339
0.004391
0.004381
0.004343
0.004447
0.004342
0.004469
0.004352
0.004416
0.004352
0.004516
0.004402
0.004343
0.004448
0.004343
0.004451
0.004344
0.004402
0.004369
0.004356
0.004429
0.004355
0.004450
0.004351
0.004428
0.004350
0.004395
0.004397
0.004347
0.004473
0.004343
0.004415
0.004355
0.004432
0.004336
0.004367
0.004427
0.004347
0.004447
0.004349
0.004425
0.004435
0.004399
0.004446
0.004355
0.004453
0.004347
0.004424
0.004346
0.004439
0.004363
0.004400
0.004409
0.004342
0.004417
0.004347
0.004436
0.004348
0.004411
0.004380
0.004343
0.004462
0.004351
0.004436
0.004345
0.004455
0.004352
0.004389
0.004408
0.004347
0.004431
0.004338
0.004428
0.004352
0.004448
0.004381
0.004375
0.004396
0.004347
0.004445
0.004345
0.004438
0.004345
0.004388
0.004399
0.004343
0.004424
0.004339
0.004445
0.004349
0.004422
0.004364
0.004374
0.004383
0.004337
0.004445
0.004351
0.004511
0.004346
0.004445
0.004342
0.004388
0.004442
0.004345
0.004436
0.004350
0.004443
0.004348
0.004384
0.004379
0.004351
0.004450
0.004343
0.004446
0.004350
0.004426
0.004347
0.004378
0.004450
0.004344
0.004460
0.004345
0.004420
0.004358
0.004421
0.004369
0.004348
0.004447
0.004340
0.004450
0.004342
0.004434
0.004354
0.004389
0.004393
0.004347
0.004452
0.004341
0.004428
0.004344
0.004418
0.004367
0.004381
0.004421
0.004345
0.004427
0.004347
0.004425
0.004343
0.004393
0.004393
0.004348
0.004488
0.004416
0.004424
0.004347
0.004440
0.004347
0.004378
0.004418
0.004344
0.004435
0.004345
0.004436
0.004349
0.004433
0.004385
0.004337
0.004458
0.004343
0.004425
0.004348
0.004442
0.004352
0.004402
0.004417
0.004341
0.004419
0.004345
0.004439
0.004414
0.004430
0.004378
0.004371
0.004397
0.004344
0.004440
0.004345
0.004457
0.004347
0.004389
0.004405
0.004344
0.004426
0.004342
0.004441
0.004342
0.004429
0.004367
0.004379
0.004387
0.004345
0.004446
0.004343
0.004441
0.004347
0.004410
0.004345
0.004419
0.004443
0.004347
0.004504
0.004344
0.004444
0.004344
0.004393
0.004372
0.004345
0.004441
0.004345
0.004443
0.004346
0.004418
0.004381
0.004364
0.004414
0.004347
0.004452
0.004558
0.004457
0.004349
0.004404
0.004361
0.004387
0.004472
0.004421
0.004430
0.004393
0.004478
0.004340
0.004397
0.004374
0.004342
0.004438
0.004339
0.004456
0.004340
0.004424
0.004345
0.004378
0.004405
0.004341
0.004457
0.004339
0.004440
0.004352
0.004433
0.004361
0.004340
0.004443
0.004354
0.004453
0.004351
0.004428
0.004433
0.004405
0.004390
0.004349
0.004455
0.004358
0.004422
0.004348
0.004431
0.004352
0.004370
0.004418
0.004340
0.004453
0.004351
0.004451
0.004349
0.004410
0.004386
0.004344
0.004451
0.004346
0.004426
0.004342
0.004429
0.004345
0.004378
0.004403
0.004339
0.004449
0.004341
0.004426
0.004347
0.004411
0.004376
0.004341
0.004448
0.004347
0.004420
0.004353
0.004426
0.004340
0.004384
0.004398
0.004344
0.004452
0.004339
0.004418
0.004346
0.004417
0.004367
0.004362
0.004442
0.004347
0.004425
0.004338
0.004512
0.004351
0.004419
0.004409
0.004379
0.004446
0.004347
0.004424
0.004347
0.004443
0.004350
0.004387
0.004422
0.004338
0.004428
0.004343
0.004442
0.004354
0.004408
0.004384
0.004338
0.004447
0.004350
0.004427
0.004353
0.004442
0.004351
0.004400
0.004408
0.004353
0.004420
0.004337
0.004440
0.004344
0.004423
0.004368
0.004369
0.004399
0.004345
0.004436
0.004348
0.004441
0.004347
0.004395
0.004415
0.004339
0.004437
0.004344
0.004444
0.004346
0.004439
0.004369
0.004377
0.004398
0.004344
0.004433
0.004437
0.004447
0.004344
0.004416
0.004346
0.004362
0.004413
0.004347
0.004443
0.004352
0.004433
0.004362
0.004384
0.004383
0.004340
0.004450
0.004350
0.004508
0.004345
0.004415
0.004340
0.004373
0.004409
0.004346
0.004439
0.004347
0.004429
0.004346
0.004399
0.004377
0.004343
0.004439
0.004346
0.004505
0.004347
0.004424
0.004345
0.004381
0.004410
0.004423
0.004463
0.004354
0.004421
0.004343
0.004409
0.004366
0.004361
0.004426
0.004337
0.004452
0.004343
0.004423
0.004347
0.004398
0.004399
0.004336
0.004527
0.004342
0.004463
0.004343
0.004447
0.004362
0.004395
0.004410
0.004345
0.004451
0.004340
0.004423
0.004346
0.004412
0.004374
0.004343
0.004455
0.004347
0.004422
0.004341
0.004431
0.004347
0.004377
0.004421
0.004340
0.004427
0.004342
0.004447
0.004356
0.004443
0.004376
0.004349
0.004453
0.004443
0.004491
0.004341
0.004441
0.004344
0.004404
0.004392
0.004341
0.004426
0.004342
0.004443
0.004338
0.004438
0.004366
0.004380
0.004394
0.004345
0.004444
0.004344
0.004459
0.004351
0.004403
0.004420
0.004455
0.004395
0.004341
0.004437
0.004346
0.004444
0.004344
0.004394
0.004370
0.004353
0.004445
0.004349
0.004438
0.004341
0.004411
0.004375
0.004365
0.004410
0.004347
0.004477
0.004342
0.004441
0.004349
0.004406
0.004360
0.004348
0.004444
0.004345
0.004432
0.004343
0.004420
0.004367
0.004379
0.004393
0.004351
0.004448
0.004346
0.004443
0.004341
0.004416
0.004377
0.004388
0.004407
0.004353
0.004438
0.004396
0.004879
0.005176
0.004980
0.004712
0.004649
0.004984
0.004894
0.004551
0.004562
0.004621
0.004529
0.004595
0.004491
0.004598
0.004481
0.004597
0.004474
0.004523
0.004562
0.004542
0.005015
0.004654
0.004621
0.004547
0.004577
0.004351
0.004640
0.004506
0.004580
0.004425
0.004460
0.004476
0.004405
0.004475
0.004346
0.004604
0.004388
0.004583
0.004694
0.004641
0.004634
0.004557
0.004554
0.004655
0.004587
0.004517
0.004542
0.004477
0.004579
0.004531
0.004639
0.004432
0.004494
0.004379
0.004386
0.004586
0.004441
0.004534
0.004442
0.004513
0.004420
0.004494
0.004437
0.004525
0.004469
0.004424
0.004481
0.004439
0.004543
0.004359
0.004522
0.004364
0.004388
0.004464
0.004355
0.004493
0.004341
0.004505
0.004349
0.004470
0.004386
0.004404
0.004469
0.004421
0.004543
0.004427
0.004553
0.004421
0.004487
0.004443
0.004441
0.004417
0.004338
0.004523
0.004348
0.004485
0.004398
0.004528
0.004348
0.004395
0.004450
0.004347
0.004594
0.004345
0.004576
0.004415
0.004537
0.004427
0.004484
0.004469
0.004349
0.004531
0.004349
0.004527
0.004339
0.004487
0.004371
0.004395
0.004581
0.004373
0.004563
0.004346
0.004511
0.004351
0.004468
0.004388
0.004380
0.004479
0.004442
0.004566
0.004344
0.004484
0.004345
0.004473
0.004458
0.004433
0.004435
0.004344
0.004532
0.004345
0.004491
0.004351
0.004518
0.004347
0.004401
0.004465
0.004351
0.004509
0.004345
0.004496
0.004448
0.004569
0.004438
0.004472
0.004468
0.004477
0.004543
0.004386
0.004545
0.004348
0.004487
0.004362
0.004403
0.004457
0.004347
0.004427
0.004339
0.004443
0.004435
0.004447
0.004389
0.004349
0.004458
0.004402
0.004466
0.004342
0.004443
0.004347
0.004418
0.004394
0.004345
0.004457
0.004346
0.004486
0.004349
0.004428
0.004366
0.004373
0.004430
0.004343
0.004423
0.004342
0.004421
0.004345
0.004381
0.004401
0.004343
0.004423
0.004346
0.004435
0.004343
0.004436
0.004347
0.004374
0.004429
0.004342
0.004418
0.004345
0.004454
0.004345
0.004404
0.004389
0.004335
0.004420
0.004351
0.004440
0.004342
0.004448
0.004348
0.004392
0.004367
0.004348
0.004436
0.004349
0.004437
0.004347
0.004413
0.004376
0.004362
0.004476
0.004364
0.004441
0.004347
0.004438
0.004340
0.004399
0.004374
0.004338
0.004445
0.004342
0.004476
0.004344
0.004441
0.004372
0.004376
0.004399
0.004346
0.004441
0.004349
0.004453
0.004351
0.004406
0.004356
0.004367
0.004411
0.004342
0.004448
0.004344
0.004414
0.004345
0.004385
0.004394
0.004342
0.004462
0.004361
0.004478
0.004345
0.004421
0.004352
0.004367
0.004418
0.004344
0.004449
0.004345
0.004420
0.004349
0.004397
0.004387
