0.037280
0.037198
0.033557
0.032984
0.034443
0.034399
0.035397
0.034854
0.036494
0.034668
0.034889
0.035042
0.035123
0.035063
0.034731
0.035029
0.034920
0.033464
0.033782
0.033147
0.034242
0.034096
0.034359
0.033195
0.034364
0.030806
0.034035
0.032967
0.033145
0.034324
0.033248
0.035112
0.035159
0.032879
0.032978
0.033905
0.033939
0.039359
0.036024
0.034770
0.035669
0.034629
0.033027
0.033992
0.035094
0.034300
0.033274
0.035216
0.034368
0.033219
0.034206
0.034555
0.033376
0.034306
0.035258
0.034233
0.034899
0.035613
0.034321
0.034708
0.035641
0.034525
0.033494
0.034379
0.034307
0.035800
0.032648
0.032822
0.032831
0.034545
0.034734
0.033814
0.034408
0.033009
0.034510
0.033079
0.034011
0.034393
0.033787
0.035156
0.032902
0.034356
0.033927
0.033170
0.033680
0.034556
0.034429
0.033567
0.034107
0.034664
0.032484
0.034211
0.034285
0.034407
0.034213
0.033145
0.034966
0.033207
0.034096
0.033393
0.033634
0.032577
0.033906
0.032961
0.033690
0.034157
0.032859
0.034471
0.041617
0.039240
0.040652
0.039675
0.039363
0.038758
0.035998
0.036430
0.036300
0.036605
0.035515
0.035471
0.036198
0.035931
0.036093
0.035418
0.035582
0.035901
0.036053
0.035980
0.035340
0.035381
0.036735
0.035878
0.034343
0.035413
0.035149
0.033622
0.034780
0.034893
0.034765
0.035077
0.035718
0.035904
0.035200
0.035969
0.035294
0.034451
0.034835
0.034069
0.034973
0.033755
0.034755
0.035238
0.035136
0.033968
0.034514
0.034785
0.034711
0.033438
0.035194
0.035618
0.034722
0.033548
0.034337
0.035394
0.035558
0.034390
0.034695
0.034386
0.035039
0.032682
0.033997
0.033373
0.033235
0.034367
0.033475
0.034324
0.033521
0.033753
0.033347
0.034417
0.034328
0.033489
0.033258
0.033761
0.034356
0.035180
0.035780
0.034099
0.034409
0.032866
0.033638
0.033320
0.034266
0.033088
0.035435
0.032988
0.033283
0.032978
0.034238
0.034334
0.034088
0.034628
0.034925
0.032367
0.032761
0.032677
0.033945
0.033927
0.034068
0.032795
0.034042
0.033997
0.034125
0.035050
0.034508
0.033011
0.033059
0.034036
0.032957
0.034222
0.034195
0.033158
0.033258
0.032897
0.032253
0.033891
0.034173
0.032183
0.033441
0.033783
0.034020
0.034478
0.033063
0.034154
0.033221
0.033233
0.033846
0.035408
0.033809
0.033044
0.034286
0.033564
0.033054
0.034141
0.033874
0.034518
0.034254
0.034406
0.034639
0.034305
0.032359
0.034892
0.035343
0.038817
0.039291
0.037547
0.035966
0.036954
0.037364
0.035672
0.036410
0.035642
0.036012
0.034886
0.035495
0.035853
0.035564
0.035791
0.035679
0.035783
0.035586
0.036348
0.035834
0.036310
0.035799
0.035678
0.035747
0.035892
0.035679
0.034783
0.035700
0.033048
0.034467
0.033117
0.034567
0.034387
0.034456
0.032921
0.033267
0.034528
0.036343
0.033898
0.033452
0.033443
0.034231
0.034144
0.034521
0.033791
0.033872
0.032798
0.034232
0.034918
0.033106
0.033993
0.036472
0.033145
0.034179
0.031809
0.032877
0.034872
0.034735
0.032972
0.034367
0.033000
0.033246
0.034165
0.034263
0.034514
0.034609
0.034528
0.034234
0.034819
0.034133
0.032627
0.033120
0.032934
0.034099
0.032455
0.033838
0.034096
0.034175
0.033390
0.034253
0.035539
0.034260
0.032796
0.035383
0.034648
0.034488
0.034716
0.033311
0.034409
0.034554
0.034069
0.034360
0.034311
0.035882
0.034508
0.035033
0.035483
0.034624
0.033147
0.034502
0.035627
0.034602
0.034643
0.034615
0.034487
0.034745
0.034945
0.033139
0.034155
0.034309
0.033342
0.033401
0.034139
0.033108
0.034260
0.034390
0.034348
0.034402
0.032444
0.034358
0.034201
0.033194
0.033049
0.034330
0.034546
0.034210
0.034539
0.034232
0.032509
0.034329
0.034294
0.034264
0.033463
0.034152
0.034267
0.034244
0.032917
0.034270
0.034300
0.034462
0.034280
0.033193
0.032223
0.032803
0.037933
0.041249
0.039819
0.039523
0.038650
0.040251
0.037182
0.037051
0.035862
0.036694
0.035018
0.035028
0.034070
0.034277
0.034644
0.033828
0.034832
0.035135
0.035142
0.035308
0.033309
0.033801
0.035038
0.034867
0.032680
0.034535
0.033706
0.034519
0.034391
0.034809
0.036288
0.034436
0.035568
0.035181
0.034902
0.034703
0.034788
0.034631
0.035830
0.034930
0.034953
0.034958
0.036201
0.034928
0.034348
0.034287
0.034250
0.033638
0.034270
0.033121
0.032748
0.033338
0.033503
0.033405
0.034621
0.031860
0.034786
0.033643
0.033816
0.033956
0.033952
0.033314
0.034727
0.033562
0.033975
0.034111
0.034431
0.033108
0.032960
0.034284
0.034001
0.034232
0.032713
0.032874
0.033957
0.034277
0.034122
0.033137
0.033292
0.033656
0.034255
0.034205
0.034324
0.032949
0.034069
0.034141
0.033366
0.033065
0.033599
0.033997
0.034032
0.032915
0.034006
0.034107
0.033993
0.035023
0.033811
0.032993
0.033055
0.033592
0.032851
0.033944
0.034156
0.034135
0.035294
0.034254
0.034501
0.033333
0.034520
0.033908
0.033994
0.034254
0.033017
0.034004
0.034909
0.034050
0.034000
0.032852
0.033910
0.033962
0.035074
0.033641
0.032880
0.033827
0.034268
0.034120
0.034220
0.033453
0.033572
0.032858
0.033718
0.033947
0.032826
0.033562
0.034308
0.033846
0.034167
0.034458
0.035241
0.034549
0.034216
0.031875
0.034202
0.033991
0.033719
0.034045
0.037321
0.039387
0.038151
0.038060
0.038049
0.037413
0.036732
0.035758
0.035560
0.035716
0.036452
0.036197
0.036440
0.036109
0.035548
0.035122
0.036279
0.034150
0.034213
0.033901
0.034209
0.034970
0.034984
0.034757
0.035404
0.035863
0.034800
0.034828
0.032386
0.031944
0.034045
0.034239
0.032162
0.033844
0.033574
0.033009
0.034507
0.033366
0.032371
0.035177
0.034615
0.034479
0.032832
0.034018
0.034162
0.034642
0.034230
0.034417
0.035684
0.032406
0.034231
0.034447
0.034286
0.034563
0.034486
0.032764
0.033109
0.034627
0.032970
0.033548
0.034289
0.034344
0.033405
0.034967
0.035100
0.032920
0.033080
0.033015
0.035147
0.034505
0.034155
0.034411
0.033924
0.034288
0.034648
0.034525
0.034378
0.034339
0.032816
0.035271
0.034222
0.034400
0.034240
0.034601
0.035420
0.034842
0.033038
0.033352
0.034263
0.033401
0.034316
0.035503
0.034166
0.033941
0.034279
0.034728
0.033215
0.033634
0.034543
0.034064
0.033551
0.034315
0.034345
0.034642
0.034516
0.034456
0.034434
0.035756
0.032409
0.034292
0.034537
0.034655
0.034855
0.035423
0.035541
0.034696
0.032467
0.034597
0.034635
0.034286
0.032829
0.034816
0.034707
0.034522
0.032562
0.032684
0.033587
0.034058
0.034313
0.034112
0.032905
0.034732
0.034245
0.035433
0.032851
0.032772
0.034545
0.033134
0.034247
0.035838
0.034138
0.034498
0.034392
0.032537
0.032032
0.038550
0.042643
0.041530
0.039307
0.038569
0.036445
0.036092
0.037043
0.036719
0.035996
0.035529
0.036232
0.035921
0.035522
0.036868
0.033210
0.034441
0.033622
0.034559
0.034495
0.034615
0.033911
0.034676
0.034798
0.034670
0.033536
0.034294
0.035613
0.033099
0.034551
0.033507
0.033430
0.035222
0.034365
0.034519
0.034279
0.034642
0.034704
0.034955
0.033459
0.034562
0.034434
0.034250
0.035019
0.035812
0.035361
0.035007
0.034914
0.035148
0.032626
0.033328
0.033045
0.033936
0.034933
0.033488
0.034901
0.033411
0.033583
0.032843
0.034641
0.034014
0.034879
0.033242
0.034167
0.034246
0.033595
0.033831
0.032606
0.033784
0.033869
0.034116
0.034988
0.033044
0.033021
0.033790
0.032188
0.034626
0.032796
0.034065
0.032270
0.033902
0.033412
0.033195
0.032405
0.032453
0.033051
0.033476
0.032657
0.033389
0.033601
0.033697
0.033718
0.032492
0.033720
0.034453
0.033578
0.033725
0.033801
0.031687
0.033408
0.034164
0.034575
0.033678
0.034779
0.033923
0.033945
0.035272
0.033461
0.034332
0.035197
0.035115
0.033798
0.034850
0.033951
0.034903
0.032115
0.033661
0.033707
0.033611
0.033607
0.033545
0.032708
0.033472
0.032476
0.034585
0.033420
0.032504
0.033447
0.033157
0.033543
0.034064
0.032650
0.033530
0.032706
0.032750
0.033550
0.033808
0.034802
0.032889
0.033783
0.033377
0.032452
0.033470
0.034576
0.034278
0.033465
0.038544
0.040195
0.038539
0.039183
0.035154
0.037420
0.036354
0.036836
0.034799
0.035687
0.034862
0.035576
0.036021
0.035672
0.035583
0.035554
0.035639
0.035734
0.035511
0.036347
0.033608
0.035635
0.035059
0.035489
0.035242
0.035060
0.033905
0.034662
0.033384
0.033802
0.034437
0.034707
0.034362
0.033105
0.034484
0.034950
0.035426
0.035923
0.034661
0.034868
0.032072
0.034847
0.034756
0.034638
0.035098
0.034967
0.034659
0.034659
0.035070
0.034821
0.036209
0.033317
0.033739
0.034257
0.034317
0.034456
0.034658
0.034336
0.034379
0.034515
0.034503
0.034477
0.034547
0.034722
0.034207
0.033955
0.034988
0.032173
0.031995
0.033680
0.032518
0.035225
0.032672
0.032523
0.033844
0.038419
0.037118
0.036691
0.036141
0.035363
0.033405
0.034517
0.033919
0.034466
0.034754
0.036113
0.034511
0.034614
0.034851
0.033381
0.034545
0.033919
0.034376
0.034520
0.033570
0.033463
0.035340
0.034395
0.034650
0.034483
0.035181
0.035822
0.034456
0.034829
0.034701
0.033739
0.034868
0.034185
0.033467
0.035162
0.035270
0.033818
0.034562
0.035644
0.034479
0.034191
0.034477
0.033568
0.034201
0.034194
0.034623
0.034161
0.034211
0.035117
0.033118
0.033934
0.034353
0.034445
0.033441
0.035123
0.034766
0.034680
0.033435
0.035080
0.034502
0.034712
0.033508
0.034005
0.034686
0.035225
0.034694
0.034543
0.034466
0.033407
0.039696
0.042088
0.040828
0.038294
0.034620
0.037740
0.036815
0.036080
0.036487
0.035799
0.035850
0.035469
0.035509
0.036327
0.035595
0.035379
0.034689
0.035299
0.035468
0.035392
0.034507
0.035621
0.034564
0.034407
0.035489
0.036480
0.035723
0.035607
0.034419
0.035991
0.035048
0.035216
0.035221
0.037090
0.032840
0.036034
0.035519
0.036664
0.034051
0.034614
0.034769
0.034736
0.033371
0.033100
0.034439
0.033220
0.035681
0.034149
0.033681
0.033556
0.034028
0.033634
0.033353
0.034509
0.034355
0.033924
0.034323
0.034367
0.032349
0.032435
0.033958
0.031662
0.032984
0.033648
0.032730
0.033946
0.032780
0.032930
0.034410
0.032791
0.032895
0.034194
0.036266
0.034862
0.034829
0.035170
0.034232
0.034892
0.034432
0.034750
0.034716
0.033466
0.034524
0.034899
0.034380
0.034815
0.034567
0.032872
0.034529
0.034226
0.032409
0.034219
0.034195
0.032635
0.034359
0.033907
0.034940
0.033001
0.034794
0.034053
0.034314
0.034493
0.032654
0.035342
0.034191
0.034770
0.034215
0.034573
0.034255
0.034797
0.034540
0.034455
0.034458
0.032389
0.033884
0.034012
0.034159
0.034330
0.034505
0.032803
0.034241
0.034359
0.034281
0.034448
0.034865
0.034402
0.034499
0.034290
0.034321
0.034625
0.035595
0.034906
0.035126
0.034564
0.033016
0.034267
0.034377
0.034075
0.034210
0.034300
0.034439
0.036330
0.033584
0.034417
0.037051
0.042260
0.037282
0.043215
0.038768
0.039131
0.038587
0.036344
0.035917
0.036513
0.035954
0.035706
0.035827
0.036075
0.035361
0.035384
0.036138
0.033867
0.035362
0.035393
0.034133
0.035074
0.034984
0.034927
0.032111
0.033210
0.035169
0.032763
0.034085
0.035443
0.033486
0.035230
0.033248
0.034748
0.033209
0.034682
0.035617
0.033438
0.034305
0.033868
0.034529
0.035464
0.033794
0.034589
0.034959
0.034821
0.034505
0.034865
0.035798
0.034739
0.035168
0.035214
0.034273
0.035860
0.033835
0.034571
0.033785
0.034564
0.034771
0.035530
0.033089
0.034490
0.035015
0.034366
0.034556
0.034949
0.034739
0.033506
0.033091
0.034343
0.034434
0.034005
0.034345
0.036024
0.032812
0.033807
0.033933
0.034436
0.034061
0.033026
0.034105
0.035337
0.034276
0.034704
0.034552
0.034613
0.034488
0.034415
0.033216
0.034485
0.034353
0.032968
0.030544
0.033497
0.032234
0.032892
0.033848
0.033180
0.034764
0.032800
0.033379
0.034913
0.033941
0.034584
0.033004
0.034007
0.034279
0.034524
0.033232
0.033947
0.034648
0.033753
0.034374
0.033814
0.033068
0.034097
0.033124
0.034117
0.034391
0.034337
0.034285
0.034379
0.034370
0.033178
0.033652
0.034183
0.033388
0.034384
0.034120
0.034279
0.033086
0.033870
0.034205
0.034277
0.034005
0.034586
0.032409
0.034180
0.035267
0.034071
0.034032
0.034315
0.034410
0.034389
0.033141
0.039387
0.041186
0.039627
0.040603
0.036258
0.037463
0.036199
0.036359
0.035788
0.035771
0.036130
0.035833
0.035165
0.035721
0.034702
0.034635
0.035379
0.035603
0.035147
0.035426
0.035383
0.034176
0.035099
0.035097
0.034103
0.034194
0.033233
0.033836
0.034420
0.034802
0.034570
0.032251
0.034080
0.033786
0.034041
0.033277
0.033603
0.033288
0.034469
0.033590
0.034025
0.033817
0.033802
0.033527
0.033994
0.034731
0.034384
0.034203
0.033860
0.033656
0.033285
0.034701
0.033526
0.034443
0.033423
0.034301
0.032933
0.033384
0.033213
0.034234
0.034043
0.033205
0.033392
0.033603
0.034172
0.034300
0.034055
0.034128
0.033953
0.033019
0.034318
0.033172
0.034337
0.033581
0.034178
0.033070
0.033556
0.033754
0.034588
0.034220
0.032912
0.033463
0.032353
0.033663
0.034170
0.034074
0.034290
0.034046
0.033750
0.033379
0.034383
0.034274
0.032798
0.033818
0.033643
0.033907
0.035025
0.033674
0.034048
0.034107
0.032773
0.035061
0.032962
0.033786
0.033394
0.034206
0.032077
0.033824
0.033934
0.032572
0.033758
0.030959
0.032334
0.033756
0.032779
0.032580
0.032702
0.033458
0.033338
0.033470
0.033557
0.034009
0.034166
0.034175
0.033884
0.034091
0.030751
0.033310
0.035198
0.032687
0.031714
0.033538
0.033600
0.032302
0.033892
0.032939
0.033791
0.034151
0.032983
0.032855
0.033158
0.033808
0.033712
0.034260
0.034017
0.034797
0.033880
0.039073
0.038307
0.039411
0.037434
0.037626
0.038208
0.037868
0.037391
0.037351
0.036228
0.036545
0.036962
0.036982
0.036739
0.036738
0.036737
0.037368
0.036650
0.037189
0.037248
0.036176
0.036072
0.036526
0.036066
0.035649
0.034708
0.035848
0.034191
0.033338
0.034403
0.034298
0.034407
0.034519
0.033695
0.033441
0.034464
0.034436
0.034612
0.034459
0.035524
0.034664
0.035135
0.035091
0.034765
0.035592
0.034438
0.034784
0.034783
0.034949
0.035047
0.035230
0.032717
0.034982
0.034472
0.034351
0.033248
0.034570
0.034745
0.034830
0.032669
0.033327
0.035279
0.033297
0.035088
0.033329
0.034450
0.034230
0.034570
0.034580
0.034580
0.032692
0.034071
0.034513
0.034826
0.034236
0.034125
0.034576
0.031271
0.034009
0.033294
0.034535
0.032919
0.034043
0.033516
0.034100
0.034273
0.033120
0.034538
0.035555
0.033582
0.033285
0.032442
0.032677
0.033467
0.033301
0.034841
0.031865
0.033157
0.033819
0.033778
0.033734
0.033891
0.034353
0.034153
0.033839
0.033949
0.033842
0.031742
0.032203
0.034943
0.032254
0.033102
0.032560
0.033686
0.033802
0.032912
0.034067
0.033904
0.032685
0.033783
0.031231
0.032577
0.032899
0.033553
0.033701
0.033745
0.032781
0.032782
0.033011
0.032910
0.033544
0.033815
0.033947
0.033649
0.034328
0.034470
0.035408
0.034345
0.034363
0.035423
0.035276
0.034729
0.034473
0.034319
0.034993
0.042887
0.041189
0.042058
0.036797
0.037150
0.036993
0.036687
0.036570
0.036604
0.036457
0.036486
0.036546
0.036654
0.035701
0.036310
0.035103
0.036181
0.036403
0.035110
0.035261
0.035952
0.034163
0.033849
0.032502
0.034263
0.032490
0.033887
0.033228
0.033564
0.032420
0.033544
0.032505
0.034119
0.034151
0.033353
0.032890
0.033732
0.034596
0.035228
0.034655
0.032179
0.034456
0.034175
0.034183
0.033170
0.033650
0.033268
0.034490
0.033287
0.034192
0.033061
0.034150
0.032887
0.033186
0.034220
0.033614
0.034399
0.035323
0.033779
0.034390
0.032867
0.033416
0.033325
0.032120
0.033946
0.034076
0.033696
0.034075
0.032904
0.033665
0.033331
0.033899
0.033256
0.034890
0.032653
0.033993
0.035155
0.033928
0.034336
0.032434
0.034328
0.035428
0.034311
0.034341
0.033255
0.034427
0.033563
0.034056
0.033929
0.032749
0.033966
0.033686
0.034060
0.033162
0.033986
0.035229
0.035273
0.033178
0.034094
0.033904
0.034321
0.034047
0.034088
0.034430
0.034293
0.032646
0.036400
0.035730
0.033721
0.032979
0.034794
0.034094
0.034123
0.033050
0.033918
0.034008
0.034040
0.034104
0.035167
0.032722
0.033605
0.033582
0.033116
0.034199
0.034388
0.034110
0.034156
0.034576
0.034072
0.033244
0.033472
0.033058
0.033736
0.033960
0.035138
0.034041
0.034914
0.034048
0.035274
0.033240
0.032619
0.032956
0.033033
0.034957
0.033818
0.038264
0.041834
0.041372
0.038465
0.038387
0.037198
0.036827
0.036028
0.036452
0.036276
0.035643
0.036467
0.036153
0.035277
0.031977
0.035158
0.035207
0.035184
0.035990
0.034512
0.035246
0.035681
0.035421
0.035544
0.034017
0.035515
0.035532
0.035596
0.033373
0.034008
0.036082
0.034594
0.035292
0.033145
0.034564
0.034845
0.035054
0.033030
0.035092
0.033700
0.034602
0.034741
0.035136
0.033748
0.034817
0.034894
0.034270
0.034718
0.036143
0.034592
0.032960
0.033404
0.033387
0.034367
0.034224
0.033254
0.033632
0.034127
0.034082
0.034362
0.033110
0.033155
0.033001
0.033545
0.033487
0.034864
0.033549
0.033869
0.032881
0.034238
0.033688
0.033862
0.033710
0.032803
0.033636
0.037441
0.036373
0.034210
0.034570
0.035147
0.034821
0.035464
0.034871
0.035279
0.033802
0.034409
0.034257
0.035259
0.033159
0.032902
0.033097
0.034023
0.034625
0.034072
0.032798
0.032426
0.033825
0.033169
0.033723
0.034718
0.034141
0.033718
0.034031
0.035039
0.032736
0.033929
0.033600
0.034187
0.032641
0.034410
0.034456
0.034938
0.033842
0.034777
0.033826
0.032714
0.033732
0.033647
0.033836
0.034171
0.033855
0.033981
0.034106
0.032696
0.033893
0.033775
0.031986
0.032474
0.033468
0.031594
0.033334
0.033457
0.033261
0.033817
0.034677
0.031628
0.034600
0.034002
0.033676
0.034880
0.033796
0.034865
0.033610
0.033519
0.033695
0.035398
0.041164
0.041565
0.037233
0.036712
0.036808
0.037851
0.036200
0.036016
0.035938
0.035472
0.035979
0.035930
0.036109
0.034989
0.034776
0.034675
0.035182
0.035163
0.035000
0.034661
0.034768
0.034130
0.033928
0.034000
0.033997
0.034018
0.034670
0.035108
0.034691
0.034069
0.034024
0.034840
0.034122
0.035386
0.034336
0.034563
0.032744
0.035452
0.033041
0.034529
0.033454
0.034673
0.034403
0.033944
0.034987
0.035195
0.033790
0.031763
0.035459
0.035411
0.034758
0.035149
0.034790
0.033204
0.033301
0.033270
0.033262
0.034414
0.034647
0.035291
0.034388
0.034008
0.034530
0.034559
0.035389
0.034701
0.034620
0.032267
0.034192
0.034048
0.034303
0.034200
0.034530
0.033876
0.032765
0.032888
0.034081
0.034161
0.034304
0.032856
0.035613
0.033946
0.034030
0.033995
0.034218
0.034397
0.035368
0.032257
0.033917
0.032795
0.034113
0.032910
0.034089
0.033946
0.034297
0.033945
0.033976
0.034369
0.032617
0.033907
0.034898
0.032928
0.034756
0.032844
0.032993
0.033874
0.033993
0.032598
0.034031
0.034010
0.033892
0.033873
0.032991
0.033661
0.034620
0.033834
0.032903
0.033935
0.034254
0.034001
0.033916
0.034060
0.033974
0.034194
0.034153
0.032818
0.033927
0.033995
0.033906
0.034071
0.032509
0.032615
0.032773
0.034333
0.033135
0.033634
0.033962
0.034401
0.033598
0.034402
0.032864
0.033040
0.033142
0.032757
0.034293
0.039573
0.041895
0.040536
0.039645
0.039215
