0.201495
0.220681
0.220044
0.220567
0.220411
0.220628
0.219978
0.221062
0.219214
0.218808
0.219440
0.220092
0.221063
0.219142
0.220232
0.219977
0.221128
0.219770
0.219868
0.220111
0.224241
0.226771
0.223665
0.223285
0.222810
0.222207
0.221063
0.220667
0.220420
0.220056
0.221405
0.220260
0.220361
0.220043
0.220074
0.221216
0.219851
0.219428
0.219567
0.220311
0.219203
0.219317
0.219441
0.229753
0.228072
0.225558
0.224627
0.224116
0.224219
0.223763
0.223775
0.223191
0.222926
0.222969
0.221171
0.221165
0.221670
0.222928
0.221962
0.221988
0.222074
0.221991
0.222915
0.221317
0.221399
0.225161
0.230409
0.227017
0.226254
0.222477
0.221585
0.223860
0.222051
0.221833
0.221497
0.222448
0.221527
0.221603
0.221041
0.221345
0.222209
0.221465
0.221753
0.221529
0.221449
0.220941
0.220821
0.220589
0.231740
0.229522
0.227395
0.225913
0.224713
0.225463
0.224405
0.224163
0.223955
0.224462
0.224192
0.223460
0.223886
0.223815
0.224788
0.223581
0.222624
0.223141
0.222286
0.222389
0.221597
0.221405
0.230652
0.230336
0.227606
0.226810
0.224961
0.224161
0.223576
0.222491
0.221953
0.220214
0.220717
0.220558
0.220154
0.218495
0.219895
0.221054
0.219640
0.219690
0.219591
0.219757
0.220998
0.219937
0.222710
0.229350
0.228486
0.225248
0.224205
0.223613
0.224080
0.224919
0.223464
0.223098
0.221884
0.222663
0.221801
0.221645
0.221042
0.220070
0.221331
0.220610
0.220719
0.218640
0.221009
0.219409
0.219585
0.227751
0.226089
0.226670
0.223440
0.222683
0.222302
0.222717
0.221542
0.221271
0.220994
0.220915
0.222261
0.221094
0.221057
0.220592
0.221165
0.220447
0.220394
0.220358
0.220286
0.221453
0.219402
0.222597
0.228533
0.226424
0.224739
0.224351
0.222941
0.223078
0.224452
0.222649
0.222231
0.222335
0.222580
0.221942
0.221588
0.221129
0.221148
0.222285
0.221239
0.221368
0.221225
0.220997
0.221644
0.221105
0.229042
0.227854
0.227292
0.225435
0.221408
0.220995
0.220346
0.221693
0.217710
0.220010
0.219940
0.220914
0.219802
0.219633
0.219546
0.219411
0.220946
0.219573
0.219644
0.219626
0.220610
0.219816
0.223801
0.228381
0.226657
0.227041
0.223870
0.223515
0.223226
0.224140
0.222912
0.222568
0.222536
0.222056
0.224621
0.223577
0.223138
0.222974
0.223751
0.222478
0.222423
0.222763
0.222229
0.223077
0.221709
0.229900
0.226685
0.227043
0.224935
0.224731
0.222243
0.222750
0.224058
0.222501
0.222319
0.221498
0.222184
0.221860
0.221474
0.221471
0.220804
0.222350
0.220654
0.219866
0.220132
0.221301
0.220810
0.225468
0.228380
0.226813
0.228032
0.225042
0.224100
0.223966
0.225268
0.223588
0.223347
0.223154
0.223108
0.224200
0.222733
0.222849
0.222378
0.221860
0.221481
0.221043
0.221104
0.218485
0.221415
0.221249
0.228794
0.225740
0.225543
0.224085
0.223862
0.223082
0.221850
0.222158
0.220995
0.221242
0.220443
0.220558
0.221316
0.219828
0.220241
0.220208
0.220726
0.220359
0.220215
0.220070
0.220049
0.221762
0.227024
0.227937
0.226065
0.225805
0.222581
0.221825
0.222814
0.222013
0.223691
0.221962
0.221692
0.221074
0.222025
0.221400
0.221453
0.220381
0.221123
0.222114
0.221262
0.221687
0.221064
0.221580
0.222458
0.229430
0.226120
0.225715
0.226052
0.224050
0.224040
0.224495
0.225852
0.224291
0.224066
0.223432
0.223655
0.224867
0.223302
0.222680
0.221948
0.223828
0.221799
0.221823
0.221451
0.221274
0.222332
0.228510
0.226003
0.224936
0.225466
0.223147
0.223012
0.222982
0.222491
0.223677
0.222297
0.222272
0.222195
0.224811
0.222797
0.222314
0.222215
0.222243
0.222692
0.221322
0.220757
0.221115
0.221857
0.224850
0.227786
0.226105
0.226001
0.226796
0.224174
0.224312
0.223579
0.224796
0.223107
0.222779
0.222491
0.222538
0.223599
0.222084
0.222219
0.222017
0.223249
0.220342
0.220566
0.220340
0.221066
0.221413
0.231156
0.226730
0.226161
0.226002
0.222858
0.223054
0.222683
0.219844
0.220785
0.219370
0.219318
0.219133
0.220567
0.221083
0.219009
0.219480
0.219391
0.220508
0.219299
0.219281
0.218833
0.218919
0.223992
0.228915
0.227749
0.227307
0.227000
0.224923
0.223319
0.223489
0.223365
0.224329
0.223067
0.222966
0.223035
0.223490
0.222826
0.222462
0.222149
0.222563
0.223332
0.222028
0.222016
0.222454
0.225176
0.230893
0.226731
0.225698
0.223997
0.224264
0.222987
0.220241
0.221585
0.221592
0.221146
0.220742
0.220469
0.220959
0.222326
0.220954
0.220986
0.220986
0.222170
0.220542
0.219906
0.220475
0.220627
0.229591
0.228395
0.226690
0.226214
0.226162
0.224180
0.222785
0.222141
0.221989
0.222412
0.221389
0.221101
0.220748
0.221577
0.220802
0.220637
0.220327
0.220992
0.221092
0.220239
0.219824
0.219667
0.219583
0.231032
0.226872
0.226730
0.225729
0.225347
0.224423
0.224024
0.223839
0.224491
0.223691
0.223190
0.225202
0.225241
0.225305
0.223970
0.223260
0.221140
0.221797
0.221205
0.220817
0.220802
0.220064
0.229257
0.227315
0.226166
0.224954
0.224915
0.223232
0.223289
0.223362
0.222673
0.223408
0.221917
0.221957
0.221402
0.220949
0.221153
0.220546
0.220689
0.219917
0.220723
0.219571
0.219081
0.219551
0.224091
0.230044
0.227449
0.226345
0.224205
0.224831
0.224018
0.223351
0.223099
0.222651
0.224060
0.222261
0.222358
0.222376
0.223351
0.221935
0.221789
0.221915
0.221762
0.221660
0.219607
0.219894
0.220119
0.230216
0.226515
0.226442
0.224702
0.224589
0.225556
0.223822
0.223422
0.222968
0.223692
0.222279
0.222214
0.222446
0.222084
0.222293
0.220520
0.217525
0.219963
0.220169
0.219547
0.219343
0.219490
0.226139
0.229625
0.225007
0.223491
0.223823
0.224142
0.223260
0.222333
0.221992
0.221596
0.222927
0.221043
0.220725
0.221821
0.222389
0.221518
0.220967
0.220947
0.221048
0.222168
0.220518
0.220881
0.221334
0.228519
0.226443
0.225177
0.224225
0.223508
0.224118
0.223138
0.223082
0.223168
0.223096
0.223891
0.222298
0.222317
0.222045
0.223346
0.222064
0.221418
0.221818
0.221744
0.222276
0.221204
0.221078
0.227591
0.229084
0.227030
0.225217
0.222844
0.222496
0.223751
0.221922
0.221767
0.221636
0.222323
0.221220
0.223079
0.221358
0.221140
0.222146
0.219795
0.220307
0.220161
0.219556
0.220016
0.219890
0.222631
0.229896
0.228891
0.227044
0.225027
0.224311
0.224974
0.223635
0.223727
0.223117
0.223170
0.223775
0.222244
0.222403
0.222215
0.223004
0.221097
0.221265
0.221116
0.221287
0.222109
0.221213
0.221049
0.230501
0.228090
0.225796
0.225347
0.224305
0.223796
0.224815
0.223253
0.222760
0.222651
0.223791
0.221723
0.221850
0.220865
0.219440
0.221335
0.219426
0.220258
0.220120
0.221327
0.218823
0.219285
0.222310
0.227870
0.226459
0.224175
0.223846
0.223348
0.224001
0.223281
0.223144
0.222700
0.222841
0.223457
0.222171
0.221550
0.221830
0.223234
0.221642
0.221482
0.221826
0.221126
0.222286
0.221486
0.218320
0.230672
0.227674
0.227946
0.226229
0.223836
0.223457
0.224956
0.223642
0.222116
0.221497
0.220953
0.222216
0.220796
0.221401
0.221151
0.222075
0.221292
0.221203
0.221235
0.221201
0.222331
0.220876
0.224453
0.226611
0.227076
0.225148
0.224616
0.224252
0.224248
0.225095
0.222328
0.221840
0.221931
0.222532
0.221959
0.221785
0.220969
0.220976
0.221688
0.220783
0.220049
0.220461
0.221133
0.220056
0.220751
0.229877
0.226566
0.226244
0.224872
0.222115
0.222427
0.222483
0.221819
0.221004
0.221003
0.220959
0.221893
0.223565
0.222642
0.221955
0.222438
0.219697
0.219942
0.220270
0.220089
0.220802
0.220122
0.226657
0.227522
0.224103
0.221769
0.221860
0.221783
0.221787
0.222296
0.221006
0.220212
0.220256
0.220372
0.221524
0.219460
0.219536
0.219474
0.220307
0.219404
0.219384
0.219217
0.219110
0.219687
0.218803
0.229729
0.227582
0.228010
0.226788
0.225729
0.224290
0.223145
0.223435
0.221852
0.221220
0.219299
0.220597
0.219565
0.219455
0.219245
0.219266
0.220735
0.219263
0.219330
0.218658
0.220098
0.219314
0.223817
0.226712
0.224601
0.225798
0.224474
0.223630
0.222849
0.223089
0.222538
0.222359
0.222288
0.219640
0.221075
0.219593
0.218989
0.218956
0.218928
0.220647
0.219136
0.218768
0.218772
0.220018
0.219125
0.228609
0.226749
0.226077
0.226007
0.220931
0.221684
0.221384
0.221644
0.220907
0.220697
0.220693
0.219990
0.220732
0.220630
0.220006
0.219897
0.220613
0.219882
0.220223
0.220089
0.219217
0.221057
0.224265
0.228923
0.227464
0.227059
0.222139
0.220939
0.221883
0.222026
0.223386
0.221849
0.221787
0.221529
0.221796
0.220786
0.220579
0.220638
0.219869
0.222170
0.219588
0.220085
0.219912
0.219637
0.219246
0.229216
0.226297
0.225391
0.226616
0.223777
0.223530
0.222080
0.220404
0.221721
0.220918
0.221022
0.220152
0.225719
0.223380
0.223239
0.222179
0.221833
0.222949
0.221654
0.221273
0.221015
0.221507
0.224325
0.228657
0.226977
0.225448
0.224491
0.222874
0.222557
0.220581
0.222157
0.220108
0.219570
0.219444
0.219776
0.220847
0.219788
0.218887
0.219163
0.220236
0.218253
0.218483
0.217732
0.218029
0.219478
0.228365
0.225071
0.223572
0.224213
0.222703
0.222516
0.220491
0.220395
0.221298
0.220204
0.220253
0.219884
0.219874
0.221196
0.219747
0.219475
0.219727
0.219677
0.219239
0.219045
0.219025
0.218969
0.222247
0.226244
0.223260
0.223230
0.224343
0.222832
0.222730
0.219530
0.220746
0.222088
0.220200
0.220390
0.220475
0.221686
0.220387
0.220728
0.219419
0.220404
0.221567
0.220246
0.220143
0.220127
0.220238
0.228266
0.227754
0.227223
0.224682
0.223991
0.222888
0.223300
0.223079
0.222802
0.224009
0.221049
0.220789
0.220544
0.221840
0.219717
0.220375
0.220180
0.220514
0.221571
0.220360
0.219686
0.219614
0.222266
0.230939
0.227501
0.226009
0.225250
0.224312
0.222897
0.222718
0.222495
0.223815
0.222751
0.222293
0.222314
0.222513
0.223048
0.222040
0.221935
0.222262
0.222263
0.221612
0.220938
0.221022
0.221119
0.230034
0.227398
0.226650
0.224963
0.224868
0.223334
0.220687
0.220673
0.219945
0.220964
0.219575
0.219040
0.223185
0.223050
0.221302
0.220738
0.220750
0.220508
0.222011
0.220730
0.220514
0.220402
0.222925
0.227743
0.225468
0.225215
0.224919
0.223455
0.222844
0.222783
0.222008
0.223166
0.221619
0.221088
0.220703
0.220389
0.221283
0.220237
0.218143
0.219811
0.219645
0.220693
0.218987
0.219454
0.220020
0.227041
0.225600
0.224731
0.224572
0.221989
0.221192
0.221635
0.221547
0.220075
0.221507
0.219785
0.219794
0.219578
0.220609
0.221774
0.219949
0.219927
0.220244
0.220747
0.219951
0.219782
0.219749
0.219647
0.228839
0.225216
0.224286
0.223497
0.223332
0.222629
0.222283
0.222118
0.222164
0.222953
0.219652
0.220777
0.220545
0.221885
0.220900
0.219399
0.219333
0.219318
0.219858
0.216659
0.218802
0.219186
0.226382
0.229055
0.227382
0.227186
0.224506
0.224078
0.222324
0.221834
0.222061
0.221750
0.222653
0.221500
0.221450
0.221412
0.222202
0.221031
0.220677
0.220708
0.220670
0.222058
0.219715
0.220573
0.220546
0.229246
0.224644
0.224031
0.223892
0.223203
0.224076
0.221033
0.221622
0.221411
0.222008
0.221301
0.221224
0.220725
0.219960
0.222017
0.220548
0.221368
0.220887
0.219560
0.220437
0.220240
0.220787
0.226278
0.228023
0.225330
0.223444
0.223250
0.223472
0.222507
0.221287
0.221209
0.220959
0.222093
0.220973
0.222788
0.222592
0.222257
0.222838
0.220976
0.220395
0.220001
0.221395
0.220396
0.220331
0.220752
0.227993
0.225646
0.223753
0.223621
0.223014
0.223106
0.221658
0.221821
0.221351
0.221097
0.221524
0.220469
0.220699
0.219387
0.220509
0.219129
0.219508
0.219598
0.219241
0.220558
0.219431
0.218743
0.226655
0.229009
0.225958
0.224801
0.222286
0.222261
0.223480
0.222278
0.222234
0.221917
0.223134
0.221120
0.220988
0.221274
0.220305
0.220968
0.219862
0.219292
0.219641
0.219645
0.220852
0.219883
0.219750
0.230445
0.227957
0.225151
0.224232
0.223908
0.223792
0.224805
0.221735
0.221830
0.221918
0.223232
0.222258
0.221670
0.221285
0.221615
0.222724
0.221244
0.219953
0.220940
0.220006
0.220532
0.221201
0.225602
0.226073
0.226181
0.224954
0.224500
0.223481
0.224287
0.222864
0.222458
0.221826
0.220501
0.221097
0.220196
0.220465
0.220468
0.220812
0.219741
0.219796
0.220194
0.220111
0.221295
0.220352
0.220617
0.227140
0.223323
0.221602
0.221715
0.221143
0.220859
0.221605
0.220903
0.220365
0.219846
0.220578
0.221806
0.220207
0.220224
0.219864
0.220650
0.220159
0.218969
0.219271
0.219335
0.218762
0.218820
0.225045
0.226534
0.225763
0.223724
0.221713
0.221629
0.221851
0.222867
0.221059
0.220692
0.218916
0.220560
0.222341
0.220496
0.221964
0.221529
0.222870
0.221697
0.221029
0.221595
0.221762
0.220764
0.220561
0.227537
0.225688
0.225349
0.222529
0.222404
0.221934
0.222834
0.221638
0.221043
0.220248
0.220033
0.222064
0.220823
0.220540
0.218153
0.220132
0.221531
0.220184
0.220197
0.219935
0.221201
0.220318
0.224022
0.227137
0.225782
0.226761
0.224514
0.224427
0.224468
0.225019
0.224007
0.223736
0.223439
0.223071
0.223908
0.222262
0.222289
0.221702
0.221663
0.221011
0.220882
0.220688
0.220671
0.221973
0.220280
0.229983
0.229045
0.225717
0.223956
0.223774
0.223727
0.224347
0.225417
0.223699
0.223366
0.223346
0.223935
0.223394
0.223131
0.223034
0.222779
0.223382
0.219961
0.221009
0.220815
0.222103
0.221061
0.228128
0.227774
0.226972
0.227979
0.225207
0.222906
0.222987
0.221950
0.220831
0.220874
0.220926
0.220907
0.221991
0.220207
0.220906
0.221042
0.221287
0.220842
0.221462
0.221213
0.220761
0.221842
0.221879
0.230548
0.227633
0.226642
0.223303
0.222903
0.222555
0.219959
0.224382
0.222288
0.222304
0.221507
0.222455
0.221007
0.221152
0.221209
0.220923
0.222373
0.219376
0.219837
0.220045
0.219428
0.221649
0.227892
0.228625
0.226644
0.223614
0.221668
0.221281
0.222164
0.221790
0.223262
0.221813
0.222255
0.222027
0.224584
0.222013
0.221598
0.221809
0.221326
0.223145
0.221385
0.221388
0.219446
0.221131
0.222628
0.229654
0.227476
0.225701
0.224215
0.222119
0.221920
0.221641
0.222642
0.221579
0.221365
0.221414
0.220856
0.221878
0.220448
0.220139
0.219891
0.220777
0.220385
0.219872
0.219421
0.219955
0.221143
0.226338
0.227392
0.225948
0.225646
0.222427
0.222582
0.222073
0.221410
0.223055
0.221466
0.221807
0.221592
0.222522
0.221197
0.221329
0.221078
0.221074
0.221865
0.221238
0.221266
0.220877
0.220548
0.224678
0.230130
0.228022
0.227007
0.226450
0.223655
0.223340
0.222971
0.222924
0.223703
0.222387
0.222231
0.222095
0.223330
0.221977
0.221941
0.221685
0.221502
0.222002
0.220026
0.219724
0.219751
0.220856
0.225768
0.225327
0.224442
0.223908
0.224786
0.222892
0.222706
0.222631
0.223211
0.220948
0.221374
0.221028
0.219492
0.221775
0.220315
0.218702
0.219957
0.221491
0.220015
0.218835
0.219538
0.219309
0.222990
0.228709
0.227754
0.225913
0.223222
0.221822
0.221978
0.220713
0.221364
0.222093
0.220579
0.220091
0.219973
0.220784
0.219832
0.220264
0.219170
0.220041
0.220684
0.219626
0.219462
0.217397
0.219405
0.228256
0.226360
0.225116
0.224233
0.223074
0.221924
0.222489
0.220177
0.221622
0.222821
0.221476
0.221462
0.223166
0.223258
0.221851
0.221944
0.221410
0.219951
0.222263
0.221043
0.218809
0.220632
0.224014
0.228679
0.226786
0.224291
0.223951
0.224387
0.223046
0.222790
0.222069
0.223598
0.221829
0.221458
0.221055
0.221118
0.221863
0.220871
0.220519
0.220440
0.221536
0.220414
0.220057
0.219260
0.220392
0.225277
0.224851
0.224030
0.224039
0.223657
0.222539
0.221591
0.221144
0.220856
0.222329
0.221060
0.220521
0.221135
0.220527
0.221732
0.220638
0.219953
0.219866
0.221105
0.219559
0.219259
0.219350
0.221459
0.229581
0.227049
0.226354
0.226290
0.225838
0.223880
0.223691
0.223685
0.223575
0.224375
0.223048
0.222822
0.222395
0.221183
0.220233
0.220298
0.220602
0.219869
0.220706
0.220007
0.218314
0.218432
0.228918
0.229632
0.226690
0.226826
0.225081
0.225777
0.224497
0.223359
0.222321
0.223531
0.222134
0.220241
0.220646
0.220709
0.221807
0.220095
0.219158
0.220253
0.221091
0.220042
0.219930
0.220111
0.221715
0.228896
0.225367
0.225197
0.222985
0.223878
0.223042
0.222730
0.222589
0.222235
0.223143
0.220850
0.220804
0.218702
0.220439
0.221001
0.219820
0.219996
0.219903
0.220797
0.219895
0.219642
0.219808
0.227347
0.228154
0.225728
0.224822
0.223837
0.224589
0.223242
0.222646
0.222617
0.222533
0.223681
0.222893
0.224231
0.223488
0.224077
0.221483
0.221443
0.221201
0.220855
0.221660
0.220140
0.220464
0.223547
0.229149
0.226689
0.225618
0.224015
0.222803
0.224088
0.222465
0.221935
0.221788
0.221520
0.220850
0.220799
0.220780
0.220670
0.221877
0.220643
0.220706
0.220566
0.220833
0.219666
0.218397
0.219552
0.228987
0.229653
0.226117
0.224861
0.224182
0.224468
0.223345
0.221524
0.221624
0.221101
0.222664
0.221383
0.221320
0.222409
0.222425
0.221043
0.221068
0.221049
0.220810
0.221804
0.220223
0.220844
0.225302
0.226942
0.226039
0.224431
0.224082
0.223935
0.224968
0.221343
0.221842
0.220699
0.220447
0.221769
0.220482
0.220256
0.220478
0.221681
0.220003
0.220409
0.220396
0.219834
0.221267
0.220092
0.219987
0.229250
0.228831
0.226886
0.225449
0.223740
0.223429
0.225033
0.223927
0.223819
0.223850
0.222844
0.221618
0.220769
0.221237
0.220198
0.221992
0.220860
0.221141
0.220889
0.221602
0.220646
0.220537
0.224668
0.227486
0.225217
0.221747
0.222750
0.222808
0.223814
0.222391
0.222659
0.221971
0.221874
0.221485
0.220242
0.220038
0.220394
0.221294
0.220641
0.220362
0.218134
0.220377
0.220465
0.220011
0.219978
0.229811
0.226384
0.226648
0.225349
0.224542
0.224506
0.225528
0.224092
0.223852
0.223509
0.223935
0.221305
0.222638
0.221700
0.221388
0.222794
0.221365
0.221192
0.220879
0.220980
0.221775
0.221009
0.225728
0.228830
0.228202
0.225864
0.223543
0.223129
0.223604
0.224422
0.223661
0.220422
0.221255
0.222741
0.221496
0.220866
0.221266
0.220661
0.222341
0.220917
0.220711
0.220578
0.221653
0.221049
0.221292
0.230657
0.228056
0.228918
0.224653
0.223569
0.223592
0.224062
0.222706
0.222149
0.222441
0.222528
0.222645
0.221832
0.221602
0.221094
0.222107
0.221012
0.221205
0.220951
0.220808
0.221966
0.220468
0.226485
0.228187
0.227731
0.225087
0.223541
0.222519
0.219822
0.223273
0.222268
0.221441
0.221280
0.221760
0.221555
0.221496
0.221435
0.221298
0.222472
0.221287
0.221297
0.220864
0.221608
0.220047
0.223428
0.228416
0.225690
0.224759
0.223601
0.222846
0.222756
0.222344
0.221190
0.218965
0.220905
0.220473
0.222120
0.220787
0.220712
0.218461
0.220429
0.221534
0.220800
0.220904
0.219809
0.221400
0.220060
0.226014
0.227828
0.226174
0.226773
0.221728
0.221608
0.221657
0.221849
0.222088
0.221449
0.221388
0.221478
0.222343
0.219801
0.220000
0.219465
0.221233
0.219996
0.219227
0.219344
0.219167
0.220460
0.221576
0.230243
0.227737
0.227880
0.226269
0.225234
0.225481
0.224084
0.222453
0.221934
0.222636
0.221657
0.223713
0.224117
0.223913
0.222822
0.222588
0.223452
0.222556
0.221822
0.221196
0.222863
0.221799
0.229298
0.226434
