0.006161
0.003907
0.003585
0.003446
0.003353
0.003272
0.003217
0.003216
0.003195
0.003205
0.003216
0.003225
0.003206
0.003204
0.003196
0.003218
0.003211
0.003194
0.003190
0.003173
0.003201
0.003205
0.003206
0.003194
0.003193
0.003200
0.003194
0.003198
0.003191
0.003179
0.003198
0.003200
0.003198
0.003206
0.003188
0.003189
0.003196
0.003201
0.003180
0.003186
0.003187
0.003189
0.003199
0.003182
0.003191
0.003190
0.003186
0.003187
0.003179
0.003187
0.003190
0.003203
0.003195
0.003180
0.003181
0.003184
0.003198
0.003190
0.003176
0.003186
0.003197
0.003190
0.003206
0.003196
0.003185
0.003193
0.003188
0.003185
0.003178
0.003192
0.003192
0.003187
0.003186
0.003169
0.003190
0.003188
0.003178
0.003191
0.003182
0.003190
0.003192
0.003196
0.003187
0.003186
0.003187
0.003197
0.003192
0.003194
0.003189
0.003184
0.003199
0.003181
0.003185
0.003181
0.003188
0.003198
0.003179
0.003185
0.003167
0.003178
0.003188
0.003184
0.003194
0.003183
0.003193
0.003190
0.003191
0.003176
0.003187
0.003185
0.003186
0.003188
0.003180
0.003171
0.003192
0.003190
0.003177
0.003187
0.003178
0.003192
0.003185
0.003189
0.003176
0.003181
0.003184
0.003174
0.003188
0.003180
0.003169
0.003189
0.003187
0.003177
0.003181
0.003177
0.003190
0.003181
0.003193
0.003185
0.003180
0.003193
0.003178
0.003183
0.003174
0.003180
0.003190
0.003194
0.003195
0.003185
0.003174
0.003196
0.003185
0.003168
0.003178
0.003191
0.003192
0.003191
0.003191
0.003175
0.003174
0.003186
0.003190
0.003185
0.003183
0.003193
0.003195
0.003177
0.003175
0.003184
0.003198
0.003189
0.003189
0.003188
0.003189
0.003186
0.003189
0.003186
0.003184
0.003176
0.003192
0.003184
0.003187
0.003180
0.003177
0.003179
0.003188
0.003177
0.003171
0.003171
0.003182
0.003173
0.003171
0.003179
0.003181
0.003175
0.003181
0.003182
0.003171
0.003178
0.003183
0.003168
0.003188
0.003170
0.003176
0.003196
0.003195
0.003194
0.003172
0.003181
0.003177
0.003187
0.003179
0.003188
0.003184
0.003183
0.003185
0.003176
0.003181
0.003183
0.003185
0.003205
0.003187
0.003176
0.003212
0.003191
0.003181
0.003183
0.003184
0.003190
0.003193
0.003208
0.003181
0.003179
0.003183
0.003185
0.003178
0.003184
0.003179
0.003186
0.003195
0.003181
0.003171
0.003177
0.003175
0.003182
0.003183
0.003170
0.003177
0.003191
0.003182
0.003182
0.003183
0.003170
0.003187
0.003181
0.003177
0.003172
0.003164
0.003186
0.003172
0.003177
0.003168
0.003181
0.003181
0.003181
0.003173
0.003176
0.003179
0.003180
0.003183
0.003189
0.003169
0.003173
0.003190
0.003172
0.003174
0.003166
0.003180
0.003185
0.003194
0.003161
0.003173
0.003178
0.003176
0.003174
0.003162
0.003171
0.003191
0.003179
0.003172
0.003170
0.003183
0.003182
0.003216
0.003180
0.003162
0.003177
0.003176
0.003179
0.003186
0.003177
0.003177
0.003190
0.003188
0.003189
0.003175
0.003186
0.003189
0.003181
0.003185
0.003176
0.003174
0.003189
0.003175
0.003185
0.003165
0.008730
0.003340
0.003181
0.003142
0.003114
0.003113
0.003103
0.003106
0.003106
0.003116
0.003099
0.003105
0.003111
0.003109
0.003107
0.003092
0.003113
0.003109
0.003099
0.003091
0.003109
0.003112
0.003112
0.003102
0.003106
0.003107
0.003114
0.003108
0.003100
0.003115
0.003115
0.003115
0.003092
0.003103
0.003104
0.003107
0.003112
0.003103
0.003102
0.003097
0.003111
0.003103
0.003103
0.003104
0.003099
0.003107
0.003113
0.003116
0.003107
0.003110
0.003117
0.003097
0.003101
0.003092
0.003100
0.003090
0.003117
0.003106
0.003113
0.003104
0.003104
0.003105
0.003098
0.003108
0.003092
0.003102
0.003094
0.003103
0.003098
0.003088
0.003105
0.003109
0.003100
0.003094
0.003103
0.003104
0.003103
0.003095
0.003100
0.003100
0.003099
0.003109
0.003093
0.003103
0.003109
0.003104
0.003086
0.003107
0.003099
0.003106
0.003103
0.003102
0.003104
0.003108
0.003110
0.003094
0.003095
0.003107
0.003111
0.003114
0.003099
0.003099
0.003101
0.003110
0.003089
0.003101
0.003101
0.003096
0.003092
0.003092
0.003109
0.003112
0.003101
0.003094
0.003089
0.003106
0.003105
0.003097
0.003087
0.003108
0.003115
0.003102
0.003097
0.003107
0.003097
0.003110
0.003104
0.003089
0.003105
0.003103
0.003089
0.003093
0.003102
0.003100
0.003106
0.003090
0.003105
0.003102
0.003107
0.003098
0.003097
0.003103
0.003103
0.003106
0.003093
0.003097
0.003121
0.003100
0.003108
0.003095
0.003093
0.003110
0.003110
0.003095
0.003109
0.003106
0.003108
0.003105
0.003096
0.003104
0.003103
0.003108
0.003094
0.003097
0.003099
0.003106
0.003104
0.003084
0.003113
0.003097
0.003108
0.003100
0.003100
0.003097
0.003103
0.003100
0.003088
0.003109
0.003106
0.003105
0.003093
0.003104
0.003108
0.003111
0.003102
0.003087
0.003107
0.003105
0.003101
0.003087
0.003104
0.003114
0.003093
0.003099
0.003088
0.003102
0.003101
0.003106
0.003103
0.003105
0.003107
0.003109
0.003102
0.003093
0.003109
0.003112
0.003103
0.003102
0.003089
0.003103
0.003099
0.003096
0.003100
0.003108
0.003114
0.003111
0.003094
0.003119
0.003106
0.003099
0.003097
0.003093
0.003111
0.003109
0.003103
0.003088
0.003109
0.003106
0.003107
0.003107
0.003108
0.003102
0.003103
0.003108
0.003101
0.003106
0.003101
0.003106
0.003093
0.003099
0.003104
0.003111
0.003105
0.003097
0.003104
0.003095
0.003108
0.003098
0.003109
0.003110
0.003099
0.003113
0.003099
0.003107
0.003100
0.003107
0.003109
0.003095
0.003099
0.003101
0.003091
0.003104
0.003095
0.003107
0.003105
0.003110
0.003108
0.003103
0.003105
0.003095
0.003087
0.003101
0.003107
0.003113
0.003097
0.003099
0.003106
0.003101
0.003106
0.003093
0.003103
0.003100
0.003113
0.003095
0.003101
0.003099
0.003096
0.003101
0.003101
0.003099
0.003099
0.003099
0.003084
0.003099
0.003120
0.003096
0.003089
0.003100
0.003100
0.003100
0.003091
0.003093
0.003102
0.003108
0.003096
0.003089
0.003103
0.003110
0.003104
0.003107
0.003090
0.003114
0.003114
0.003106
0.003097
0.003104
0.003097
0.003109
0.003094
0.003100
0.003934
0.003181
0.003121
0.003112
0.003096
0.003093
0.003108
0.003104
0.003099
0.003100
0.003113
0.003105
0.003099
0.003095
0.003094
0.003110
0.003101
0.003092
0.003093
0.003103
0.003092
0.003093
0.003094
0.003104
0.003101
0.003106
0.003098
0.003107
0.003117
0.003112
0.003102
0.003094
0.003096
0.003102
0.003092
0.003094
0.003099
0.003112
0.003105
0.003108
0.003101
0.003101
0.003103
0.003102
0.003100
0.003094
0.003102
0.003108
0.003102
0.003098
0.003103
0.003102
0.003093
0.003088
0.003101
0.003099
0.003099
0.003095
0.003093
0.003100
0.003094
0.003103
0.003093
0.003111
0.003096
0.003112
0.003093
0.003095
0.003108
0.003101
0.003106
0.003089
0.003101
0.003102
0.003094
0.003092
0.003087
0.003107
0.003102
0.003104
0.003099
0.003104
0.003105
0.003118
0.003108
0.003089
0.003106
0.003109
0.003093
0.003091
0.003106
0.003107
0.003117
0.003133
0.004022
0.003185
0.003143
0.003130
0.003107
0.003107
0.003137
0.003138
0.003123
0.003111
0.003122
0.003107
0.003107
0.003120
0.003158
0.003163
0.003131
0.003112
0.003103
0.003098
0.003102
0.003105
0.003114
0.003091
0.003103
0.003109
0.003103
0.003097
0.003102
0.003100
0.003104
0.003101
0.003099
0.003102
0.003116
0.003110
0.003099
0.003111
0.003109
0.003102
0.003104
0.003103
0.003087
0.003114
0.003109
0.003101
0.003088
0.003113
0.003094
0.003106
0.003098
0.003102
0.003093
0.003105
0.003090
0.003100
0.003111
0.003097
0.003113
0.003095
0.003105
0.003103
0.003099
0.003093
0.003091
0.003094
0.003096
0.003090
0.003087
0.003102
0.003103
0.003100
0.003094
0.003097
0.003098
0.003098
0.003097
0.003093
0.003098
0.003107
0.003111
0.003091
0.003095
0.003102
0.003099
0.003099
0.003094
0.003108
0.003105
0.003105
0.003089
0.003098
0.003093
0.003101
0.003107
0.003088
0.003104
0.003103
0.003100
0.003099
0.003103
0.003093
0.003108
0.003103
0.003096
0.003109
0.003114
0.003112
0.003086
0.003101
0.003106
0.003108
0.003101
0.003098
0.003107
0.003110
0.003106
0.003105
0.003100
0.003104
0.003116
0.003097
0.003089
0.003110
0.003103
0.003107
0.003100
0.003101
0.003108
0.003109
0.003101
0.003101
0.003101
0.003110
0.003112
0.003099
0.003109
0.003097
0.003112
0.003095
0.003104
0.003109
0.003101
0.003092
0.003095
0.003101
0.003105
0.003111
0.003103
0.003100
0.003101
0.003109
0.003093
0.003101
0.003101
0.003109
0.003100
0.003100
0.003101
0.003116
0.003112
0.003108
0.003100
0.003107
0.003102
0.003102
0.003098
0.003096
0.003099
0.003101
0.003092
0.003089
0.003107
0.003101
0.003100
0.003087
0.003093
0.003092
0.003094
0.003095
0.003099
0.003102
0.003097
0.003095
0.003098
0.003098
0.003108
0.003093
0.003095
0.003092
0.003113
0.003110
0.003107
0.003089
0.003099
0.003101
0.003096
0.003090
0.003097
0.003096
0.003105
0.003108
0.003091
0.003101
0.003102
0.003110
0.003092
0.003103
0.003107
0.003124
0.003096
0.003091
0.003095
0.003109
0.003101
0.003092
0.003095
0.003099
0.003094
0.003096
0.003099
0.003102
0.003102
0.003103
0.003094
0.003089
0.003101
0.003097
0.003092
0.003105
0.003110
0.003101
0.003092
0.003097
0.003098
0.003095
0.003107
0.003095
0.003092
0.003110
0.003102
0.003097
0.003096
0.003104
0.003100
0.003096
0.003102
0.003094
0.003100
0.003102
0.003093
0.003085
0.003098
0.003098
0.003101
0.003103
0.003101
0.003105
0.003097
0.003103
0.003102
0.003115
0.003103
0.003099
0.003093
0.003102
0.003097
0.003100
0.003106
0.003092
0.003098
0.003104
0.003111
0.003100
0.003110
0.003100
0.003102
0.003099
0.003102
0.003103
0.003111
0.003109
0.003105
0.003109
0.003109
0.003104
0.003110
0.003095
0.003103
0.003101
0.003102
0.003094
0.003094
0.003100
0.003094
0.003095
0.003100
0.003102
0.003100
0.003107
0.003094
0.003102
0.003111
0.003091
0.003101
0.003100
0.003104
0.003107
0.003092
0.003092
0.003104
0.003100
0.003096
0.003096
0.003096
0.003107
0.003102
0.003099
0.003087
0.003093
0.003098
0.003112
0.003085
0.003095
0.003099
0.003102
0.003094
0.003092
0.003101
0.003102
0.003100
0.003086
0.003094
0.003101
0.003096
0.003100
0.003096
0.003104
0.003101
0.003102
0.003094
0.003108
0.003105
0.003095
0.003089
0.003093
0.003093
0.003094
0.003088
0.003090
0.003103
0.003100
0.003093
0.003099
0.003096
0.003110
0.003102
0.003099
0.003087
0.003102
0.003100
0.003090
0.003095
0.003090
0.003093
0.003096
0.003101
0.003086
0.003097
0.003097
0.003093
0.003085
0.003095
0.003109
0.003100
0.003095
0.003094
0.003107
0.003101
0.003103
0.003087
0.003103
0.003092
0.003094
0.003090
0.003094
0.003095
0.003090
0.003101
0.003088
0.003101
0.003100
0.003102
0.003086
0.003096
0.003097
0.003107
0.003086
0.003094
0.003103
0.003108
0.003102
0.003096
0.003095
0.003113
0.003099
0.003101
0.003089
0.003108
0.003094
0.003101
0.003086
0.003099
0.003103
0.003093
0.003092
0.003085
0.003095
0.003101
0.003094
0.003091
0.003095
0.003094
0.003094
0.003092
0.003102
0.003100
0.003097
0.003103
0.003097
0.003106
0.003102
0.003103
0.003085
0.003101
0.003094
0.003113
0.003102
0.003100
0.003118
0.003108
0.003109
0.003094
0.003111
0.003106
0.003109
0.003100
0.003097
0.003105
0.003102
0.003095
0.003093
0.003106
0.003109
0.003111
0.003099
0.003096
0.003112
0.003098
0.003103
0.003093
0.003100
0.003109
0.003112
0.003105
0.003095
0.003106
0.003103
0.003101
0.003098
0.003099
0.003101
0.003102
0.003083
0.003090
0.003110
0.003098
0.003101
0.003095
0.003095
0.003099
0.003102
0.003100
0.003093
0.003108
0.003100
0.003102
0.003097
0.003105
0.003102
0.003102
0.003093
0.003094
0.003100
0.003109
0.003107
0.003100
0.003097
0.003092
0.003104
0.003092
0.003100
0.003092
0.003094
0.003108
0.003094
0.003102
0.003098
0.003101
0.003093
0.003100
0.003111
0.003101
0.003093
0.003093
0.003103
0.003093
0.003095
0.003098
0.003106
0.003105
0.003101
0.003099
0.003090
0.003101
0.003100
0.003100
0.003095
0.003106
0.003135
0.003100
0.003092
0.003087
0.003094
0.003106
0.003103
0.003083
0.003093
0.003097
0.003103
0.003088
0.003093
0.003101
0.003097
0.003089
0.003086
0.003094
0.003107
0.003093
0.003095
0.005308
0.003181
0.003118
0.003103
0.003103
0.003098
0.003085
0.003095
0.003097
0.003100
0.003096
0.003093
0.003099
0.003097
0.003093
0.003078
0.003095
0.003090
0.003096
0.003088
0.003084
0.003092
0.003100
0.003094
0.003096
0.003095
0.003104
0.003106
0.003109
0.003102
0.003113
0.003105
0.003099
0.003100
0.003094
0.003100
0.003096
0.003091
0.003099
0.003094
0.003096
0.003100
0.003085
0.003096
0.003097
0.003094
0.003087
0.003095
0.003098
0.003094
0.003099
0.003093
0.003105
0.003101
0.003097
0.003086
0.003099
0.003102
0.003099
0.003089
0.003083
0.003105
0.003105
0.003095
0.003092
0.003086
0.003101
0.003093
0.003087
0.003102
0.003101
0.003092
0.003102
0.003086
0.003092
0.003096
0.003096
0.003082
0.003093
0.003100
0.003105
0.003091
0.003083
0.003100
0.003095
0.003097
0.003098
0.003108
0.003107
0.003101
0.003097
0.003090
0.003096
0.003100
0.003102
0.003101
0.003094
0.003102
0.003092
0.003092
0.003089
0.003099
0.003100
0.003094
0.003093
0.003095
0.003106
0.003101
0.003093
0.003093
0.003093
0.003101
0.003100
0.003092
0.003105
0.003093
0.003110
0.003104
0.003093
0.003104
0.003101
0.003097
0.003093
0.003104
0.003103
0.003096
0.003088
0.003091
0.003087
0.003100
0.003090
0.003098
0.003101
0.003104
0.003096
0.003086
0.003099
0.003102
0.003102
0.003084
0.003100
0.003102
0.003101
0.003107
0.003087
0.003090
0.003095
0.003101
0.003103
0.003099
0.003104
0.003097
0.003100
0.003086
0.003087
0.003101
0.003104
0.003094
0.003087
0.003108
0.003110
0.003106
0.003094
0.003092
0.003095
0.003093
0.003099
0.003103
0.003106
0.003104
0.003111
0.003089
0.003092
0.003102
0.003098
0.003099
0.003114
0.003108
0.003108
0.003097
0.003084
0.003103
0.003100
0.003093
0.003096
0.003097
0.003106
0.003092
0.003094
0.003086
0.003098
0.003110
0.003107
0.003096
0.003098
0.003098
0.003103
0.003095
0.003086
0.003094
0.003098
0.003099
0.003088
0.003096
0.003099
0.003095
0.003086
0.003095
0.003089
0.003097
0.003081
0.003093
0.003096
0.003107
0.003100
0.003094
0.003105
0.003100
0.003101
0.003098
0.003097
0.003105
0.003094
0.003099
0.003096
0.003102
0.003107
0.003108
0.003089
0.003091
0.003107
0.003100
0.003101
0.003089
0.003101
0.003093
0.003100
0.003093
0.003101
0.003101
0.003100
0.003100
0.003097
0.003110
0.003105
0.003104
0.003091
0.003094
0.003099
0.003102
0.003101
0.003084
0.003100
0.003098
0.003098
0.003087
0.003094
0.003098
0.003098
0.003107
0.003096
0.003102
0.003094
0.003100
0.003095
0.003097
0.003108
0.003102
0.003101
0.003096
0.003108
0.003099
0.003103
0.003094
0.003093
0.003101
0.003101
0.003092
0.003088
0.003107
0.003092
0.003108
0.003081
0.003084
0.003102
0.003100
0.003099
0.003102
0.003115
0.003111
0.003100
0.003089
0.003097
0.003101
0.003094
0.003084
0.003095
0.003098
0.003119
0.003104
0.003090
0.003094
0.003100
0.003110
0.003098
0.003098
0.003108
0.003094
0.003091
0.003088
0.003111
0.003100
0.003100
0.003087
0.003104
0.003096
0.003098
0.003089
0.003098
0.003093
0.003104
0.003100
0.003084
0.003104
0.003097
0.003097
0.003098
0.003102
0.003114
0.003095
0.003105
0.003093
0.003097
0.003102
0.003102
0.003099
0.003097
0.003103
0.003101
0.003100
0.003203
0.003105
0.003102
0.003097
0.003093
0.003104
0.003093
0.003099
0.003095
0.003095
0.003089
0.003103
0.003101
0.003089
0.003090
0.003096
0.003098
0.003105
0.003088
0.003110
0.003099
0.003098
0.003087
0.003101
0.003098
0.003106
0.003084
0.003099
0.003107
0.003106
0.003105
0.003092
0.003113
0.003102
0.003097
0.003087
0.003092
0.003100
0.003094
0.003095
0.003092
0.003097
0.003101
0.003107
0.003090
0.003101
0.003094
0.003108
0.003094
0.003138
0.003123
0.003114
0.003100
0.003104
0.003098
0.003109
0.003109
0.003100
0.003104
0.003104
0.003103
0.003104
0.003114
0.003102
0.003101
0.003110
0.003101
0.003094
0.003105
0.003108
0.003094
0.003096
0.003099
0.003098
0.003092
0.003104
0.003086
0.003096
0.003105
0.003098
0.003100
0.003105
0.003101
0.003107
0.003102
0.003112
0.003101
0.003098
0.003097
0.003088
0.003089
0.003103
0.003101
0.003096
0.003099
0.003106
0.003096
0.003098
0.003094
0.003091
0.003097
0.003101
0.003094
0.003099
0.003109
0.003096
0.003103
0.003093
0.003095
0.003100
0.003093
0.003094
0.003085
0.003109
0.003104
0.003100
0.003100
0.003103
0.003098
0.003097
0.003096
0.003105
0.003105
0.003098
0.003098
0.003094
0.003103
0.003094
0.003099
0.003089
0.003097
0.003100
0.003092
0.003093
0.003095
0.003106
0.003101
0.003099
0.003104
0.003108
0.003100
0.003108
0.003099
0.003094
0.003102
0.003108
0.003103
0.003101
0.003102
0.003108
0.003098
0.003100
0.003099
0.003110
0.003095
0.003109
0.003100
0.003095
0.003111
0.003099
0.003095
0.003101
0.003113
0.003097
0.003106
0.003104
0.003102
0.003106
0.003091
0.003106
0.003115
0.003089
0.003104
0.003092
0.003093
0.003095
0.003093
0.003098
0.003091
0.003099
0.003106
0.003096
0.003089
0.003096
0.003100
0.003093
0.003093
0.003094
0.003101
0.003092
0.003103
0.003099
0.003094
0.003109
0.003108
0.003097
0.003090
0.003103
0.003100
0.003094
0.003089
0.003086
0.003099
0.003107
0.003103
0.003093
0.003115
0.003107
0.003101
0.003096
0.003100
0.003107
0.003109
0.003119
0.003102
0.003108
0.003117
0.003105
0.003093
0.003106
0.003106
0.003099
0.003103
0.003095
0.003099
0.003101
0.003102
0.003098
0.003101
0.003103
0.003108
0.003111
0.003102
0.003109
0.003108
0.003104
0.003097
0.003097
0.003105
0.003103
0.003101
0.003099
0.003110
0.003108
0.003094
0.003101
0.003099
0.003097
0.003104
0.003094
0.003098
0.003098
0.003100
0.003106
0.003089
0.003101
0.003101
0.003095
0.003094
0.003093
0.003094
0.003104
0.003101
0.003093
0.003101
0.003100
0.003103
0.003104
0.003099
0.003102
0.003102
0.003104
0.003095
0.003103
0.003109
0.003097
0.003095
0.003095
0.003117
0.003095
0.003099
0.003097
0.003102
0.003114
0.003091
0.003092
0.003096
0.003098
0.003092
0.003093
0.003094
0.003108
0.003097
0.003107
0.003085
0.003094
0.003100
0.003095
0.003096
0.003083
0.003099
0.003105
0.003088
0.003094
0.003099
0.003095
0.003710
0.003152
0.003097
0.003100
0.003106
0.003106
0.003096
0.003096
0.003096
0.003102
0.003104
0.003099
0.003099
0.003095
0.003099
0.003092
0.003094
0.003104
0.003091
0.003101
0.003083
0.003102
0.003101
0.003109
0.003095
0.003094
0.003102
0.003114
0.003103
0.003089
0.003095
0.003104
0.003114
0.003139
0.003118
0.003122
0.003102
0.003111
0.003102
0.003097
0.003103
0.003109
0.003104
0.003103
0.003111
0.003092
0.003100
0.003101
0.003102
0.003109
0.003107
0.003093
0.003106
0.003116
0.003112
0.003098
0.003105
0.003107
0.003116
0.003109
0.003101
0.003101
0.003100
0.003100
0.003112
0.003092
0.003094
0.003102
0.003099
0.003104
0.003105
0.003107
0.003110
0.003102
0.003107
