0.002191
0.000759
0.000689
0.000677
0.000682
0.000678
0.000685
0.000675
0.000675
0.000681
0.000678
0.000677
0.000678
0.000677
0.000678
0.000680
0.000677
0.000677
0.000677
0.000676
0.000715
0.000679
0.000676
0.000674
0.000676
0.000676
0.000675
0.000677
0.000675
0.000673
0.000673
0.000673
0.000674
0.000682
0.000675
0.000675
0.000675
0.000673
0.000674
0.000677
0.000674
0.000675
0.000676
0.000676
0.000675
0.000680
0.000674
0.000674
0.000674
0.000674
0.000674
0.000679
0.000673
0.000674
0.000675
0.000675
0.000673
0.000679
0.000673
0.000675
0.000674
0.000673
0.000676
0.000678
0.000675
0.000676
0.000675
0.000675
0.000674
0.000678
0.000675
0.000673
0.000671
0.000674
0.000676
0.000673
0.000673
0.000674
0.000675
0.000675
0.000679
0.000675
0.000673
0.000675
0.000676
0.000674
0.000681
0.000674
0.000674
0.000674
0.000673
0.000673
0.000679
0.000675
0.000675
0.000676
0.000677
0.000675
0.000678
0.000674
0.000676
0.000675
0.000675
0.000674
0.000676
0.000675
0.000671
0.000674
0.000676
0.000674
0.000679
0.000675
0.000674
0.000675
0.000675
0.000673
0.000678
0.000676
0.000674
0.000673
0.000674
0.000675
0.000678
0.000673
0.000675
0.000674
0.000671
0.000675
0.000679
0.000674
0.000672
0.000672
0.000672
0.000675
0.000681
0.000675
0.000675
0.000674
0.000674
0.000673
0.000679
0.000676
0.000675
0.000675
0.000674
0.000679
0.000675
0.000674
0.000674
0.000677
0.000676
0.000677
0.000674
0.000675
0.000674
0.000675
0.000676
0.000679
0.000676
0.000673
0.000675
0.000674
0.000672
0.000674
0.000677
0.000675
0.000675
0.000676
0.000674
0.000684
0.000676
0.000677
0.000672
0.000675
0.000674
0.000681
0.000676
0.000677
0.000676
0.000676
0.000675
0.000679
0.000676
0.000676
0.000673
0.000674
0.000675
0.000676
0.000675
0.000676
0.000674
0.000674
0.000675
0.000675
0.000673
0.000674
0.000674
0.000676
0.000676
0.000678
0.000675
0.000675
0.000675
0.000674
0.000675
0.000677
0.000674
0.000674
0.000674
0.000674
0.000672
0.000678
0.000676
0.000674
0.000674
0.000672
0.000679
0.000677
0.000674
0.000674
0.000675
0.000674
0.000677
0.000673
0.000674
0.000674
0.000674
0.000675
0.000678
0.000676
0.000673
0.000672
0.000674
0.000673
0.000674
0.000675
0.000675
0.000674
0.000710
0.000674
0.000676
0.000674
0.000674
0.000675
0.000674
0.000672
0.000676
0.000676
0.000677
0.000675
0.000674
0.000674
0.000677
0.000675
0.000675
0.000675
0.000676
0.000673
0.000677
0.000675
0.000673
0.000677
0.000675
0.000675
0.000680
0.000675
0.000674
0.000672
0.000673
0.000674
0.000677
0.000677
0.000673
0.000676
0.000675
0.000674
0.000679
0.000675
0.000674
0.000673
0.000675
0.000673
0.000679
0.000676
0.000673
0.000674
0.000676
0.000677
0.000677
0.000674
0.000673
0.000675
0.000675
0.000676
0.000674
0.000674
0.000675
0.000675
0.000673
0.000678
0.000675
0.000673
0.000674
0.000674
0.000674
0.000679
0.000675
0.000674
0.000675
0.000674
0.000674
0.000676
0.000677
0.000677
0.000674
0.000673
0.000672
0.000676
0.000674
0.000674
0.000674
0.000673
0.000677
0.000677
0.000676
0.000673
0.000671
0.000674
0.000674
0.000678
0.000674
0.000674
0.000675
0.000675
0.000676
0.000678
0.000678
0.000674
0.000674
0.000673
0.000674
0.000679
0.000675
0.000676
0.000674
0.000673
0.000672
0.000680
0.000672
0.000674
0.000674
0.000675
0.000675
0.000678
0.000676
0.000675
0.000675
0.000676
0.000675
0.000676
0.000674
0.000673
0.000674
0.000675
0.000679
0.000674
0.000677
0.000672
0.000675
0.000677
0.000676
0.000675
0.000676
0.000673
0.000676
0.000674
0.000681
0.000674
0.000675
0.000672
0.000675
0.000674
0.000679
0.000673
0.000674
0.000677
0.000676
0.000675
0.000679
0.000675
0.000675
0.000675
0.000675
0.000678
0.000679
0.000675
0.000676
0.000674
0.000673
0.000675
0.000679
0.000678
0.000675
0.000673
0.000674
0.000677
0.000677
0.000675
0.000674
0.000675
0.000676
0.000676
0.000678
0.000676
0.000676
0.000673
0.000675
0.000673
0.000679
0.000673
0.000676
0.000675
0.000675
0.000675
0.000676
0.000674
0.000674
0.000673
0.000673
0.000676
0.000676
0.000676
0.000676
0.000674
0.000674
0.000677
0.000675
0.000676
0.000673
0.000676
0.000674
0.000684
0.000676
0.000674
0.000673
0.000675
0.000676
0.000676
0.000675
0.000675
0.000677
0.000674
0.000676
0.000677
0.000674
0.000675
0.000676
0.000674
0.000674
0.000678
0.000674
0.000675
0.000675
0.000675
0.000674
0.000681
0.000675
0.000674
0.000674
0.000674
0.000673
0.000679
0.000675
0.000675
0.000673
0.000677
0.000676
0.000677
0.000676
0.000675
0.000677
0.000677
0.000676
0.000678
0.000678
0.000672
0.000672
0.000676
0.000675
0.000679
0.000676
0.000674
0.000674
0.000675
0.000672
0.000679
0.000676
0.000674
0.000675
0.000676
0.000680
0.000675
0.000676
0.000675
0.000673
0.000676
0.000679
0.000676
0.000674
0.000673
0.000676
0.000673
0.000676
0.000676
0.000675
0.000674
0.000675
0.000676
0.000677
0.000676
0.000674
0.000676
0.000673
0.000672
0.000677
0.000674
0.000678
0.000676
0.000672
0.000674
0.000680
0.000675
0.000674
0.000674
0.000674
0.000675
0.000678
0.000676
0.000682
0.000675
0.000674
0.000674
0.000678
0.000675
0.000675
0.000675
0.000674
0.000677
0.000680
0.000676
0.000674
0.000674
0.000673
0.000675
0.000676
0.000674
0.000702
0.000674
0.000675
0.000674
0.000676
0.000676
0.000673
0.000676
0.000673
0.000676
0.000674
0.000674
0.000674
0.000675
0.000674
0.000676
0.000674
0.000676
0.000676
0.000675
0.000674
0.000678
0.000677
0.000676
0.000673
0.000672
0.000674
0.000679
0.000674
0.000674
0.000672
0.000675
0.000676
0.000678
0.000672
0.000674
0.000673
0.000674
0.000676
0.000682
0.000676
0.000672
0.000675
0.000675
0.000675
0.000677
0.000673
0.000673
0.000674
0.000673
0.000676
0.000679
0.000674
0.000674
0.000675
0.000676
0.000676
0.000714
0.000909
0.000675
0.000673
0.000675
0.000689
0.000676
0.000674
0.000676
0.000678
0.000673
0.000682
0.000677
0.000674
0.000676
0.000677
0.000673
0.000970
0.000677
0.000674
0.000674
0.000676
0.000675
0.000689
0.000675
0.000673
0.000675
0.000673
0.000675
0.000677
0.000674
0.000674
0.000675
0.000672
0.000684
0.000674
0.000675
0.000675
0.000674
0.000672
0.000679
0.000674
0.000674
0.000676
0.000676
0.000675
0.000683
0.000675
0.000674
0.000674
0.000673
0.000675
0.000679
0.000675
0.000675
0.000673
0.000673
0.000671
0.000686
0.000676
0.000673
0.000675
0.000672
0.000673
0.000678
0.000674
0.000675
0.000672
0.000672
0.000675
0.000678
0.000676
0.000674
0.000676
0.000675
0.000674
0.000678
0.000676
0.000674
0.000675
0.000675
0.000674
0.000677
0.000674
0.000675
0.000674
0.000673
0.000676
0.000679
0.000676
0.000675
0.000676
0.000673
0.000674
0.000680
0.000677
0.000674
0.000673
0.000674
0.000674
0.000676
0.000675
0.000673
0.000677
0.000676
0.000679
0.000930
0.000676
0.000676
0.000676
0.000673
0.000681
0.000676
0.000676
0.000675
0.000671
0.000672
0.000679
0.000673
0.000673
0.000675
0.000673
0.000672
0.000677
0.000674
0.000674
0.000673
0.000675
0.000673
0.000679
0.000674
0.000672
0.000675
0.000673
0.000675
0.000678
0.000674
0.000676
0.000674
0.000674
0.000674
0.000678
0.000675
0.000673
0.000674
0.000673
0.000676
0.000678
0.000675
0.000676
0.000675
0.000672
0.000679
0.000675
0.000674
0.000672
0.000675
0.000673
0.000681
0.000708
0.000672
0.000674
0.000675
0.000673
0.000678
0.000674
0.000673
0.000673
0.000674
0.000674
0.000678
0.000673
0.000673
0.000675
0.000673
0.000676
0.000678
0.000675
0.000676
0.000675
0.000674
0.000674
0.000681
0.000675
0.000677
0.000675
0.000675
0.000672
0.000678
0.000673
0.000675
0.000676
0.000675
0.000674
0.000677
0.000674
0.000673
0.000675
0.000674
0.000674
0.000678
0.000675
0.000674
0.000674
0.000673
0.000674
0.000678
0.000674
0.000674
0.000675
0.000675
0.000675
0.000678
0.000675
0.000674
0.000674
0.000675
0.000674
0.000679
0.000672
0.000674
0.000675
0.000673
0.000678
0.000673
0.000673
0.000674
0.000675
0.000676
0.000677
0.000675
0.000675
0.000674
0.000675
0.000675
0.000677
0.000674
0.000676
0.000675
0.000674
0.000675
0.000678
0.000674
0.000676
0.000675
0.000674
0.000676
0.000677
0.000675
0.000674
0.000676
0.000675
0.000674
0.000677
0.000674
0.000673
0.000674
0.000674
0.000676
0.000680
0.000675
0.000675
0.000675
0.000675
0.000675
0.000677
0.000674
0.000673
0.000675
0.000675
0.000674
0.000679
0.000677
0.000675
0.000673
0.000674
0.000673
0.000678
0.000674
0.000675
0.000675
0.000674
0.000674
0.000678
0.000675
0.000674
0.000675
0.000675
0.000675
0.000678
0.000675
0.000674
0.000672
0.000672
0.000676
0.000689
0.000675
0.000673
0.000674
0.000675
0.000703
0.000675
0.000676
0.000676
0.000673
0.000677
0.000679
0.000674
0.000675
0.000674
0.000672
0.000673
0.000680
0.000676
0.000674
0.000673
0.000675
0.000674
0.000676
0.000676
0.000675
0.000673
0.000674
0.000675
0.000678
0.000676
0.000674
0.000673
0.000674
0.000671
0.000679
0.000676
0.000804
0.007559
0.000690
0.000676
0.000673
0.002441
0.003064
0.002502
0.000773
0.000675
0.000675
0.000674
0.000783
0.000674
0.000682
0.000673
0.000714
0.000674
0.000673
0.001326
0.000679
0.000675
0.000674
0.000723
0.000689
0.001425
0.000745
0.000675
0.000673
0.000875
0.001177
0.000676
0.000676
0.000734
0.000680
0.001000
0.000723
0.000674
0.000676
0.000679
0.002391
0.005778
0.006576
0.004125
0.000676
0.000678
0.000674
0.001637
0.000779
0.000678
0.000674
0.000694
0.000675
0.000673
0.000675
0.000682
0.000673
0.000674
0.000674
0.000672
0.000674
0.000768
0.000684
0.000674
0.000674
0.000675
0.000672
0.000683
0.000673
0.000674
0.000674
0.000674
0.000673
0.000676
0.000675
0.000676
0.000673
0.000674
0.000674
0.000682
0.000676
0.000672
0.000676
0.000675
0.000675
0.000676
0.000676
0.000673
0.000673
0.000672
0.000674
0.000690
0.000675
0.000675
0.000675
0.000673
0.000673
0.000677
0.000674
0.000673
0.000674
0.000673
0.000674
0.000676
0.000674
0.000685
0.000673
0.000674
0.000686
0.000676
0.000673
0.000672
0.000675
0.000674
0.000690
0.000674
0.000674
0.000675
0.000675
0.000675
0.001332
0.000677
0.000676
0.000675
0.000674
0.000711
0.000674
0.000674
0.000674
0.000674
0.000674
0.000683
0.000675
0.000673
0.000674
0.000673
0.000674
0.000677
0.000672
0.000674
0.000673
0.000673
0.000674
0.000682
0.000676
0.000674
0.000675
0.000674
0.000673
0.000678
0.000674
0.000674
0.000674
0.000676
0.000675
0.000684
0.000675
0.000674
0.000677
0.000674
0.000673
0.001447
0.000673
0.000675
0.000676
0.000682
0.000674
0.000673
0.000673
0.000674
0.000674
0.000678
0.000674
0.000675
0.000675
0.000674
0.000673
0.000685
0.000674
0.000674
0.000676
0.000673
0.000673
0.000677
0.000676
0.000675
0.000673
0.000674
0.000674
0.000681
0.000673
0.000674
0.000674
0.000673
0.000673
0.000688
0.000676
0.000674
0.001206
0.000674
0.000679
0.000672
0.000673
0.000675
0.000673
0.000674
0.000681
0.000673
0.000673
0.000673
0.004343
0.001714
0.000675
0.000674
0.000849
0.000675
0.000673
0.000679
0.000674
0.000672
0.000673
0.000674
0.000673
0.000679
0.000674
0.000674
0.000673
0.000672
0.000677
0.000673
0.000672
0.000676
0.000673
0.000674
0.000682
0.000674
0.000675
0.000674
0.000674
0.000675
0.000677
0.000673
0.001379
0.000676
0.000673
0.000678
0.000674
0.000676
0.000675
0.000676
0.000676
0.000678
0.000675
0.000674
0.000676
0.000673
0.000673
0.000679
0.000673
0.000672
0.000672
0.000673
0.000672
0.000676
0.000673
0.000673
0.000672
0.000674
0.000671
0.000675
0.000677
0.000674
0.000673
0.000675
0.000673
0.000677
0.000673
0.000675
0.000675
0.000673
0.000675
0.000676
0.000674
0.000674
0.000673
0.000672
0.000672
0.000679
0.000675
0.000673
0.000672
0.000671
0.000672
0.000676
0.000676
0.000672
0.000673
0.000674
0.000676
0.000673
0.000673
0.000672
0.000673
0.000676
0.000678
0.000674
0.000675
0.000674
0.000672
0.000672
0.000677
0.000675
0.000673
0.000672
0.000674
0.000674
0.000677
0.000671
0.000672
0.000674
0.000674
0.000674
0.000678
0.000675
0.000675
0.000673
0.000676
0.000675
0.000678
0.000674
0.000675
0.000673
0.000674
0.000674
0.000678
0.000675
0.000675
0.000674
0.000675
0.000676
0.000676
0.000674
0.000674
0.000673
0.000674
0.000674
0.000677
0.000674
0.000671
0.000674
0.000675
0.000674
0.000678
0.000675
0.000675
0.000672
0.000673
0.000675
0.000676
0.000676
0.000674
0.000674
0.000674
0.000673
0.000678
0.000673
0.000672
0.000671
0.000674
0.000673
0.000677
0.000675
0.000674
0.000675
0.000674
0.000674
0.000674
0.000675
0.000676
0.000674
0.000673
0.000677
0.000673
0.000675
0.000677
0.000673
0.000674
0.000679
0.000674
0.000674
0.000674
0.000675
0.000674
0.000678
0.000674
0.000675
0.000674
0.000676
0.000674
0.000679
0.000675
0.000675
0.000674
0.000673
0.000673
0.000680
0.000673
0.000677
0.000673
0.000674
0.000674
0.000678
0.000675
0.000673
0.000673
0.000674
0.000674
0.000676
0.000675
0.000674
0.000674
0.000674
0.000673
0.000679
0.000675
0.000674
0.000674
0.000671
0.000674
0.000679
0.000673
0.000675
0.000674
0.000673
0.000674
0.000677
0.000676
0.000673
0.000673
0.000673
0.000673
0.000679
0.000675
0.000673
0.000674
0.000672
0.000673
0.000677
0.000673
0.000673
0.000672
0.000673
0.000677
0.000674
0.000674
0.000675
0.000674
0.000675
0.000678
0.000674
0.000674
0.000673
0.000674
0.000674
0.000676
0.000676
0.000673
0.000674
0.000673
0.000674
0.000676
0.000674
0.000674
0.000673
0.000673
0.000674
0.000677
0.000675
0.000674
0.000673
0.000674
0.000674
0.001413
0.001581
0.000676
0.000674
0.000678
0.000671
0.000672
0.000672
0.000672
0.000675
0.000688
0.000671
0.000672
0.000672
0.000672
0.000679
0.000671
0.000671
0.000672
0.000675
0.000673
0.000681
0.000672
0.000673
0.000672
0.000673
0.000672
0.000675
0.000673
0.000673
0.000673
0.000671
0.000670
0.000683
0.000674
0.000672
0.000672
0.000674
0.000672
0.000677
0.000673
0.000671
0.000672
0.000671
0.000671
0.000675
0.000672
0.000669
0.000672
0.000673
0.000671
0.000676
0.000672
0.000671
0.000673
0.000674
0.000673
0.000675
0.000674
0.000681
0.000673
0.000671
0.000671
0.000678
0.000672
0.000674
0.000671
0.000673
0.000673
0.000675
0.000674
0.000672
0.000673
0.000672
0.000671
0.000677
0.000673
0.000673
0.000671
0.000673
0.000670
0.000684
0.000673
0.000674
0.000673
0.000673
0.000671
0.000676
0.000672
0.000673
0.000671
0.000673
0.000672
0.000675
0.000674
0.000671
0.000670
0.000671
0.000672
0.000676
0.000672
0.000672
0.000672
0.000673
0.000677
0.000674
0.000674
0.000670
0.000672
0.000672
0.000694
0.000673
0.000674
0.000674
0.000673
0.000672
0.000676
0.000670
0.000671
0.000672
0.000672
0.000670
0.000677
0.000672
0.000671
0.000719
0.000670
0.000675
0.000675
0.000672
0.000672
0.000671
0.000672
0.000671
0.000678
0.000674
0.000672
0.000671
0.000672
0.000672
0.000675
0.000672
0.000674
0.000673
0.000672
0.000672
0.000674
0.000672
0.000672
0.000671
0.000672
0.000671
0.000676
0.000680
0.000672
0.000673
0.000672
0.000671
0.000677
0.000673
0.000674
0.000673
0.000670
0.000671
0.000677
0.000671
0.000671
0.000672
0.000672
0.000671
0.000680
0.000673
0.000673
0.000674
0.000670
0.000671
0.000676
0.000672
0.000671
0.000671
0.000671
0.000671
0.000678
0.000673
0.000672
0.000671
0.000672
0.000676
0.000671
0.000676
0.000672
0.000672
0.000671
0.000675
0.000672
0.000672
0.000672
0.000671
0.000670
0.000675
0.000672
0.000671
0.000671
0.000670
0.000671
0.000703
0.000673
0.000671
0.000671
0.000672
0.000672
0.000673
0.000677
0.000671
0.000671
0.000672
0.000669
0.000675
0.000673
0.000673
0.000670
0.000672
0.000673
0.000676
0.000674
0.000671
0.000670
0.000673
0.000672
0.000677
0.000675
0.000671
0.000671
0.000671
0.000672
0.000674
0.000674
0.000672
0.000673
0.000672
0.000671
0.000678
0.000671
0.000673
0.000673
0.000671
0.000670
0.000675
0.000671
0.000671
0.000671
0.000671
0.000672
0.000676
0.000673
0.000672
0.000673
0.000671
0.000672
0.000674
0.000674
0.000673
0.000670
0.000673
0.000672
0.000677
0.000673
0.000673
0.000672
0.000672
0.000670
0.000683
0.000673
0.000673
0.000674
0.000672
0.000674
0.000674
0.000671
0.000687
0.000670
0.000672
0.000675
0.000676
0.000672
0.000671
0.000672
0.000673
0.000677
0.000671
0.000672
0.000674
0.000673
0.000672
0.000677
0.000672
0.000673
0.000670
0.000671
0.000670
0.000676
0.000672
0.000672
0.000672
0.000670
0.000673
0.000675
0.000673
0.000671
0.000672
0.000670
0.000672
0.000676
0.000670
0.000672
0.000673
0.000673
0.000671
0.000678
0.000673
0.000671
0.000672
0.000672
0.000674
0.000676
0.000677
0.000673
0.000672
0.000673
0.000670
0.000676
0.000672
0.000673
0.000671
0.000673
0.000671
0.000675
0.000671
0.000671
0.000671
0.000672
0.000675
0.000674
0.000673
0.000672
0.000672
0.000673
0.000673
0.000674
0.000673
0.000675
0.000673
0.000672
0.000671
0.000677
0.000673
0.000672
0.000671
0.000673
0.000671
0.000675
0.000673
0.000673
0.000674
0.000672
0.000671
0.000676
0.000673
0.000673
0.000670
0.000672
0.000672
0.000677
0.000677
0.000673
0.000671
0.000673
0.000675
0.000673
0.000674
0.000670
0.000672
0.000672
0.000675
0.000672
0.000672
0.000672
0.000673
0.000672
0.000675
0.000673
0.000672
0.000672
0.000672
0.000846
0.000675
0.000688
0.000674
0.000673
0.000671
0.000674
0.000671
0.000674
0.000672
0.000672
0.000670
0.000672
0.000673
0.000676
0.000672
0.000673
0.000670
0.000671
0.000671
0.000675
0.000671
0.000670
0.000671
0.000669
0.000672
0.000675
0.000672
0.000674
0.000672
0.000672
0.000673
0.000675
0.000672
0.000674
0.000671
0.000671
0.000673
0.000676
0.000673
0.000673
0.000673
0.000672
0.000681
0.000674
0.000674
0.000673
0.000673
0.000673
0.000672
0.000676
0.000673
0.000674
0.000670
0.000672
0.000672
0.000678
0.000672
0.000672
0.000672
0.000673
0.000673
0.000675
0.000670
0.000673
0.000672
0.000673
0.000672
0.000675
0.000673
0.000674
0.000673
0.000671
0.000671
0.000678
0.000673
0.000673
0.000671
0.000671
0.000671
0.000676
0.000671
0.000672
0.000673
0.000672
0.000676
0.000672
0.000672
0.000672
0.000674
0.000673
0.000675
0.000672
0.000673
0.000673
0.000672
0.000672
0.000677
0.000674
0.000673
0.000674
0.000671
0.000672
0.000677
0.000673
0.000673
0.000671
0.000672
0.000672
0.000677
0.000674
0.000672
0.000671
0.000672
0.000671
0.000673
0.000671
0.000672
0.000674
0.000672
0.000672
0.000676
0.000671
0.000670
0.000672
0.000672
0.000671
0.000675
0.000671
0.000672
0.000672
0.000673
0.000669
0.000674
0.000673
0.000673
0.000672
0.000671
0.000671
0.000676
0.000673
0.000673
0.000670
0.000671
0.000673
0.000675
0.000674
0.000672
0.000672
0.000675
0.000671
0.000674
0.000671
0.000671
0.000672
0.000672
0.000671
0.000676
0.000671
0.000672
0.000670
0.000672
0.000672
0.000676
0.000671
0.000673
0.000672
0.000674
0.000670
0.000678
0.000671
0.000671
0.000672
0.000673
0.000671
0.000675
0.000671
0.000672
0.000672
