0.001047
0.000599
0.000594
0.000594
0.000591
0.000595
0.000601
0.000568
0.000570
0.000569
0.000568
0.000568
0.000567
0.000575
0.000559
0.000548
0.000547
0.000544
0.000546
0.000545
0.000563
0.000532
0.000528
0.000525
0.000528
0.000527
0.000528
0.000526
0.000536
0.000510
0.000508
0.000511
0.000509
0.000510
0.000507
0.000510
0.000517
0.000491
0.000492
0.000492
0.000489
0.000497
0.000491
0.000491
0.000499
0.000476
0.000477
0.000476
0.000476
0.000475
0.000477
0.000477
0.000484
0.000457
0.000460
0.000460
0.000462
0.000459
0.000461
0.000459
0.000462
0.000464
0.000465
0.000449
0.000445
0.000447
0.000447
0.000447
0.000448
0.000447
0.000452
0.000446
0.000454
0.000435
0.000434
0.000436
0.000435
0.000435
0.000433
0.000466
0.000447
0.000454
0.000434
0.000435
0.000433
0.000432
0.000430
0.000435
0.000475
0.000447
0.000455
0.000434
0.000433
0.000432
0.000430
0.000432
0.000434
0.000462
0.000446
0.000454
0.000438
0.000433
0.000437
0.000436
0.000436
0.000434
0.000461
0.000447
0.000448
0.000444
0.000432
0.000433
0.000433
0.000432
0.000434
0.000459
0.000449
0.000444
0.000444
0.000434
0.000433
0.000433
0.000433
0.000433
0.000459
0.000446
0.000449
0.000444
0.000434
0.000433
0.000432
0.000431
0.000435
0.000461
0.000447
0.000446
0.000445
0.000431
0.000434
0.000432
0.000436
0.000433
0.000456
0.000447
0.000447
0.000450
0.000434
0.000434
0.000433
0.000434
0.000434
0.000435
0.000437
0.000433
0.000435
0.000433
0.000434
0.000435
0.000435
0.000433
0.000434
0.000459
0.000447
0.000447
0.000452
0.000447
0.000450
0.000441
0.000433
0.000436
0.000432
0.000434
0.000433
0.000433
0.000434
0.000433
0.000434
0.000434
0.000434
0.000437
0.000434
0.000433
0.000433
0.000430
0.000433
0.000447
0.000446
0.000450
0.000454
0.000434
0.000433
0.000434
0.000433
0.000435
0.000434
0.000432
0.000433
0.000436
0.000433
0.000432
0.000433
0.000432
0.000431
0.000432
0.000434
0.000453
0.000450
0.000447
0.000446
0.000443
0.000439
0.000452
0.000447
0.000446
0.000448
0.000438
0.000433
0.000432
0.000432
0.000434
0.000433
0.000434
0.000434
0.000433
0.000441
0.000431
0.000436
0.000431
0.000432
0.000431
0.000432
0.000433
0.000433
0.000437
0.000433
0.000436
0.000432
0.000434
0.000435
0.000434
0.000435
0.000436
0.000434
0.000437
0.000435
0.000434
0.000434
0.000432
0.000433
0.000437
0.000434
0.000434
0.000438
0.000433
0.000438
0.000434
0.000435
0.000436
0.000435
0.000431
0.000433
0.000435
0.000430
0.000432
0.000435
0.000431
0.000432
0.000432
0.000433
0.000435
0.000437
0.000434
0.000439
0.000435
0.000434
0.000433
0.000434
0.000433
0.000434
0.000434
0.000433
0.000434
0.000434
0.000433
0.000434
0.000433
0.000434
0.000435
0.000432
0.000436
0.000433
0.000441
0.000432
0.000431
0.000434
0.000432
0.000434
0.000434
0.000434
0.000433
0.000432
0.000433
0.000433
0.000430
0.000434
0.000434
0.000434
0.000434
0.000431
0.000439
0.000437
0.000432
0.000435
0.000433
0.000432
0.000431
0.000455
0.000447
0.000444
0.000448
0.000432
0.000434
0.000432
0.000433
0.000432
0.000439
0.000436
0.000433
0.000433
0.000431
0.000435
0.000432
0.000434
0.000434
0.000434
0.000465
0.000446
0.000454
0.000433
0.000432
0.000437
0.000433
0.000432
0.000435
0.000476
0.000445
0.000453
0.000435
0.000433
0.000433
0.000438
0.000433
0.000434
0.000435
0.000433
0.000440
0.000432
0.000433
0.000433
0.000433
0.000432
0.000432
0.000444
0.000442
0.000432
0.000434
0.000432
0.000431
0.000432
0.000433
0.000433
0.000435
0.000434
0.000433
0.000433
0.000434
0.000433
0.000431
0.000434
0.000433
0.000435
0.000433
0.000435
0.000432
0.000436
0.000433
0.000430
0.000432
0.000434
0.000439
0.000436
0.000434
0.000432
0.000432
0.000437
0.000433
0.000437
0.000434
0.000432
0.000437
0.000435
0.000459
0.000448
0.000445
0.000445
0.000433
0.000434
0.000432
0.000459
0.000446
0.000455
0.000433
0.000436
0.000434
0.000434
0.000431
0.000436
0.000437
0.000434
0.000433
0.000436
0.000435
0.000433
0.000431
0.000435
0.000433
0.000436
0.000433
0.000432
0.000436
0.000431
0.000433
0.000434
0.000432
0.000434
0.000437
0.000433
0.000433
0.000433
0.000432
0.000433
0.000434
0.000433
0.000433
0.000433
0.000436
0.000433
0.000434
0.000431
0.000434
0.000432
0.000435
0.000432
0.000433
0.000436
0.000432
0.000435
0.000434
0.000433
0.000433
0.000433
0.000436
0.000435
0.000449
0.000431
0.000434
0.000436
0.000433
0.000432
0.000434
0.000434
0.000432
0.000437
0.000432
0.000434
0.000434
0.000434
0.000432
0.000432
0.000434
0.000437
0.000434
0.000433
0.000432
0.000434
0.000434
0.000433
0.000433
0.000435
0.000434
0.000438
0.000436
0.000435
0.000436
0.000431
0.000432
0.000434
0.000433
0.000431
0.000434
0.000440
0.000433
0.000436
0.000432
0.000434
0.000433
0.000431
0.000434
0.000435
0.000435
0.000433
0.000433
0.000433
0.000434
0.000433
0.000433
0.000433
0.000432
0.000436
0.000434
0.000433
0.000430
0.000431
0.000434
0.000432
0.000433
0.000430
0.000435
0.000431
0.000433
0.000431
0.000435
0.000432
0.000431
0.000434
0.000433
0.000433
0.000437
0.000432
0.000430
0.000432
0.000434
0.000436
0.000433
0.000431
0.000432
0.000459
0.000444
0.000445
0.000440
0.000432
0.000430
0.000431
0.000434
0.000435
0.000446
0.000433
0.000433
0.000434
0.000434
0.000432
0.000431
0.000433
0.000432
0.000460
0.000445
0.000448
0.000450
0.000433
0.000434
0.000434
0.000441
0.000435
0.000434
0.000433
0.000435
0.000441
0.000432
0.000430
0.000431
0.000435
0.000433
0.000452
0.000445
0.000444
0.000451
0.000433
0.000431
0.000433
0.000431
0.000433
0.000433
0.000434
0.000437
0.000433
0.000433
0.000431
0.000434
0.000433
0.000433
0.000432
0.000437
0.000432
0.000435
0.000430
0.000433
0.000434
0.000434
0.000434
0.000433
0.000447
0.000431
0.000432
0.000432
0.000433
0.000432
0.000432
0.000433
0.000433
0.000436
0.000431
0.000434
0.000434
0.000433
0.000432
0.000432
0.000433
0.000432
0.000435
0.000434
0.000433
0.000433
0.000432
0.000431
0.000433
0.000433
0.000435
0.000433
0.000442
0.000431
0.000436
0.000432
0.000432
0.000433
0.000434
0.000433
0.000435
0.000436
0.000435
0.000435
0.000435
0.000434
0.000434
0.000434
0.000434
0.000435
0.000436
0.000433
0.000434
0.000440
0.000434
0.000430
0.000433
0.000433
0.000433
0.000435
0.000432
0.000434
0.000435
0.000432
0.000433
0.000436
0.000435
0.000435
0.000436
0.000434
0.000435
0.000432
0.000434
0.000435
0.000433
0.000438
0.000435
0.000432
0.000463
0.000447
0.000455
0.000437
0.000436
0.000435
0.000434
0.000435
0.000434
0.000436
0.000438
0.000434
0.000433
0.000434
0.000435
0.000433
0.000439
0.000434
0.000438
0.000433
0.000434
0.000434
0.000435
0.000434
0.000434
0.000435
0.000432
0.000438
0.000432
0.000434
0.000433
0.000433
0.000434
0.000435
0.000437
0.000432
0.000436
0.000435
0.000435
0.000432
0.000456
0.000452
0.000446
0.000447
0.000447
0.000458
0.000437
0.000434
0.000433
0.000435
0.000434
0.000433
0.000433
0.000436
0.000439
0.000432
0.000432
0.000435
0.000432
0.000433
0.000432
0.000435
0.000434
0.000435
0.000437
0.000455
0.000448
0.000446
0.000443
0.000435
0.000434
0.000434
0.000433
0.000434
0.000435
0.000433
0.000434
0.000434
0.000434
0.000436
0.000432
0.000436
0.000439
0.000434
0.000433
0.000432
0.000433
0.000435
0.000434
0.000434
0.000433
0.000458
0.000446
0.000446
0.000448
0.000432
0.000435
0.000432
0.000433
0.000433
0.000436
0.000434
0.000433
0.000433
0.000433
0.000433
0.000435
0.000433
0.000433
0.000450
0.000447
0.000445
0.000465
0.000435
0.000434
0.000433
0.000434
0.000433
0.000438
0.000434
0.000431
0.000432
0.000435
0.000433
0.000434
0.000436
0.000433
0.000433
0.000472
0.000448
0.000455
0.000432
0.000435
0.000432
0.000434
0.000431
0.000435
0.000437
0.000433
0.000437
0.000435
0.000435
0.000434
0.000437
0.000435
0.000434
0.000446
0.000435
0.000439
0.000434
0.000435
0.000434
0.000433
0.000435
0.000431
0.000437
0.000435
0.000433
0.000435
0.000435
0.000433
0.000435
0.000433
0.000435
0.000435
0.000433
0.000434
0.000440
0.000436
0.000435
0.000434
0.000434
0.000435
0.000435
0.000433
0.000433
0.000433
0.000433
0.000438
0.000435
0.000434
0.000434
0.000432
0.000445
0.000440
0.000439
0.000432
0.000434
0.000435
0.000434
0.000431
0.000435
0.000437
0.000434
0.000436
0.000434
0.000434
0.000434
0.000435
0.000432
0.000434
0.000436
0.000434
0.000440
0.000441
0.000435
0.000434
0.000437
0.000432
0.000435
0.000437
0.000435
0.000435
0.000434
0.000433
0.000433
0.000434
0.000433
0.000433
0.000439
0.000434
0.000435
0.000434
0.000436
0.000434
0.000432
0.000434
0.000445
0.000435
0.000438
0.000433
0.000435
0.000433
0.000434
0.000436
0.000432
0.000433
0.000434
0.000440
0.000433
0.000433
0.000433
0.000433
0.000436
0.000433
0.000435
0.000434
0.000436
0.000434
0.000432
0.000435
0.000435
0.000432
0.000440
0.000433
0.000438
0.000436
0.000431
0.000435
0.000435
0.000435
0.000435
0.000434
0.000435
0.000433
0.000442
0.000433
0.000435
0.000434
0.000431
0.000432
0.000436
0.000433
0.000436
0.000434
0.000436
0.000435
0.000432
0.000434
0.000433
0.000432
0.000434
0.000434
0.000432
0.000435
0.000432
0.000432
0.000434
0.000432
0.000433
0.000434
0.000434
0.000431
0.000439
0.000433
0.000433
0.000432
0.000436
0.000434
0.000434
0.000436
0.000436
0.000437
0.000432
0.000435
0.000432
0.000432
0.000432
0.000436
0.000433
0.000432
0.000440
0.000435
0.000431
0.000433
0.000431
0.000435
0.000434
0.000436
0.000437
0.000432
0.000465
0.000448
0.000456
0.000436
0.000433
0.000436
0.000432
0.000432
0.000433
0.000437
0.000435
0.000438
0.000434
0.000432
0.000432
0.000432
0.000437
0.000433
0.000476
0.000449
0.000448
0.000444
0.000435
0.000433
0.000434
0.000433
0.000433
0.000460
0.000446
0.000447
0.000445
0.000434
0.000437
0.000435
0.000434
0.000437
0.000445
0.000434
0.000433
0.000433
0.000433
0.000432
0.000434
0.000435
0.000433
0.000437
0.000434
0.000434
0.000432
0.000433
0.000432
0.000435
0.000434
0.000432
0.000438
0.000432
0.000435
0.000435
0.000457
0.000446
0.000448
0.000448
0.000435
0.000450
0.000445
0.000447
0.000453
0.000434
0.000433
0.000433
0.000432
0.000433
0.000433
0.000466
0.000446
0.000457
0.000434
0.000432
0.000433
0.000436
0.000435
0.000438
0.000464
0.000447
0.000453
0.000433
0.000434
0.000434
0.000433
0.000435
0.000433
0.000463
0.000448
0.000456
0.000433
0.000432
0.000432
0.000433
0.000434
0.000432
0.000462
0.000447
0.000455
0.000434
0.000434
0.000434
0.000435
0.000432
0.000435
0.000435
0.000438
0.000433
0.000434
0.000432
0.000439
0.000435
0.000434
0.000455
0.000448
0.000445
0.000448
0.000434
0.000433
0.000435
0.000433
0.000435
0.000437
0.000439
0.000433
0.000435
0.000436
0.000434
0.000433
0.000435
0.000435
0.000433
0.000435
0.000434
0.000435
0.000433
0.000434
0.000433
0.000433
0.000432
0.000433
0.000436
0.000432
0.000437
0.000435
0.000434
0.000434
0.000434
0.000434
0.000433
0.000433
0.000435
0.000433
0.000437
0.000433
0.000436
0.000433
0.000434
0.000435
0.000433
0.000435
0.000431
0.000433
0.000433
0.000432
0.000433
0.000435
0.000434
0.000434
0.000435
0.000434
0.000433
0.000433
0.000433
0.000432
0.000436
0.000431
0.000432
0.000437
0.000435
0.000432
0.000435
0.000437
0.000432
0.000432
0.000434
0.000433
0.000434
0.000463
0.000449
0.000445
0.000451
0.000436
0.000433
0.000434
0.000436
0.000433
0.000442
0.000433
0.000438
0.000434
0.000435
0.000434
0.000434
0.000434
0.000438
0.000437
0.000433
0.000437
0.000435
0.000436
0.000434
0.000435
0.000438
0.000435
0.000439
0.000435
0.000434
0.000434
0.000435
0.000437
0.000433
0.000437
0.000434
0.000459
0.000446
0.000447
0.000451
0.000434
0.000433
0.000434
0.000436
0.000435
0.000435
0.000434
0.000434
0.000432
0.000433
0.000434
0.000432
0.000435
0.000435
0.000455
0.000451
0.000446
0.000454
0.000436
0.000434
0.000433
0.000435
0.000431
0.000437
0.000434
0.000433
0.000432
0.000434
0.000434
0.000434
0.000434
0.000432
0.000434
0.000461
0.000446
0.000454
0.000434
0.000433
0.000433
0.000435
0.000434
0.000436
0.000437
0.000432
0.000434
0.000434
0.000433
0.000434
0.000435
0.000460
0.000449
0.000449
0.000447
0.000447
0.000447
0.000434
0.000435
0.000434
0.000431
0.000434
0.000440
0.000435
0.000434
0.000435
0.000433
0.000435
0.000434
0.000432
0.000433
0.000438
0.000432
0.000434
0.000435
0.000432
0.000462
0.000447
0.000452
0.000434
0.000436
0.000433
0.000435
0.000433
0.000432
0.000434
0.000432
0.000431
0.000434
0.000438
0.000433
0.000432
0.000433
0.000436
0.000434
0.000436
0.000434
0.000433
0.000432
0.000436
0.000436
0.000433
0.000434
0.000434
0.000434
0.000434
0.000435
0.000435
0.000433
0.000432
0.000440
0.000433
0.000435
0.000432
0.000433
0.000433
0.000432
0.000439
0.000433
0.000433
0.000432
0.000433
0.000435
0.000435
0.000435
0.000436
0.000435
0.000435
0.000433
0.000431
0.000434
0.000432
0.000433
0.000433
0.000436
0.000438
0.000434
0.000434
0.000435
0.000433
0.000434
0.000432
0.000432
0.000437
0.000434
0.000436
0.000433
0.000435
0.000434
0.000435
0.000434
0.000433
0.000434
0.000432
0.000436
0.000435
0.000433
0.000435
0.000435
0.000434
0.000431
0.000433
0.000433
0.000436
0.000432
0.000434
0.000432
0.000433
0.000432
0.000433
0.000438
0.000435
0.000436
0.000432
0.000430
0.000431
0.000432
0.000430
0.000431
0.000445
0.000437
0.000439
0.000430
0.000433
0.000433
0.000433
0.000431
0.000430
0.000434
0.000435
0.000438
0.000440
0.000430
0.000433
0.000432
0.000431
0.000433
0.000431
0.000431
0.000432
0.000433
0.000431
0.000433
0.000432
0.000431
0.000434
0.000434
0.000433
0.000436
0.000434
0.000432
0.000432
0.000434
0.000432
0.000432
0.000432
0.000432
0.000432
0.000435
0.000431
0.000432
0.000433
0.000436
0.000431
0.000433
0.000432
0.000431
0.000433
0.000463
0.000444
0.000453
0.000432
0.000432
0.000432
0.000432
0.000432
0.000430
0.000438
0.000430
0.000433
0.000434
0.000432
0.000432
0.000431
0.000431
0.000431
0.000461
0.000446
0.000456
0.000453
0.000431
0.000451
0.000444
0.000446
0.000453
0.000459
0.000444
0.000446
0.000443
0.000430
0.000432
0.000432
0.000430
0.000452
0.000448
0.000444
0.000446
0.000431
0.000433
0.000432
0.000432
0.000431
0.000431
0.000434
0.000430
0.000431
0.000432
0.000431
0.000431
0.000431
0.000433
0.000431
0.000433
0.000431
0.000433
0.000434
0.000430
0.000432
0.000433
0.000431
0.000432
0.000432
0.000433
0.000432
0.000444
0.000431
0.000430
0.000430
0.000432
0.000429
0.000432
0.000433
0.000433
0.000432
0.000430
0.000431
0.000431
0.000432
0.000431
0.000433
0.000433
0.000431
0.000431
0.000431
0.000430
0.000430
0.000431
0.000431
0.000430
0.000436
0.000433
0.000430
0.000430
0.000429
0.000432
0.000433
0.000430
0.000430
0.000430
0.000435
0.000432
0.000432
0.000433
0.000430
0.000432
0.000431
0.000431
0.000433
0.000433
0.000430
0.000428
0.000431
0.000431
0.000430
0.000431
0.000432
0.000431
0.000434
0.000429
0.000430
0.000432
0.000432
0.000430
0.000429
0.000431
0.000429
0.000437
0.000434
0.000431
0.000430
0.000431
0.000432
0.000433
0.000444
0.000431
0.000431
0.000435
0.000433
0.000431
0.000431
0.000431
0.000432
0.000432
0.000432
0.000430
0.000433
0.000429
0.000430
0.000432
0.000430
0.000430
0.000430
0.000432
0.000430
0.000436
0.000432
0.000431
0.000431
0.000431
0.000429
0.000430
0.000432
0.000434
0.000435
0.000431
0.000431
0.000431
0.000430
0.000431
0.000431
0.000431
0.000429
0.000432
0.000434
0.000433
0.000428
0.000430
0.000431
0.000429
0.000430
0.000442
0.000431
0.000438
0.000432
0.000432
0.000433
0.000432
0.000430
0.000431
0.000432
0.000431
0.000433
0.000431
0.000431
0.000431
0.000429
0.000433
0.000432
0.000431
0.000431
0.000433
0.000432
0.000430
0.000431
0.000431
0.000432
0.000431
0.000433
0.000431
0.000430
0.000437
0.000429
0.000431
0.000432
0.000432
0.000429
0.000429
0.000431
0.000430
0.000433
0.000432
0.000433
0.000431
0.000432
0.000432
0.000432
0.000431
0.000432
0.000453
0.000442
0.000445
0.000445
0.000436
0.000430
0.000432
0.000433
0.000430
0.000437
0.000435
0.000432
0.000432
0.000433
0.000430
0.000432
0.000431
0.000432
0.000431
0.000462
0.000444
0.000443
0.000442
0.000432
0.000433
0.000430
0.000431
0.000430
0.000432
0.000431
0.000433
0.000432
0.000431
0.000433
0.000429
0.000433
0.000430
0.000457
0.000444
0.000444
0.000442
0.000432
0.000430
0.000430
0.000429
0.000432
0.000435
0.000431
0.000432
0.000431
0.000431
0.000430
0.000434
0.000430
0.000431
0.000433
0.000431
0.000431
0.000431
0.000432
0.000434
0.000432
0.000430
0.000431
0.000431
0.000433
0.000432
0.000431
0.000429
0.000430
0.000431
0.000430
0.000432
0.000433
0.000433
0.000428
0.000430
0.000430
0.000429
0.000430
0.000431
0.000431
0.000430
0.000433
0.000433
0.000434
0.000430
0.000434
0.000432
0.000431
0.000432
0.000430
0.000434
0.000431
0.000436
0.000431
0.000433
0.000433
0.000431
0.000430
0.000431
0.000433
0.000436
0.000432
0.000433
0.000433
0.000431
0.000432
0.000432
0.000431
0.000431
0.000434
0.000433
0.000434
0.000432
0.000432
0.000431
0.000432
0.000434
0.000433
0.000438
0.000432
0.000432
0.000431
0.000432
0.000432
0.000434
0.000437
0.000432
0.000435
0.000432
0.000432
0.000435
0.000436
0.000434
0.000432
0.000434
0.000432
0.000430
0.000437
0.000433
0.000435
0.000434
0.000437
0.000434
0.000432
0.000435
0.000433
0.000439
0.000429
0.000437
0.000432
0.000433
0.000431
0.000432
0.000432
0.000432
0.000436
0.000454
0.000448
0.000446
0.000447
0.000447
0.000453
0.000433
0.000435
0.000435
0.000432
0.000432
0.000436
0.000435
0.000434
0.000439
0.000434
0.000434
0.000436
0.000432
0.000432
0.000436
0.000433
0.000434
0.000433
0.000434
0.000462
0.000452
0.000448
0.000446
0.000434
0.000433
0.000434
0.000433
0.000435
0.000432
0.000435
0.000433
0.000432
0.000433
0.000437
0.000435
0.000433
0.000434
0.000434
0.000431
0.000435
0.000434
0.000436
0.000433
0.000435
0.000434
0.000441
0.000435
0.000434
0.000435
0.000433
0.000432
0.000434
0.000434
0.000434
0.000436
0.000435
0.000433
0.000434
0.000433
0.000433
0.000431
0.000434
0.000432
0.000432
0.000439
0.000434
0.000454
0.000447
0.000447
0.000451
0.000433
0.000436
0.000436
0.000432
0.000432
0.000437
0.000432
0.000432
0.000431
0.000432
0.000433
0.000433
0.000433
0.000432
0.000435
0.000465
0.000448
0.000453
0.000434
0.000430
0.000434
0.000434
0.000436
0.000432
0.000439
0.000433
0.000434
0.000435
0.000434
0.000432
0.000434
0.000433
0.000433
0.000462
0.000451
0.000463
0.000433
0.000436
0.000434
0.000432
0.000437
0.000435
0.000438
0.000435
0.000437
0.000432
0.000435
0.000432
0.000433
0.000432
0.000436
0.000437
0.000432
0.000434
0.000434
0.000434
0.000432
0.000435
0.000432
0.000433
0.000434
0.000432
0.000437
0.000435
0.000431
0.000435
0.000437
0.000433
0.000433
0.000432
0.000435
0.000433
0.000434
