0.131442
0.111432
0.110957
0.106769
0.106240
0.106383
0.106469
0.106477
0.106527
0.106249
0.106290
0.106179
0.106243
0.106110
0.106251
0.107431
0.106259
0.106284
0.106235
0.106295
0.106165
0.106338
0.106225
0.106187
0.106544
0.107366
0.106457
0.106190
0.106257
0.106215
0.106245
0.106225
0.106248
0.106460
0.107421
0.106239
0.106112
0.106368
0.106175
0.106158
0.106473
0.106001
0.109930
0.111350
0.108930
0.108188
0.107431
0.107624
0.107965
0.107984
0.106812
0.106285
0.106225
0.107418
0.106419
0.106220
0.106377
0.106052
0.106231
0.106114
0.106099
0.106219
0.107261
0.106174
0.106175
0.106212
0.106148
0.106161
0.106231
0.106413
0.106224
0.106106
0.107465
0.106107
0.106172
0.106237
0.106199
0.106162
0.106337
0.106191
0.106138
0.107760
0.106313
0.106163
0.106045
0.105979
0.106063
0.106004
0.106234
0.111431
0.110420
0.108446
0.106783
0.106523
0.106370
0.106520
0.106274
0.106358
0.106063
0.106262
0.107369
0.106211
0.106202
0.106061
0.106218
0.106014
0.106133
0.105995
0.106048
0.106384
0.107336
0.106181
0.106119
0.106095
0.106003
0.105949
0.107215
0.106138
0.106647
0.107501
0.106125
0.106101
0.106118
0.106411
0.106097
0.106145
0.105990
0.106118
0.105883
0.107277
0.106068
0.106056
0.106068
0.105962
0.106063
0.105953
0.111548
0.108628
0.109474
0.108759
0.107467
0.107406
0.107573
0.107744
0.106289
0.106512
0.106256
0.107545
0.106714
0.106317
0.106516
0.106214
0.106473
0.106345
0.106087
0.106218
0.106558
0.107573
0.106240
0.106184
0.106889
0.106384
0.106379
0.106133
0.106665
0.106534
0.107492
0.106135
0.106322
0.106237
0.106073
0.106348
0.106038
0.106233
0.106043
0.106172
0.107359
0.106148
0.106256
0.106146
0.106085
0.106042
0.106238
0.112817
0.111388
0.112112
0.110851
0.110921
0.110732
0.108280
0.106206
0.106178
0.106389
0.106503
0.107809
0.106445
0.106232
0.106313
0.106332
0.106027
0.106313
0.106271
0.106113
0.106251
0.107284
0.106147
0.106057
0.106079
0.106036
0.106012
0.106112
0.106176
0.106152
0.107142
0.106198
0.106010
0.106069
0.106171
0.105937
0.106060
0.105933
0.106154
0.105976
0.107260
0.106166
0.106089
0.106084
0.106000
0.106143
0.107220
0.112307
0.111822
0.112622
0.111062
0.110883
0.111085
0.111110
0.107647
0.106002
0.106299
0.106118
0.107314
0.106623
0.106116
0.106097
0.106006
0.106153
0.105997
0.106089
0.106208
0.106031
0.107298
0.106039
0.106115
0.106003
0.105958
0.106067
0.105965
0.106109
0.106202
0.107336
0.106084
0.106108
0.106015
0.105954
0.106132
0.106027
0.106257
0.106058
0.106315
0.107270
0.106014
0.106082
0.106037
0.106079
0.105964
0.109694
0.111369
0.111206
0.112090
0.110792
0.110626
0.110527
0.110400
0.106263
0.106152
0.106077
0.106328
0.106416
0.107372
0.106174
0.106029
0.106151
0.106006
0.106048
0.106052
0.106172
0.106374
0.107283
0.106615
0.106112
0.106398
0.106059
0.106197
0.106276
0.106583
0.106795
0.106350
0.107578
0.106175
0.106227
0.106270
0.106307
0.106297
0.106388
0.106253
0.106195
0.107386
0.106623
0.106110
0.106289
0.106220
0.106481
0.111080
0.111861
0.111026
0.112060
0.110695
0.110913
0.110617
0.110711
0.106759
0.106105
0.106061
0.106095
0.106273
0.107434
0.106084
0.106133
0.106006
0.106116
0.106035
0.106043
0.106498
0.106015
0.107324
0.106208
0.106138
0.106040
0.105982
0.106261
0.106144
0.106071
0.106003
0.106084
0.107261
0.106130
0.106023
0.106140
0.106143
0.106107
0.106083
0.106021
0.106127
0.107278
0.106036
0.106141
0.106051
0.106126
0.106717
0.113918
0.111153
0.110812
0.112144
0.109541
0.106199
0.106226
0.106161
0.106051
0.106122
0.106186
0.106248
0.106357
0.107308
0.106190
0.105959
0.106041
0.105995
0.106065
0.106311
0.106069
0.106129
0.107229
0.106166
0.106076
0.106130
0.105924
0.105979
0.106319
0.106082
0.106093
0.106013
0.107336
0.106001
0.106346
0.106164
0.105979
0.106144
0.106030
0.106039
0.106062
0.107200
0.106238
0.106048
0.106021
0.106004
0.108709
0.111193
0.109067
0.110788
0.110835
0.110690
0.106274
0.106457
0.106080
0.106194
0.106099
0.106046
0.106166
0.106237
0.107400
0.106092
0.106115
0.106283
0.106118
0.106056
0.105990
0.106107
0.105990
0.107287
0.106092
0.106756
0.106140
0.106075
0.106162
0.106109
0.106172
0.106053
0.106134
0.107389
0.105996
0.106102
0.106028
0.106100
0.106085
0.106088
0.106361
0.105977
0.107243
0.106148
0.106130
0.105990
0.106122
0.109748
0.112266
0.111868
0.110996
0.111033
0.108140
0.106546
0.106218
0.106612
0.106790
0.107947
0.106925
0.106812
0.106307
0.107321
0.106778
0.106152
0.106296
0.106154
0.106177
0.106098
0.106016
0.106197
0.106142
0.107328
0.106067
0.106091
0.106046
0.106054
0.106255
0.106324
0.106255
0.106018
0.107274
0.106160
0.105932
0.106080
0.105919
0.106974
0.106267
0.106196
0.106023
0.106195
0.107343
0.106035
0.106126
0.106013
0.111531
0.111294
0.110975
0.110952
0.110782
0.112141
0.109897
0.106540
0.106078
0.106380
0.106049
0.106061
0.106278
0.106185
0.107456
0.106108
0.106185
0.106096
0.106051
0.106225
0.106332
0.106197
0.105977
0.106066
0.107386
0.106155
0.106068
0.106016
0.106302
0.106095
0.106075
0.105937
0.106106
0.107352
0.105990
0.106069
0.106095
0.106283
0.106070
0.106080
0.106068
0.105954
0.106311
0.107434
0.106109
0.105886
0.106218
0.112043
0.106560
0.106425
0.106228
0.106308
0.107342
0.106189
0.106171
0.106106
0.106198
0.106070
0.106479
0.106216
0.106192
0.106031
0.107759
0.106046
0.106021
0.106076
0.106292
0.106067
0.106019
0.106073
0.106133
0.107203
0.106173
0.105990
0.106118
0.106238
0.106125
0.105965
0.106007
0.106088
0.106017
0.107457
0.105995
0.106075
0.105953
0.106163
0.106011
0.105933
0.106012
0.106095
0.107373
0.106060
0.106063
0.105966
0.113396
0.111242
0.110751
0.110870
0.110729
0.112069
0.110078
0.106203
0.106043
0.106144
0.106165
0.106279
0.106316
0.106012
0.106254
0.107243
0.106023
0.106130
0.106155
0.106105
0.105976
0.106206
0.106073
0.106053
0.107347
0.106069
0.106124
0.106141
0.106253
0.105972
0.106037
0.105968
0.106038
0.106058
0.107289
0.106335
0.106023
0.106222
0.105997
0.106358
0.106190
0.106053
0.106114
0.107313
0.106175
0.106032
0.108258
0.110098
0.106499
0.106435
0.106165
0.106710
0.106135
0.107538
0.106189
0.106063
0.106235
0.106007
0.106225
0.106237
0.106140
0.106001
0.107475
0.106153
0.106069
0.106175
0.106487
0.106202
0.106028
0.106045
0.106283
0.106004
0.107342
0.106022
0.106138
0.106361
0.106207
0.106223
0.106046
0.106093
0.106014
0.107630
0.106052
0.106090
0.106086
0.106131
0.106140
0.106007
0.106062
0.106052
0.107222
0.106125
0.105959
0.108506
0.110707
0.108201
0.107522
0.107494
0.107317
0.108252
0.109034
0.106213
0.106093
0.106102
0.106225
0.106167
0.106297
0.106265
0.106019
0.107326
0.106551
0.106279
0.106150
0.106130
0.106282
0.106197
0.106078
0.106039
0.106714
0.107410
0.106218
0.106067
0.106185
0.106130
0.106022
0.106125
0.106145
0.106192
0.107204
0.106079
0.106115
0.106135
0.106057
0.105950
0.106120
0.106060
0.106049
0.106127
0.107265
0.106052
0.109286
0.111725
0.111096
0.111054
0.109903
0.106333
0.106098
0.107290
0.106491
0.106356
0.106933
0.106590
0.106476
0.106273
0.106121
0.106568
0.107314
0.106260
0.106103
0.106495
0.106132
0.106026
0.106120
0.106013
0.106238
0.106096
0.107333
0.106046
0.106000
0.106606
0.105975
0.106110
0.105978
0.106050
0.106295
0.107239
0.106125
0.105972
0.106329
0.106045
0.106129
0.106323
0.108425
0.109246
0.109519
0.109895
0.111248
0.113387
0.110445
0.109867
0.108620
0.107809
0.111204
0.109240
0.108637
0.107104
0.110548
0.109625
0.107268
0.107998
0.106576
0.106811
0.106770
0.108155
0.106592
0.111518
0.108446
0.107736
0.107200
0.106814
0.107550
0.107137
0.107986
0.107345
0.106199
0.106204
0.106917
0.106151
0.106105
0.106283
0.106110
0.106110
0.107218
0.106374
0.106199
0.106081
0.106471
0.106012
0.106129
0.106108
0.106321
0.106009
0.107374
0.107910
0.112861
0.111577
0.111304
0.108948
0.106303
0.106252
0.106046
0.107333
0.106124
0.106348
0.106116
0.106052
0.106295
0.106055
0.106249
0.106093
0.107192
0.106165
0.106012
0.106335
0.106034
0.106101
0.106019
0.106118
0.106133
0.105931
0.107348
0.106044
0.106899
0.106533
0.106027
0.106199
0.105995
0.106311
0.106017
0.107299
0.106093
0.106092
0.106039
0.105998
0.106070
0.106006
0.106242
0.106004
0.106111
0.107262
0.109225
0.110848
0.108090
0.107781
0.107397
0.107422
0.107704
0.107370
0.107807
0.106096
0.106216
0.105998
0.106224
0.106152
0.106198
0.106088
0.105967
0.106087
0.107253
0.106434
0.105945
0.106437
0.106100
0.106007
0.106247
0.106161
0.106085
0.107262
0.107339
0.106407
0.106023
0.106179
0.105970
0.106208
0.105980
0.106074
0.106263
0.107399
0.106236
0.106004
0.106117
0.105994
0.106090
0.105999
0.106227
0.106040
0.107219
0.110344
0.112390
0.111157
0.111083
0.111124
0.111030
0.110696
0.106427
0.107441
0.106391
0.106397
0.106624
0.106470
0.106354
0.106245
0.106288
0.106375
0.106192
0.107601
0.106302
0.106600
0.106194
0.106203
0.106297
0.106321
0.106282
0.106134
0.107479
0.106430
0.106735
0.106163
0.106265
0.106364
0.106155
0.106896
0.106308
0.106220
0.107420
0.106387
0.106278
0.106201
0.106305
0.106286
0.106359
0.106216
0.106184
0.107538
0.112661
0.109479
0.111135
0.111200
0.110829
0.111091
0.108005
0.106435
0.107550
0.106197
0.106436
0.106497
0.106586
0.106252
0.106381
0.106212
0.106533
0.106427
0.107518
0.106359
0.106378
0.106336
0.106213
0.106234
0.107192
0.106436
0.106329
0.107493
0.106751
0.106235
0.106225
0.106328
0.106188
0.106503
0.106159
0.106248
0.106154
0.107533
0.106604
0.106480
0.106362
0.106268
0.106247
0.106329
0.106262
0.106190
0.109276
0.112133
0.106873
0.106572
0.106395
0.106509
0.106260
0.106257
0.106838
0.106470
0.107921
0.106444
0.106464
0.106565
0.106428
0.106269
0.106425
0.106434
0.106253
0.107544
0.106441
0.106264
0.106201
0.106236
0.106452
0.106275
0.106304
0.106229
0.106275
0.107984
0.106528
0.106318
0.106263
0.106325
0.106290
0.106304
0.106160
0.106234
0.107574
0.106320
0.106215
0.106182
0.106280
0.106361
0.106286
0.106401
0.106135
0.110297
0.112293
0.111276
0.111124
0.111124
0.110841
0.110940
0.110893
0.109712
0.106211
0.107593
0.106276
0.106663
0.106582
0.106337
0.106343
0.106263
0.106241
0.106344
0.107600
0.106475
0.106363
0.106303
0.106420
0.106144
0.106551
0.106293
0.106269
0.107339
0.106509
0.106200
0.106233
0.106313
0.106322
0.106367
0.106190
0.106404
0.106190
0.107732
0.106299
0.106177
0.106312
0.106192
0.106417
0.106211
0.106275
0.106197
0.112744
0.111457
0.111070
0.111102
0.110585
0.108356
0.106328
0.106526
0.106280
0.106268
0.107735
0.106792
0.108229
0.106440
0.106567
0.106364
0.106172
0.106376
0.106221
0.107676
0.106312
0.106268
0.106177
0.106383
0.106385
0.106171
0.106334
0.106200
0.106639
0.107663
0.106307
0.106300
0.106201
0.106237
0.106296
0.106263
0.106197
0.106331
0.107556
0.106202
0.106288
0.106199
0.106473
0.106272
0.106231
0.106126
0.106200
0.115371
0.111561
0.110905
0.111012
0.110857
0.110733
0.110692
0.108309
0.106348
0.106330
0.107473
0.106500
0.106413
0.106357
0.106281
0.106292
0.106222
0.106155
0.106383
0.107519
0.106395
0.106248
0.106316
0.106157
0.106253
0.106537
0.106201
0.106555
0.106388
0.107605
0.106215
0.106279
0.106343
0.106252
0.106214
0.106539
0.106353
0.106242
0.107584
0.106488
0.106278
0.106273
0.106161
0.106355
0.106220
0.106290
0.110472
0.114135
0.112468
0.111903
0.112137
0.111593
0.110745
0.106637
0.106537
0.106485
0.106669
0.107901
0.106841
0.106713
0.106448
0.106648
0.106469
0.106471
0.106477
0.106429
0.108034
0.106271
0.106382
0.106202
0.106398
0.106190
0.106149
0.106783
0.106261
0.107749
0.106609
0.106408
0.106178
0.106135
0.106576
0.106244
0.106255
0.106135
0.106307
0.107426
0.106308
0.106227
0.106307
0.106317
0.106132
0.106313
0.106124
0.113205
0.109753
0.107812
0.107772
0.107520
0.107616
0.107251
0.106674
0.106555
0.106312
0.106371
0.107816
0.106707
0.106385
0.106563
0.106361
0.107120
0.106355
0.106245
0.106595
0.107814
0.106443
0.106420
0.106263
0.106980
0.106525
0.106439
0.106498
0.106479
0.106712
0.107895
0.106356
0.106334
0.106409
0.106229
0.106472
0.106237
0.106434
0.106445
0.107624
0.106400
0.106311
0.106305
0.106271
0.106452
0.106206
0.106885
0.113890
0.112619
0.111275
0.111114
0.111058
0.108980
0.106523
0.106515
0.106978
0.107467
0.107153
0.108666
0.107019
0.107050
0.106823
0.106925
0.106370
0.107040
0.106819
0.107025
0.107908
0.106377
0.106492
0.106870
0.107348
0.107238
0.107522
0.107297
0.107515
0.107338
0.108513
0.107832
0.107286
0.107807
0.107574
0.107268
0.107131
0.106456
0.106417
0.107502
0.106661
0.106311
0.106809
0.107044
0.106711
0.106438
0.110733
0.109680
0.109152
0.107908
0.107261
0.106400
0.106778
0.106409
0.106381
0.106218
0.106445
0.106339
0.107776
0.106433
0.106654
0.106445
0.106208
0.106334
0.106170
0.106485
0.106440
0.107414
0.106570
0.106213
0.106245
0.106430
0.106350
0.106431
0.106301
0.106483
0.106357
0.107657
0.106232
0.106403
0.106165
0.106243
0.106414
0.106454
0.106655
0.106589
0.107631
0.106452
0.106148
0.106502
0.106208
0.106260
0.106209
0.112937
0.108775
0.109886
0.108523
0.108044
0.108506
0.108396
0.108124
0.107342
0.106409
0.106407
0.106518
0.107910
0.106444
0.106363
0.106476
0.106509
0.106332
0.106311
0.106451
0.106289
0.107543
0.106384
0.106430
0.106191
0.106239
0.106182
0.106189
0.106587
0.106344
0.106473
0.107554
0.106259
0.106224
0.106234
0.106297
0.106199
0.106196
0.106312
0.106180
0.107369
0.106350
0.106368
0.106208
0.106278
0.106212
0.106439
0.114192
0.111464
0.111025
0.108539
0.106319
0.106435
0.106404
0.106444
0.106385
0.106214
0.106391
0.106250
0.107628
0.106440
0.106316
0.106316
0.106227
0.106216
0.106222
0.106457
0.106545
0.107339
0.106514
0.106358
0.106603
0.106213
0.106206
0.106604
0.106386
0.106295
0.106226
0.107557
0.106434
0.106403
0.106287
0.106543
0.106431
0.106263
0.106392
0.106160
0.107531
0.106340
0.106189
0.106409
0.106194
0.106266
0.108774
0.111209
0.106740
0.106501
0.107944
0.106562
0.106411
0.106329
0.106538
0.106255
0.106443
0.106291
0.106524
0.107836
0.106337
0.106336
0.106337
0.106279
0.106229
0.106187
0.106555
0.106219
0.106297
0.107553
0.106397
0.106251
0.106153
0.106252
0.106252
0.106626
0.106227
0.106321
0.107491
0.106333
0.106201
0.106820
0.106331
0.106240
0.106302
0.106231
0.106353
0.106278
0.107446
0.106437
0.106145
0.106277
0.106161
0.109521
0.109171
0.106913
0.106535
0.107690
0.106428
0.106447
0.106583
0.106193
0.106229
0.106300
0.106256
0.106323
0.106424
0.107616
0.106279
0.106384
0.106575
0.106282
0.106251
0.106357
0.106256
0.106162
0.107611
0.106298
0.107178
0.106601
0.106328
0.106352
0.106394
0.106369
0.106233
0.107419
0.106438
0.106317
0.106525
0.106220
0.106196
0.106282
0.106387
0.106377
0.106310
0.107663
0.106215
0.106386
0.106262
0.106261
0.110266
0.113040
0.111341
0.111087
0.112421
0.111134
0.109315
0.106431
0.106492
0.106296
0.107282
0.106377
0.106492
0.106490
0.107517
0.106576
0.106338
0.106363
0.106272
0.106318
0.106239
0.106246
0.106326
0.107418
0.106380
0.106293
0.106195
0.106256
0.106194
0.106573
0.106448
0.106408
0.107504
0.106320
0.106434
0.106142
0.106299
0.106225
0.106954
0.106609
0.106295
0.106502
0.107424
0.106486
0.106326
0.106362
0.106200
0.113026
0.111361
0.111061
0.111010
0.112109
0.110709
0.110347
0.106541
0.106216
0.106276
0.106264
0.106332
0.106558
0.106288
0.107795
0.106205
0.106363
0.106230
0.106206
0.106366
0.106463
0.106349
0.106296
0.107488
0.106312
0.106260
0.106217
0.106167
0.106211
0.106247
0.106325
0.106214
0.106261
0.107528
0.106198
0.106271
0.106316
0.106307
0.106363
0.106233
0.106284
0.106262
0.107543
0.106330
0.106366
0.106218
0.108246
0.113120
0.112049
0.111769
0.111454
0.107836
0.106303
0.106356
0.106452
0.106554
0.106339
0.106464
0.106520
0.106456
0.106329
0.107493
0.106421
0.106315
0.106286
0.106202
0.106203
0.106320
0.106188
0.106340
0.107498
0.106364
0.106273
0.106215
0.106298
0.106481
0.106358
0.106243
0.106410
0.106261
0.107471
0.106462
0.106185
0.106269
0.106220
0.106419
0.106220
0.106248
0.106121
0.107564
0.106324
0.106172
0.106254
0.110310
0.110668
0.108666
0.107589
0.107480
0.108389
0.107945
0.107083
0.106413
0.106299
0.106408
0.106254
0.106371
0.106418
0.106246
0.107661
0.106190
0.106360
0.106289
0.106182
0.106460
0.106203
0.106331
0.106204
0.107413
0.106346
0.106256
0.106493
0.106279
0.106397
0.106237
0.106328
0.106242
0.106257
0.107508
0.106194
0.107678
0.106249
0.106367
0.106528
0.106338
0.106229
0.106204
0.107471
0.106300
0.106369
0.106159
0.111628
0.108571
0.106618
0.106925
0.106385
0.106727
0.107528
0.106481
0.106305
0.106385
0.106385
0.106215
0.106500
0.106310
0.106340
0.107569
0.106436
0.106244
0.106202
0.106270
0.106672
0.106301
0.106198
0.106259
0.106354
0.107488
0.106298
0.106231
0.106297
0.106572
0.106617
0.106242
0.106218
0.106443
0.107769
0.106398
0.106234
0.106270
0.106319
0.106336
0.106193
0.106261
0.106272
0.106307
0.107577
0.106224
0.106231
0.111370
0.111522
0.111281
0.111152
0.111132
0.110852
0.111771
0.106402
0.106346
0.106253
0.106320
0.106377
0.106480
0.106369
0.106333
0.107558
0.106563
0.106430
0.106386
0.106412
0.106607
0.106195
0.106360
0.106201
0.106904
0.107747
0.106382
0.106296
0.106273
0.106485
0.106250
0.106357
0.106232
0.106271
0.107491
0.106234
0.106273
0.106216
0.106289
0.106241
0.106173
0.106506
0.106245
0.106290
0.107569
0.106223
0.107466
0.111854
0.107067
0.106539
0.106623
0.106412
0.106613
0.107540
0.106520
0.106353
0.106293
0.106535
0.106638
0.106646
0.106291
0.106378
0.107607
0.106256
0.106371
0.106308
0.106344
0.106216
0.106300
0.106253
0.106331
0.106219
0.107448
0.106333
0.106191
0.106443
0.106265
0.106293
0.106280
0.106161
0.106348
0.107450
0.106313
0.106120
0.106246
0.106222
0.106197
0.106253
0.106198
0.106250
0.106200
0.107580
0.106233
0.108355
0.111920
0.110987
0.111128
0.110873
0.110844
0.110699
0.110440
0.106311
0.106329
0.106369
0.106166
0.106414
0.106405
0.106281
0.106290
0.107527
0.106339
0.106214
0.106295
0.106283
0.106251
0.106356
0.106291
0.106227
0.106194
0.107565
0.106263
0.106325
0.106259
0.106328
0.106138
0.106326
0.106173
0.106161
0.107458
0.106273
0.106337
0.106232
0.106308
0.106397
0.106255
0.106221
0.106360
0.106400
0.107537
0.106272
0.111570
0.112272
0.110926
0.110951
0.110699
0.110761
0.110802
0.112025
0.110877
0.107119
0.106454
0.106200
0.106480
0.106352
0.106330
0.106386
0.107449
0.106382
0.106201
0.106294
0.106375
0.106212
0.106321
0.106260
0.106367
0.106251
0.107424
0.106294
0.106238
0.106720
0.106431
0.106370
0.106175
0.106212
0.106361
0.107398
0.106337
0.106250
0.106313
0.106194
0.106279
