0.017533
0.008212
0.007834
0.007804
0.007789
0.007807
0.007812
0.007813
0.007805
0.007816
0.007835
0.007850
0.007848
0.007841
0.007795
0.007835
0.007819
0.007833
0.007798
0.007846
0.007792
0.007832
0.007822
0.007808
0.007805
0.007793
0.007821
0.007811
0.008289
0.007813
0.007827
0.007822
0.007830
0.007812
0.007812
0.007850
0.007817
0.007850
0.007869
0.007862
0.007814
0.007822
0.007812
0.007812
0.007810
0.007807
0.007789
0.007821
0.007831
0.007817
0.007824
0.007820
0.007796
0.007829
0.007829
0.007861
0.007828
0.007840
0.007860
0.007854
0.007869
0.007829
0.007867
0.007801
0.007802
0.007874
0.007853
0.007856
0.007807
0.007921
0.007850
0.007786
0.007850
0.011049
0.008038
0.013223
0.008702
0.011466
0.011321
0.010821
0.007809
0.010218
0.007787
0.007805
0.007816
0.007773
0.007814
0.007816
0.009133
0.007779
0.007799
0.007802
0.010935
0.007814
0.007806
0.012450
0.007808
0.007792
0.007828
0.007842
0.007826
0.007785
0.007823
0.007834
0.007807
0.007814
0.007795
0.007805
0.007853
0.007903
0.007801
0.007791
0.007809
0.007780
0.007789
0.007761
0.007812
0.007817
0.007797
0.007769
0.007790
0.007812
0.007799
0.007832
0.007822
0.007817
0.007818
0.007851
0.007852
0.007856
0.007824
0.007821
0.007801
0.007801
0.007753
0.007785
0.007783
0.007773
0.007794
0.007793
0.007764
0.007806
0.010033
0.007799
0.007801
0.007809
0.007781
0.007792
0.007805
0.007772
0.007797
0.007784
0.007795
0.007806
0.007820
0.007806
0.007778
0.007792
0.007859
0.010919
0.007568
0.007548
0.007565
0.007575
0.007545
0.007623
0.011404
0.008512
0.008510
0.008486
0.008480
0.008489
0.008432
0.008429
0.008460
0.012160
0.008429
0.008498
0.008503
0.008437
0.008449
0.008469
0.008424
0.008438
0.008439
0.008469
0.008452
0.008496
0.008463
0.008464
0.008457
0.008427
0.008462
0.008430
0.008442
0.008450
0.008443
0.008466
0.008430
0.008444
0.008454
0.008452
0.012095
0.008401
0.008404
0.008409
0.008507
0.008411
0.008429
0.008389
0.008406
0.008410
0.008397
0.008439
0.008383
0.008476
0.008425
0.008684
0.009279
0.011810
0.008208
0.008137
0.008219
0.008149
0.013120
0.010052
0.008183
0.008141
0.011689
0.008170
0.008152
0.008137
0.011493
0.008107
0.008151
0.008141
0.008115
0.008150
0.008148
0.008105
0.008115
0.008153
0.026123
0.017106
0.008215
0.008099
0.008103
0.008096
0.008079
0.008121
0.008166
0.008185
0.008167
0.008126
0.008151
0.008128
0.008101
0.008151
0.008145
0.008137
0.008132
0.008128
0.008119
0.008112
0.008120
0.008146
0.008126
0.008106
0.008114
0.008117
0.008122
0.008085
0.008120
0.008112
0.008174
0.008122
0.008114
0.013160
0.008130
0.008150
0.008109
0.008129
0.008110
0.008105
0.008120
0.008140
0.008120
0.008122
0.008128
0.008151
0.008130
0.008107
0.008184
0.008099
0.008128
0.008067
0.008101
0.008110
0.008119
0.008109
0.008122
0.008168
0.012855
0.015934
0.012873
0.007855
0.007800
0.007786
0.007792
0.007767
0.007821
0.007794
0.007791
0.007813
0.007848
0.007835
0.007771
0.007792
0.007774
0.007756
0.007792
0.007757
0.007773
0.012964
0.007766
0.011707
0.007786
0.007815
0.007778
0.007818
0.007795
0.007783
0.007797
0.007802
0.007791
0.007793
0.007812
0.007852
0.007822
0.007799
0.007752
0.007791
0.007829
0.007785
0.007834
0.007832
0.007790
0.007786
0.007802
0.007790
0.007790
0.007770
0.007812
0.007775
0.007779
0.015874
0.013122
0.012696
0.007801
0.007792
0.007745
0.007803
0.007775
0.007779
0.007798
0.007783
0.007804
0.007857
0.007826
0.007813
0.007862
0.007800
0.007777
0.007888
0.007766
0.007786
0.007830
0.007786
0.007787
0.007801
0.015755
0.015832
0.007885
0.007875
0.007908
0.007837
0.007843
0.007817
0.007784
0.007840
0.007866
0.007820
0.007857
0.007756
0.007875
0.007860
0.007781
0.007765
0.007797
0.007812
0.007787
0.007778
0.007753
0.007820
0.007801
0.007831
0.007785
0.007847
0.007820
0.007812
0.007802
0.007766
0.007829
0.007814
0.007819
0.007797
0.007753
0.007770
0.007755
0.007781
0.007785
0.007915
0.007830
0.007802
0.008162
0.007849
0.007832
0.007826
0.007809
0.007855
0.007804
0.007837
0.007853
0.007853
0.007823
0.007782
0.007852
0.007890
0.007854
0.007807
0.007865
0.007886
0.007793
0.007815
0.007775
0.007774
0.007800
0.007784
0.007794
0.007829
0.007840
0.007817
0.007821
0.007766
0.007826
0.007805
0.007794
0.007838
0.007807
0.007759
0.007849
0.007859
0.007825
0.007846
0.007832
0.010704
0.007803
0.007817
0.007790
0.007836
0.007847
0.007804
0.007851
0.007851
0.007815
0.007842
0.007852
0.007843
0.007833
0.007805
0.007835
0.007863
0.007850
0.007830
0.007779
0.007871
0.007870
0.007885
0.007820
0.007814
0.007863
0.007877
0.007852
0.007905
0.007822
0.007842
0.007832
0.007827
0.007803
0.007839
0.007808
0.007840
0.007838
0.007839
0.007869
0.007836
0.007821
0.007834
0.010641
0.007853
0.007778
0.007781
0.007813
0.007835
0.007809
0.007740
0.007802
0.007782
0.007792
0.007803
0.007751
0.007823
0.007843
0.007778
0.007781
0.007765
0.007785
0.007960
0.007814
0.007761
0.007797
0.007834
0.007787
0.007799
0.007809
0.007807
0.007783
0.007806
0.007805
0.007805
0.007829
0.007787
0.007834
0.007839
0.007837
0.007782
0.007801
0.007786
0.008899
0.007793
0.007802
0.007789
0.007779
0.007788
0.007801
0.007785
0.007783
0.007765
0.007771
0.007782
0.007773
0.007808
0.007779
0.007777
0.007801
0.007830
0.007792
0.007806
0.007784
0.007788
0.007784
0.007804
0.007814
0.007801
0.007783
0.007773
0.007742
0.007770
0.007778
0.007778
0.007767
0.007767
0.007790
0.007787
0.007731
0.007805
0.007799
0.007774
0.007817
0.007789
0.007819
0.007815
0.007803
0.007802
0.007790
0.007776
0.007824
0.007787
0.007824
0.007759
0.007764
0.007788
0.007777
0.007804
0.007768
0.007796
0.007767
0.007829
0.007850
0.007816
0.007803
0.007800
0.007787
0.007830
0.007805
0.007809
0.007816
0.007804
0.007764
0.007767
0.007785
0.007762
0.007829
0.007795
0.007785
0.007771
0.007826
0.007828
0.007823
0.007808
0.007825
0.007810
0.007837
0.007842
0.007814
0.007806
0.007769
0.007762
0.007777
0.007778
0.007801
0.007793
0.007784
0.007796
0.007793
0.007803
0.007784
0.007783
0.007755
0.007774
0.007780
0.007796
0.007800
0.007812
0.007760
0.007777
0.007754
0.007785
0.007782
0.007781
0.007751
0.007777
0.007784
0.007764
0.007806
0.007784
0.007780
0.007814
0.007802
0.007813
0.007782
0.007780
0.007796
0.007779
0.007769
0.007773
0.007769
0.007767
0.007773
0.007773
0.007833
0.007795
0.007783
0.007850
0.016447
0.012660
0.012817
0.014304
0.008682
0.013107
0.013047
0.013719
0.013078
0.017069
0.013166
0.013367
0.013116
0.009688
0.008087
0.008420
0.008087
0.008161
0.008089
0.008111
0.008103
0.008113
0.008113
0.008099
0.008100
0.008115
0.008092
0.008122
0.008067
0.008238
0.008117
0.008152
0.008123
0.008133
0.008128
0.008121
0.008139
0.008103
0.008114
0.008108
0.013121
0.008162
0.008137
0.008096
0.008134
0.008094
0.008107
0.008102
0.023351
0.008868
0.007924
0.007950
0.007964
0.007934
0.007974
0.007903
0.007947
0.007955
0.007961
0.007957
0.007985
0.007943
0.007977
0.007965
0.007925
0.007956
0.007912
0.007946
0.007942
0.007951
0.008000
0.007990
0.007990
0.007917
0.007962
0.007905
0.007965
0.007938
0.007953
0.007952
0.007978
0.007942
0.007951
0.007987
0.007983
0.007973
0.007985
0.007970
0.007949
0.007971
0.007953
0.007989
0.007939
0.007938
0.007935
0.007955
0.007962
0.007970
0.007949
0.007987
0.007945
0.007957
0.007982
0.007959
0.007948
0.007932
0.007966
0.007963
0.007962
0.007978
0.007973
0.007964
0.007977
0.008067
0.014324
0.017746
0.007535
0.007591
0.007572
0.007635
0.007547
0.007555
0.007518
0.007530
0.007530
0.007540
0.007579
0.007512
0.007602
0.007554
0.007574
0.007564
0.007588
0.007592
0.007579
0.007574
0.007525
0.007545
0.007572
0.007547
0.007585
0.007547
0.007574
0.007553
0.007565
0.007522
0.007527
0.007557
0.007565
0.007559
0.007568
0.007636
0.007468
0.007471
0.010307
0.007479
0.007484
0.007470
0.007474
0.007477
0.007467
0.007448
0.007452
0.007465
0.007477
0.007485
0.007432
0.007423
0.007496
0.007474
0.007434
0.007446
0.007420
0.007498
0.007468
0.007426
0.007444
0.007465
0.007436
0.007443
0.007479
0.007484
0.007443
0.007458
0.007480
0.007505
0.007441
0.007465
0.007459
0.007504
0.007426
0.007436
0.007469
0.007458
0.007495
0.007464
0.007466
0.007472
0.007454
0.007434
0.007434
0.007438
0.007448
0.007452
0.007468
0.007512
0.016814
0.012391
0.013531
0.007435
0.007420
0.007407
0.007446
0.007424
0.007386
0.007398
0.007477
0.007420
0.007418
0.007453
0.007404
0.007455
0.007437
0.007466
0.007473
0.007412
0.007430
0.007373
0.007442
0.007404
0.007449
0.007422
0.007465
0.007451
0.010388
0.007390
0.007426
0.007410
0.012048
0.007444
0.007448
0.007388
0.007398
0.007434
0.007426
0.007460
0.007400
0.007445
0.007425
0.007454
0.007422
0.007426
0.007443
0.007457
0.007431
0.007389
0.007429
0.007419
0.007429
0.007432
0.007428
0.007439
0.007413
0.007429
0.007444
0.007411
0.007418
0.007420
0.007453
0.007424
0.007411
0.007409
0.007429
0.007435
0.007442
0.007450
0.007466
0.007393
0.007446
0.007435
0.007415
0.007456
0.007455
0.007425
0.007442
0.007417
0.007421
0.007446
0.007441
0.007432
0.007415
0.007396
0.007443
0.007446
0.007449
0.007453
0.007432
0.007421
0.007411
0.007397
0.007409
0.007444
0.007426
0.007436
0.007412
0.007389
0.007433
0.007436
0.007420
0.007414
0.007415
0.007423
0.007362
0.007451
0.007421
0.007420
0.007446
0.007432
0.007417
0.007445
0.007417
0.007448
0.007433
0.007454
0.009821
0.007414
0.007415
0.007421
0.007434
0.007410
0.007417
0.007431
0.007432
0.007445
0.007424
0.007429
0.007456
0.007429
0.007418
0.007383
0.007411
0.007434
0.007453
0.007503
0.007432
0.007415
0.007397
0.007448
0.007398
0.007438
0.007425
0.007446
0.007414
0.007419
0.007408
0.007416
0.007435
0.007466
0.007465
0.007452
0.007421
0.007430
0.007406
0.007418
0.007422
0.007395
0.007472
0.007416
0.008302
0.007426
0.007443
0.007421
0.007419
0.007427
0.007412
0.007445
0.007436
0.007393
0.007446
0.007404
0.007451
0.007447
0.007460
0.007410
0.007404
0.007444
0.007450
0.007447
0.007422
0.007459
0.007430
0.007395
0.007442
0.007455
0.007446
0.007473
0.008238
0.008172
0.008163
0.008116
0.008101
0.008104
0.008119
0.008086
0.008063
0.008088
0.008079
0.008079
0.008089
0.008088
0.008081
0.010123
0.007789
0.007814
0.007777
0.007810
0.007801
0.007785
0.007815
0.007780
0.007799
0.007778
0.007809
0.009807
0.007793
0.007767
0.007767
0.007764
0.007767
0.007770
0.007820
0.007830
0.007780
0.007759
0.007811
0.007771
0.007817
0.007778
0.007790
0.007762
0.007857
0.007809
0.007764
0.007816
0.007794
0.007755
0.007786
0.007780
0.007782
0.007727
0.007785
0.007796
0.007772
0.007780
0.007810
0.007795
0.007763
0.007795
0.007780
0.007787
0.007825
0.007785
0.007775
0.007798
0.007777
0.007752
0.007773
0.007795
0.007786
0.007802
0.007785
0.007770
0.007810
0.007774
0.007783
0.007750
0.007746
0.007794
0.007817
0.008082
0.010580
0.010076
0.010767
0.008025
0.007780
0.007771
0.007774
0.007797
0.007764
0.007781
0.007732
0.007758
0.007796
0.007753
0.007778
0.007766
0.007749
0.007746
0.007813
0.007738
0.007759
0.007757
0.007811
0.007775
0.007787
0.007803
0.007794
0.007729
0.007763
0.007805
0.007770
0.007736
0.007765
0.007769
0.007789
0.007774
0.007789
0.007748
0.007763
0.007751
0.007739
0.007765
0.007794
0.007887
0.007766
0.007787
0.007757
0.007758
0.007767
0.007748
0.007777
0.007735
0.007751
0.007793
0.007752
0.007743
0.007810
0.007783
0.007763
0.007786
0.007784
0.007803
0.007810
0.007794
0.007787
0.007766
0.007796
0.007828
0.007778
0.007782
0.007766
0.007787
0.007790
0.007774
0.007776
0.007771
0.007806
0.007767
0.007786
0.007794
0.007783
0.007792
0.007760
0.007785
0.007754
0.007780
0.007833
0.007754
0.007747
0.007779
0.007762
0.007793
0.007782
0.007824
0.007808
0.007760
0.007822
0.007768
0.007765
0.007775
0.007774
0.007787
0.007779
0.007764
0.007769
0.007768
0.013844
0.014768
0.012883
0.008760
0.007780
0.007795
0.007782
0.007769
0.007787
0.007761
0.017135
0.012828
0.013942
0.017425
0.017382
0.012778
0.015249
0.012830
0.014713
0.015807
0.012801
0.015969
0.012781
0.013522
0.012822
0.014583
0.007818
0.014185
0.015528
0.015204
0.015252
0.010157
0.009800
0.012789
0.007778
0.007786
0.007765
0.007786
0.007765
0.007804
0.007771
0.007739
0.007730
0.007815
0.008866
0.009307
0.008830
0.007738
0.007779
0.007828
0.007787
0.007791
0.007782
0.007789
0.007763
0.007769
0.007775
0.007775
0.009167
0.007763
0.007719
0.007764
0.007752
0.007734
0.007779
0.007777
0.007779
0.007775
0.007759
0.007764
0.007751
0.007764
0.007765
0.007710
0.007796
0.007799
0.007795
0.007789
0.007775
0.007800
0.007785
0.007799
0.007770
0.007765
0.007774
0.010083
0.007787
0.007829
0.007785
0.007815
0.007774
0.007807
0.007792
0.007759
0.007774
0.007807
0.009502
0.007818
0.007790
0.007804
0.007784
0.007796
0.007793
0.007756
0.007777
0.007746
0.007822
0.007814
0.007793
0.007795
0.007783
0.007784
0.007802
0.007798
0.007836
0.007814
0.007835
0.007789
0.007806
0.007799
0.007776
0.007773
0.007805
0.007769
0.007832
0.007789
0.007776
0.007780
0.007781
0.007811
0.007857
0.007783
0.007767
0.007770
0.011393
0.007807
0.007790
0.007823
0.007818
0.007796
0.007798
0.007800
0.007833
0.007802
0.012809
0.008875
0.007788
0.007781
0.007799
0.007827
0.007789
0.007816
0.007772
0.007776
0.007767
0.007812
0.007788
0.007774
0.007806
0.007839
0.007795
0.007769
0.007790
0.007799
0.007778
0.007816
0.007793
0.007820
0.007799
0.007815
0.007772
0.007762
0.007778
0.007774
0.007804
0.007784
0.007759
0.007786
0.007804
0.007773
0.007775
0.007778
0.012767
0.012790
0.012807
0.012784
0.008199
0.007814
0.007832
0.007818
0.007778
0.007805
0.007782
0.007805
0.007783
0.007779
0.007773
0.007777
0.010144
0.007807
0.007828
0.007784
0.007799
0.007809
0.007802
0.007771
0.007785
0.007791
0.007814
0.007800
0.007782
0.007774
0.007810
0.007789
0.007757
0.007758
0.007858
0.007779
0.007811
0.007807
0.007806
0.007794
0.007825
0.007793
0.007794
0.007770
0.007828
0.007770
0.007798
0.012821
0.007796
0.007760
0.007812
0.007809
0.007780
0.007772
0.007796
0.007763
0.007738
0.007750
0.007802
0.007759
0.007809
0.007797
0.007771
0.007796
0.007820
0.007806
0.007783
0.007784
0.007790
0.007781
0.007791
0.007770
0.007795
0.007762
0.007822
0.007740
0.007793
0.007769
0.007798
0.007745
0.007799
0.007790
0.007785
0.007796
0.007800
0.007758
0.007757
0.007759
0.007759
0.007767
0.010088
0.007813
0.007777
0.007794
0.007806
0.007822
0.007789
0.007765
0.007762
0.007788
0.007776
0.007814
0.007782
0.007808
0.007760
0.007738
0.007779
0.011357
0.007792
0.007822
0.007784
0.007773
0.007772
0.010090
0.020650
0.007827
0.007813
0.007838
0.007827
0.007757
0.007769
0.007810
0.012774
0.007749
0.007793
0.007820
0.007787
0.007820
0.007835
0.007836
0.007786
0.007832
0.007822
0.007818
0.007776
0.007864
0.007820
0.007811
0.007823
0.007757
0.007809
0.007798
0.007822
0.007829
0.007816
0.007794
0.007763
0.007805
0.007790
0.012440
0.007808
0.007822
0.007821
0.007848
0.007859
0.007835
0.007859
0.007867
0.007813
0.007879
0.007821
0.007830
0.007820
0.007841
0.007781
0.007840
0.007800
0.007846
0.007835
0.007815
0.007845
0.007828
0.007831
0.007834
0.007821
0.007843
0.007782
0.007832
0.007853
0.007884
0.007845
0.007845
0.007840
0.007808
0.007874
0.007846
0.007854
0.007812
0.007827
0.007848
0.007843
0.007814
0.007773
0.007835
0.007871
0.007853
0.007842
0.007826
0.007794
0.007808
0.007800
0.007830
0.007803
0.007856
0.007844
0.007828
0.007822
0.007844
0.007843
0.007815
0.007833
0.007818
0.007837
0.007832
0.007838
0.007842
0.007827
0.007844
0.007851
0.007830
0.007822
0.007840
0.007771
0.007829
0.007852
0.007829
0.007791
0.007867
0.007840
0.007842
0.007833
0.007834
0.007844
0.007827
0.007845
0.007834
0.007858
0.010902
0.007795
0.010655
0.007859
0.007793
0.007857
0.007843
0.007850
0.007842
0.007818
0.007846
0.007837
0.007802
0.007798
0.007842
0.009974
0.007882
0.007834
0.007843
0.007825
0.007842
0.007831
0.007851
0.007838
0.007799
0.007860
0.007828
0.007873
0.007807
0.007861
0.007843
0.007841
0.007827
0.007819
0.007794
0.007786
0.007788
0.007787
0.007799
0.007871
0.007833
0.007846
0.007808
0.007889
0.007872
0.007839
0.007836
0.007838
0.007844
0.007849
0.007848
0.007788
0.007861
0.007848
0.007851
0.007906
0.007796
0.007877
0.007843
0.007831
0.016816
0.012533
0.012779
0.012871
0.007848
0.012856
0.012860
0.012775
0.016659
0.013130
0.013459
0.016677
0.014235
0.012516
0.007864
0.007825
0.007836
0.007873
0.007854
0.007873
0.007824
0.007856
0.007832
0.007858
0.007830
0.007856
0.007860
0.007883
0.007829
0.007848
0.007811
0.007829
0.007838
0.007815
0.007865
0.007815
0.007880
0.007847
0.007839
0.007848
0.010749
0.007836
0.007853
0.007861
0.007807
0.007854
0.007853
0.007840
0.007857
0.007837
0.007866
0.007878
0.007819
0.007855
0.007856
0.010032
0.007812
0.007820
0.007922
0.007822
0.007844
0.007850
0.007798
0.007758
0.007810
0.007835
0.007835
0.007789
0.007816
0.007850
0.007844
0.007802
0.007780
0.007790
0.007798
0.007810
0.007775
0.007778
0.007842
0.007842
0.007833
0.007811
0.007852
0.007856
0.007847
0.007819
0.007785
0.007824
0.007810
0.007838
0.007775
0.007829
0.007826
0.007853
0.007835
0.007793
0.007779
0.007802
0.007814
0.007787
0.007818
0.007828
0.007844
0.007805
0.007805
0.007839
0.007843
0.007870
0.007811
0.007827
0.007859
0.007830
0.007811
0.007816
0.007836
0.010216
0.007852
0.007812
0.007828
0.007840
0.007834
0.007829
0.007819
0.007845
0.007807
0.007821
0.007835
0.007833
0.007849
0.007821
0.007829
0.007839
0.007816
0.007804
0.007849
0.007794
0.007834
0.007853
0.007783
0.007826
0.007845
0.007852
0.007798
0.007820
0.007840
0.007833
0.007838
0.007791
0.007822
0.007810
0.007830
0.007795
0.007822
0.007849
0.007801
0.007823
0.007847
0.007778
0.007779
0.007779
0.007821
0.016291
0.014085
0.014605
0.015951
0.017435
0.012801
0.007789
0.007746
0.007795
0.007783
0.007783
0.007797
0.007772
0.007791
0.007812
0.007790
0.007812
0.012667
0.007784
0.007818
0.007819
0.007775
0.007781
0.007806
0.007776
0.008844
0.007852
0.007735
0.007788
0.007760
0.007782
0.007760
0.012087
0.007813
0.007804
0.007834
0.007827
0.007797
0.007814
0.007817
0.007817
0.007813
0.007827
0.007823
0.007849
0.007798
0.007786
0.007793
0.007813
0.007758
0.007803
0.007762
0.007766
0.007767
0.007815
0.007821
0.007812
0.007823
0.007852
0.007809
0.007841
0.007864
0.007839
0.007818
0.007827
0.007802
0.007807
0.007805
0.007810
0.007857
0.007813
0.007763
0.007790
0.012815
0.007819
0.007819
0.007774
0.007771
0.007815
0.007787
0.007801
0.007821
0.007831
0.007823
0.007813
0.007821
0.007815
0.007820
0.007828
0.007844
