0.013453
0.010545
0.010454
0.010567
0.010643
0.010585
0.010529
0.010434
0.010473
0.010472
0.010464
0.010501
0.010452
0.010296
0.010347
0.010332
0.010357
0.010350
0.010430
0.010312
0.010388
0.010343
0.010343
0.010307
0.010307
0.010309
0.010324
0.010362
0.010388
0.010387
0.010387
0.010302
0.010308
0.010313
0.010305
0.010313
0.010316
0.010352
0.010443
0.010304
0.010320
0.010329
0.010365
0.010371
0.010302
0.010300
0.010286
0.010388
0.010429
0.010297
0.010419
0.010359
0.010310
0.010377
0.010351
0.010310
0.010361
0.010477
0.010353
0.010299
0.010290
0.010253
0.010318
0.010294
0.010374
0.010300
0.010342
0.010384
0.010298
0.010298
0.010288
0.010285
0.010273
0.010270
0.010287
0.010294
0.010381
0.010387
0.010338
0.010312
0.010311
0.010356
0.010289
0.010294
0.010306
0.010354
0.010342
0.010307
0.010305
0.010310
0.010289
0.010294
0.010289
0.010302
0.010266
0.010388
0.010469
0.013795
0.010874
0.010360
0.010418
0.010385
0.010267
0.010243
0.010268
0.010354
0.010309
0.010807
0.011127
0.010895
0.010929
0.010881
0.010757
0.010690
0.010734
0.010579
0.010588
0.010525
0.010541
0.010434
0.010545
0.010488
0.010481
0.010541
0.010485
0.010573
0.010528
0.010519
0.010503
0.010459
0.010475
0.010574
0.010519
0.010449
0.010485
0.010488
0.010463
0.010463
0.010480
0.010485
0.010485
0.010501
0.010545
0.010420
0.010493
0.010503
0.010530
0.010488
0.010484
0.010487
0.010499
0.010466
0.010498
0.010490
0.010467
0.010459
0.010475
0.010467
0.010461
0.010461
0.010499
0.010464
0.010467
0.010514
0.010432
0.010469
0.010452
0.010463
0.010445
0.010458
0.010516
0.010564
0.010497
0.010457
0.010490
0.010419
0.010473
0.010463
0.010481
0.010487
0.010475
0.010499
0.010439
0.010498
0.010469
0.010489
0.010454
0.010443
0.010473
0.010501
0.010488
0.010491
0.010494
0.010508
0.010553
0.010317
0.010239
0.010281
0.010318
0.010245
0.010320
0.010331
0.010251
0.010251
0.010262
0.010239
0.010293
0.010261
0.010263
0.010327
0.010329
0.010314
0.010300
0.010309
0.010322
0.010265
0.010276
0.010286
0.010317
0.010371
0.010388
0.010336
0.010337
0.010300
0.010334
0.010264
0.010233
0.010453
0.010469
0.010454
0.010324
0.010246
0.010253
0.010257
0.010311
0.010325
0.010270
0.010246
0.010255
0.010333
0.010298
0.010317
0.010438
0.010270
0.010254
0.010247
0.010255
0.010253
0.010332
0.010387
0.010291
0.010254
0.010244
0.010234
0.010245
0.010243
0.010293
0.010279
0.010333
0.010299
0.010252
0.010242
0.010245
0.010422
0.010228
0.010344
0.010298
0.010288
0.010293
0.010306
0.010270
0.010261
0.010299
0.010305
0.010240
0.010270
0.010274
0.010283
0.010343
0.010295
0.010251
0.010261
0.010238
0.010244
0.010261
0.010248
0.010271
0.010331
0.010359
0.010838
0.012421
0.010267
0.010324
0.010308
0.010232
0.010265
0.010255
0.010358
0.010237
0.010231
0.010264
0.010245
0.010242
0.010176
0.010262
0.010230
0.010291
0.010351
0.010248
0.010239
0.010250
0.010244
0.010204
0.010329
0.010302
0.010253
0.010317
0.010274
0.010233
0.010285
0.010220
0.010223
0.010258
0.010215
0.010232
0.010226
0.010289
0.010260
0.010242
0.010245
0.010257
0.010247
0.010294
0.010274
0.010250
0.010289
0.010284
0.010302
0.010309
0.010308
0.010200
0.010270
0.010244
0.010232
0.010238
0.010306
0.010370
0.010288
0.010231
0.010214
0.010260
0.010234
0.010242
0.010238
0.010242
0.010288
0.010310
0.010230
0.010236
0.010250
0.010250
0.010274
0.010286
0.010232
0.010247
0.010295
0.010327
0.010276
0.010262
0.010248
0.010316
0.010235
0.010248
0.010233
0.010270
0.010320
0.010244
0.010312
0.010292
0.010229
0.010234
0.010220
0.010265
0.010231
0.010372
0.010420
0.010232
0.010302
0.010243
0.010259
0.010243
0.010239
0.010229
0.010216
0.010305
0.010298
0.010228
0.010293
0.010223
0.010248
0.010234
0.010230
0.010259
0.010269
0.010289
0.010270
0.010230
0.010175
0.010295
0.010313
0.010286
0.010242
0.010265
0.010310
0.010302
0.010316
0.010215
0.010265
0.010229
0.010248
0.010238
0.010247
0.010217
0.010261
0.010296
0.010199
0.010233
0.010225
0.010242
0.010261
0.010235
0.010227
0.010288
0.010340
0.010276
0.010286
0.010301
0.010287
0.010234
0.010192
0.010244
0.010202
0.010219
0.010293
0.010357
0.010234
0.010243
0.010293
0.010247
0.010225
0.010262
0.010235
0.010279
0.010264
0.010281
0.010244
0.010270
0.010306
0.010243
0.010261
0.010230
0.010240
0.010295
0.010286
0.010240
0.010236
0.010239
0.010293
0.010237
0.010224
0.010235
0.010215
0.010299
0.010257
0.010238
0.010211
0.010230
0.010210
0.010200
0.010218
0.010298
0.010280
0.010280
0.010347
0.010275
0.010204
0.010234
0.010218
0.010242
0.010220
0.010253
0.010264
0.010280
0.010298
0.010214
0.010232
0.010255
0.010284
0.010259
0.010248
0.010229
0.010264
0.010316
0.010230
0.010330
0.010300
0.010245
0.010211
0.010209
0.010261
0.010205
0.010342
0.010312
0.010205
0.010225
0.010287
0.010234
0.010237
0.010215
0.010233
0.010293
0.010283
0.010296
0.010221
0.010234
0.010252
0.010235
0.010284
0.010363
0.010275
0.010281
0.010285
0.010287
0.010258
0.010286
0.010239
0.010236
0.010230
0.010228
0.010239
0.010292
0.010299
0.010247
0.010258
0.010229
0.010233
0.010269
0.010246
0.010218
0.010252
0.010299
0.010269
0.010332
0.010264
0.010207
0.010236
0.010234
0.010208
0.010217
0.010290
0.010286
0.010217
0.010232
0.010207
0.010454
0.010444
0.010426
0.010242
0.010227
0.010285
0.010294
0.010279
0.010280
0.010303
0.010227
0.010225
0.010324
0.010278
0.010245
0.010282
0.010336
0.010217
0.010171
0.010224
0.010241
0.010247
0.010217
0.010220
0.010235
0.010330
0.010271
0.010418
0.011170
0.011028
0.010967
0.010800
0.010722
0.010611
0.010673
0.010863
0.010562
0.010544
0.010569
0.010500
0.010490
0.010528
0.010482
0.010479
0.010515
0.010452
0.010559
0.010485
0.010484
0.010465
0.010484
0.010549
0.010470
0.010480
0.010494
0.010478
0.010476
0.010465
0.010492
0.010480
0.010468
0.010481
0.010536
0.010463
0.010470
0.010438
0.010453
0.010523
0.010436
0.010431
0.010452
0.010460
0.010484
0.010504
0.010476
0.010449
0.010454
0.010478
0.010488
0.010452
0.010443
0.010491
0.010459
0.010505
0.010502
0.010420
0.010455
0.010452
0.010514
0.010445
0.010450
0.010453
0.010481
0.010478
0.010499
0.010433
0.010471
0.012943
0.010676
0.010581
0.010461
0.010500
0.010423
0.010582
0.010480
0.010465
0.010434
0.010439
0.010451
0.010491
0.010450
0.010491
0.010479
0.010464
0.010504
0.010446
0.010479
0.010449
0.010453
0.010487
0.010486
0.010488
0.010487
0.010493
0.010503
0.010444
0.010238
0.010241
0.010264
0.010367
0.010410
0.010241
0.010237
0.010225
0.010242
0.010235
0.010249
0.010209
0.010242
0.010282
0.010322
0.010297
0.010282
0.010238
0.010239
0.010254
0.010267
0.010401
0.010363
0.010310
0.010318
0.010246
0.010309
0.010280
0.010288
0.010412
0.010457
0.010450
0.010420
0.010301
0.010247
0.010227
0.010316
0.010235
0.010240
0.010251
0.010216
0.010227
0.010279
0.010370
0.010224
0.010229
0.010243
0.010239
0.010235
0.010299
0.010287
0.010279
0.010313
0.010350
0.010246
0.010215
0.010265
0.010243
0.010212
0.010224
0.010226
0.010232
0.010293
0.010262
0.010243
0.010241
0.010237
0.010283
0.010238
0.010247
0.010215
0.010302
0.010313
0.010304
0.010357
0.010379
0.010244
0.010272
0.010234
0.010237
0.010241
0.010273
0.010336
0.010227
0.010236
0.010237
0.010234
0.010209
0.010207
0.010246
0.010236
0.010325
0.010290
0.010242
0.010255
0.010220
0.010238
0.010178
0.010318
0.010292
0.010249
0.010284
0.010270
0.010296
0.010233
0.010204
0.010215
0.010259
0.010211
0.010256
0.010308
0.010285
0.010257
0.010227
0.010236
0.010268
0.010224
0.010241
0.010264
0.010223
0.010280
0.010356
0.010377
0.010296
0.010255
0.010213
0.010462
0.010439
0.010435
0.010216
0.010290
0.010354
0.010223
0.010314
0.010242
0.010236
0.010241
0.010245
0.010228
0.010251
0.010289
0.010287
0.010229
0.010249
0.010218
0.010246
0.010306
0.010290
0.010229
0.010267
0.010238
0.010304
0.010232
0.010296
0.010207
0.010219
0.010231
0.010247
0.010230
0.010276
0.010327
0.010192
0.010216
0.010223
0.010279
0.010209
0.010210
0.010264
0.010230
0.010331
0.010316
0.010250
0.010264
0.010232
0.010259
0.010231
0.010223
0.010216
0.010270
0.010335
0.010403
0.010227
0.010270
0.010274
0.010311
0.010244
0.010275
0.010237
0.010309
0.010302
0.010288
0.010227
0.010233
0.010232
0.010330
0.010316
0.010217
0.010296
0.010282
0.010314
0.010257
0.010226
0.010239
0.010385
0.010241
0.010241
0.010257
0.010222
0.010317
0.010299
0.010224
0.010234
0.010234
0.010235
0.010224
0.010216
0.010255
0.010282
0.010343
0.010639
0.010382
0.010224
0.010278
0.010225
0.010448
0.010436
0.010419
0.010306
0.010385
0.010248
0.010263
0.010327
0.010246
0.010224
0.010228
0.010281
0.010210
0.010359
0.010216
0.010225
0.010242
0.010288
0.010277
0.010248
0.010228
0.010231
0.010232
0.010294
0.010333
0.010240
0.010247
0.010235
0.010230
0.010290
0.010231
0.010215
0.010303
0.010281
0.010307
0.010267
0.010281
0.010267
0.010211
0.010213
0.010220
0.010284
0.010362
0.010292
0.010241
0.010430
0.010400
0.010396
0.010349
0.010257
0.010307
0.010223
0.010300
0.010227
0.010233
0.010259
0.010243
0.010245
0.010214
0.010215
0.010229
0.010254
0.010285
0.010230
0.010229
0.010285
0.010316
0.010223
0.010221
0.010258
0.010221
0.010289
0.010354
0.010250
0.010287
0.010287
0.010273
0.010223
0.010294
0.010236
0.010236
0.010355
0.010364
0.010300
0.010310
0.010306
0.010323
0.010241
0.010218
0.010280
0.010281
0.010302
0.010291
0.010224
0.010222
0.010212
0.010289
0.010468
0.010407
0.010401
0.010287
0.010305
0.010220
0.010210
0.010361
0.010217
0.010239
0.010223
0.010219
0.010215
0.010264
0.010367
0.010249
0.010319
0.010292
0.010245
0.010243
0.010226
0.010239
0.010295
0.010295
0.010298
0.010257
0.010220
0.010249
0.010229
0.010249
0.010235
0.010256
0.010228
0.010269
0.010243
0.010223
0.010225
0.010249
0.010274
0.010222
0.010318
0.010412
0.010287
0.010333
0.010278
0.010238
0.010266
0.010241
0.010249
0.010245
0.010233
0.010227
0.010268
0.010412
0.010295
0.010228
0.010263
0.010241
0.010236
0.010218
0.010228
0.010239
0.010352
0.010294
0.010544
0.011264
0.010953
0.010897
0.010778
0.010643
0.010806
0.010857
0.010663
0.010545
0.010537
0.010502
0.010523
0.010500
0.010476
0.010477
0.010543
0.010483
0.010511
0.010504
0.010429
0.010483
0.010493
0.010477
0.010474
0.010450
0.010502
0.010451
0.010452
0.010490
0.010488
0.010463
0.010435
0.010431
0.010386
0.010302
0.010334
0.010313
0.010276
0.010334
0.010264
0.010284
0.010248
0.010263
0.010271
0.010272
0.010340
0.010278
0.010235
0.010240
0.010228
0.010244
0.010238
0.010221
0.010268
0.010295
0.010333
0.010240
0.010234
0.010234
0.010240
0.010232
0.010233
0.010232
0.010239
0.010335
0.010288
0.010238
0.010244
0.010251
0.010366
0.010381
0.010291
0.010252
0.010243
0.010304
0.010237
0.010236
0.010248
0.010250
0.010229
0.010224
0.010230
0.010233
0.010262
0.010287
0.010221
0.010253
0.010251
0.010222
0.010237
0.010238
0.010242
0.010230
0.010264
0.010297
0.010231
0.010263
0.010254
0.010233
0.010221
0.010250
0.010221
0.010246
0.010273
0.010299
0.010268
0.010244
0.010243
0.010225
0.010223
0.010235
0.010221
0.010232
0.010302
0.010244
0.010287
0.010233
0.010298
0.010298
0.010222
0.010235
0.010248
0.010293
0.010308
0.010308
0.010246
0.010233
0.010232
0.010243
0.010357
0.010318
0.010231
0.010308
0.010328
0.010267
0.010226
0.010326
0.010252
0.010242
0.010231
0.010215
0.010277
0.010343
0.010292
0.010225
0.010218
0.010209
0.010221
0.010214
0.010242
0.010207
0.010218
0.010307
0.010232
0.010247
0.010233
0.010228
0.010225
0.010263
0.010241
0.010237
0.010240
0.010306
0.010284
0.010229
0.010361
0.010243
0.010261
0.010237
0.010229
0.010242
0.010264
0.010297
0.010271
0.010256
0.010230
0.010206
0.010224
0.010236
0.010235
0.010354
0.010312
0.010273
0.010229
0.010221
0.010242
0.010233
0.010207
0.010222
0.010258
0.010308
0.010287
0.010296
0.010225
0.010222
0.010248
0.010214
0.010248
0.010208
0.010219
0.010271
0.010288
0.010253
0.010213
0.010239
0.010329
0.010365
0.010266
0.010292
0.010241
0.010284
0.010330
0.010221
0.010302
0.010284
0.010277
0.010253
0.010219
0.010230
0.010205
0.010293
0.010305
0.010234
0.010231
0.010216
0.010275
0.010322
0.010228
0.010233
0.010224
0.010294
0.010285
0.010241
0.010309
0.010257
0.010253
0.010252
0.010267
0.010317
0.010304
0.010292
0.010237
0.010226
0.010237
0.010230
0.010209
0.010223
0.010232
0.010232
0.010279
0.010340
0.010230
0.010241
0.010236
0.010242
0.010233
0.010258
0.010225
0.010218
0.010337
0.010235
0.010315
0.010291
0.010235
0.010262
0.010263
0.010226
0.010245
0.010281
0.010306
0.012930
0.011125
0.010267
0.010256
0.010265
0.010264
0.010243
0.010208
0.010311
0.010305
0.010236
0.010210
0.010236
0.010251
0.010458
0.010507
0.010303
0.010273
0.010323
0.010313
0.010184
0.010244
0.010232
0.010258
0.010209
0.010222
0.010250
0.010290
0.010263
0.010221
0.010314
0.010277
0.010264
0.010308
0.010251
0.010312
0.010270
0.010342
0.010390
0.010353
0.010351
0.010248
0.010352
0.010244
0.010306
0.010268
0.010226
0.010309
0.010324
0.010231
0.010229
0.010246
0.010237
0.010222
0.010223
0.010214
0.010250
0.010309
0.010281
0.010227
0.010295
0.010236
0.010298
0.010364
0.010246
0.010238
0.010276
0.010276
0.010320
0.010215
0.010230
0.010230
0.010234
0.010237
0.010257
0.010246
0.010274
0.010272
0.010309
0.010232
0.010267
0.010211
0.010252
0.010223
0.010385
0.010389
0.010388
0.010316
0.010281
0.010247
0.010219
0.010298
0.010214
0.010246
0.010301
0.010334
0.010300
0.010245
0.010246
0.010248
0.010237
0.010226
0.010234
0.010228
0.010275
0.010331
0.010300
0.010322
0.010254
0.010257
0.010343
0.010299
0.010255
0.010259
0.010219
0.010351
0.010311
0.010296
0.010233
0.010238
0.010217
0.010230
0.010226
0.010238
0.010255
0.010382
0.010282
0.010227
0.010252
0.010230
0.010213
0.010233
0.010240
0.010248
0.010361
0.010355
0.010294
0.010298
0.010258
0.010224
0.010240
0.010258
0.010246
0.010262
0.010354
0.010331
0.010238
0.010238
0.010239
0.010206
0.010238
0.010253
0.010248
0.010263
0.010295
0.010348
0.010223
0.010217
0.010303
0.010267
0.010265
0.010248
0.010241
0.010242
0.010352
0.010234
0.010245
0.010231
0.010222
0.010235
0.010216
0.010253
0.010216
0.010223
0.010337
0.010272
0.010252
0.010233
0.010256
0.010231
0.010237
0.010262
0.010245
0.010311
0.010343
0.010252
0.010233
0.010237
0.010259
0.010230
0.010218
0.010216
0.010252
0.010300
0.010297
0.010235
0.010225
0.010256
0.010234
0.010209
0.010212
0.010234
0.010226
0.010313
0.010266
0.010282
0.010333
0.010240
0.010243
0.010247
0.010232
0.010254
0.010277
0.010267
0.010271
0.010773
0.011034
0.010845
0.010693
0.010606
0.010493
0.010596
0.010497
0.010673
0.010603
0.010589
0.010501
0.010486
0.010474
0.010495
0.010482
0.010445
0.010518
0.010507
0.010408
0.010524
0.010473
0.010463
0.010466
0.010441
0.010407
0.010442
0.010487
0.010522
0.010403
0.010472
0.010490
0.010443
0.010464
0.010478
0.010477
0.010520
0.010492
0.010504
0.010535
0.010487
0.010498
0.010456
0.010511
0.010458
0.010508
0.010497
0.010474
0.010462
0.010486
0.010455
0.010508
0.010437
0.010457
0.010513
0.010478
0.010466
0.010492
0.010467
0.010498
0.010464
0.010480
0.010491
0.010466
0.010404
0.010374
0.010263
0.010231
0.010229
0.010306
0.010233
0.010233
0.010259
0.010256
0.010421
0.010338
0.010287
0.010284
0.010227
0.010232
0.010222
0.010252
0.010217
0.010228
0.010309
0.010269
0.010265
0.010187
0.010256
0.010246
0.010256
0.010238
0.010240
0.010276
0.010287
0.010297
0.010243
0.010254
0.010249
0.010252
0.010237
0.010239
0.010251
0.010277
0.010353
0.010238
0.010226
0.010233
0.010335
0.010261
0.010240
0.010265
0.010258
0.010353
0.010277
0.010246
0.010218
0.010292
0.010229
0.010236
0.010310
0.010422
0.010429
0.010297
0.010187
0.010252
0.010246
0.010307
0.010234
0.010348
0.010297
0.010236
0.010344
0.010314
0.010228
0.010223
0.010298
0.010279
0.010230
0.010253
0.010242
0.010261
0.010278
0.010301
0.010250
0.010285
0.010243
0.010227
0.010250
0.010288
0.010261
0.010268
0.010318
0.010327
0.010239
0.010263
0.010340
0.010282
0.010263
0.010245
0.010273
0.010317
0.010287
0.010310
0.010240
0.010252
0.010223
0.010287
0.010219
0.010242
0.010239
0.010285
0.010354
0.010291
0.010308
0.010199
0.010238
0.010272
0.010235
0.010248
0.010310
0.010349
0.010274
0.010265
0.010186
0.010237
0.010231
0.010228
0.010241
0.010236
0.010231
0.010299
0.010335
0.010265
0.010238
0.010223
0.010241
0.010223
0.010242
0.010224
0.010199
0.010352
0.010294
0.010282
0.010315
0.010345
0.010213
0.010219
0.010211
0.010226
0.010357
0.010339
0.010291
0.010343
0.010257
0.010461
0.010446
0.010332
0.010258
0.010257
0.010358
0.010230
0.010210
0.010219
0.010252
0.010217
0.010255
0.010228
0.010324
0.010314
0.010271
0.010356
0.010217
0.010310
0.010239
0.010264
0.010248
0.010238
0.010237
0.010282
0.010336
0.010217
0.010242
0.010247
0.010239
0.010290
0.010238
0.010254
0.010230
0.010242
0.010314
0.010298
0.010616
0.010412
0.010284
0.010243
0.010259
0.010222
0.010231
0.010367
0.010274
0.010243
0.010258
0.010247
0.010326
0.010242
0.010241
0.010277
0.010275
0.010304
0.010306
0.010245
0.010266
0.010274
0.010264
0.010281
0.010382
0.010303
0.010308
0.010368
0.010230
0.010226
0.010206
0.010255
0.010274
0.010250
0.010259
0.010226
0.010303
0.010255
0.010245
0.010232
0.010234
0.010250
0.010243
0.010249
0.010234
0.010213
0.010323
0.010300
0.010285
0.010290
0.010247
0.010256
0.010240
0.010245
0.010259
0.010303
0.010281
0.010291
0.010236
0.010244
0.010526
0.010601
0.010453
0.010396
0.010251
0.010426
0.010358
0.010238
0.010248
0.010231
0.010256
0.010310
0.010248
0.010257
0.010326
0.010295
0.010246
0.010291
0.010271
0.010286
0.010239
0.010205
0.010271
0.010256
0.010293
0.010346
0.010267
0.010256
0.010234
0.010258
0.010269
0.010251
0.010247
0.010282
0.010300
0.010377
0.010334
0.010248
0.010236
0.010255
0.010250
0.010245
0.010230
0.010258
0.010293
0.010346
0.010270
0.010239
0.010241
0.010288
0.010210
0.010292
0.010235
0.010251
0.010309
0.010355
0.010200
0.010280
0.010265
0.010327
0.010314
0.010260
0.010239
0.010283
0.010396
0.010265
0.010243
0.010247
0.010259
0.010234
0.010244
0.010261
0.010228
0.010305
0.010364
0.010226
0.010255
0.010256
0.010240
0.010238
0.010257
0.010251
0.010265
0.010389
0.010346
0.010255
0.010233
0.010255
0.010225
0.010272
0.010249
0.010237
0.010237
0.010316
0.010256
0.010236
0.010232
0.010236
0.010244
0.010235
0.010236
0.010248
0.010306
0.010282
0.010298
0.010299
0.010224
0.010318
0.010294
0.010222
0.010240
0.010248
0.010295
0.010341
0.010297
0.010224
0.010296
0.010255
0.010253
0.010245
0.010209
0.010233
0.010310
0.010304
0.010230
0.010227
0.010252
