0.050591
0.042386
0.041915
0.042070
0.044195
0.043910
0.043235
0.043100
0.043005
0.043197
0.043076
0.043051
0.043043
0.042995
0.043029
0.043057
0.043127
0.043048
0.042876
0.043122
0.042973
0.042730
0.042276
0.042391
0.042010
0.042446
0.050257
0.044353
0.040700
0.040500
0.040369
0.040583
0.040469
0.040325
0.040457
0.040444
0.040439
0.040777
0.040662
0.040276
0.040303
0.040779
0.040990
0.040404
0.040378
0.040408
0.040452
0.040247
0.040770
0.040654
0.040276
0.040417
0.040843
0.040646
0.040362
0.040277
0.040431
0.040252
0.040467
0.040265
0.040335
0.040347
0.040331
0.040444
0.040340
0.040285
0.040317
0.040240
0.040370
0.040358
0.040464
0.040439
0.040291
0.040439
0.040253
0.040359
0.040482
0.040259
0.040346
0.048601
0.044443
0.040308
0.040309
0.040294
0.040318
0.040369
0.040325
0.040275
0.040456
0.040249
0.040326
0.040307
0.040363
0.040367
0.040441
0.040399
0.040276
0.040368
0.040459
0.040216
0.040500
0.040257
0.040344
0.040310
0.040255
0.040453
0.040458
0.040398
0.040223
0.040376
0.040373
0.040341
0.040510
0.040336
0.040190
0.040353
0.040249
0.040329
0.040488
0.040610
0.040705
0.050432
0.042664
0.040262
0.040488
0.041835
0.042385
0.041569
0.041490
0.041471
0.041466
0.041435
0.041338
0.041355
0.041322
0.041334
0.041432
0.041353
0.041299
0.041390
0.041311
0.041396
0.041396
0.040696
0.040791
0.040481
0.040581
0.040538
0.040562
0.040590
0.040623
0.040614
0.040463
0.040531
0.040694
0.040676
0.040611
0.040507
0.040934
0.040705
0.040588
0.040564
0.040513
0.040672
0.040645
0.040453
0.040622
0.040474
0.046142
0.045660
0.040806
0.040754
0.040860
0.040532
0.040549
0.040638
0.040556
0.040469
0.040664
0.040773
0.040700
0.040451
0.040524
0.040518
0.040713
0.040694
0.040474
0.040494
0.040561
0.040509
0.040681
0.040475
0.040558
0.040571
0.040513
0.040712
0.040878
0.040614
0.040529
0.040629
0.040539
0.040637
0.040602
0.040423
0.040560
0.040578
0.040628
0.040638
0.040691
0.040499
0.040582
0.040494
0.040617
0.040627
0.040650
0.040587
0.040496
0.040639
0.040567
0.040740
0.040743
0.040534
0.040575
0.040496
0.040565
0.040797
0.040696
0.040726
0.040716
0.040552
0.040513
0.040637
0.040861
0.040566
0.040572
0.040473
0.040475
0.040523
0.040726
0.040557
0.040539
0.040529
0.040557
0.040551
0.040697
0.040648
0.040593
0.040832
0.042358
0.050921
0.043733
0.041576
0.041540
0.041564
0.041545
0.041567
0.041562
0.041528
0.041521
0.041562
0.041591
0.041530
0.041594
0.041557
0.040970
0.040713
0.040605
0.040559
0.040649
0.040519
0.040550
0.040544
0.040500
0.040497
0.040614
0.040502
0.040472
0.040502
0.041149
0.040635
0.040656
0.040559
0.040544
0.040512
0.040577
0.040583
0.040589
0.040531
0.040554
0.040573
0.040544
0.040585
0.040714
0.040574
0.040574
0.040617
0.040542
0.040497
0.040676
0.040513
0.040540
0.040501
0.040540
0.040488
0.040615
0.040698
0.040611
0.040477
0.040473
0.040498
0.040613
0.040540
0.040506
0.040636
0.040618
0.040528
0.040720
0.040847
0.040561
0.040764
0.040573
0.040507
0.040645
0.040639
0.040832
0.040872
0.040826
0.040750
0.040747
0.040780
0.040559
0.040546
0.040507
0.040523
0.040653
0.040504
0.040478
0.040572
0.040457
0.040695
0.040601
0.040476
0.040494
0.040666
0.040806
0.040723
0.040792
0.040762
0.048264
0.043583
0.040795
0.040514
0.040788
0.040559
0.040575
0.040581
0.040515
0.040440
0.040708
0.040802
0.040721
0.040722
0.040697
0.040599
0.040653
0.040603
0.040501
0.040469
0.040521
0.040529
0.042504
0.042004
0.041983
0.041619
0.041561
0.041630
0.041558
0.041591
0.041569
0.041604
0.041562
0.041583
0.041546
0.041542
0.041497
0.041556
0.041524
0.041580
0.041740
0.040829
0.040596
0.040771
0.040464
0.040556
0.040504
0.040528
0.040498
0.040535
0.040585
0.040510
0.040747
0.040525
0.040627
0.040823
0.040863
0.040534
0.040612
0.040515
0.040464
0.040447
0.040552
0.040585
0.040704
0.040555
0.041153
0.040577
0.048109
0.045540
0.040867
0.040731
0.040511
0.040708
0.040664
0.040747
0.040551
0.040501
0.040463
0.040962
0.040688
0.040492
0.040500
0.040467
0.040664
0.040497
0.040562
0.040636
0.040572
0.040474
0.040528
0.040493
0.040890
0.040710
0.040731
0.040467
0.040511
0.040478
0.040481
0.040508
0.040618
0.040707
0.040474
0.040568
0.040471
0.040526
0.040683
0.040570
0.040537
0.040478
0.040482
0.040481
0.040654
0.040530
0.040589
0.040950
0.040675
0.040455
0.040649
0.040655
0.040633
0.040596
0.040467
0.040477
0.040576
0.040495
0.040571
0.040455
0.040698
0.040445
0.040666
0.040615
0.040534
0.040486
0.040491
0.040622
0.040762
0.040624
0.040717
0.040504
0.040475
0.040596
0.040816
0.040480
0.041929
0.042196
0.041758
0.041478
0.041450
0.041368
0.041411
0.041359
0.040988
0.040650
0.040775
0.040513
0.040539
0.040497
0.040599
0.040528
0.040679
0.040644
0.040594
0.040565
0.040637
0.040540
0.040811
0.040907
0.040737
0.040718
0.040505
0.040668
0.040822
0.040722
0.040583
0.040494
0.040458
0.040594
0.040765
0.040626
0.040543
0.040509
0.040538
0.040515
0.040675
0.040594
0.040715
0.040498
0.040608
0.049143
0.042585
0.040608
0.040587
0.040499
0.040529
0.040663
0.040789
0.040648
0.040519
0.040603
0.040795
0.040730
0.040860
0.040755
0.040690
0.040715
0.040819
0.040705
0.040614
0.040465
0.040542
0.040528
0.040544
0.040654
0.040734
0.040550
0.040527
0.040607
0.040542
0.040742
0.040708
0.040591
0.040507
0.040448
0.040542
0.040509
0.040793
0.040530
0.040571
0.040523
0.040475
0.040478
0.040494
0.040822
0.040772
0.040616
0.040554
0.040511
0.040454
0.040549
0.040595
0.040525
0.040517
0.040499
0.040535
0.040625
0.040748
0.040800
0.040548
0.040541
0.040513
0.040810
0.040533
0.040550
0.040614
0.040530
0.040797
0.040571
0.040476
0.040460
0.040565
0.040614
0.040601
0.040547
0.040494
0.040476
0.040757
0.042323
0.041335
0.041818
0.041081
0.041116
0.041183
0.041094
0.041011
0.041085
0.040990
0.040939
0.040851
0.040867
0.040906
0.041031
0.040862
0.040844
0.040870
0.040972
0.040193
0.040334
0.040233
0.040346
0.040260
0.040368
0.040250
0.040390
0.040253
0.040208
0.040290
0.040553
0.040495
0.040282
0.040355
0.040313
0.040266
0.040271
0.040267
0.040430
0.040270
0.040193
0.040324
0.040286
0.040342
0.040500
0.040286
0.040193
0.040274
0.040199
0.040196
0.040424
0.040264
0.040283
0.040243
0.040242
0.040306
0.040327
0.040288
0.040328
0.040290
0.040244
0.040232
0.040338
0.040365
0.040592
0.040290
0.040146
0.040152
0.040235
0.040119
0.040154
0.040156
0.040097
0.040077
0.040110
0.040189
0.040093
0.040065
0.040082
0.040111
0.040079
0.040170
0.049712
0.040475
0.040193
0.040134
0.040088
0.040147
0.040107
0.040157
0.040114
0.040089
0.040112
0.040159
0.040095
0.040089
0.040073
0.040119
0.040155
0.040139
0.040098
0.040113
0.040038
0.040301
0.040165
0.040184
0.040078
0.040138
0.040072
0.040152
0.045652
0.045675
0.040208
0.040203
0.040169
0.040182
0.040268
0.040194
0.040152
0.040125
0.040155
0.040126
0.040133
0.041814
0.041686
0.041576
0.041378
0.041343
0.041255
0.041220
0.041234
0.041212
0.041215
0.041231
0.041230
0.041210
0.041209
0.041210
0.041161
0.041280
0.041243
0.041209
0.041185
0.041400
0.040529
0.040438
0.040198
0.040613
0.040189
0.040229
0.040191
0.040179
0.040455
0.040234
0.040495
0.040254
0.040649
0.040153
0.040546
0.040153
0.040153
0.040187
0.040411
0.040183
0.040128
0.040293
0.040130
0.040179
0.040202
0.040456
0.040147
0.040254
0.040266
0.040453
0.040302
0.040155
0.040140
0.040183
0.040163
0.040211
0.040129
0.040174
0.040266
0.040352
0.040189
0.040086
0.040138
0.040147
0.040134
0.040282
0.040179
0.040128
0.040118
0.040478
0.040148
0.040118
0.040199
0.040160
0.040123
0.040154
0.040363
0.040210
0.040457
0.040132
0.040136
0.040113
0.040147
0.040282
0.040229
0.040158
0.040110
0.040142
0.040073
0.040197
0.040247
0.040152
0.040125
0.040143
0.040161
0.040174
0.040246
0.040140
0.040224
0.040202
0.040124
0.040177
0.040264
0.040103
0.040094
0.040271
0.040101
0.040453
0.040363
0.040140
0.040133
0.040154
0.040072
0.040177
0.040257
0.040183
0.040169
0.040103
0.040240
0.040155
0.040307
0.040168
0.040139
0.042106
0.041885
0.041682
0.041469
0.041361
0.041300
0.041282
0.041319
0.041274
0.041334
0.041256
0.041321
0.041238
0.041258
0.041346
0.041344
0.041345
0.041373
0.041325
0.041294
0.041324
0.041314
0.041284
0.041248
0.041229
0.041270
0.041268
0.041368
0.040198
0.040139
0.040414
0.040170
0.040637
0.040433
0.040250
0.040159
0.040113
0.040201
0.050193
0.042956
0.040386
0.040353
0.040495
0.040387
0.040476
0.040636
0.040401
0.040426
0.040409
0.040383
0.040499
0.040723
0.040549
0.040776
0.040521
0.040410
0.040425
0.040649
0.040423
0.040455
0.040449
0.040454
0.040396
0.040445
0.040462
0.040458
0.040575
0.040401
0.040494
0.040579
0.040483
0.040523
0.040472
0.040551
0.040421
0.040587
0.040450
0.040376
0.040434
0.040397
0.040503
0.040544
0.040567
0.040478
0.040467
0.040472
0.040450
0.040489
0.040511
0.040482
0.049833
0.041604
0.040552
0.040797
0.040465
0.040514
0.040494
0.040508
0.040541
0.040665
0.040533
0.040431
0.040460
0.040486
0.040666
0.040557
0.040580
0.040418
0.040524
0.040442
0.040472
0.040606
0.040492
0.040472
0.040389
0.040485
0.040448
0.040483
0.040557
0.040417
0.040460
0.040424
0.041881
0.042360
0.041813
0.041546
0.041797
0.041556
0.041534
0.041553
0.041526
0.041621
0.041479
0.041515
0.041456
0.041547
0.041489
0.041525
0.041520
0.041472
0.041470
0.041778
0.041616
0.040905
0.040379
0.040447
0.040376
0.040711
0.040488
0.040529
0.040428
0.040676
0.040547
0.040690
0.040463
0.041006
0.040764
0.040478
0.040422
0.040572
0.040593
0.040430
0.040431
0.040486
0.040440
0.040645
0.040484
0.040398
0.040450
0.041111
0.040450
0.040557
0.040448
0.040421
0.040398
0.040372
0.040395
0.040456
0.040539
0.040452
0.040482
0.040527
0.040408
0.040445
0.040572
0.040610
0.040387
0.040462
0.040441
0.040507
0.040636
0.040527
0.040469
0.040498
0.040415
0.040430
0.040644
0.040507
0.040409
0.040522
0.040468
0.040447
0.040495
0.040405
0.040622
0.040395
0.040465
0.040448
0.040519
0.040377
0.040436
0.040473
0.040464
0.040412
0.040616
0.040484
0.040374
0.040447
0.040510
0.040447
0.040496
0.040431
0.040407
0.040409
0.040427
0.040424
0.040527
0.040432
0.040427
0.040543
0.040401
0.040494
0.040540
0.040408
0.040446
0.040441
0.040451
0.040447
0.040549
0.040403
0.040408
0.040583
0.040434
0.040408
0.040590
0.041960
0.042451
0.041694
0.040631
0.040715
0.041469
0.041276
0.041457
0.041394
0.041432
0.041279
0.041369
0.041307
0.041440
0.041434
0.041425
0.041386
0.041043
0.040937
0.040813
0.040687
0.040709
0.040735
0.040744
0.040887
0.040641
0.040529
0.040515
0.040537
0.040890
0.040742
0.041018
0.040666
0.040894
0.040765
0.040693
0.040671
0.040626
0.040728
0.040547
0.040908
0.041027
0.040598
0.040673
0.040616
0.040773
0.040653
0.040709
0.040706
0.040758
0.040684
0.040618
0.040661
0.040736
0.040433
0.040422
0.040443
0.040402
0.040620
0.040580
0.049473
0.043585
0.040443
0.040439
0.040430
0.040471
0.040469
0.040499
0.040382
0.040441
0.040389
0.040871
0.040527
0.040431
0.040441
0.040410
0.040424
0.040546
0.040394
0.040407
0.040404
0.040447
0.040544
0.040590
0.040450
0.040450
0.040412
0.040450
0.040413
0.040470
0.040439
0.040508
0.040420
0.040505
0.040679
0.040569
0.040461
0.040419
0.040418
0.040474
0.040498
0.040727
0.040550
0.040773
0.040412
0.040476
0.040400
0.040667
0.040535
0.040409
0.040406
0.040382
0.040451
0.040500
0.040448
0.040418
0.040466
0.040451
0.040394
0.040367
0.040654
0.040478
0.040540
0.042297
0.042188
0.041189
0.040845
0.040531
0.040526
0.040422
0.040457
0.040543
0.040626
0.040510
0.040479
0.040450
0.040477
0.040495
0.040506
0.040436
0.040405
0.040523
0.040447
0.040478
0.040541
0.040392
0.040459
0.040411
0.040453
0.040425
0.040589
0.040455
0.040383
0.040457
0.040436
0.040445
0.041012
0.040542
0.040448
0.040417
0.040446
0.040439
0.040586
0.040443
0.040429
0.040468
0.040438
0.040443
0.040478
0.040405
0.040547
0.040455
0.040534
0.040460
0.040528
0.040613
0.040436
0.040396
0.040421
0.040412
0.040570
0.040544
0.040440
0.040407
0.040415
0.040398
0.040617
0.040425
0.040531
0.040423
0.040446
0.040491
0.040796
0.040411
0.040405
0.040429
0.040425
0.040432
0.040503
0.040436
0.040651
0.040618
0.040889
0.040394
0.040652
0.040583
0.040967
0.040476
0.040445
0.040408
0.040589
0.040451
0.040462
0.040612
0.040393
0.040525
0.040532
0.040452
0.040448
0.040800
0.040805
0.040403
0.040657
0.040512
0.040392
0.040493
0.040413
0.040416
0.040447
0.040606
0.040742
0.040970
0.040420
0.040471
0.040421
0.040547
0.040394
0.040465
0.040490
0.040454
0.040395
0.040494
0.041133
0.040459
0.040367
0.040441
0.041818
0.042282
0.041494
0.041278
0.041312
0.041417
0.041396
0.041269
0.041241
0.041322
0.041305
0.041246
0.041422
0.041201
0.040418
0.040403
0.040437
0.040622
0.040482
0.040677
0.040403
0.040403
0.040494
0.040378
0.040397
0.040494
0.040459
0.040402
0.040372
0.040426
0.040620
0.040761
0.040434
0.040705
0.040430
0.040467
0.040417
0.040541
0.040489
0.040429
0.040413
0.040467
0.040533
0.040546
0.040430
0.040668
0.040406
0.040456
0.040411
0.040520
0.040436
0.040494
0.040530
0.040483
0.041014
0.040564
0.040369
0.040413
0.040467
0.040580
0.040379
0.040469
0.040409
0.040434
0.040754
0.040486
0.040430
0.040560
0.040499
0.040453
0.040388
0.040420
0.040639
0.040592
0.040410
0.040417
0.040494
0.040585
0.040443
0.040746
0.040544
0.040417
0.040425
0.040598
0.040491
0.040553
0.040421
0.040437
0.040396
0.040376
0.040425
0.040600
0.040500
0.040458
0.040552
0.040483
0.040371
0.040650
0.040507
0.040462
0.040377
0.040374
0.040452
0.040597
0.040486
0.040440
0.040453
0.040625
0.040477
0.040593
0.040462
0.040429
0.040462
0.040390
0.040342
0.040415
0.040480
0.040453
0.040417
0.040392
0.040377
0.040556
0.040545
0.042030
0.042256
0.041850
0.041276
0.041449
0.041292
0.041222
0.041320
0.041279
0.041325
0.041292
0.041195
0.041242
0.041262
0.040964
0.040466
0.040588
0.040530
0.040493
0.040503
0.040831
0.040702
0.040983
0.040777
0.041034
0.040558
0.040880
0.040564
0.040626
0.040891
0.040620
0.040455
0.040392
0.040612
0.040582
0.041117
0.040481
0.040424
0.040607
0.041024
0.040826
0.040540
0.040854
0.040844
0.040448
0.040714
0.040723
0.040659
0.040429
0.040383
0.041100
0.040417
0.040438
0.040569
0.040424
0.040410
0.040463
0.040430
0.040640
0.040581
0.040420
0.040382
0.040385
0.040378
0.040415
0.040532
0.040439
0.040559
0.040405
0.040475
0.040389
0.040617
0.040426
0.040445
0.040394
0.040519
0.040421
0.040638
0.040394
0.040415
0.040409
0.040381
0.040394
0.041187
0.040436
0.040393
0.040393
0.040821
0.040818
0.040466
0.040417
0.040437
0.040494
0.040478
0.040372
0.040545
0.040726
0.040969
0.040445
0.040479
0.040438
0.040652
0.040424
0.040404
0.040384
0.040424
0.040420
0.040618
0.041032
0.040446
0.040423
0.040417
0.040344
0.040460
0.040437
0.040453
0.040497
0.040482
0.040462
0.041090
0.040451
0.040386
0.040433
0.042039
0.042081
0.041995
0.041593
0.041598
0.041566
0.041479
0.041517
0.041451
0.041688
0.041463
0.041567
0.041473
0.041480
0.041455
0.041512
0.041576
0.041569
0.041564
0.041501
0.041327
0.040409
0.040520
0.040461
0.040374
0.040428
0.040542
0.040448
0.040487
0.040377
0.040729
0.040636
0.040668
0.040711
0.040985
0.040481
0.040399
0.040459
0.040643
0.040420
0.040471
0.040469
0.040505
0.040449
0.040559
0.040637
0.040381
0.040402
0.040476
0.040372
0.040485
0.040420
0.040397
0.040563
0.040373
0.040387
0.040545
0.040439
0.040499
0.040464
0.040381
0.040449
0.040569
0.040518
0.040415
0.040406
0.040415
0.040462
0.040509
0.040528
0.040415
0.040531
0.040538
0.040505
0.040414
0.040462
0.040448
0.040397
0.040427
0.040415
0.040458
0.040543
0.040425
0.040642
0.040504
0.040459
0.040497
0.040555
0.040396
0.040390
0.040351
0.040937
0.040492
0.040547
0.040478
0.040414
0.040752
0.040822
0.040438
0.040573
0.040514
0.040517
0.040430
0.040819
0.040506
0.040544
0.040408
0.040458
0.040447
0.040365
0.040407
0.040638
0.040468
0.040468
0.040429
0.040375
0.040499
0.040514
0.040410
0.040467
0.040425
0.040924
0.040563
0.042315
0.042515
0.041637
0.041528
0.041577
0.041593
0.041518
0.041477
0.041448
0.041646
0.041504
0.041514
0.041538
0.041459
0.041477
0.041518
0.041537
0.041451
0.041665
0.040949
0.040995
0.040540
0.040393
0.040612
0.040556
0.040392
0.040456
0.040390
0.040400
0.040387
0.040713
0.040389
0.040549
0.040838
0.040864
0.040409
0.040485
0.040495
0.040456
0.040376
0.040357
0.040426
0.040581
0.040340
0.040407
0.040360
0.040424
0.040504
0.040529
0.040502
0.040449
0.040863
0.040444
0.040384
0.040525
0.040405
0.040492
0.040389
0.040523
0.040471
0.040630
0.040417
0.040419
0.040409
0.040499
0.040442
0.040616
0.040462
0.040395
0.040643
0.040385
0.040421
0.040605
0.040430
0.040472
0.040417
0.040630
0.040623
0.040745
0.040532
0.040424
0.040492
0.040507
0.040431
0.040597
0.040454
0.040428
0.040422
0.040455
0.040434
0.040580
0.040506
0.040469
0.040514
0.040407
0.040429
0.040822
0.040822
0.040452
0.040318
0.040400
0.040391
0.040551
0.040474
0.040422
0.040425
0.040454
0.040511
0.041083
0.040482
0.040450
0.040381
0.040401
0.040405
0.040432
0.040537
0.040538
0.040504
0.040392
0.041122
0.040439
0.040498
0.040392
0.042542
0.042001
0.041682
0.041332
0.041327
0.041343
0.041402
0.041283
0.041230
0.041436
0.041241
0.041221
0.041177
0.041269
0.041284
0.041286
0.041341
0.041283
0.041311
0.040443
0.040433
0.040620
0.040519
0.040438
0.040412
0.040401
0.040502
0.040495
0.040452
0.040780
0.040671
0.040606
0.040529
0.040673
0.040587
0.040433
0.040400
0.040494
0.040444
0.040453
0.040566
0.040514
0.040466
0.040432
0.040411
0.040513
0.040488
0.040381
0.040394
0.040376
0.040422
0.040573
0.040616
0.040515
0.040680
0.040409
0.040429
0.040415
0.040655
0.040538
0.040409
0.040407
0.040450
0.040463
0.040517
0.040380
0.040391
0.040570
0.040403
0.040413
0.040482
0.040391
0.040686
0.040431
0.040513
0.040411
0.040531
0.040489
0.040394
0.040392
0.040472
0.040415
0.040621
0.040563
0.040527
0.040474
0.040449
0.040485
0.040563
0.040423
0.040407
0.040466
0.040478
0.040434
0.040821
0.040390
0.040436
0.040431
0.040400
0.040381
0.040531
0.040431
0.040478
0.040395
0.040420
0.040431
0.040605
0.040553
0.040546
0.040465
0.040417
0.040379
0.040605
0.040513
0.040496
0.040381
0.040518
0.040461
0.040564
0.040509
0.040388
0.040544
0.040444
0.042360
0.042216
0.041586
0.041565
0.041564
0.041482
0.041427
0.041575
0.041467
0.041609
0.041465
0.041441
0.041502
0.041392
0.041428
0.041511
0.041286
0.040458
0.040617
0.040596
0.040608
0.040442
0.040412
0.040468
0.040421
0.040578
0.040452
0.040593
0.040476
0.040916
0.040520
0.040548
