0.020627
0.011358
0.011251
0.011214
0.011241
0.011218
0.011189
0.011279
0.011241
0.011237
0.011212
0.011179
0.011186
0.011188
0.011195
0.011169
0.011223
0.011230
0.011189
0.011224
0.011177
0.011200
0.011180
0.011205
0.011184
0.011170
0.011195
0.011265
0.011217
0.011203
0.011174
0.011190
0.011212
0.011222
0.011199
0.011180
0.011190
0.011255
0.011189
0.011205
0.011179
0.011204
0.011211
0.011198
0.011201
0.011180
0.011201
0.011243
0.011202
0.011217
0.011202
0.011198
0.011204
0.011193
0.011185
0.011220
0.011176
0.011216
0.011201
0.011196
0.011213
0.011150
0.011217
0.011192
0.011211
0.011361
0.011513
0.011265
0.011319
0.011292
0.011959
0.011274
0.011308
0.011282
0.011279
0.011290
0.011265
0.011238
0.011268
0.011306
0.011321
0.011284
0.011279
0.011262
0.011274
0.011274
0.011295
0.011255
0.011277
0.014296
0.011215
0.011239
0.011198
0.011189
0.011212
0.011221
0.011220
0.011211
0.011249
0.011234
0.011201
0.011233
0.011188
0.011256
0.011205
0.011205
0.011207
0.011186
0.011208
0.011174
0.011187
0.011189
0.011212
0.011179
0.011211
0.011219
0.011207
0.011172
0.011208
0.011217
0.011214
0.011218
0.011214
0.011208
0.011172
0.011212
0.011206
0.013996
0.011207
0.011212
0.011202
0.011167
0.011248
0.011232
0.011190
0.011181
0.011158
0.011194
0.011228
0.011229
0.011194
0.011208
0.011208
0.011184
0.011196
0.011184
0.011169
0.011205
0.011202
0.011238
0.011202
0.011223
0.011206
0.011243
0.011194
0.011217
0.011188
0.011216
0.011193
0.011224
0.011251
0.011155
0.011206
0.011184
0.011193
0.011213
0.011290
0.011204
0.011185
0.011213
0.011218
0.011228
0.011240
0.011231
0.011194
0.011196
0.011238
0.017265
0.029740
0.010916
0.010872
0.010884
0.010845
0.010871
0.010854
0.010860
0.010866
0.010884
0.010867
0.010875
0.010827
0.010882
0.010796
0.010872
0.010874
0.010904
0.010877
0.010871
0.010841
0.010901
0.010883
0.010896
0.010958
0.010881
0.010886
0.010846
0.010889
0.010902
0.010848
0.010882
0.010852
0.010877
0.010876
0.010899
0.010902
0.010867
0.010918
0.010911
0.010872
0.010880
0.010876
0.010847
0.010857
0.010896
0.010894
0.010874
0.010882
0.010906
0.010884
0.010928
0.010891
0.010867
0.010866
0.010861
0.010876
0.010891
0.010856
0.010897
0.010890
0.010924
0.010857
0.010886
0.010912
0.010916
0.010877
0.010866
0.010873
0.010900
0.010860
0.010875
0.010874
0.010896
0.010897
0.010865
0.010898
0.010924
0.010849
0.010857
0.010898
0.010892
0.010884
0.010885
0.010861
0.010903
0.010899
0.010889
0.010880
0.010870
0.010868
0.010871
0.010875
0.010869
0.010902
0.010874
0.010876
0.010867
0.010868
0.010892
0.010876
0.010877
0.010880
0.010885
0.010891
0.010893
0.010875
0.010873
0.010898
0.010917
0.010872
0.010861
0.010872
0.010904
0.010895
0.010881
0.010880
0.010922
0.010881
0.010867
0.010879
0.010912
0.010887
0.010871
0.010893
0.010907
0.010910
0.010881
0.010866
0.010852
0.010892
0.010876
0.010898
0.010859
0.010903
0.010872
0.010872
0.010919
0.010894
0.010869
0.010888
0.010905
0.010861
0.010871
0.010905
0.010883
0.010888
0.010863
0.010906
0.010891
0.010911
0.010901
0.010884
0.010882
0.010832
0.010943
0.010865
0.010890
0.010850
0.010899
0.010893
0.010876
0.010914
0.010894
0.010897
0.010887
0.010902
0.010884
0.010874
0.010880
0.010894
0.010889
0.010916
0.010913
0.010907
0.010906
0.010876
0.010900
0.010895
0.010878
0.010887
0.010892
0.011682
0.010914
0.010862
0.010864
0.010905
0.010859
0.010855
0.010851
0.010849
0.010872
0.010861
0.010870
0.010859
0.010881
0.010861
0.010876
0.010834
0.010841
0.010859
0.010876
0.010868
0.010857
0.010862
0.010874
0.010894
0.010893
0.010856
0.010857
0.010845
0.010870
0.010841
0.010858
0.010842
0.010866
0.010885
0.010899
0.010912
0.010816
0.010873
0.010832
0.010878
0.010846
0.010884
0.010857
0.010869
0.010862
0.010870
0.010879
0.010841
0.010851
0.010861
0.010863
0.010887
0.010842
0.010877
0.010864
0.010834
0.010948
0.010858
0.010864
0.010834
0.010877
0.010846
0.010849
0.010908
0.010864
0.010855
0.010875
0.010909
0.010884
0.010875
0.010872
0.010863
0.010861
0.010850
0.010899
0.010864
0.010805
0.010905
0.010855
0.010839
0.010843
0.010870
0.010865
0.010880
0.010910
0.010892
0.010858
0.010887
0.010857
0.010866
0.010890
0.010831
0.010873
0.010873
0.010872
0.010826
0.010885
0.010901
0.010841
0.010873
0.010887
0.010886
0.010924
0.010849
0.010858
0.010885
0.010893
0.010840
0.010846
0.010879
0.010881
0.010860
0.010888
0.010910
0.010872
0.010869
0.010870
0.010875
0.010839
0.010877
0.010841
0.010877
0.010887
0.010881
0.010917
0.010863
0.010919
0.010914
0.010872
0.010852
0.010847
0.010879
0.010891
0.010897
0.010895
0.010870
0.010839
0.010861
0.010894
0.010846
0.010846
0.010883
0.010879
0.010857
0.010856
0.010852
0.010857
0.010847
0.010880
0.010916
0.010854
0.010833
0.010875
0.010856
0.010861
0.010849
0.010858
0.010965
0.010929
0.010795
0.010825
0.010717
0.010782
0.010770
0.010751
0.010736
0.010809
0.010714
0.010780
0.010775
0.010800
0.010757
0.010773
0.010791
0.010780
0.010780
0.010808
0.010781
0.010814
0.010799
0.010792
0.010766
0.010753
0.010824
0.027562
0.010924
0.010899
0.010958
0.010928
0.010888
0.010925
0.010941
0.010928
0.010920
0.010951
0.010926
0.010961
0.010928
0.010958
0.010933
0.010980
0.010916
0.010968
0.010924
0.010938
0.010961
0.010918
0.010930
0.010917
0.010964
0.010938
0.010901
0.010933
0.010968
0.011015
0.010930
0.010916
0.010925
0.011025
0.010957
0.010931
0.010932
0.010947
0.010909
0.010937
0.010924
0.010949
0.010924
0.010948
0.010966
0.010911
0.010947
0.010926
0.010975
0.010954
0.010923
0.010987
0.010978
0.010922
0.010913
0.010933
0.010934
0.010943
0.010909
0.010984
0.010942
0.010949
0.010955
0.010949
0.010929
0.010942
0.010962
0.010933
0.010934
0.010951
0.010940
0.010995
0.010930
0.010970
0.010965
0.010961
0.010948
0.010965
0.010938
0.010932
0.010937
0.010917
0.010961
0.010936
0.010949
0.010922
0.011079
0.011041
0.011061
0.011040
0.011043
0.011039
0.011042
0.011073
0.011043
0.011044
0.011084
0.011080
0.011068
0.011075
0.011066
0.011048
0.011071
0.011085
0.011071
0.011041
0.011039
0.011047
0.011053
0.011062
0.011043
0.011086
0.011081
0.011008
0.011059
0.011058
0.011091
0.011035
0.011069
0.011056
0.011066
0.011057
0.011066
0.011085
0.011038
0.010990
0.011057
0.011036
0.011101
0.011088
0.011052
0.011037
0.011047
0.011088
0.011007
0.011090
0.011063
0.011067
0.011059
0.011044
0.011092
0.011081
0.011052
0.011052
0.011037
0.011065
0.011066
0.011023
0.011065
0.011062
0.011080
0.011016
0.011064
0.011071
0.011075
0.011063
0.011069
0.011075
0.011054
0.011112
0.011031
0.011054
0.011120
0.011024
0.011057
0.011048
0.011031
0.011082
0.011074
0.011061
0.011079
0.011060
0.011063
0.011070
0.011096
0.011064
0.011054
0.011082
0.011043
0.011028
0.011042
0.011032
0.011052
0.011081
0.011055
0.011068
0.011084
0.011045
0.011040
0.011085
0.011032
0.011049
0.011063
0.011061
0.011079
0.011080
0.011060
0.011036
0.011029
0.011087
0.011077
0.011060
0.011046
0.011063
0.011076
0.011068
0.011125
0.011382
0.012638
0.012480
0.012506
0.012415
0.012465
0.012405
0.012386
0.012381
0.012401
0.012387
0.012401
0.012419
0.012503
0.012407
0.012436
0.012415
0.012375
0.012423
0.012439
0.012425
0.012454
0.012398
0.012446
0.012406
0.012425
0.012465
0.012350
0.012439
0.012417
0.012410
0.012417
0.012454
0.012433
0.012444
0.012403
0.012378
0.012403
0.012444
0.012412
0.012456
0.012401
0.012405
0.012363
0.012447
0.012355
0.012399
0.012476
0.012427
0.012450
0.012387
0.012423
0.012441
0.012445
0.012433
0.012458
0.012437
0.012439
0.012511
0.012423
0.012457
0.012393
0.012416
0.012426
0.012393
0.012433
0.012438
0.012431
0.012469
0.012398
0.012402
0.012414
0.012425
0.012425
0.012338
0.012455
0.012441
0.012426
0.012399
0.012464
0.012497
0.012410
0.012373
0.012382
0.012375
0.012443
0.012426
0.012472
0.012426
0.012405
0.012434
0.012392
0.012378
0.012410
0.012436
0.012449
0.012465
0.012423
0.012403
0.012444
0.012437
0.012407
0.012392
0.012423
0.012421
0.012479
0.012411
0.012407
0.012388
0.012416
0.012410
0.012408
0.012443
0.012413
0.012441
0.012464
0.012395
0.012419
0.012410
0.012419
0.012385
0.012403
0.012374
0.012425
0.012407
0.012357
0.012394
0.012360
0.012404
0.012383
0.012440
0.012408
0.012442
0.012356
0.012398
0.012420
0.015642
0.012102
0.011925
0.011899
0.011910
0.011884
0.011987
0.011941
0.011902
0.011917
0.011896
0.011988
0.011993
0.011922
0.011890
0.011922
0.011940
0.011932
0.011946
0.011894
0.011948
0.011949
0.011915
0.011903
0.011957
0.011933
0.011934
0.011979
0.011947
0.011972
0.011944
0.011926
0.011950
0.011944
0.011918
0.011913
0.011921
0.011956
0.011902
0.011971
0.011980
0.011916
0.011944
0.011876
0.011934
0.011903
0.011950
0.011923
0.011919
0.011971
0.011921
0.011953
0.011902
0.011941
0.011983
0.011876
0.011901
0.011940
0.011945
0.011926
0.012093
0.011974
0.012059
0.011960
0.012023
0.012085
0.012032
0.011955
0.012050
0.011968
0.011968
0.011969
0.012033
0.011929
0.011946
0.011929
0.012379
0.011912
0.011883
0.011916
0.011943
0.011928
0.011936
0.011955
0.011914
0.011941
0.011940
0.011927
0.011981
0.011958
0.011924
0.011991
0.011983
0.011968
0.011956
0.011994
0.011956
0.011943
0.011952
0.011931
0.011955
0.011954
0.011991
0.011952
0.011962
0.011953
0.011998
0.012002
0.011969
0.011994
0.011985
0.011946
0.011946
0.011958
0.011958
0.011954
0.011975
0.011977
0.011949
0.011978
0.012006
0.011978
0.011974
0.011978
0.012014
0.012026
0.012017
0.011977
0.012006
0.011974
0.011962
0.011973
0.012037
0.012002
0.011997
0.011965
0.011996
0.011971
0.011997
0.011972
0.011992
0.011932
0.011938
0.011956
0.011967
0.011954
0.012001
0.011983
0.011960
0.011946
0.011936
0.011981
0.011990
0.011975
0.011959
0.011924
0.011964
0.011990
0.012029
0.011996
0.011959
0.011922
0.011958
0.011966
0.011990
0.012022
0.012020
0.011981
0.011964
0.011985
0.011984
0.012057
0.011990
0.012042
0.012005
0.012005
0.011967
0.011974
0.011985
0.011985
0.011993
0.011955
0.011980
0.011996
0.012002
0.011940
0.011954
0.011957
0.011995
0.011950
0.011976
0.011962
0.011925
0.012007
0.011985
0.011971
0.011997
0.012017
0.012012
0.011958
0.011967
0.011999
0.011951
0.011988
0.011989
0.011959
0.011994
0.011925
0.012011
0.012042
0.011997
0.011984
0.011991
0.011951
0.011991
0.011995
0.012053
0.011946
0.011989
0.011963
0.011974
0.011900
0.011961
0.011912
0.011901
0.011961
0.011938
0.011988
0.011985
0.011968
0.011959
0.011949
0.011932
0.011974
0.011977
0.011907
0.011958
0.011898
0.011920
0.011873
0.011964
0.011911
0.011934
0.011946
0.011910
0.011920
0.011908
0.011882
0.011960
0.011900
0.011935
0.011891
0.011956
0.011963
0.011881
0.011964
0.011903
0.011935
0.011889
0.011948
0.011927
0.011961
0.011919
0.011927
0.011906
0.011947
0.012005
0.012043
0.011984
0.011932
0.011997
0.011937
0.011915
0.011888
0.011929
0.011883
0.011919
0.011942
0.011997
0.011914
0.011912
0.011982
0.011967
0.011935
0.011922
0.011951
0.011916
0.011958
0.011956
0.011896
0.011940
0.011963
0.011905
0.011931
0.011934
0.011941
0.011941
0.011935
0.011912
0.011958
0.011917
0.011882
0.011898
0.011915
0.011930
0.011951
0.011922
0.011917
0.011912
0.011934
0.011920
0.011903
0.011919
0.011932
0.011939
0.011910
0.011924
0.011954
0.011931
0.011915
0.011911
0.011984
0.011892
0.011921
0.011947
0.011942
0.011926
0.011933
0.011932
0.011936
0.011979
0.011922
0.011902
0.011951
0.013692
0.026886
0.011653
0.011656
0.011623
0.011676
0.011639
0.011636
0.011634
0.011619
0.011654
0.011665
0.011624
0.011643
0.011664
0.011660
0.011639
0.011623
0.011618
0.011645
0.011591
0.011690
0.011614
0.011659
0.011645
0.011673
0.011633
0.011615
0.011609
0.011634
0.011630
0.011616
0.011638
0.011614
0.011629
0.011624
0.011643
0.011638
0.011620
0.011616
0.011630
0.011657
0.011611
0.011609
0.011631
0.011566
0.011643
0.011618
0.011668
0.011655
0.011636
0.011637
0.011625
0.011651
0.011647
0.011648
0.011655
0.011623
0.011629
0.011649
0.011641
0.011625
0.011612
0.011628
0.011664
0.011647
0.011664
0.011744
0.011784
0.011826
0.011865
0.011786
0.011792
0.011884
0.011905
0.011806
0.011913
0.011862
0.011794
0.011830
0.011800
0.011872
0.011800
0.011816
0.011751
0.011825
0.011769
0.011841
0.011773
0.011801
0.011880
0.011790
0.011850
0.013602
0.011628
0.011639
0.011607
0.011693
0.011691
0.011630
0.011651
0.011678
0.011663
0.011626
0.011641
0.011637
0.011642
0.011605
0.011628
0.011625
0.011658
0.011642
0.011655
0.011656
0.011688
0.011670
0.011649
0.011674
0.011680
0.011654
0.011659
0.011709
0.011611
0.011642
0.011644
0.011642
0.011678
0.011638
0.011668
0.011637
0.011652
0.011623
0.011635
0.011675
0.011728
0.011640
0.011655
0.011656
0.011663
0.011645
0.011630
0.011628
0.011665
0.011565
0.011732
0.011717
0.014281
0.011874
0.011903
0.011944
0.011838
0.011825
0.011837
0.011781
0.011782
0.011694
0.011635
0.011626
0.011744
0.011665
0.011688
0.011650
0.011657
0.011660
0.011634
0.011639
0.011695
0.011648
0.011723
0.011649
0.011664
0.011666
0.011683
0.011663
0.011655
0.011664
0.011662
0.011618
0.011685
0.011669
0.011642
0.011758
0.011721
0.011656
0.011610
0.011681
0.011662
0.011690
0.011625
0.011650
0.011657
0.011636
0.011684
0.011698
0.011657
0.011669
0.011627
0.011656
0.011718
0.011647
0.011610
0.011687
0.011652
0.011640
0.011649
0.011684
0.011655
0.011653
0.011619
0.011656
0.011687
0.011649
0.011640
0.011616
0.011641
0.011650
0.011657
0.011662
0.011625
0.011661
0.011674
0.011695
0.011682
0.011651
0.011699
0.011640
0.011703
0.011623
0.011704
0.011632
0.011662
0.011646
0.011684
0.011674
0.011679
0.011604
0.011645
0.011626
0.011672
0.011634
0.011651
0.011677
0.011662
0.011707
0.011601
0.011725
0.011687
0.011672
0.011606
0.011623
0.011655
0.011656
0.011652
0.011670
0.011698
0.011624
0.011641
0.011642
0.011674
0.011639
0.011642
0.011626
0.011623
0.011666
0.011644
0.011752
0.011654
0.011697
0.011684
0.011638
0.011672
0.011642
0.011630
0.011610
0.011650
0.011671
0.011666
0.011645
0.011738
0.011668
0.011653
0.011650
0.011746
0.011677
0.011680
0.011648
0.011631
0.011667
0.011669
0.011657
0.011636
0.011707
0.011655
0.011627
0.011706
0.011660
0.011644
0.011668
0.011668
0.011646
0.011722
0.011682
0.011630
0.011645
0.011668
0.011638
0.011674
0.011670
0.011669
0.011657
0.011606
0.011638
0.011716
0.011676
0.011679
0.011638
0.011657
0.011644
0.011703
0.011703
0.011645
0.011654
0.011623
0.011671
0.011645
0.011656
0.011638
0.011668
0.011672
0.011683
0.011663
0.011648
0.011655
0.011672
0.011659
0.011702
0.011694
0.011704
0.011637
0.011633
0.011663
0.011664
0.011659
0.011686
0.011671
0.011682
0.011655
0.011704
0.011962
0.013658
0.011611
0.011590
0.011617
0.011612
0.011637
0.011632
0.011610
0.011601
0.011589
0.011628
0.011637
0.011591
0.011591
0.011589
0.011596
0.011605
0.011610
0.011571
0.011619
0.011612
0.011628
0.011657
0.011572
0.011586
0.011611
0.011586
0.011617
0.011605
0.011626
0.011578
0.011598
0.011622
0.011625
0.011606
0.011590
0.011606
0.011617
0.011593
0.011680
0.011568
0.011606
0.011631
0.011624
0.011593
0.011592
0.011645
0.011597
0.011607
0.011604
0.011559
0.011613
0.011595
0.011590
0.011595
0.011582
0.011591
0.011616
0.011631
0.011646
0.011637
0.011567
0.011614
0.011611
0.011607
0.011606
0.011597
0.011606
0.011603
0.011659
0.011680
0.011602
0.011626
0.011617
0.011645
0.011610
0.011604
0.011584
0.011626
0.011642
0.011621
0.011623
0.011623
0.011590
0.011644
0.011601
0.011590
0.011606
0.011575
0.011620
0.011605
0.011570
0.011624
0.011636
0.011610
0.011633
0.011581
0.011566
0.011610
0.011586
0.011612
0.011648
0.011592
0.011661
0.011592
0.011691
0.011589
0.011612
0.011662
0.011578
0.011623
0.011623
0.011643
0.011610
0.011623
0.011621
0.011559
0.011606
0.011625
0.011640
0.011646
0.011658
0.011637
0.011604
0.011605
0.011655
0.011615
0.011629
0.011619
0.011604
0.011556
0.011587
0.011583
0.011618
0.011626
0.011631
0.011614
0.011616
0.011560
0.011629
0.011583
0.011610
0.011600
0.011572
0.011625
0.011606
0.011609
0.011625
0.011619
0.011584
0.011608
0.011630
0.011592
0.011614
0.011691
0.011613
0.011611
0.011590
0.011600
0.011613
0.011615
0.011599
0.011604
0.011708
0.011583
0.011595
0.011632
0.011601
0.011596
0.011641
0.011588
0.011588
0.011592
0.011627
0.011602
0.011642
0.011576
0.011661
0.011674
0.011594
0.011617
0.011621
0.011610
0.011630
0.011611
0.011617
0.011580
0.011630
0.011615
0.011596
0.011600
0.011607
0.011630
0.011633
0.011623
0.011662
0.011613
0.011620
0.011596
0.011600
0.011607
0.011593
0.011606
0.011618
0.011633
0.011566
0.011608
0.011596
0.011610
0.011607
0.011642
0.011597
0.011574
0.011611
0.011639
0.011653
0.011632
0.011586
0.011645
0.011636
0.011632
0.011632
0.011575
0.011608
0.011618
0.011766
0.016663
0.011666
0.011617
0.011694
0.011629
0.011645
0.011552
0.011566
0.011566
0.011580
0.011542
0.011574
0.011532
0.011546
0.011698
0.011565
0.011606
0.011628
0.011597
0.011559
0.011607
0.011566
0.011568
0.011543
0.011552
0.011582
0.011614
0.011570
0.011596
0.011575
0.011588
0.011600
0.011610
0.011662
0.011754
0.011743
0.011767
0.016179
0.011617
0.011617
0.011611
0.011574
0.011630
0.011550
0.011612
0.011644
0.011617
0.011635
0.011591
0.011588
0.011597
0.011643
0.011633
0.011569
0.011608
0.011608
0.011638
0.011596
0.011625
0.011599
0.011577
0.011555
0.011625
0.011676
0.011540
0.011587
0.011506
0.011629
0.011635
0.011603
0.011589
0.011626
0.011603
0.011574
0.011573
0.011590
0.011616
0.011653
0.011609
0.011563
0.011577
0.011591
0.011580
0.011581
0.011615
0.011610
0.011640
0.011592
0.011613
0.011615
0.011554
0.011592
0.011592
0.011630
0.011604
0.011600
0.011588
0.011666
0.011637
0.011570
0.011646
0.011639
0.011608
0.011634
0.011560
0.011558
0.011592
0.011684
0.011660
0.011606
0.011613
0.011574
0.011623
0.015493
0.011595
0.011627
0.016198
0.011587
0.011593
0.011642
0.011620
0.011604
0.011579
0.011566
0.011595
0.011598
0.011603
0.011557
0.011563
0.011620
0.011634
0.011668
0.011608
0.011563
0.011632
0.011534
0.011581
0.011584
0.011635
0.011660
0.011687
0.011581
0.011627
0.011556
0.011632
0.011602
0.011655
0.011569
0.011638
0.011580
0.011637
0.011626
0.011631
0.011597
0.011608
0.011587
0.011608
0.011645
0.011613
0.011614
0.011628
0.011577
0.011603
0.011627
0.011571
0.011607
0.011613
0.011567
0.011643
0.011608
0.011652
0.011589
0.011567
0.011606
0.011627
0.011609
0.011619
0.011596
0.011616
0.011620
0.011656
0.011616
0.011590
0.011569
0.011612
0.011584
0.011576
0.011581
0.011582
0.011597
0.011594
0.011546
0.011590
0.011569
0.011603
0.011597
0.011568
0.011556
0.011591
0.011555
0.011569
0.011637
