0.029893
0.024215
0.024146
0.024388
0.024334
0.024138
0.024139
0.024298
0.024109
0.024096
0.024061
0.024199
0.024103
0.024223
0.024188
0.024349
0.024171
0.024317
0.024481
0.024431
0.024197
0.024144
0.024138
0.024221
0.024317
0.024179
0.024196
0.024376
0.024374
0.024188
0.024145
0.024143
0.024173
0.024185
0.024277
0.024289
0.024334
0.024165
0.024156
0.024148
0.024248
0.024182
0.024180
0.024196
0.024472
0.024211
0.024241
0.024186
0.024272
0.024266
0.024636
0.024430
0.024469
0.024431
0.024923
0.024469
0.024585
0.024404
0.024587
0.024427
0.024580
0.024512
0.024428
0.024411
0.024698
0.024575
0.024432
0.024479
0.024455
0.024613
0.024404
0.024448
0.024477
0.024506
0.024576
0.024393
0.024522
0.024530
0.024501
0.024741
0.024585
0.024532
0.024438
0.024465
0.024494
0.024689
0.024443
0.024569
0.024531
0.024733
0.024459
0.024508
0.024428
0.024686
0.024801
0.024534
0.024514
0.024528
0.024546
0.024496
0.024530
0.024511
0.024488
0.024400
0.024574
0.024592
0.024464
0.024474
0.024396
0.024691
0.024454
0.024663
0.024699
0.024888
0.024556
0.024545
0.024509
0.024576
0.024545
0.024397
0.024878
0.024512
0.024623
0.024419
0.024625
0.024486
0.024699
0.024476
0.024456
0.024522
0.024598
0.024506
0.024419
0.024503
0.024550
0.024496
0.024432
0.024480
0.024599
0.024437
0.024585
0.024406
0.024604
0.024421
0.024592
0.024454
0.024696
0.024441
0.024409
0.024456
0.024526
0.024481
0.024429
0.024512
0.024723
0.024524
0.024429
0.024501
0.024536
0.024423
0.024490
0.024772
0.024640
0.024433
0.024599
0.024406
0.024596
0.026116
0.027935
0.026655
0.026650
0.026300
0.025810
0.025312
0.026127
0.025874
0.025574
0.025172
0.025411
0.024915
0.025100
0.024846
0.025176
0.024841
0.024826
0.024683
0.024895
0.024715
0.024765
0.024689
0.024996
0.024724
0.024777
0.024760
0.024968
0.024662
0.024794
0.024655
0.024949
0.024685
0.024710
0.025007
0.024876
0.024787
0.024680
0.024649
0.024879
0.024656
0.024708
0.024781
0.024725
0.024684
0.024579
0.024790
0.024747
0.024684
0.024593
0.024852
0.024890
0.024737
0.024712
0.025051
0.024970
0.024801
0.024612
0.024579
0.024890
0.024674
0.024665
0.024713
0.024824
0.024583
0.024657
0.024642
0.024769
0.024589
0.024621
0.024556
0.024936
0.024886
0.024711
0.024668
0.025166
0.024692
0.024583
0.024654
0.024825
0.024766
0.024656
0.024632
0.024608
0.024792
0.024749
0.024684
0.024751
0.024852
0.024731
0.024648
0.024538
0.024691
0.024555
0.024662
0.024675
0.024668
0.024571
0.024498
0.024609
0.024616
0.024600
0.024515
0.024583
0.024739
0.026000
0.025254
0.025059
0.024940
0.024850
0.024756
0.024837
0.024835
0.024859
0.025015
0.025329
0.024886
0.024790
0.024665
0.024912
0.024980
0.024848
0.024652
0.024676
0.024986
0.024758
0.024718
0.024631
0.024801
0.024610
0.024689
0.024621
0.024819
0.024604
0.024776
0.024714
0.024769
0.024615
0.024665
0.024604
0.024806
0.024617
0.024568
0.024685
0.024762
0.024809
0.024578
0.024644
0.024804
0.024657
0.024563
0.024625
0.024660
0.024617
0.024563
0.024716
0.025048
0.024613
0.024629
0.024516
0.024769
0.024669
0.024710
0.024564
0.024707
0.024611
0.024388
0.024364
0.024514
0.024368
0.024422
0.024297
0.024413
0.024385
0.024342
0.024620
0.024469
0.024466
0.024370
0.024360
0.024425
0.024478
0.024336
0.024320
0.024335
0.024624
0.024420
0.024318
0.024293
0.024443
0.024337
0.024339
0.024319
0.024540
0.024366
0.024450
0.024358
0.024861
0.024478
0.024318
0.024287
0.024428
0.026416
0.027497
0.026031
0.026378
0.026348
0.026383
0.026128
0.026455
0.026104
0.026007
0.025978
0.025904
0.025827
0.026011
0.025971
0.025654
0.025667
0.025583
0.025663
0.025684
0.025589
0.025641
0.025706
0.025647
0.025597
0.025599
0.025700
0.025659
0.025614
0.025617
0.025714
0.025537
0.024489
0.024596
0.024540
0.024886
0.024810
0.024669
0.024900
0.024690
0.024524
0.024585
0.024667
0.024395
0.024364
0.024341
0.024561
0.024703
0.024457
0.024368
0.024450
0.024622
0.024467
0.024728
0.024682
0.024438
0.024542
0.024583
0.024475
0.024438
0.024417
0.024470
0.024722
0.024693
0.024507
0.024405
0.024446
0.024429
0.024517
0.024458
0.024398
0.024669
0.024510
0.024405
0.024692
0.024659
0.024854
0.024443
0.024351
0.024477
0.024486
0.024991
0.024693
0.024646
0.024387
0.024368
0.024386
0.024535
0.024369
0.024361
0.024352
0.024618
0.024458
0.024533
0.024380
0.024568
0.024350
0.024332
0.024334
0.024602
0.024362
0.024424
0.024345
0.024495
0.024366
0.024359
0.024359
0.024494
0.024485
0.024331
0.024314
0.024455
0.024415
0.024294
0.024299
0.024301
0.024307
0.024726
0.024378
0.024346
0.024556
0.024428
0.024428
0.024517
0.024539
0.024405
0.024365
0.024322
0.024520
0.024340
0.024307
0.024406
0.024471
0.024332
0.024486
0.024342
0.024517
0.024297
0.024297
0.024293
0.024399
0.024422
0.024345
0.024319
0.024535
0.024358
0.024283
0.024269
0.024402
0.024311
0.024288
0.024342
0.024494
0.024439
0.024276
0.024297
0.024529
0.024378
0.024603
0.024296
0.024342
0.024341
0.024613
0.024428
0.024369
0.024488
0.024336
0.024305
0.024326
0.024519
0.024331
0.024507
0.024453
0.024508
0.024350
0.024471
0.024338
0.024575
0.024287
0.024284
0.024260
0.024433
0.024444
0.024258
0.024263
0.024382
0.024272
0.024289
0.024256
0.024354
0.024285
0.024233
0.024842
0.024465
0.024333
0.024277
0.024268
0.024332
0.024299
0.024264
0.024646
0.024468
0.024605
0.027580
0.026834
0.026118
0.026413
0.025063
0.024740
0.024742
0.025057
0.025591
0.024779
0.024777
0.024653
0.024542
0.024731
0.024706
0.025055
0.024697
0.024742
0.024843
0.024855
0.024661
0.024712
0.024643
0.024824
0.024705
0.024642
0.024739
0.024794
0.024833
0.024650
0.024867
0.024726
0.024678
0.024622
0.024694
0.024728
0.024696
0.024976
0.024846
0.024751
0.024711
0.024641
0.024663
0.024764
0.024607
0.024659
0.024576
0.024938
0.024685
0.024703
0.024998
0.025001
0.024607
0.024981
0.024620
0.024758
0.024436
0.024391
0.024544
0.024604
0.024429
0.024419
0.024487
0.024580
0.024391
0.024367
0.024343
0.024462
0.024558
0.024399
0.024391
0.024633
0.024408
0.024382
0.024380
0.024534
0.024371
0.024348
0.024845
0.024470
0.024515
0.024407
0.024494
0.024486
0.024465
0.024369
0.024351
0.024530
0.024598
0.024412
0.024338
0.024352
0.024433
0.024400
0.024466
0.024415
0.024552
0.024332
0.024414
0.024323
0.024448
0.024337
0.024318
0.024320
0.024578
0.024350
0.024311
0.024281
0.024489
0.024413
0.024305
0.024290
0.024413
0.024344
0.024350
0.024335
0.024448
0.024412
0.024890
0.025178
0.024756
0.024480
0.024515
0.024420
0.024483
0.024372
0.024321
0.024333
0.024502
0.024436
0.024324
0.024336
0.024386
0.024411
0.024333
0.024417
0.024413
0.024381
0.024441
0.024349
0.024346
0.024664
0.024302
0.024316
0.024288
0.024460
0.024352
0.024357
0.024464
0.024568
0.024376
0.024317
0.024365
0.024523
0.024357
0.024329
0.024295
0.024307
0.024677
0.024679
0.024387
0.024894
0.024461
0.024425
0.024425
0.024526
0.024365
0.024412
0.024460
0.024446
0.024522
0.024518
0.024340
0.024464
0.024448
0.024318
0.024376
0.024347
0.024482
0.024423
0.024343
0.024405
0.024448
0.024320
0.024276
0.024274
0.024450
0.024281
0.024285
0.024366
0.024437
0.024339
0.024302
0.024290
0.024479
0.024322
0.024286
0.024331
0.024404
0.024520
0.024337
0.024357
0.024883
0.025865
0.027713
0.026981
0.026854
0.026653
0.026329
0.025979
0.026379
0.026318
0.027099
0.026349
0.026122
0.025974
0.026064
0.025850
0.026007
0.025995
0.025867
0.026070
0.025811
0.025787
0.024969
0.024585
0.024508
0.024625
0.024481
0.024685
0.024481
0.024453
0.024389
0.024673
0.024570
0.024453
0.024448
0.024798
0.024556
0.024448
0.024385
0.024794
0.024619
0.024423
0.024529
0.024528
0.024513
0.024511
0.024381
0.024438
0.024443
0.024386
0.024710
0.024698
0.024521
0.024389
0.024683
0.024589
0.024451
0.024367
0.024318
0.024306
0.024287
0.024336
0.024289
0.024312
0.024482
0.024514
0.024447
0.024327
0.024286
0.024306
0.024273
0.024282
0.024295
0.024265
0.024261
0.024365
0.024326
0.024304
0.024259
0.024264
0.024259
0.024660
0.024461
0.024379
0.024307
0.024396
0.024303
0.024286
0.024263
0.024386
0.024355
0.024322
0.024416
0.024555
0.024299
0.024519
0.024328
0.024460
0.024409
0.024367
0.024350
0.024806
0.024322
0.024287
0.024295
0.024362
0.024468
0.024323
0.024317
0.024311
0.024390
0.024313
0.024316
0.024585
0.024336
0.024272
0.024411
0.024353
0.024315
0.024334
0.024297
0.024477
0.024930
0.024498
0.024456
0.024569
0.024680
0.024467
0.024458
0.024496
0.024530
0.024472
0.024280
0.024275
0.024300
0.024305
0.024691
0.024382
0.024538
0.024336
0.024260
0.024269
0.024398
0.024306
0.024292
0.024296
0.024934
0.024563
0.024287
0.024277
0.024294
0.024311
0.024306
0.024310
0.024477
0.024324
0.024377
0.024276
0.024393
0.024270
0.024296
0.024313
0.024384
0.024710
0.024400
0.024500
0.024513
0.024316
0.024513
0.024311
0.024395
0.024409
0.024288
0.024280
0.024258
0.024284
0.024381
0.024462
0.024331
0.024407
0.024322
0.024284
0.024350
0.024895
0.024363
0.024270
0.024363
0.024296
0.024303
0.024314
0.024262
0.024472
0.024296
0.024272
0.024358
0.024296
0.024442
0.024299
0.024310
0.024387
0.024381
0.024271
0.024258
0.024340
0.025341
0.028374
0.026624
0.026016
0.026061
0.025622
0.025426
0.025623
0.025493
0.025248
0.024943
0.025061
0.025128
0.025165
0.024954
0.025062
0.024826
0.024709
0.024776
0.024887
0.024923
0.025002
0.025030
0.025400
0.025701
0.024740
0.024811
0.025039
0.025644
0.024932
0.024804
0.025374
0.024854
0.024616
0.024726
0.024657
0.024479
0.024456
0.024445
0.024624
0.024465
0.024971
0.024435
0.024525
0.024520
0.024403
0.024369
0.024523
0.024435
0.024397
0.024643
0.025017
0.024484
0.024488
0.024919
0.024718
0.024538
0.024420
0.024387
0.024589
0.024703
0.024498
0.024408
0.024439
0.024454
0.024403
0.024403
0.024483
0.024515
0.024374
0.024333
0.024570
0.024455
0.024403
0.024384
0.024403
0.024610
0.024352
0.024357
0.024330
0.024464
0.024665
0.025065
0.024447
0.024495
0.024397
0.024396
0.024361
0.024418
0.024613
0.024562
0.024494
0.024481
0.024360
0.024452
0.024425
0.024459
0.024361
0.024359
0.024347
0.024534
0.024447
0.024677
0.024433
0.024449
0.024467
0.024412
0.024356
0.024430
0.024469
0.024341
0.024471
0.024461
0.024454
0.024342
0.024372
0.024352
0.024546
0.024320
0.024567
0.024352
0.024432
0.024409
0.024818
0.024386
0.024561
0.024329
0.024299
0.024288
0.024310
0.024331
0.024422
0.024356
0.024541
0.024364
0.024392
0.024333
0.024421
0.024375
0.024339
0.024330
0.024797
0.024404
0.024310
0.024276
0.024387
0.024306
0.024309
0.024298
0.024388
0.024437
0.024393
0.024296
0.024352
0.024341
0.024463
0.024632
0.024446
0.024453
0.024307
0.024281
0.024368
0.024520
0.024424
0.024676
0.024460
0.024544
0.024303
0.024310
0.024279
0.024404
0.024295
0.024372
0.024298
0.024392
0.024300
0.024356
0.024293
0.024395
0.024305
0.024256
0.024274
0.024548
0.024290
0.024249
0.024256
0.024434
0.024428
0.024295
0.024265
0.024326
0.024308
0.024399
0.024279
0.024353
0.024332
0.024264
0.024278
0.024293
0.024285
0.024305
0.024253
0.024398
0.024395
0.027507
0.027613
0.026437
0.026643
0.025875
0.025386
0.025606
0.025608
0.025141
0.025177
0.025283
0.025209
0.025157
0.025094
0.025189
0.025056
0.024767
0.024689
0.024807
0.024571
0.024511
0.024499
0.024556
0.024529
0.024501
0.024470
0.024534
0.024652
0.024479
0.024517
0.024522
0.024512
0.024450
0.024454
0.024676
0.024627
0.024460
0.024521
0.024436
0.024546
0.024630
0.024484
0.025001
0.024863
0.024545
0.024548
0.024447
0.024891
0.024635
0.024653
0.024403
0.024516
0.024428
0.024740
0.024601
0.024535
0.024382
0.024461
0.024359
0.024352
0.024351
0.024343
0.024438
0.024340
0.024411
0.024350
0.024333
0.024415
0.024372
0.024330
0.024338
0.024312
0.024328
0.024306
0.024295
0.024313
0.024303
0.024404
0.024340
0.024331
0.024306
0.024302
0.024340
0.024698
0.024349
0.024351
0.024637
0.024506
0.024612
0.024360
0.024340
0.024368
0.024517
0.024375
0.024474
0.024399
0.024583
0.024502
0.024376
0.024334
0.024529
0.024351
0.024304
0.024312
0.024446
0.024344
0.024362
0.024450
0.024466
0.024343
0.024335
0.024330
0.024386
0.024379
0.024317
0.024289
0.024305
0.024438
0.024334
0.024320
0.024306
0.024299
0.024413
0.024256
0.024861
0.024487
0.024409
0.024443
0.024369
0.024624
0.024350
0.024295
0.024286
0.024426
0.024348
0.024431
0.024348
0.024660
0.024384
0.024328
0.024308
0.024441
0.024332
0.024335
0.024309
0.024528
0.024737
0.024413
0.024638
0.024637
0.024399
0.024368
0.024332
0.024533
0.024348
0.024312
0.024291
0.024363
0.024569
0.024369
0.024328
0.024426
0.024434
0.024314
0.024552
0.024452
0.024793
0.024354
0.024472
0.024397
0.024491
0.024323
0.024336
0.024343
0.024530
0.024323
0.024362
0.024520
0.024621
0.024321
0.024292
0.024275
0.024512
0.024720
0.024363
0.024340
0.024510
0.024348
0.024512
0.024360
0.024542
0.024407
0.024399
0.024329
0.024493
0.024321
0.024282
0.024295
0.024482
0.024359
0.024291
0.024415
0.024373
0.024851
0.027967
0.026421
0.026365
0.027285
0.026364
0.026118
0.026106
0.026487
0.026018
0.025795
0.025760
0.025694
0.025785
0.025608
0.025729
0.025648
0.025642
0.025587
0.025604
0.025592
0.025562
0.025543
0.025559
0.025507
0.025611
0.025605
0.025645
0.025547
0.025552
0.025588
0.025523
0.024429
0.024499
0.024438
0.024407
0.024378
0.024386
0.024358
0.024369
0.024356
0.024432
0.024370
0.024771
0.024463
0.024373
0.024332
0.024338
0.024328
0.024360
0.024622
0.024450
0.024373
0.024763
0.024619
0.024575
0.024496
0.024399
0.024430
0.024740
0.024413
0.024357
0.024378
0.024564
0.024546
0.024496
0.024379
0.024558
0.024412
0.024357
0.024348
0.024814
0.024623
0.024539
0.024395
0.024480
0.024381
0.024340
0.024355
0.024430
0.024470
0.024430
0.024415
0.024645
0.024632
0.024785
0.024388
0.024485
0.024565
0.024346
0.024345
0.024370
0.024414
0.024459
0.024481
0.024436
0.024556
0.024389
0.024366
0.024308
0.024461
0.024356
0.024351
0.024486
0.024696
0.025460
0.025110
0.024817
0.024772
0.024628
0.024575
0.024590
0.024794
0.024647
0.024572
0.024498
0.024485
0.024508
0.024520
0.024501
0.024672
0.024499
0.024579
0.024637
0.024728
0.024608
0.024853
0.024480
0.024576
0.024542
0.024486
0.024481
0.024572
0.024751
0.024493
0.024601
0.024560
0.024560
0.024460
0.024434
0.024539
0.024676
0.024440
0.024553
0.024484
0.024631
0.024521
0.024408
0.024422
0.024431
0.024486
0.024472
0.024489
0.024704
0.024392
0.024372
0.024339
0.024490
0.024363
0.024333
0.024336
0.024463
0.024404
0.024417
0.024366
0.024557
0.024476
0.024828
0.024394
0.024651
0.024597
0.024485
0.024368
0.024658
0.024395
0.024422
0.024387
0.024436
0.024346
0.024361
0.024356
0.024527
0.024387
0.024412
0.024353
0.024464
0.024539
0.024418
0.024315
0.024380
0.024413
0.024344
0.024327
0.024521
0.024509
0.024417
0.024359
0.024406
0.024492
0.024319
0.024305
0.024326
0.024423
0.027414
0.027862
0.027405
0.026645
0.026167
0.025299
0.025425
0.026052
0.025828
0.025866
0.026037
0.025740
0.025796
0.025693
0.025609
0.025613
0.025517
0.025614
0.025598
0.025564
0.025649
0.025590
0.025539
0.025534
0.025539
0.025564
0.025558
0.025524
0.025521
0.025731
0.024753
0.024429
0.024489
0.024517
0.024419
0.024445
0.024454
0.024412
0.024480
0.024553
0.024397
0.024461
0.024762
0.024423
0.024694
0.024415
0.024461
0.024420
0.024385
0.024428
0.024520
0.024477
0.024465
0.024993
0.024717
0.024445
0.024644
0.024676
0.024640
0.024579
0.024425
0.024367
0.024514
0.024780
0.024604
0.024427
0.024475
0.024574
0.024534
0.024553
0.024511
0.024528
0.024396
0.024367
0.024706
0.024636
0.024481
0.024407
0.024399
0.024530
0.024361
0.024673
0.024452
0.024474
0.024321
0.024638
0.024387
0.024410
0.024297
0.024412
0.024315
0.024313
0.024277
0.024359
0.024317
0.024300
0.024345
0.024291
0.024314
0.024555
0.024333
0.024339
0.024270
0.024275
0.024295
0.024293
0.024291
0.024250
0.024294
0.024352
0.024278
0.024287
0.024349
0.024319
0.024270
0.024250
0.024293
0.024254
0.024246
0.024357
0.024346
0.024328
0.024296
0.024376
0.024446
0.024323
0.024252
0.024653
0.024349
0.024514
0.024403
0.024282
0.024275
0.024281
0.024353
0.024282
0.024283
0.024266
0.024292
0.024374
0.024322
0.024279
0.024272
0.024249
0.024233
0.024292
0.024273
0.024278
0.024256
0.024359
0.024296
0.024265
0.024275
0.024250
0.024240
0.024265
0.024225
0.024264
0.024224
0.024259
0.024331
0.024270
0.024255
0.024290
0.024259
0.024240
0.024245
0.024269
0.024541
0.024305
0.024423
0.024242
0.024257
0.024240
0.024244
0.024326
0.024289
0.024243
0.024242
0.024298
0.024404
0.024245
0.024308
0.024242
0.024239
0.024210
0.024407
0.024282
0.024278
0.024223
0.024401
0.024237
0.024275
0.024298
0.024419
0.024256
0.024208
0.024197
0.024225
0.024226
0.024311
0.024229
0.024247
0.026537
0.027352
0.026094
0.026322
0.026442
0.026359
0.026594
0.026460
0.026005
0.025785
0.025781
0.025737
0.025758
0.025834
0.025703
0.025703
0.025684
0.025571
0.025599
0.024632
0.024497
0.024473
0.024651
0.024592
0.024533
0.024462
0.024628
0.024558
0.024449
0.024368
0.024636
0.024487
0.024423
0.024410
0.024530
0.024527
0.024523
0.024381
0.024446
0.024455
0.024392
0.024476
0.024360
0.024524
0.024389
0.024388
0.024579
0.024843
0.024398
0.024374
0.024679
0.024523
0.024392
0.024630
0.024605
0.024635
0.024566
0.024376
0.024395
0.024412
0.024385
0.024363
0.024340
0.024348
0.024371
0.024420
0.024501
0.024357
0.024396
0.024343
0.024439
0.024319
0.024364
0.024333
0.024351
0.024318
0.024456
0.024385
0.024351
0.024318
0.024347
0.024425
0.024325
0.024307
0.024415
0.024394
0.024588
0.024397
0.024801
0.024548
0.024318
0.024296
0.024257
0.024271
0.024344
0.024307
0.024457
0.024301
0.024258
0.024256
0.024246
0.024285
0.024241
0.024213
0.024263
0.024323
0.024402
0.024272
0.024306
0.024272
0.024229
0.024218
0.024258
0.024246
0.024268
0.024230
0.024317
0.024346
0.024675
0.024391
0.024265
0.024297
0.024234
0.024288
0.024257
0.024275
0.024374
0.024298
0.024245
0.024607
0.024332
0.024251
0.024266
0.024300
0.024259
0.024346
0.024377
0.024369
0.024270
0.024283
0.024227
0.024226
0.024328
0.024254
0.024260
0.024232
0.024292
0.024379
0.024309
0.024229
0.024261
0.024190
0.024217
0.024261
0.024267
0.024234
0.024225
0.024334
0.024263
0.024273
0.024276
0.024259
0.024248
0.024282
0.024264
0.024227
0.024254
0.024447
0.024261
0.024207
0.024254
0.024626
0.024235
0.024248
0.024226
0.024235
0.024277
0.024386
0.024312
0.024275
0.024209
0.024205
0.024205
0.024232
0.024220
0.024211
0.024244
0.024415
0.024274
0.024251
0.024229
0.024218
0.024186
0.024203
0.024211
0.024237
0.024210
0.024292
0.024229
0.024227
0.024211
0.024253
0.024228
0.024236
0.026414
0.027543
0.027094
0.026820
0.026409
