0.025786
0.017938
0.017884
0.017831
0.017712
0.017662
0.017728
0.017673
0.017699
0.017603
0.017651
0.017592
0.017648
0.017632
0.017608
0.017574
0.017861
0.017634
0.017606
0.017613
0.017657
0.017747
0.017594
0.017628
0.017615
0.017612
0.017707
0.017662
0.017612
0.017660
0.017605
0.017619
0.017650
0.017614
0.017603
0.017750
0.017628
0.017615
0.017595
0.017567
0.017688
0.017624
0.017627
0.017578
0.017639
0.017646
0.017680
0.017592
0.017626
0.017705
0.017638
0.017633
0.017593
0.017619
0.017661
0.017614
0.029401
0.020782
0.017374
0.017445
0.017434
0.017327
0.017465
0.017393
0.017380
0.017371
0.017360
0.017371
0.017482
0.017384
0.017378
0.017359
0.017373
0.017385
0.017419
0.017304
0.017462
0.017329
0.017365
0.017334
0.017398
0.017303
0.017501
0.017371
0.017353
0.017472
0.017365
0.017357
0.017341
0.017357
0.017398
0.017469
0.017361
0.017349
0.017387
0.017376
0.017349
0.017435
0.017295
0.017298
0.017251
0.017303
0.017396
0.017317
0.017320
0.017324
0.017321
0.017308
0.017251
0.017291
0.017447
0.017295
0.017283
0.017344
0.017324
0.017272
0.017273
0.017344
0.017397
0.017333
0.017246
0.017299
0.017323
0.017243
0.017274
0.017329
0.017270
0.017286
0.017294
0.017365
0.017273
0.017302
0.017358
0.017414
0.017273
0.017282
0.017320
0.017347
0.017290
0.017281
0.017373
0.017257
0.017292
0.017273
0.017332
0.017337
0.017342
0.017389
0.017294
0.017265
0.017275
0.017326
0.017272
0.017303
0.017275
0.017356
0.017310
0.017342
0.017358
0.017293
0.017242
0.017427
0.017294
0.017279
0.017346
0.017252
0.017329
0.017343
0.017259
0.017508
0.017614
0.017347
0.017325
0.025341
0.024413
0.017473
0.017436
0.017378
0.017318
0.017404
0.017378
0.017323
0.017376
0.017387
0.017448
0.017328
0.017337
0.017375
0.017327
0.017306
0.017423
0.017321
0.017322
0.017324
0.017341
0.017321
0.017310
0.017436
0.017344
0.017331
0.017279
0.017326
0.017383
0.017330
0.017371
0.017370
0.017386
0.017319
0.017291
0.017346
0.017389
0.017346
0.017344
0.017391
0.017339
0.017397
0.017427
0.017400
0.017352
0.017307
0.017331
0.017373
0.017306
0.017361
0.017353
0.017372
0.017324
0.017324
0.017383
0.017493
0.018019
0.017885
0.017810
0.017865
0.017509
0.017417
0.017399
0.017371
0.017379
0.017523
0.017422
0.017382
0.017377
0.017364
0.017456
0.017491
0.017402
0.017422
0.017434
0.017362
0.017362
0.017320
0.017373
0.017349
0.017369
0.017315
0.017395
0.017360
0.017335
0.017366
0.017376
0.017332
0.017325
0.017353
0.017387
0.017341
0.017306
0.017372
0.017378
0.017304
0.017293
0.017350
0.017356
0.017542
0.017414
0.017371
0.017368
0.017325
0.017332
0.017378
0.017306
0.017325
0.017362
0.017383
0.017307
0.017330
0.017367
0.017411
0.017344
0.017337
0.017320
0.017349
0.017349
0.017320
0.017365
0.017347
0.017343
0.017371
0.017384
0.017325
0.017368
0.017442
0.017432
0.017355
0.017393
0.017384
0.017399
0.017324
0.017338
0.017381
0.017309
0.017341
0.017460
0.017367
0.017338
0.017367
0.017338
0.017384
0.017335
0.017326
0.017330
0.017373
0.017338
0.017325
0.017402
0.017354
0.017311
0.017331
0.017440
0.017426
0.017321
0.017350
0.017368
0.017344
0.017340
0.017332
0.017415
0.017342
0.017306
0.017410
0.017349
0.017320
0.017298
0.017412
0.017389
0.017372
0.017391
0.017386
0.017338
0.017328
0.017361
0.017374
0.017355
0.017330
0.017352
0.017404
0.017336
0.017339
0.017424
0.017376
0.017326
0.017318
0.017391
0.017368
0.017339
0.017335
0.017379
0.017330
0.017307
0.017436
0.017409
0.017322
0.017426
0.017337
0.017418
0.017294
0.017306
0.017405
0.017361
0.017312
0.017299
0.017387
0.017377
0.017307
0.017336
0.017380
0.017443
0.017358
0.017325
0.017365
0.017336
0.017345
0.017357
0.017402
0.017330
0.017312
0.017383
0.017390
0.017384
0.022623
0.019261
0.017479
0.017479
0.017456
0.017432
0.017446
0.017435
0.017430
0.017393
0.017445
0.017404
0.017602
0.017496
0.017526
0.017526
0.017468
0.017416
0.017457
0.017419
0.017448
0.017396
0.017443
0.017429
0.017476
0.017421
0.017443
0.017510
0.017524
0.017562
0.017489
0.017402
0.017423
0.017392
0.017461
0.017400
0.017461
0.017415
0.017462
0.017459
0.017481
0.017418
0.017486
0.017545
0.017435
0.017447
0.017486
0.017460
0.017482
0.017398
0.017482
0.017486
0.017460
0.017404
0.017432
0.017461
0.017442
0.017416
0.017424
0.017463
0.017433
0.017526
0.017433
0.017457
0.017441
0.017442
0.017386
0.017494
0.017460
0.017425
0.017442
0.017544
0.017491
0.017432
0.017402
0.017476
0.017426
0.017446
0.017435
0.017453
0.017421
0.017498
0.017439
0.017410
0.017443
0.017498
0.017492
0.017532
0.017420
0.017478
0.017416
0.017519
0.017412
0.017449
0.017441
0.017477
0.017432
0.017442
0.017466
0.017492
0.017481
0.017453
0.017476
0.017497
0.017407
0.017446
0.017474
0.017456
0.017447
0.017486
0.017539
0.017454
0.017408
0.017600
0.017500
0.017417
0.017418
0.017824
0.017927
0.017916
0.017859
0.017796
0.017622
0.017424
0.017403
0.017370
0.017392
0.017504
0.017406
0.017378
0.017401
0.017437
0.017372
0.017407
0.017412
0.017500
0.017363
0.020194
0.018970
0.018980
0.018760
0.018700
0.018746
0.018774
0.018732
0.018639
0.018661
0.018662
0.018632
0.018594
0.018424
0.018549
0.018434
0.018431
0.018423
0.018502
0.018548
0.018508
0.018420
0.018384
0.018658
0.018368
0.018409
0.018440
0.018456
0.018426
0.018501
0.018376
0.018373
0.018427
0.018498
0.018500
0.018326
0.018427
0.018387
0.018392
0.018563
0.018350
0.018327
0.018392
0.018533
0.018662
0.018639
0.018589
0.018572
0.018523
0.018539
0.018609
0.018547
0.018606
0.018740
0.018765
0.018654
0.018644
0.018593
0.018655
0.018615
0.018619
0.018663
0.018629
0.018647
0.018540
0.018513
0.018653
0.018630
0.018664
0.018577
0.018528
0.018568
0.018609
0.018572
0.018601
0.018596
0.018631
0.018662
0.018714
0.018590
0.018721
0.018652
0.018748
0.018749
0.018593
0.018574
0.018603
0.018708
0.018746
0.018643
0.018693
0.018659
0.018635
0.018750
0.018674
0.018666
0.018743
0.018664
0.018920
0.018823
0.018788
0.018628
0.018600
0.018600
0.018703
0.018701
0.018688
0.018611
0.018615
0.018767
0.018585
0.018649
0.018641
0.018712
0.018711
0.018670
0.018632
0.018623
0.018639
0.018709
0.018642
0.018681
0.018631
0.018667
0.018608
0.018694
0.018713
0.018651
0.018586
0.018715
0.018695
0.018663
0.018648
0.018598
0.018699
0.018714
0.018841
0.018612
0.018767
0.018707
0.018664
0.018728
0.018729
0.018733
0.018672
0.018659
0.018708
0.018693
0.018627
0.018680
0.018686
0.018749
0.018734
0.018613
0.018654
0.018626
0.018659
0.018845
0.018685
0.018651
0.018698
0.018660
0.018718
0.018787
0.018663
0.018701
0.018729
0.018706
0.018719
0.018702
0.018720
0.018684
0.018699
0.018736
0.018729
0.018657
0.018660
0.018656
0.018647
0.018738
0.018678
0.018635
0.018651
0.018673
0.018787
0.018647
0.018646
0.018795
0.018762
0.018844
0.018697
0.018685
0.018720
0.018640
0.018608
0.018760
0.018692
0.018757
0.018635
0.018658
0.018866
0.018766
0.018688
0.018694
0.018775
0.018817
0.018721
0.018617
0.018855
0.018655
0.018650
0.034926
0.027721
0.019512
0.019436
0.019470
0.019438
0.019426
0.019584
0.019514
0.019499
0.019541
0.019555
0.019599
0.023845
0.019419
0.019418
0.019358
0.019450
0.019361
0.019377
0.019351
0.019415
0.019366
0.019385
0.019479
0.019276
0.019301
0.019329
0.019271
0.019424
0.019337
0.019336
0.019357
0.019345
0.019409
0.019796
0.020795
0.019942
0.019738
0.019621
0.019556
0.019701
0.019454
0.019258
0.019274
0.019350
0.019093
0.019026
0.018971
0.018923
0.018868
0.018779
0.018867
0.018897
0.018845
0.018921
0.018718
0.018796
0.018944
0.018903
0.019025
0.019011
0.018857
0.018859
0.018774
0.018863
0.018931
0.018889
0.018822
0.018815
0.018751
0.018834
0.018757
0.018760
0.018847
0.018699
0.018924
0.018857
0.018884
0.018811
0.018903
0.018885
0.018811
0.018792
0.018926
0.019042
0.018888
0.018978
0.018835
0.018798
0.018866
0.018709
0.018937
0.018855
0.018969
0.019001
0.018869
0.018896
0.018886
0.018955
0.018858
0.018857
0.018895
0.018871
0.018821
0.018866
0.019042
0.018842
0.018887
0.018756
0.018835
0.018794
0.019004
0.018981
0.018886
0.018847
0.018810
0.018873
0.018841
0.018934
0.018875
0.018841
0.018854
0.018792
0.018918
0.018787
0.018885
0.018891
0.018903
0.018854
0.018885
0.018902
0.018857
0.018901
0.018896
0.018909
0.018808
0.018830
0.018878
0.018913
0.018906
0.018861
0.019057
0.018842
0.018814
0.018904
0.018863
0.018824
0.018848
0.018917
0.018955
0.018954
0.018861
0.018865
0.018861
0.018917
0.018929
0.018864
0.018892
0.018826
0.018984
0.018961
0.018856
0.018890
0.018795
0.018827
0.018962
0.018882
0.018933
0.018838
0.018842
0.018935
0.018795
0.018770
0.018906
0.018844
0.018897
0.018926
0.018824
0.018725
0.018787
0.018922
0.018926
0.018837
0.018842
0.018902
0.018920
0.019199
0.019098
0.018881
0.018833
0.018857
0.018928
0.018935
0.018901
0.018913
0.018942
0.018903
0.018902
0.018811
0.018871
0.018855
0.018951
0.019011
0.018969
0.018920
0.018866
0.018887
0.018873
0.018793
0.018971
0.018903
0.018959
0.018960
0.018888
0.018898
0.018799
0.018783
0.018892
0.018915
0.018905
0.018873
0.018973
0.018836
0.018883
0.018879
0.018908
0.018776
0.018912
0.018969
0.018917
0.018920
0.018881
0.018895
0.018812
0.018983
0.018817
0.018808
0.018765
0.018806
0.018944
0.018968
0.018792
0.018748
0.018678
0.018964
0.019067
0.019093
0.018984
0.018957
0.019074
0.019138
0.018963
0.018954
0.018972
0.019002
0.019066
0.019001
0.019001
0.019097
0.019024
0.019142
0.019104
0.019001
0.018993
0.018904
0.019025
0.019054
0.019073
0.019141
0.019100
0.019254
0.019123
0.025407
0.021187
0.019326
0.019376
0.019415
0.019331
0.019320
0.019346
0.019517
0.019553
0.019383
0.019396
0.019389
0.019450
0.022903
0.019409
0.019368
0.019462
0.019388
0.019573
0.019425
0.019412
0.019246
0.019280
0.019408
0.019840
0.020025
0.019925
0.019771
0.019861
0.019874
0.019813
0.019624
0.019567
0.019733
0.019851
0.019897
0.019871
0.019929
0.019857
0.019841
0.019755
0.019777
0.019859
0.019845
0.019824
0.019770
0.019781
0.019829
0.019812
0.019791
0.019713
0.019771
0.019795
0.019787
0.019819
0.019753
0.019823
0.019770
0.019811
0.019710
0.019768
0.019778
0.019783
0.019752
0.019783
0.019722
0.019648
0.019313
0.019264
0.019282
0.019312
0.019350
0.019334
0.019334
0.019308
0.019321
0.019364
0.019346
0.019304
0.019256
0.019268
0.019311
0.019319
0.019315
0.019408
0.019377
0.019318
0.019312
0.019339
0.019397
0.019387
0.019332
0.019476
0.019397
0.019450
0.019376
0.019333
0.019262
0.019292
0.019416
0.019340
0.019353
0.019330
0.019345
0.019330
0.019376
0.019344
0.019372
0.019331
0.019399
0.019394
0.019311
0.019321
0.019320
0.019350
0.019468
0.019281
0.019352
0.019308
0.019311
0.019390
0.019422
0.019416
0.019455
0.019376
0.019395
0.019395
0.019370
0.019316
0.019329
0.019275
0.019338
0.019401
0.019357
0.019377
0.019311
0.019344
0.019356
0.019385
0.019458
0.019333
0.019330
0.019345
0.019307
0.019301
0.019262
0.019363
0.019277
0.019305
0.019313
0.019438
0.019335
0.019382
0.019260
0.019367
0.019363
0.019361
0.019407
0.019450
0.019362
0.019348
0.019309
0.019293
0.019297
0.019374
0.019396
0.019419
0.019296
0.019357
0.019389
0.019409
0.019344
0.019378
0.019339
0.019293
0.019336
0.019348
0.019465
0.019251
0.019362
0.019290
0.019300
0.019342
0.019372
0.019263
0.019363
0.019332
0.019289
0.019342
0.019377
0.019298
0.019344
0.019284
0.019295
0.019341
0.019366
0.019248
0.019318
0.019371
0.019383
0.019343
0.019346
0.019329
0.019362
0.019288
0.019273
0.019345
0.019322
0.019387
0.019310
0.019463
0.019387
0.019458
0.019563
0.019490
0.019353
0.019406
0.019346
0.019536
0.019458
0.019468
0.019432
0.019407
0.019503
0.019617
0.019495
0.019562
0.019434
0.019375
0.019496
0.019404
0.019439
0.019525
0.019429
0.019655
0.019571
0.019492
0.019433
0.019369
0.019539
0.019577
0.019562
0.019452
0.019512
0.019615
0.019542
0.019404
0.019442
0.019383
0.019463
0.019544
0.019450
0.019444
0.019518
0.019615
0.019462
0.019456
0.019497
0.019375
0.019446
0.019488
0.019538
0.019491
0.019503
0.019579
0.019625
0.019444
0.019506
0.019424
0.019516
0.019683
0.019487
0.019440
0.019503
0.019433
0.019695
0.019490
0.019382
0.019396
0.019443
0.019483
0.019881
0.019879
0.019762
0.019835
0.019769
0.019873
0.019775
0.019860
0.019782
0.019845
0.019797
0.019872
0.019767
0.019780
0.019744
0.019837
0.019716
0.019794
0.019801
0.019824
0.019833
0.019792
0.019539
0.019693
0.019778
0.019851
0.019752
0.019830
0.019783
0.019764
0.019878
0.019747
0.019877
0.019788
0.019841
0.019850
0.019810
0.019775
0.019825
0.019798
0.019809
0.019768
0.019801
0.019677
0.019829
0.019751
0.019520
0.019637
0.019630
0.019518
0.019532
0.019537
0.022755
0.022297
0.019550
0.019526
0.019445
0.019371
0.019396
0.019472
0.019403
0.019336
0.019365
0.019399
0.019421
0.019508
0.019405
0.019356
0.019451
0.019299
0.019388
0.019313
0.019342
0.019287
0.019315
0.019297
0.019331
0.019272
0.019315
0.019312
0.019267
0.019290
0.019284
0.019304
0.019413
0.019430
0.019418
0.019353
0.019346
0.019321
0.019386
0.019231
0.019290
0.019308
0.019296
0.019310
0.019480
0.019286
0.019265
0.019286
0.019316
0.019388
0.019418
0.019375
0.019358
0.019253
0.019387
0.019403
0.019265
0.019199
0.019258
0.019342
0.019354
0.019337
0.019385
0.019367
0.019372
0.019332
0.019318
0.019323
0.019271
0.019334
0.019279
0.019309
0.019244
0.019313
0.019373
0.019347
0.019272
0.019327
0.019330
0.019350
0.019324
0.019367
0.019293
0.019307
0.019298
0.019319
0.019256
0.019214
0.019259
0.019292
0.019333
0.019327
0.019340
0.019361
0.019309
0.019329
0.019348
0.019261
0.019257
0.019368
0.019290
0.019279
0.019248
0.019249
0.019384
0.019279
0.019354
0.019290
0.019372
0.019280
0.019361
0.019341
0.019329
0.019344
0.019322
0.019257
0.019318
0.019301
0.019334
0.019335
0.019291
0.019370
0.019280
0.019291
0.019380
0.019359
0.019282
0.019297
0.019245
0.019267
0.019256
0.019275
0.019313
0.019269
0.019333
0.019323
0.019296
0.019404
0.019336
0.019365
0.019359
0.019377
0.019264
0.019294
0.019274
0.019319
0.019318
0.019459
0.019348
0.019305
0.019467
0.019397
0.019400
0.019303
0.019449
0.019310
0.019322
0.019338
0.019263
0.019281
0.019259
0.019285
0.019292
0.019354
0.019261
0.019284
0.019270
0.019295
0.019358
0.019340
0.019342
0.019336
0.019271
0.019323
0.019315
0.019297
0.019307
0.019304
0.019335
0.019329
0.019363
0.019339
0.019398
0.019398
0.019317
0.019283
0.019346
0.019406
0.019315
0.019266
0.019349
0.019276
0.019271
0.019340
0.019276
0.019261
0.019351
0.019396
0.019389
0.019439
0.019428
0.019389
0.019324
0.019303
0.019424
0.019747
0.022430
0.019837
0.019763
0.019688
0.019567
0.019351
0.019394
0.019422
0.019542
0.019384
0.019491
0.019456
0.019482
0.019394
0.019313
0.019413
0.019332
0.019474
0.019325
0.019375
0.019279
0.019215
0.019399
0.019287
0.019260
0.019306
0.019263
0.019316
0.019306
0.019355
0.019334
0.019345
0.019387
0.019309
0.019385
0.019330
0.019311
0.019289
0.019295
0.019370
0.019322
0.019246
0.019343
0.019354
0.019348
0.019461
0.019365
0.019316
0.019319
0.019380
0.019223
0.019293
0.019235
0.019254
0.019286
0.019270
0.019249
0.019254
0.019290
0.019311
0.019345
0.019340
0.019315
0.019344
0.019268
0.019248
0.019280
0.019247
0.019243
0.019258
0.019274
0.019293
0.019299
0.019389
0.019342
0.019308
0.019298
0.019313
0.019283
0.019263
0.019287
0.019252
0.019355
0.019325
0.019299
0.019254
0.019292
0.019316
0.019269
0.019305
0.019256
0.019387
0.019245
0.019242
0.019237
0.019317
0.019311
0.019364
0.019309
0.019331
0.019327
0.019310
0.019487
0.019324
0.019410
0.019304
0.019335
0.019347
0.019333
0.019221
0.019255
0.019343
0.019318
0.019290
0.019357
0.019268
0.019269
0.019337
0.019336
0.019295
0.019354
0.019355
0.019361
0.019321
0.019279
0.019258
0.019247
0.019292
0.019284
0.019351
0.019305
0.019252
0.019345
0.019372
0.019332
0.019276
0.019238
0.019272
0.019286
0.019249
0.019276
0.019356
0.019296
0.019214
0.019266
0.019338
0.019366
0.019357
0.019419
0.019216
0.019288
0.019352
0.019260
0.019295
0.019295
0.019298
0.019312
0.019300
0.019319
0.019352
0.019296
0.019379
0.019346
0.019342
0.019273
0.019316
0.019339
0.019299
0.019286
0.019267
0.019261
0.019277
0.019295
0.019259
0.019288
0.019295
0.019333
0.019337
0.019387
0.019336
0.019381
0.019352
0.019280
0.019280
0.019238
0.019234
0.019268
0.019283
0.019326
0.019297
0.019366
0.019325
0.019338
0.019275
0.019249
0.019251
0.019242
0.019295
0.019324
0.019278
0.019313
0.019242
0.019394
0.019303
0.019277
0.019331
0.019486
0.019384
0.019281
0.019265
0.019284
0.019187
0.019274
0.019274
0.019276
0.019261
0.019249
0.019308
0.019269
0.019325
0.019290
0.019364
0.019273
0.019290
0.019267
0.019313
0.019345
0.019296
0.019323
0.019340
0.019301
0.019318
0.019328
0.019322
0.019396
0.027400
0.020407
0.019306
0.019326
0.019329
0.019353
0.019294
0.019305
0.019320
0.019315
0.019393
0.019337
0.019318
0.019356
0.019401
0.019441
0.019374
0.019392
0.019292
0.019330
0.019295
0.019322
0.019795
0.020046
0.019835
0.019750
0.019036
0.018959
0.018777
0.018818
0.018920
0.018920
0.018465
0.018458
0.018435
0.018469
0.018453
0.018458
0.018428
0.018491
0.018445
0.018449
0.018452
0.018436
0.018445
0.018454
0.018433
0.018467
0.018444
0.018420
0.018470
0.018417
0.018415
0.018425
0.018395
0.018410
0.018409
0.018407
0.018416
0.018444
0.018371
0.018421
0.018402
0.018450
0.018419
0.018420
0.018387
0.018090
0.018045
0.018089
0.018135
0.017983
0.018030
0.018072
0.018002
0.018156
0.018008
0.018007
0.018035
0.017984
0.018036
0.018094
0.018071
0.017975
0.018029
0.018006
0.018217
0.018126
0.018137
0.018015
0.018066
0.018066
0.018318
0.018174
0.018010
0.018000
0.018020
0.018025
0.018077
0.017989
0.018109
0.018026
0.018032
0.017996
0.018009
0.018019
0.018044
0.017977
0.018019
0.018012
0.017999
0.017966
0.018052
0.018032
0.018111
0.017989
0.018017
0.018006
0.017969
0.018037
0.018004
0.017990
0.018006
0.017996
0.017996
0.018021
0.018013
0.018181
0.018000
0.017987
0.018008
0.018033
0.018018
0.018065
0.017989
0.017987
0.018004
0.018020
0.018003
0.018017
0.017995
0.018104
0.018007
0.018033
0.018023
0.017996
0.017988
0.018040
0.017958
0.018041
0.018003
0.018020
0.018003
0.018041
0.018063
0.018051
0.017978
0.018071
0.017990
0.017991
0.017985
0.018039
0.018003
0.018044
0.018029
0.018023
0.018037
0.018011
0.018105
0.018000
0.017965
0.018041
0.017969
0.018053
0.018022
0.018040
0.018038
0.018014
0.017990
0.018026
0.017978
0.017987
0.018065
0.018022
0.018038
0.018019
0.018008
0.018005
0.018002
0.017997
0.018010
0.018010
0.017989
0.018098
0.017963
0.018072
0.018132
0.018003
0.018038
0.018003
0.018014
0.017994
0.018048
0.018008
0.018004
