0.008040
0.005754
0.005395
0.005141
0.005073
0.004934
0.004968
0.004880
0.004966
0.004877
0.004999
0.004936
0.004874
0.004875
0.004875
0.004876
0.004935
0.004873
0.004872
0.004872
0.004950
0.004873
0.004868
0.004876
0.004917
0.004868
0.004866
0.004865
0.004897
0.005086
0.005002
0.004982
0.004873
0.004966
0.004902
0.004865
0.004917
0.004912
0.004952
0.004902
0.004967
0.004941
0.004938
0.004955
0.004916
0.004981
0.004867
0.004868
0.004865
0.004954
0.004929
0.004894
0.004865
0.004867
0.004869
0.004867
0.004863
0.004868
0.004860
0.004864
0.004889
0.005013
0.005046
0.005073
0.004872
0.004953
0.004862
0.004960
0.004866
0.005005
0.004871
0.005048
0.004862
0.004958
0.004863
0.004955
0.004871
0.004954
0.004863
0.005101
0.004870
0.005001
0.004866
0.004953
0.004861
0.004957
0.004865
0.004933
0.004892
0.004972
0.004896
0.005046
0.004864
0.004924
0.004900
0.004955
0.004866
0.004924
0.004895
0.004889
0.004922
0.004860
0.004957
0.004893
0.004927
0.004862
0.004960
0.004864
0.004955
0.004956
0.005003
0.004937
0.004972
0.004861
0.004958
0.004874
0.004959
0.004863
0.004961
0.004864
0.004957
0.004865
0.004959
0.004870
0.004956
0.004866
0.004960
0.004866
0.004973
0.004971
0.005002
0.004912
0.005051
0.004862
0.004958
0.004869
0.004959
0.004867
0.004955
0.004865
0.004954
0.004867
0.004960
0.004862
0.004950
0.004869
0.004956
0.004952
0.004960
0.004865
0.004994
0.004865
0.005048
0.004864
0.004941
0.004881
0.004955
0.004861
0.004948
0.004876
0.004910
0.004903
0.004888
0.004933
0.004918
0.004903
0.004889
0.004934
0.004863
0.004956
0.004888
0.004975
0.004956
0.004957
0.004867
0.004963
0.004859
0.004965
0.004933
0.004990
0.004894
0.004985
0.004866
0.004963
0.004871
0.004963
0.004862
0.004957
0.004865
0.004957
0.004869
0.005002
0.004862
0.005049
0.004956
0.004955
0.004866
0.004959
0.004865
0.005089
0.004864
0.005002
0.004867
0.004955
0.004864
0.004960
0.004861
0.004954
0.004863
0.004952
0.004865
0.004994
0.004866
0.005047
0.004864
0.004956
0.004861
0.004956
0.004865
0.004956
0.004863
0.004939
0.004876
0.004917
0.004905
0.004938
0.004876
0.004917
0.004989
0.004914
0.004927
0.004930
0.004896
0.004935
0.004859
0.004864
0.004864
0.004860
0.004856
0.004860
0.004865
0.004863
0.004862
0.004860
0.004861
0.004863
0.004862
0.004860
0.004861
0.004861
0.004865
0.004863
0.004952
0.004863
0.004958
0.004861
0.004865
0.004866
0.004860
0.004862
0.004862
0.004864
0.004860
0.004862
0.004945
0.004864
0.004862
0.004863
0.004861
0.004863
0.004860
0.004860
0.004862
0.004920
0.004931
0.004865
0.004866
0.004867
0.004863
0.004967
0.004860
0.004951
0.004866
0.004862
0.004861
0.004863
0.004868
0.004865
0.004860
0.004863
0.004864
0.005008
0.004866
0.005044
0.004863
0.004957
0.004863
0.004859
0.004858
0.004859
0.004862
0.004862
0.004859
0.004857
0.004863
0.004863
0.004861
0.004856
0.004862
0.004862
0.004862
0.004858
0.004859
0.004860
0.004928
0.004915
0.004866
0.004860
0.004869
0.004861
0.004867
0.004861
0.004859
0.004868
0.004920
0.004866
0.004867
0.004868
0.004862
0.004975
0.004966
0.004860
0.004865
0.004864
0.004952
0.004861
0.004958
0.004859
0.004860
0.004860
0.004859
0.004865
0.004862
0.004860
0.004861
0.004865
0.004861
0.004861
0.004859
0.004862
0.004865
0.004863
0.004861
0.004862
0.004861
0.004937
0.004914
0.004860
0.004865
0.004862
0.004861
0.004860
0.004861
0.004860
0.004859
0.004863
0.004859
0.004863
0.004861
0.004858
0.004862
0.004863
0.004856
0.004863
0.004858
0.004947
0.004865
0.004956
0.004861
0.005047
0.004863
0.004919
0.004864
0.004861
0.004863
0.004860
0.004865
0.004863
0.004858
0.004859
0.004861
0.004869
0.004862
0.004857
0.004862
0.004868
0.004961
0.004955
0.004862
0.004955
0.004866
0.004861
0.004881
0.004946
0.004867
0.004866
0.004866
0.004862
0.004863
0.004866
0.004858
0.004860
0.004861
0.004857
0.005083
0.004869
0.005025
0.004863
0.004954
0.004863
0.004860
0.004866
0.004864
0.004863
0.004859
0.004861
0.004859
0.004863
0.004857
0.004913
0.004932
0.004861
0.004865
0.004860
0.004863
0.004862
0.004896
0.004921
0.004953
0.004861
0.004859
0.004863
0.004860
0.004859
0.004860
0.004865
0.004862
0.004857
0.004855
0.004863
0.004863
0.004860
0.004860
0.004859
0.004857
0.004859
0.004861
0.004946
0.004860
0.004901
0.004865
0.004861
0.004860
0.004860
0.004861
0.004858
0.004860
0.004860
0.004865
0.005036
0.004871
0.004863
0.004862
0.004862
0.004857
0.004858
0.004857
0.004885
0.004917
0.004901
0.004972
0.005067
0.004872
0.004871
0.004866
0.004867
0.004872
0.004865
0.004865
0.004866
0.004865
0.004867
0.004868
0.004867
0.004863
0.004862
0.004856
0.004856
0.004937
0.004857
0.004905
0.004862
0.004861
0.004859
0.004865
0.004861
0.004859
0.004862
0.004862
0.004860
0.004856
0.004858
0.004862
0.004863
0.004861
0.004859
0.004858
0.004858
0.004980
0.004914
0.004901
0.004861
0.004861
0.004860
0.004857
0.004862
0.004861
0.004863
0.004861
0.004859
0.004972
0.004862
0.004861
0.004950
0.004869
0.004858
0.004862
0.004856
0.004854
0.004936
0.004857
0.004906
0.004861
0.004864
0.004859
0.004857
0.004861
0.004859
0.004860
0.004862
0.004859
0.004859
0.004859
0.004910
0.004867
0.004866
0.004861
0.004857
0.004857
0.004873
0.004956
0.004949
0.004863
0.004857
0.004861
0.004860
0.004861
0.004857
0.004863
0.004859
0.004862
0.004856
0.004859
0.004861
0.004859
0.004857
0.004853
0.004860
0.004862
0.004858
0.004982
0.004935
0.004978
0.004930
0.004861
0.004858
0.004859
0.004865
0.004864
0.004855
0.004857
0.004863
0.004860
0.004861
0.004853
0.004860
0.004858
0.004862
0.004857
0.004863
0.004860
0.004949
0.004950
0.004860
0.004862
0.004861
0.004862
0.004866
0.004862
0.004967
0.004938
0.004908
0.004861
0.004862
0.004863
0.004857
0.004859
0.004862
0.004861
0.004861
0.004861
0.004947
0.004858
0.004959
0.004866
0.004861
0.004856
0.004864
0.004864
0.004862
0.004860
0.004969
0.004865
0.004864
0.004858
0.004859
0.004861
0.004862
0.004852
0.004863
0.004860
0.004856
0.004939
0.004903
0.004868
0.004858
0.004861
0.004860
0.004861
0.004861
0.004863
0.004863
0.004865
0.004855
0.004863
0.004859
0.004863
0.004865
0.004915
0.004855
0.004868
0.004858
0.004950
0.004857
0.004958
0.004860
0.004863
0.004863
0.004861
0.004863
0.004860
0.004861
0.004861
0.004859
0.004961
0.004865
0.004864
0.004862
0.004863
0.004863
0.004861
0.004971
0.004859
0.004991
0.004954
0.004862
0.004947
0.004863
0.004865
0.004862
0.004860
0.004862
0.004863
0.004858
0.004858
0.004859
0.004863
0.004864
0.004859
0.004860
0.004877
0.004967
0.004863
0.004973
0.004865
0.004957
0.004862
0.004858
0.004861
0.004860
0.004861
0.004857
0.004861
0.004860
0.004867
0.004858
0.004860
0.004863
0.004860
0.004861
0.004859
0.004861
0.004864
0.004859
0.004937
0.004909
0.004864
0.004860
0.004865
0.004860
0.004859
0.004915
0.004913
0.004903
0.004917
0.004860
0.004859
0.004871
0.004862
0.004858
0.004858
0.004860
0.004864
0.004863
0.004950
0.004863
0.004962
0.004860
0.004862
0.004861
0.004864
0.004861
0.004858
0.004863
0.004859
0.004863
0.004859
0.004858
0.004861
0.004862
0.004861
0.004858
0.004855
0.004860
0.004858
0.004953
0.004951
0.004857
0.004858
0.004864
0.004860
0.004860
0.004859
0.004860
0.004864
0.004860
0.004858
0.004860
0.004857
0.004857
0.004860
0.004860
0.004968
0.004868
0.004860
0.004939
0.004859
0.004907
0.004860
0.004858
0.004860
0.004857
0.004859
0.004859
0.004858
0.004858
0.004861
0.004867
0.004859
0.004860
0.004861
0.004866
0.004857
0.004860
0.004859
0.004860
0.004943
0.004900
0.004861
0.005029
0.004870
0.005239
0.005722
0.005736
0.005633
0.005673
0.005629
0.005466
0.005387
0.005316
0.005256
0.005220
0.005257
0.005212
0.005271
0.005214
0.005371
0.005375
0.005366
0.005170
0.005318
0.004978
0.005186
0.005026
0.004996
0.004921
0.004987
0.004865
0.004965
0.004957
0.004955
0.004864
0.005005
0.004984
0.005087
0.005133
0.005026
0.005016
0.004997
0.005030
0.004998
0.004952
0.004947
0.004996
0.005225
0.005006
0.004990
0.004946
0.005045
0.004990
0.005064
0.004855
0.005045
0.004858
0.005018
0.005067
0.005114
0.005011
0.004962
0.004862
0.004950
0.004864
0.004952
0.004858
0.004980
0.004865
0.005087
0.004864
0.004952
0.005017
0.004953
0.004949
0.004951
0.004864
0.004975
0.004872
0.005042
0.004857
0.004990
0.004890
0.005020
0.004860
0.004998
0.004879
0.004967
0.004909
0.005007
0.004964
0.004981
0.004897
0.004929
0.004921
0.004987
0.004887
0.004965
0.005016
0.005000
0.005020
0.004923
0.004888
0.004857
0.004862
0.004858
0.004864
0.004859
0.004856
0.004856
0.004858
0.004855
0.004861
0.004858
0.004857
0.004862
0.004857
0.004903
0.004969
0.004858
0.004971
0.004863
0.005004
0.004860
0.004930
0.004860
0.004859
0.004857
0.004852
0.004864
0.004859
0.004859
0.004858
0.004862
0.004857
0.004859
0.004872
0.004860
0.004901
0.004916
0.004951
0.004952
0.004864
0.004856
0.004854
0.004860
0.004855
0.004861
0.004857
0.004860
0.004859
0.004857
0.004865
0.004857
0.004856
0.004856
0.005047
0.004859
0.004858
0.004928
0.004854
0.004915
0.004953
0.004861
0.004862
0.004862
0.004862
0.004863
0.004862
0.004859
0.004864
0.004859
0.004943
0.004884
0.004860
0.004861
0.004857
0.004855
0.004858
0.004898
0.004909
0.004950
0.004860
0.004858
0.004863
0.004859
0.004858
0.004858
0.004863
0.004858
0.004860
0.004861
0.004852
0.004858
0.004852
0.004853
0.004855
0.004857
0.004858
0.004857
0.004936
0.004855
0.004906
0.004859
0.004860
0.004857
0.004851
0.004859
0.004968
0.004889
0.004856
0.004862
0.004942
0.004859
0.004855
0.004857
0.004856
0.004859
0.004854
0.004856
0.004888
0.004917
0.004928
0.004989
0.004862
0.004860
0.004856
0.004858
0.004855
0.004862
0.004858
0.004860
0.004855
0.004854
0.004855
0.004858
0.004856
0.004855
0.004854
0.004858
0.004859
0.004942
0.004856
0.004950
0.004860
0.004859
0.004858
0.004858
0.004864
0.004856
0.004857
0.004857
0.004860
0.004861
0.004858
0.004859
0.004859
0.004972
0.004976
0.004927
0.004958
0.004869
0.004951
0.004861
0.004950
0.004859
0.004869
0.004863
0.004860
0.004859
0.004864
0.004861
0.004858
0.005045
0.004862
0.005068
0.004879
0.004869
0.004866
0.004864
0.004858
0.004856
0.004859
0.004862
0.004864
0.004861
0.004854
0.004853
0.004865
0.004854
0.004853
0.004855
0.004858
0.004862
0.004858
0.004855
0.004854
0.004853
0.004858
0.004853
0.004855
0.004898
0.004857
0.004908
0.004854
0.004857
0.004852
0.004860
0.004854
0.004857
0.004857
0.004856
0.004857
0.004855
0.004853
0.004857
0.004858
0.004852
0.004855
0.004856
0.004851
0.004857
0.004858
0.004926
0.004895
0.004858
0.004856
0.004855
0.004855
0.004856
0.004856
0.004856
0.004859
0.004855
0.004857
0.004865
0.004861
0.004858
0.004859
0.004869
0.004857
0.004859
0.004854
0.004857
0.004860
0.004856
0.004853
0.004857
0.004854
0.004855
0.004859
0.004855
0.004857
0.004863
0.004862
0.004854
0.004860
0.004858
0.004853
0.004853
0.004853
0.004854
0.004856
0.004863
0.004855
0.004858
0.004853
0.004861
0.004857
0.004851
0.004857
0.004854
0.004859
0.004854
0.004964
0.004860
0.004858
0.004860
0.004857
0.004857
0.004854
0.004860
0.004854
0.004857
0.004855
0.004854
0.004862
0.004858
0.004860
0.004854
0.004853
0.004853
0.004852
0.004849
0.004856
0.004862
0.004856
0.004861
0.004857
0.004856
0.004861
0.004858
0.004859
0.004856
0.004858
0.004856
0.004855
0.004860
0.004858
0.004903
0.004858
0.004856
0.004889
0.004859
0.004857
0.004861
0.004858
0.004856
0.004860
0.004931
0.004857
0.004858
0.004857
0.004857
0.004938
0.004885
0.004857
0.004857
0.004859
0.004856
0.004863
0.004854
0.004858
0.004858
0.004856
0.004855
0.004849
0.004857
0.004854
0.004858
0.004854
0.004856
0.004855
0.004853
0.004853
0.004856
0.004892
0.004884
0.004860
0.004855
0.004852
0.004858
0.004858
0.004854
0.004855
0.004854
0.004855
0.004857
0.004856
0.004856
0.004858
0.004859
0.004856
0.004854
0.004855
0.004858
0.004855
0.004860
0.004859
0.004862
0.004858
0.004861
0.004857
0.004856
0.004857
0.004971
0.004856
0.004858
0.004859
0.004999
0.004890
0.004856
0.004854
0.004859
0.004860
0.004856
0.004856
0.004860
0.004859
0.004857
0.004859
0.004856
0.004860
0.004856
0.004857
0.004854
0.004854
0.004858
0.004854
0.004857
0.004860
0.004857
0.004856
0.004856
0.004857
0.004854
0.004859
0.004853
0.004852
0.004853
0.004859
0.004861
0.004854
0.004856
0.004859
0.004859
0.004860
0.004855
0.004851
0.004854
0.004859
0.004850
0.004855
0.004855
0.004856
0.004969
0.004855
0.004857
0.004854
0.004942
0.004904
0.004886
0.004855
0.004856
0.004857
0.004855
0.004859
0.004858
0.004858
0.004859
0.004859
0.004859
0.004856
0.004858
0.004856
0.004855
0.004856
0.004855
0.004858
0.004856
0.004858
0.004858
0.004857
0.004860
0.004853
0.004856
0.004857
0.004860
0.004854
0.004855
0.004856
0.004850
0.004859
0.004860
0.004860
0.004857
0.004859
0.004856
0.004855
0.004854
0.004860
0.004857
0.004860
0.004859
0.004852
0.004855
0.004968
0.004858
0.004856
0.004854
0.004862
0.004858
0.004853
0.004855
0.004858
0.004863
0.004853
0.004859
0.004858
0.004857
0.004905
0.004880
0.004908
0.004859
0.004863
0.004862
0.004854
0.004855
0.004855
0.004860
0.004860
0.004951
0.004926
0.004866
0.004862
0.004859
0.004862
0.004860
0.004860
0.004861
0.004859
0.004957
0.004862
0.004953
0.004860
0.004858
0.004858
0.004860
0.004855
0.004886
0.004874
0.004855
0.004877
0.004863
0.004862
0.004860
0.005037
0.004862
0.004861
0.004855
0.004859
0.004910
0.004891
0.004901
0.004862
0.004862
0.004859
0.004855
0.004863
0.004856
0.004861
0.004860
0.004860
0.004858
0.004854
0.004860
0.004857
0.004856
0.004855
0.004860
0.004859
0.004857
0.004940
0.004860
0.004901
0.004859
0.004859
0.004853
0.004859
0.004860
0.004858
0.004859
0.004855
0.004857
0.004859
0.004858
0.004858
0.004857
0.004863
0.004857
0.004857
0.004860
0.004882
0.004925
0.004898
0.004875
0.004902
0.004925
0.004855
0.004935
0.004857
0.004860
0.004855
0.004859
0.004903
0.004893
0.004860
0.004859
0.004861
0.004862
0.004860
0.004863
0.004863
0.004945
0.004858
0.004952
0.004949
0.004862
0.004862
0.004859
0.004861
0.004860
0.004861
0.004858
0.004863
0.004858
0.004857
0.004856
0.004857
0.004861
0.004855
0.004859
0.004902
0.004876
0.004925
0.004900
0.004859
0.004857
0.004859
0.004855
0.004855
0.004858
0.004860
0.004863
0.004857
0.004859
0.004857
0.004968
0.004861
0.004859
0.004854
0.004861
0.004858
0.004858
0.004942
0.004859
0.004903
0.004859
0.004861
0.004856
0.004859
0.004857
0.004859
0.004858
0.004856
0.004860
0.004858
0.004866
0.004855
0.004856
0.004860
0.004860
0.004857
0.004860
0.004870
0.004948
0.004894
0.004862
0.004855
0.004864
0.004856
0.004858
0.004859
0.004859
0.004858
0.004858
0.004859
0.004855
0.004854
0.004859
0.004862
0.004860
0.004860
0.004859
0.004857
0.004861
0.004860
0.005012
0.004868
0.004908
0.004856
0.004860
0.004861
0.004863
0.004855
0.004861
0.005104
0.004880
0.004863
0.004862
0.004862
0.004865
0.004858
0.004860
0.004859
0.004859
0.004947
0.004898
0.004861
0.004855
0.004861
0.004854
0.004862
0.004864
0.004862
0.004860
0.004860
0.004864
0.004860
0.004856
0.004862
0.004855
0.004860
0.004857
0.004862
0.004861
0.004944
0.004855
0.004901
0.004877
0.004956
0.004864
0.004860
0.004862
0.004857
0.004862
0.004861
0.004879
0.004951
0.004862
0.004865
0.004858
0.004858
0.004925
0.004861
0.004856
0.004856
0.004928
0.004909
0.004862
0.004859
0.004860
0.004862
0.004861
0.004855
0.004953
0.004864
0.004862
0.004863
0.004950
0.004860
0.004868
0.004860
0.004946
0.004857
0.004861
0.004860
0.004945
0.004913
0.004980
0.004970
0.004883
0.004944
0.004860
0.004867
0.004910
0.004860
0.004951
0.004862
0.004857
0.004859
0.004857
0.004858
0.004863
0.004860
0.004864
0.004860
0.004856
0.005042
0.004906
0.004900
0.004859
0.004864
0.004859
0.004860
0.004859
0.004862
0.004864
0.004860
0.004882
0.005000
0.004865
0.004864
0.004861
0.004863
0.004861
0.004863
0.004863
0.004949
0.004868
0.004960
0.004863
0.004861
0.004855
0.004861
0.004863
0.004857
0.004860
0.004858
0.004866
0.004854
0.004860
0.004857
0.004858
0.004863
0.004859
0.004854
0.004857
0.004858
0.004936
0.004904
0.004860
0.004854
0.004864
0.004860
0.004863
0.004857
0.004864
0.004976
0.004861
0.004857
0.004860
0.004861
0.004856
0.004859
0.004859
0.004858
0.004864
0.004859
0.004947
0.004867
0.004957
0.004869
0.004858
0.004858
0.004857
0.004860
0.004865
0.004859
0.004863
0.004860
0.004863
0.004860
0.004860
0.004862
0.004866
0.004857
0.004859
0.004855
0.004854
0.004896
0.004920
0.004951
0.004860
0.004860
0.004861
0.004861
0.004860
0.004862
0.004859
0.004858
0.004861
0.004859
0.004856
0.004861
0.004861
0.004860
0.004857
0.004897
0.004936
0.004950
0.004866
0.004956
0.004861
0.004861
0.004861
0.004857
0.004864
0.004854
0.004859
0.004852
0.004858
0.004858
0.004865
0.004861
0.004860
0.004860
0.004859
0.004858
0.004859
0.004855
0.004952
0.004939
0.004875
0.004865
0.004863
0.004863
0.004856
0.004856
0.004857
0.004862
0.004857
0.004855
0.004862
0.004862
0.004913
0.004861
0.004858
0.004857
0.004857
0.004862
0.004946
0.004860
0.004953
0.004901
0.004913
0.004898
0.005558
0.005970
0.005819
0.005390
0.005427
0.005558
0.005436
0.005102
0.005067
0.005137
0.005122
0.005045
0.005082
0.005111
0.005026
0.005231
0.005129
0.005238
0.005207
0.005173
0.004977
0.005024
0.005045
0.004992
0.005010
0.004961
0.004858
0.004959
0.004921
0.004955
0.004866
0.005048
0.004948
0.005073
0.005103
0.005220
0.005022
0.005069
0.004953
0.004978
0.005138
0.005019
0.004925
0.005056
0.004920
0.005058
0.004864
0.005024
0.004859
0.004992
0.005043
0.005052
0.005044
0.005138
0.005029
0.005130
0.004920
0.005017
0.004864
0.005029
0.004863
0.005044
0.004853
0.005018
0.004859
0.005082
0.004862
0.005017
0.004867
0.005013
0.004857
0.005017
0.004864
0.005090
0.004959
0.005084
0.005006
0.004993
0.004950
0.004994
0.005005
0.005009
0.004951
0.005043
0.004865
0.004918
0.004856
0.004945
0.004861
0.004952
0.004861
0.004918
0.004985
0.004968
0.004894
0.005007
0.004875
0.004919
0.004894
0.005054
0.004914
0.005002
0.004878
0.004913
0.004898
0.004859
0.004939
0.004858
0.004953
0.004893
0.004926
0.004866
0.004947
0.004861
0.004965
0.004932
0.004939
0.004864
0.004938
0.004865
0.004956
0.004859
0.004971
0.004943
0.004954
0.004864
0.004949
0.004867
0.004951
0.004862
0.004964
0.004859
0.004955
0.004855
0.005010
0.004863
0.005042
0.004859
0.004955
0.004864
0.004954
0.004860
0.004950
0.004859
0.004952
0.004861
0.004955
0.004856
0.004953
0.005071
0.005045
0.004955
0.004951
0.004866
0.004949
0.004878
0.004974
0.004866
0.004960
0.004864
0.004936
0.004874
0.004916
0.004896
0.004882
0.005015
