0.013032
0.010218
0.009642
0.009492
0.009564
0.009318
0.009277
0.009275
0.009275
0.009276
0.009284
0.009276
0.009269
0.009276
0.009276
0.009277
0.009392
0.009276
0.009276
0.009278
0.009276
0.009282
0.009297
0.009292
0.009276
0.009269
0.009279
0.009275
0.009273
0.009336
0.009275
0.009267
0.009279
0.009281
0.009277
0.009286
0.009307
0.009389
0.009640
0.009478
0.009400
0.009373
0.009277
0.009277
0.009313
0.009277
0.009271
0.009278
0.009272
0.009273
0.009327
0.009275
0.009276
0.009309
0.009277
0.009277
0.009285
0.009272
0.009276
0.009311
0.009307
0.009314
0.009279
0.009276
0.009280
0.009279
0.009276
0.009275
0.009278
0.009306
0.009307
0.009303
0.009276
0.009277
0.009279
0.009277
0.009271
0.009270
0.009284
0.009273
0.009296
0.009306
0.009307
0.009312
0.009312
0.009363
0.009317
0.009287
0.009312
0.009289
0.009275
0.009273
0.009275
0.009280
0.009307
0.009302
0.009308
0.009306
0.009302
0.009307
0.009308
0.009284
0.009282
0.009276
0.009280
0.009277
0.009286
0.009308
0.009282
0.009280
0.009279
0.009277
0.009280
0.009291
0.009303
0.009279
0.009296
0.009306
0.009280
0.009277
0.009274
0.009277
0.009367
0.009333
0.009296
0.009275
0.009282
0.009282
0.009279
0.009277
0.009280
0.009280
0.009316
0.009340
0.009306
0.009289
0.009282
0.009305
0.009369
0.009372
0.009277
0.009278
0.009273
0.009323
0.009289
0.009272
0.009277
0.009274
0.009271
0.009275
0.009268
0.009273
0.009280
0.009280
0.009273
0.009277
0.009279
0.009273
0.009288
0.009270
0.009270
0.009280
0.009272
0.009273
0.009314
0.009278
0.009275
0.009268
0.009277
0.009276
0.009274
0.009298
0.009281
0.009273
0.009282
0.009289
0.009306
0.009307
0.009306
0.009291
0.009288
0.009305
0.009763
0.010692
0.010242
0.010269
0.009794
0.009683
0.009648
0.009762
0.009856
0.010044
0.009659
0.009851
0.009858
0.009901
0.009733
0.009892
0.009864
0.009848
0.009914
0.009914
0.009889
0.009908
0.009942
0.009850
0.009850
0.009871
0.009889
0.009880
0.009938
0.009927
0.009863
0.009832
0.009851
0.009833
0.009842
0.009847
0.009848
0.009838
0.009892
0.009845
0.009846
0.009847
0.009873
0.009880
0.009878
0.009850
0.009926
0.009845
0.009878
0.009849
0.009848
0.009852
0.009842
0.009825
0.009817
0.009844
0.009849
0.009843
0.009846
0.009851
0.009851
0.009840
0.009847
0.009843
0.009876
0.009876
0.009848
0.009846
0.009878
0.009855
0.009810
0.009812
0.009753
0.009378
0.009373
0.009274
0.009281
0.009498
0.009309
0.009291
0.009273
0.009279
0.009280
0.009274
0.009278
0.009267
0.009275
0.009277
0.009275
0.009278
0.009276
0.009275
0.009275
0.009276
0.009309
0.009314
0.009307
0.009307
0.009282
0.009279
0.009302
0.009316
0.009279
0.009271
0.009279
0.009273
0.009275
0.009310
0.009305
0.009314
0.009279
0.009370
0.009279
0.009279
0.009305
0.009308
0.009301
0.009312
0.009276
0.009273
0.009280
0.009270
0.009275
0.009280
0.009272
0.009270
0.009277
0.009274
0.009277
0.009279
0.009336
0.009313
0.009322
0.009308
0.009360
0.009308
0.009308
0.009286
0.009279
0.009277
0.009284
0.009296
0.009279
0.009277
0.009283
0.009309
0.009304
0.009273
0.009278
0.009273
0.009272
0.009276
0.009338
0.009287
0.009280
0.009278
0.009395
0.009316
0.009271
0.009278
0.009307
0.009277
0.009278
0.009280
0.009272
0.009277
0.009276
0.009269
0.009272
0.009279
0.009297
0.009270
0.009278
0.009327
0.009274
0.009279
0.009273
0.009276
0.009272
0.009276
0.009276
0.009264
0.009272
0.009271
0.009747
0.009481
0.009479
0.009485
0.009487
0.009578
0.009472
0.009461
0.009469
0.009462
0.009471
0.009482
0.009469
0.009487
0.009489
0.009476
0.009472
0.009482
0.009478
0.009483
0.009476
0.009516
0.009482
0.009481
0.009479
0.009490
0.009479
0.009480
0.009476
0.009483
0.009473
0.009475
0.009491
0.009476
0.009464
0.009466
0.009478
0.009484
0.009485
0.009472
0.009476
0.009481
0.009474
0.009474
0.009480
0.009481
0.009466
0.009470
0.009474
0.009478
0.009471
0.009472
0.009475
0.009473
0.009476
0.009467
0.009480
0.009615
0.009601
0.009541
0.009489
0.009484
0.009467
0.009472
0.009476
0.009477
0.009506
0.009488
0.009489
0.009474
0.009474
0.009472
0.009477
0.009477
0.009535
0.009452
0.009462
0.009444
0.009452
0.009455
0.009448
0.009460
0.009449
0.009455
0.009485
0.009459
0.009479
0.009480
0.009461
0.009469
0.009482
0.009524
0.009475
0.009479
0.009474
0.009459
0.009463
0.009463
0.009491
0.009488
0.009482
0.009466
0.009583
0.009577
0.009484
0.009465
0.009467
0.009481
0.009590
0.009575
0.009564
0.009468
0.009480
0.009472
0.009480
0.009473
0.009477
0.009477
0.009478
0.009483
0.009477
0.009467
0.009487
0.009477
0.009474
0.009477
0.009466
0.009490
0.009487
0.009729
0.009490
0.009475
0.009467
0.009470
0.009472
0.009480
0.009471
0.009463
0.009466
0.009482
0.009473
0.009566
0.009475
0.009479
0.009486
0.009581
0.009482
0.009485
0.009477
0.009478
0.009483
0.009484
0.009485
0.009483
0.009475
0.009476
0.009480
0.009470
0.009479
0.009486
0.009555
0.009555
0.009480
0.009470
0.009601
0.009512
0.009472
0.009491
0.009461
0.009480
0.009474
0.009477
0.009468
0.009469
0.009463
0.009475
0.009468
0.009533
0.009479
0.009473
0.009450
0.009448
0.009449
0.009454
0.009446
0.009452
0.009453
0.009498
0.009481
0.009477
0.009477
0.009475
0.009483
0.009480
0.009478
0.009480
0.009465
0.009488
0.009472
0.009463
0.009483
0.009482
0.009465
0.009468
0.009482
0.009474
0.009461
0.009477
0.009485
0.009458
0.009471
0.009482
0.009467
0.009487
0.009468
0.009485
0.009483
0.009471
0.009462
0.009479
0.009485
0.009474
0.009475
0.009484
0.009533
0.009475
0.009491
0.009476
0.009482
0.009472
0.009479
0.009464
0.009470
0.009475
0.009532
0.009481
0.009477
0.009471
0.009460
0.009470
0.009479
0.009470
0.009474
0.009482
0.009470
0.009472
0.009478
0.009480
0.009475
0.009569
0.009481
0.009566
0.009483
0.009483
0.009485
0.009476
0.009470
0.009472
0.009559
0.009587
0.009568
0.009459
0.009480
0.009474
0.009486
0.009484
0.009496
0.009484
0.009461
0.009469
0.009607
0.009480
0.009488
0.009475
0.009477
0.009486
0.009501
0.009470
0.009466
0.009478
0.009464
0.009468
0.009479
0.009471
0.009476
0.009482
0.009486
0.009467
0.009464
0.009478
0.009483
0.009486
0.009464
0.009477
0.009481
0.009482
0.009482
0.009472
0.009484
0.009475
0.009476
0.009472
0.009467
0.009474
0.009470
0.009484
0.009478
0.009513
0.009482
0.009469
0.009475
0.009474
0.009481
0.009478
0.009462
0.009464
0.009473
0.009469
0.009475
0.009473
0.009482
0.009479
0.009473
0.009473
0.009493
0.009472
0.009473
0.009479
0.009481
0.009478
0.009490
0.009474
0.009477
0.009475
0.009454
0.009470
0.009468
0.009477
0.009475
0.009473
0.009476
0.009478
0.009631
0.010827
0.010330
0.010417
0.010213
0.010176
0.010433
0.010381
0.010511
0.010300
0.010056
0.010035
0.010037
0.010061
0.010037
0.010058
0.010000
0.010116
0.010061
0.010125
0.010033
0.009966
0.010021
0.009998
0.010043
0.009966
0.010093
0.010059
0.010046
0.010052
0.010049
0.010052
0.010158
0.010051
0.010058
0.010054
0.010059
0.010072
0.010061
0.010056
0.010071
0.010046
0.010059
0.010042
0.010058
0.010057
0.010068
0.010057
0.010104
0.010083
0.010061
0.010068
0.010057
0.010079
0.010126
0.010131
0.010059
0.010064
0.010058
0.010062
0.010052
0.010053
0.010056
0.010059
0.010047
0.010061
0.010041
0.010056
0.010041
0.010052
0.010055
0.010058
0.010056
0.010060
0.009630
0.009518
0.009463
0.009638
0.009472
0.009479
0.009459
0.009475
0.009483
0.009483
0.009539
0.009643
0.009528
0.009469
0.009463
0.009466
0.009476
0.009478
0.009475
0.009560
0.009480
0.009474
0.009480
0.009472
0.009577
0.009682
0.010033
0.009915
0.009462
0.009461
0.009462
0.009467
0.009545
0.009583
0.009487
0.009482
0.009468
0.009486
0.009591
0.009470
0.009467
0.009471
0.009469
0.009486
0.009479
0.009471
0.009574
0.009671
0.009673
0.009470
0.009477
0.009476
0.009467
0.009465
0.009480
0.009473
0.009513
0.009577
0.009568
0.009567
0.009473
0.009467
0.009586
0.009477
0.009455
0.009466
0.009471
0.009479
0.009488
0.009459
0.009481
0.009483
0.009572
0.009527
0.009524
0.009665
0.009528
0.009502
0.009467
0.009469
0.009470
0.009484
0.009578
0.009568
0.009459
0.009467
0.009467
0.009537
0.009473
0.009477
0.009578
0.009489
0.009475
0.009468
0.009461
0.009476
0.009474
0.009485
0.009483
0.009475
0.009462
0.009471
0.009540
0.009517
0.009472
0.009470
0.009469
0.009472
0.009468
0.009466
0.009481
0.009482
0.009474
0.009468
0.009471
0.009476
0.009471
0.009490
0.009580
0.009508
0.009562
0.009466
0.009458
0.009479
0.009570
0.009561
0.009571
0.009475
0.009458
0.009583
0.009550
0.009548
0.009527
0.009460
0.009468
0.009501
0.009472
0.009468
0.009479
0.009465
0.009469
0.009462
0.009486
0.009481
0.009460
0.009462
0.009476
0.009480
0.009476
0.009470
0.009463
0.009460
0.009465
0.009476
0.009474
0.009450
0.009505
0.009475
0.009465
0.009464
0.009464
0.009478
0.009473
0.009477
0.009459
0.009469
0.009478
0.009474
0.009593
0.009484
0.009468
0.009467
0.009474
0.009476
0.009486
0.009476
0.009463
0.009482
0.009473
0.009542
0.009562
0.009477
0.009482
0.009481
0.009582
0.009484
0.009474
0.009457
0.009655
0.009479
0.009476
0.009478
0.009472
0.009482
0.009462
0.009464
0.009469
0.009475
0.009482
0.009487
0.009470
0.009475
0.009464
0.009476
0.009473
0.009475
0.009465
0.009471
0.009469
0.009524
0.009469
0.009479
0.009481
0.009463
0.009494
0.009467
0.009476
0.009468
0.009473
0.009467
0.009493
0.009474
0.009456
0.009515
0.009480
0.009477
0.009468
0.009467
0.009485
0.009468
0.009471
0.009481
0.009473
0.009463
0.009472
0.009480
0.009470
0.009564
0.009467
0.009481
0.009477
0.009470
0.009474
0.009473
0.009484
0.009470
0.009468
0.009471
0.009458
0.009532
0.009519
0.009475
0.009554
0.009485
0.009472
0.009484
0.009478
0.009474
0.009633
0.009501
0.009585
0.009579
0.009472
0.009467
0.009465
0.009472
0.009480
0.009475
0.009482
0.009464
0.009470
0.009481
0.009471
0.009470
0.009538
0.009482
0.009461
0.009476
0.009469
0.009480
0.009468
0.009471
0.009515
0.009559
0.009539
0.009590
0.009557
0.009553
0.009539
0.009468
0.009479
0.009471
0.009488
0.009523
0.009483
0.009470
0.009518
0.009468
0.009484
0.009465
0.009459
0.009467
0.009521
0.009482
0.009453
0.009477
0.009478
0.009466
0.009552
0.009532
0.009530
0.009489
0.009486
0.009470
0.009492
0.009479
0.009473
0.009472
0.009467
0.009478
0.009473
0.009469
0.009473
0.009462
0.009494
0.009455
0.009480
0.009473
0.009465
0.009470
0.009481
0.009465
0.009469
0.009478
0.009476
0.009473
0.009470
0.009474
0.009487
0.009470
0.009475
0.009475
0.009465
0.009459
0.009473
0.009467
0.009571
0.009475
0.009471
0.009477
0.009471
0.009469
0.009528
0.009466
0.009462
0.009472
0.009465
0.009453
0.009444
0.009481
0.009533
0.009533
0.009475
0.009466
0.009467
0.009478
0.009470
0.009473
0.009480
0.009465
0.009469
0.009468
0.009468
0.009471
0.009480
0.009475
0.009476
0.009474
0.009477
0.009470
0.009524
0.009476
0.009472
0.009487
0.009471
0.009484
0.009469
0.009468
0.009465
0.009472
0.009469
0.009476
0.009484
0.009471
0.009482
0.009484
0.009470
0.009458
0.009481
0.009779
0.009854
0.009486
0.009465
0.009480
0.009475
0.009470
0.009469
0.009477
0.009474
0.009461
0.009472
0.009479
0.009467
0.009477
0.009531
0.009485
0.009474
0.009475
0.009470
0.009482
0.009465
0.009486
0.009468
0.009472
0.009481
0.009474
0.009464
0.009462
0.009482
0.009465
0.009484
0.009476
0.009467
0.009484
0.009458
0.009484
0.009488
0.009470
0.009474
0.009471
0.009471
0.009482
0.009482
0.009473
0.009483
0.009469
0.009483
0.009465
0.009676
0.010928
0.010527
0.010463
0.010352
0.010346
0.009995
0.009991
0.010294
0.009827
0.009717
0.009473
0.009480
0.009481
0.009476
0.009482
0.009480
0.009476
0.009474
0.009502
0.009545
0.009485
0.009483
0.009473
0.009470
0.009474
0.009476
0.009478
0.009492
0.009475
0.009501
0.009547
0.009483
0.009530
0.009460
0.009485
0.009485
0.009466
0.009573
0.009481
0.009470
0.009502
0.009577
0.009480
0.009481
0.009483
0.009484
0.009469
0.009488
0.009481
0.009485
0.009561
0.009475
0.009467
0.009473
0.009473
0.009515
0.009477
0.009474
0.009479
0.009491
0.009471
0.009476
0.009479
0.009484
0.009475
0.009474
0.009471
0.009481
0.009457
0.009472
0.009472
0.009483
0.009469
0.009480
0.009482
0.009483
0.009472
0.009488
0.009475
0.009470
0.009624
0.009477
0.009473
0.009464
0.009488
0.009478
0.009475
0.009468
0.009457
0.009475
0.009473
0.009486
0.009476
0.009482
0.009475
0.009467
0.009466
0.009471
0.009465
0.009459
0.009612
0.009479
0.009479
0.009476
0.009460
0.009479
0.009468
0.009464
0.009470
0.009471
0.009480
0.009481
0.009476
0.009478
0.009466
0.009463
0.009470
0.009470
0.009470
0.009455
0.009471
0.009480
0.009473
0.009479
0.009485
0.009470
0.009484
0.009620
0.009483
0.009474
0.009485
0.009582
0.009483
0.009479
0.009468
0.009544
0.009502
0.009475
0.009472
0.009477
0.009477
0.009462
0.009474
0.009634
0.009520
0.009482
0.009482
0.009491
0.009479
0.009470
0.009472
0.009470
0.009464
0.009465
0.009481
0.009474
0.009484
0.009467
0.009474
0.009466
0.009544
0.009566
0.009473
0.009478
0.009480
0.009480
0.009468
0.009475
0.009482
0.009578
0.009581
0.009484
0.009475
0.009480
0.009461
0.009481
0.009474
0.009480
0.009472
0.009477
0.009478
0.009478
0.009468
0.009479
0.009473
0.009461
0.009480
0.009478
0.009471
0.009475
0.009481
0.009469
0.009484
0.009472
0.009474
0.009610
0.009583
0.009471
0.009489
0.009467
0.009469
0.009469
0.009462
0.009468
0.009480
0.009478
0.009467
0.009481
0.009694
0.009475
0.009479
0.009472
0.009479
0.009476
0.009472
0.009473
0.009477
0.009461
0.009473
0.009488
0.009469
0.009567
0.009577
0.009643
0.009472
0.009477
0.009469
0.009519
0.009529
0.009467
0.009574
0.009574
0.009476
0.009567
0.009474
0.009469
0.009476
0.009468
0.009464
0.009475
0.009474
0.009449
0.009466
0.009478
0.009474
0.009493
0.009475
0.009550
0.009543
0.009551
0.009471
0.009460
0.009485
0.009461
0.009475
0.009480
0.009473
0.009466
0.009483
0.009485
0.009477
0.009483
0.009508
0.009481
0.009477
0.009479
0.009472
0.009469
0.009474
0.009473
0.009473
0.009476
0.009474
0.009480
0.009481
0.009463
0.009470
0.009458
0.009470
0.009475
0.009479
0.009472
0.009484
0.009459
0.009468
0.009481
0.009470
0.009475
0.009468
0.009466
0.009490
0.009478
0.009475
0.009473
0.009476
0.009448
0.009478
0.009478
0.009507
0.009560
0.009465
0.009488
0.009487
0.009534
0.009467
0.009476
0.009483
0.009474
0.009474
0.009481
0.009470
0.009481
0.009484
0.009484
0.009466
0.009472
0.009468
0.009475
0.009480
0.009479
0.009473
0.009464
0.009456
0.009494
0.009503
0.009527
0.009477
0.009467
0.009480
0.009474
0.009467
0.009476
0.009477
0.009470
0.009482
0.009478
0.009484
0.009465
0.009480
0.009478
0.009464
0.009472
0.009465
0.009482
0.009480
0.009474
0.009483
0.009478
0.009470
0.009464
0.009472
0.009480
0.009479
0.009468
0.009479
0.009529
0.009484
0.009472
0.009478
0.009477
0.009462
0.009468
0.009459
0.009482
0.009482
0.009466
0.009476
0.009474
0.009458
0.009464
0.009575
0.009466
0.009473
0.009467
0.009493
0.009469
0.009469
0.009478
0.009472
0.009465
0.009469
0.009476
0.009463
0.009465
0.009468
0.009469
0.009457
0.009463
0.009481
0.009473
0.009476
0.009469
0.009502
0.009471
0.009475
0.009470
0.009482
0.009481
0.009469
0.009461
0.009473
0.009485
0.009460
0.009476
0.009476
0.009466
0.009472
0.009472
0.009476
0.009476
0.009472
0.009468
0.009470
0.009467
0.009544
0.009471
0.009478
0.009489
0.009473
0.009451
0.009466
0.009526
0.009470
0.009482
0.009473
0.009473
0.009476
0.009470
0.009477
0.009492
0.009473
0.009469
0.009464
0.009470
0.009473
0.009478
0.009474
0.009463
0.009477
0.009477
0.009490
0.009477
0.009484
0.009467
0.009463
0.009482
0.009474
0.009480
0.009491
0.009480
0.009476
0.009475
0.009485
0.009463
0.009468
0.009480
0.009471
0.009475
0.009478
0.009469
0.009474
0.009483
0.009572
0.009551
0.009501
0.009480
0.009481
0.009472
0.009475
0.009486
0.009468
0.009473
0.009473
0.009479
0.009479
0.009494
0.009480
0.009478
0.009467
0.009472
0.009511
0.009514
0.009472
0.009466
0.009476
0.009481
0.009463
0.009471
0.009471
0.009471
0.009470
0.009473
0.009479
0.009472
0.009473
0.009456
0.009484
0.009471
0.009463
0.009466
0.009469
0.009470
0.009480
0.009476
0.009471
0.009458
0.009475
0.009478
0.009483
0.009487
0.009443
0.009473
0.009478
0.009476
0.009471
0.009509
0.009465
0.009472
0.009472
0.009480
0.009479
0.009471
0.009478
0.009478
0.009463
0.009472
0.010196
0.010767
0.010602
0.010246
0.010161
0.010500
0.010426
0.010292
0.010577
0.010171
0.010362
0.010181
0.010072
0.010030
0.010022
0.010024
0.010035
0.010052
0.010042
0.010063
0.010052
0.010061
0.010040
0.010044
0.010055
0.010064
0.010053
0.010114
0.010068
0.010077
0.010053
0.010085
0.010051
0.010061
0.010053
0.010066
0.010006
0.009995
0.010066
0.010144
0.010157
0.010074
0.010031
0.010065
0.010055
0.010092
0.010088
0.010090
0.010058
0.010047
0.010058
0.010054
0.010058
0.010071
0.010047
0.010057
0.010064
0.010054
0.010068
0.010060
0.009983
0.009475
0.009513
0.009472
0.009413
0.009470
0.009475
0.009531
0.009507
0.009469
0.009483
0.009458
0.009470
0.009477
0.009470
0.009481
0.009459
0.009519
0.009523
0.009474
0.009481
0.009477
0.009731
0.009467
0.009527
0.009502
0.009486
0.009509
0.009475
0.009475
0.009465
0.009460
0.009484
0.009462
0.009469
0.009478
0.009467
0.009474
0.009484
0.009467
0.009576
0.009549
0.009482
0.009466
0.009467
0.009477
0.009474
0.009475
0.009479
0.009473
0.009570
0.009517
0.009476
0.009561
0.009476
0.009565
0.009474
0.009467
0.009477
0.009474
0.009515
0.009568
0.009581
0.009578
0.009578
0.009467
0.009466
0.009474
0.009468
0.009469
0.009517
0.009579
0.009478
0.009470
0.009467
0.009471
0.009479
0.009501
0.009478
0.009478
0.009515
0.009503
0.009467
0.009459
0.009553
0.009480
0.009477
0.009485
0.009469
0.009463
0.009471
0.009511
0.009513
0.009475
0.009521
0.009487
0.009617
0.009550
0.009461
0.009468
0.009480
0.009516
0.009507
0.009485
0.009481
0.009470
0.009467
0.009472
0.009480
0.009480
0.009476
0.009467
0.009516
0.009503
0.009460
0.009478
0.009480
0.009485
0.009469
0.009475
0.009482
0.009482
0.009471
0.009613
0.009479
0.009478
0.009561
0.009474
0.009483
0.009473
0.009477
0.009483
0.009475
0.009528
0.009470
0.009470
0.009480
0.009477
0.009478
0.009484
0.009463
0.009466
0.009469
0.009476
0.009521
0.009514
0.009483
0.009479
0.009472
0.009463
0.009463
0.009470
0.009462
0.009474
0.009504
0.009533
0.009517
0.009471
0.009483
0.009471
0.009480
0.009465
0.009471
0.009483
0.009470
0.009478
0.009526
0.009473
0.009480
0.009469
0.009477
0.009479
0.009482
0.009481
0.009519
0.009561
0.009477
0.009481
0.009477
0.009476
0.009472
0.009477
0.009468
