0.045584
0.039653
0.039582
0.039572
0.039551
0.039541
0.039574
0.039514
0.039697
0.039517
0.039558
0.039481
0.039601
0.039587
0.039689
0.039540
0.039634
0.039535
0.039549
0.039554
0.039598
0.039570
0.039490
0.039554
0.039570
0.039502
0.039685
0.039569
0.039621
0.039468
0.039446
0.039530
0.039542
0.039597
0.039556
0.039562
0.039599
0.039533
0.039550
0.039505
0.039594
0.039565
0.039538
0.039537
0.039553
0.039517
0.039542
0.039502
0.039822
0.039551
0.039500
0.039578
0.039554
0.039479
0.039475
0.039543
0.039574
0.039613
0.039561
0.039564
0.039533
0.039483
0.039452
0.039541
0.039508
0.043758
0.041834
0.040507
0.040199
0.040764
0.042028
0.041157
0.041322
0.040511
0.040285
0.039933
0.040143
0.039483
0.039885
0.039645
0.039507
0.039612
0.039498
0.039691
0.039637
0.039465
0.039710
0.039558
0.039660
0.039604
0.039548
0.039583
0.039606
0.039517
0.039599
0.039530
0.040016
0.039709
0.039635
0.040064
0.039540
0.039704
0.039572
0.039575
0.039561
0.039557
0.039592
0.039529
0.039527
0.039587
0.039482
0.039430
0.039587
0.039519
0.039582
0.039499
0.039588
0.039569
0.039486
0.039626
0.039552
0.039720
0.039649
0.039547
0.040047
0.039583
0.039587
0.039690
0.039563
0.039702
0.039478
0.039481
0.039571
0.039503
0.039608
0.039526
0.039498
0.039628
0.039754
0.039641
0.039524
0.039446
0.039599
0.039527
0.039607
0.039564
0.039610
0.039669
0.039559
0.039985
0.039562
0.039583
0.039718
0.039529
0.039555
0.039531
0.039734
0.039665
0.039503
0.039531
0.039607
0.039970
0.039692
0.039528
0.039479
0.039632
0.039622
0.039650
0.039546
0.039804
0.040138
0.039853
0.039625
0.039555
0.039503
0.039856
0.039515
0.039718
0.039526
0.039571
0.039632
0.039824
0.039657
0.039500
0.039500
0.039584
0.039501
0.039642
0.039609
0.039502
0.039907
0.044517
0.043123
0.042429
0.042732
0.043000
0.043049
0.043037
0.042469
0.042293
0.042675
0.042317
0.042486
0.042539
0.042445
0.042582
0.042389
0.042412
0.042425
0.042359
0.040988
0.039600
0.039556
0.039616
0.039602
0.039554
0.039597
0.039506
0.039544
0.039594
0.039476
0.039660
0.039514
0.039720
0.040024
0.039562
0.039734
0.039519
0.039570
0.039742
0.039502
0.039553
0.039600
0.039540
0.039672
0.039687
0.039607
0.039584
0.039534
0.039588
0.039605
0.039559
0.039725
0.040852
0.039554
0.039511
0.039572
0.039529
0.039534
0.039503
0.039950
0.039706
0.039636
0.039626
0.039569
0.039567
0.039559
0.039617
0.039534
0.039562
0.039578
0.039487
0.039658
0.039533
0.039604
0.039568
0.039508
0.039702
0.039681
0.039648
0.039956
0.039503
0.039567
0.039551
0.039545
0.039905
0.039637
0.039584
0.039622
0.039562
0.039505
0.040035
0.039715
0.039539
0.039580
0.039572
0.039528
0.039489
0.039542
0.039560
0.039536
0.039622
0.039568
0.039496
0.039544
0.039580
0.039702
0.039584
0.039483
0.039559
0.039516
0.039894
0.039573
0.039625
0.039680
0.039516
0.039625
0.039584
0.039471
0.039631
0.039511
0.039547
0.039688
0.039542
0.039613
0.041790
0.043876
0.042640
0.041947
0.042060
0.041993
0.042061
0.042019
0.041842
0.041939
0.042106
0.042089
0.041962
0.041861
0.041919
0.041925
0.041908
0.041938
0.042104
0.042407
0.041915
0.040448
0.039566
0.039571
0.039545
0.039591
0.039578
0.039550
0.039514
0.039537
0.039708
0.039847
0.039548
0.039656
0.039586
0.039917
0.039779
0.039600
0.039839
0.039615
0.039583
0.039591
0.039606
0.039634
0.040102
0.039594
0.039774
0.039645
0.039588
0.039595
0.039560
0.039595
0.039713
0.039626
0.039839
0.039881
0.039563
0.039540
0.039555
0.039636
0.039515
0.040310
0.039545
0.039619
0.042244
0.041112
0.040568
0.040542
0.041098
0.040566
0.040994
0.040756
0.040943
0.040644
0.040418
0.040465
0.040645
0.040356
0.040467
0.040352
0.040382
0.040340
0.040264
0.040380
0.040478
0.051555
0.057227
0.039558
0.039336
0.039201
0.039177
0.039289
0.039361
0.039228
0.039184
0.039389
0.039269
0.039331
0.039193
0.039367
0.039352
0.039186
0.039258
0.039316
0.039152
0.039208
0.039208
0.039179
0.039280
0.039147
0.039212
0.039258
0.039475
0.039344
0.039184
0.039144
0.039511
0.039159
0.039607
0.039256
0.039097
0.039398
0.039604
0.039321
0.042523
0.041993
0.041579
0.040254
0.041083
0.040215
0.039797
0.039626
0.039344
0.039537
0.039581
0.039579
0.039334
0.039391
0.039250
0.039212
0.039159
0.039262
0.039135
0.040647
0.040593
0.040018
0.040146
0.040174
0.040073
0.040178
0.040396
0.040431
0.040022
0.040174
0.040265
0.039980
0.040100
0.040105
0.039830
0.039804
0.039643
0.039652
0.039852
0.040160
0.039665
0.039701
0.039672
0.039567
0.039764
0.039703
0.039682
0.039986
0.039714
0.040116
0.039765
0.039603
0.039775
0.039729
0.039731
0.039645
0.039575
0.039701
0.039609
0.039695
0.039766
0.039700
0.039718
0.039653
0.039787
0.039924
0.039818
0.039639
0.039681
0.039619
0.039666
0.039767
0.039881
0.039800
0.039657
0.039791
0.039750
0.039704
0.039817
0.039719
0.039788
0.039637
0.039784
0.039614
0.039607
0.039785
0.039652
0.039710
0.039695
0.039752
0.040024
0.039746
0.039652
0.039696
0.039574
0.039872
0.039688
0.039875
0.039718
0.039922
0.039753
0.039671
0.039629
0.039828
0.039639
0.039618
0.040420
0.039658
0.039668
0.039670
0.039731
0.039684
0.039784
0.039726
0.039855
0.039689
0.039642
0.039638
0.039579
0.039682
0.039681
0.039694
0.039751
0.039883
0.039705
0.040280
0.044341
0.043512
0.042798
0.041044
0.041894
0.040870
0.040394
0.040269
0.040538
0.040997
0.040570
0.040327
0.040425
0.040625
0.040433
0.039579
0.039745
0.039624
0.039834
0.039625
0.039756
0.039777
0.039949
0.039592
0.039917
0.039658
0.039720
0.039715
0.039686
0.039602
0.039654
0.039623
0.039798
0.039637
0.039520
0.039656
0.039545
0.039574
0.039676
0.039592
0.039629
0.039574
0.039650
0.039557
0.039548
0.039593
0.039699
0.039726
0.039709
0.039786
0.039640
0.039612
0.039642
0.039757
0.039627
0.039640
0.039575
0.039556
0.039574
0.039581
0.039608
0.039654
0.039581
0.039657
0.039660
0.039993
0.039662
0.039943
0.039661
0.039866
0.039603
0.039681
0.039795
0.039598
0.039862
0.039670
0.039649
0.039651
0.039683
0.039632
0.039618
0.039587
0.039610
0.039569
0.039596
0.039603
0.040011
0.039589
0.039571
0.039607
0.039604
0.039592
0.039680
0.039605
0.039542
0.039630
0.039606
0.039791
0.039601
0.039643
0.039703
0.039594
0.039599
0.039626
0.039691
0.039801
0.039704
0.039724
0.039548
0.039550
0.039538
0.039615
0.039588
0.039685
0.039595
0.039620
0.040037
0.039585
0.039579
0.039729
0.039621
0.039631
0.039837
0.039724
0.039638
0.043184
0.042812
0.040320
0.039738
0.039886
0.040222
0.040094
0.040098
0.039810
0.039669
0.039942
0.040013
0.040069
0.039841
0.039660
0.039632
0.039607
0.039636
0.039722
0.039593
0.039771
0.039596
0.039864
0.039830
0.039761
0.039750
0.039737
0.039659
0.039586
0.039641
0.039696
0.039719
0.039664
0.039694
0.039624
0.039582
0.039608
0.039579
0.039634
0.039575
0.039687
0.039998
0.039681
0.039638
0.039789
0.039727
0.039682
0.039748
0.039763
0.039595
0.039540
0.039254
0.038999
0.038764
0.038781
0.038932
0.038966
0.038836
0.038896
0.038905
0.038822
0.038727
0.039294
0.038748
0.038877
0.038963
0.039094
0.038911
0.038888
0.038831
0.038938
0.039002
0.039010
0.038998
0.038861
0.038785
0.038903
0.038860
0.038903
0.038778
0.038951
0.039231
0.038730
0.038956
0.038809
0.038859
0.038695
0.038953
0.038841
0.039008
0.038872
0.038804
0.038765
0.039395
0.038825
0.039302
0.038850
0.038853
0.039041
0.038985
0.038768
0.038759
0.038904
0.039105
0.038848
0.038781
0.038917
0.038820
0.038966
0.038949
0.038807
0.038800
0.038938
0.038799
0.038978
0.038791
0.038830
0.038840
0.038896
0.038932
0.038819
0.038736
0.038778
0.038833
0.038835
0.039124
0.038832
0.040932
0.042340
0.041923
0.041048
0.041212
0.041222
0.041031
0.040998
0.040965
0.041085
0.041223
0.041166
0.041182
0.041176
0.040874
0.041011
0.041389
0.041177
0.041004
0.041414
0.040925
0.041164
0.041113
0.040942
0.040855
0.040695
0.038984
0.039011
0.038829
0.038902
0.038740
0.038806
0.038754
0.038926
0.039219
0.038893
0.038727
0.039111
0.038868
0.038808
0.038835
0.038825
0.038792
0.038759
0.038804
0.038745
0.038779
0.038939
0.038912
0.038779
0.038881
0.038830
0.038732
0.038907
0.038788
0.038998
0.038854
0.038815
0.038816
0.038914
0.038872
0.038903
0.038907
0.038789
0.038934
0.038798
0.038956
0.038779
0.039187
0.039232
0.039290
0.038797
0.039061
0.038904
0.039165
0.038861
0.038889
0.038816
0.039174
0.038742
0.038815
0.038756
0.038771
0.038789
0.038875
0.038794
0.038896
0.038781
0.038847
0.038773
0.038832
0.038829
0.038719
0.038748
0.038777
0.038887
0.038741
0.039053
0.038889
0.038957
0.038725
0.038777
0.038912
0.038915
0.038793
0.038799
0.038774
0.038792
0.038829
0.038810
0.038859
0.038793
0.038849
0.038864
0.038773
0.038853
0.038913
0.038745
0.038733
0.038736
0.039296
0.039202
0.038911
0.038769
0.038848
0.039027
0.038730
0.041103
0.043075
0.042485
0.041545
0.041286
0.041493
0.041012
0.041007
0.040919
0.041214
0.041108
0.041230
0.041511
0.041355
0.041080
0.041039
0.041107
0.041021
0.041072
0.040187
0.038751
0.038940
0.038906
0.038710
0.038893
0.039012
0.038968
0.038827
0.038820
0.038818
0.039038
0.038834
0.039055
0.039090
0.039025
0.038807
0.038897
0.038923
0.039114
0.038866
0.038795
0.038798
0.038892
0.039224
0.039231
0.038894
0.038759
0.038848
0.038959
0.038732
0.038788
0.039126
0.038867
0.039221
0.038882
0.039160
0.039163
0.039323
0.039361
0.039170
0.039291
0.039635
0.039211
0.039313
0.039256
0.039413
0.039182
0.039201
0.039178
0.039239
0.039351
0.039186
0.039251
0.039637
0.039328
0.039236
0.039346
0.039164
0.039415
0.039089
0.039258
0.039261
0.039235
0.039239
0.039147
0.039173
0.039275
0.039263
0.039498
0.039258
0.039241
0.039275
0.039225
0.039297
0.039116
0.040016
0.039407
0.039194
0.039354
0.039234
0.039280
0.039433
0.039154
0.039147
0.039512
0.039297
0.039278
0.039366
0.039235
0.039144
0.039184
0.039169
0.039159
0.039532
0.039615
0.039387
0.039241
0.039174
0.039152
0.039288
0.039202
0.039323
0.039163
0.039177
0.039439
0.039207
0.039350
0.043175
0.042625
0.042131
0.039686
0.040414
0.039823
0.039223
0.039120
0.038891
0.039233
0.039377
0.039555
0.039410
0.039466
0.039583
0.039210
0.039420
0.039728
0.039430
0.040855
0.040072
0.040039
0.040289
0.040264
0.040019
0.039997
0.039924
0.040131
0.040378
0.040221
0.040087
0.039989
0.040004
0.040042
0.039719
0.039609
0.039815
0.039601
0.039647
0.039840
0.039589
0.039720
0.039871
0.039627
0.040414
0.039843
0.039539
0.039666
0.040027
0.039690
0.039846
0.039751
0.039649
0.039677
0.039995
0.039643
0.039648
0.039745
0.039648
0.039696
0.039736
0.039737
0.039638
0.039771
0.039627
0.039819
0.039654
0.039730
0.039615
0.039994
0.039561
0.039645
0.039746
0.039877
0.039877
0.039610
0.039728
0.039670
0.039769
0.039904
0.039789
0.039612
0.039641
0.039603
0.039735
0.039706
0.039694
0.039656
0.039936
0.039714
0.039578
0.039793
0.039585
0.039619
0.039542
0.039645
0.039585
0.040085
0.039845
0.039825
0.039709
0.039654
0.039685
0.039645
0.039729
0.039858
0.039558
0.039577
0.039567
0.039644
0.039796
0.039638
0.039715
0.039641
0.039743
0.039709
0.039627
0.039643
0.039574
0.040017
0.040027
0.039581
0.039827
0.039822
0.039589
0.041058
0.044169
0.043676
0.041266
0.041171
0.041503
0.040085
0.039975
0.039788
0.040257
0.039766
0.039747
0.039764
0.039611
0.039731
0.039720
0.039594
0.039691
0.039648
0.039570
0.039845
0.039628
0.039751
0.039778
0.039624
0.039861
0.039669
0.039776
0.039791
0.039604
0.039818
0.039687
0.039732
0.039646
0.040271
0.040089
0.039973
0.040225
0.040002
0.040147
0.040218
0.040059
0.040047
0.040158
0.040160
0.040641
0.040123
0.040079
0.040105
0.040001
0.040061
0.040075
0.040208
0.040111
0.040034
0.039883
0.039780
0.039827
0.039782
0.039621
0.039609
0.039667
0.039599
0.040040
0.039829
0.039645
0.039648
0.039599
0.039719
0.039623
0.039627
0.039721
0.039637
0.039740
0.039818
0.039668
0.039721
0.039822
0.039590
0.039692
0.040011
0.039770
0.039664
0.039937
0.039655
0.039579
0.039743
0.039776
0.039756
0.039953
0.039673
0.039682
0.039716
0.039611
0.039924
0.039770
0.039972
0.039661
0.039771
0.039743
0.039755
0.039547
0.039722
0.039670
0.039635
0.039680
0.039887
0.039629
0.039792
0.039650
0.039580
0.039637
0.039788
0.039632
0.039790
0.039644
0.039698
0.039691
0.039761
0.039646
0.039914
0.039677
0.039793
0.039906
0.039661
0.039721
0.045010
0.043403
0.042332
0.041968
0.042014
0.042261
0.042139
0.041914
0.041987
0.041775
0.041890
0.042034
0.041343
0.039729
0.039770
0.039555
0.039671
0.039610
0.040090
0.039692
0.039728
0.039791
0.039837
0.039689
0.039671
0.039618
0.039668
0.039803
0.039664
0.039807
0.040006
0.039680
0.039907
0.040179
0.040001
0.039989
0.040219
0.040370
0.040110
0.040003
0.040001
0.040080
0.040023
0.040165
0.039998
0.040079
0.040210
0.039816
0.039203
0.039332
0.039174
0.039263
0.039258
0.039367
0.039007
0.039020
0.038840
0.038934
0.038790
0.038764
0.038838
0.039003
0.038734
0.038941
0.038794
0.038817
0.038854
0.038825
0.039543
0.038796
0.038829
0.039257
0.038896
0.038963
0.038962
0.038780
0.038870
0.039006
0.039058
0.038951
0.038931
0.039179
0.038832
0.038817
0.038824
0.038799
0.039115
0.038902
0.038857
0.038922
0.038750
0.038800
0.038761
0.038911
0.038949
0.038809
0.038817
0.039031
0.038883
0.038920
0.038821
0.038879
0.038971
0.038933
0.038808
0.038926
0.038857
0.038839
0.038883
0.038866
0.038843
0.038854
0.039079
0.038849
0.038852
0.038867
0.038821
0.038773
0.038915
0.038788
0.039330
0.038733
0.038799
0.039331
0.039103
0.039006
0.041930
0.043023
0.041725
0.039643
0.039704
0.039291
0.039246
0.038823
0.038877
0.038838
0.038823
0.039308
0.039108
0.038811
0.039317
0.038839
0.038775
0.038955
0.038989
0.039335
0.039595
0.039619
0.039712
0.040007
0.039658
0.039654
0.039820
0.039685
0.039612
0.039777
0.039767
0.039774
0.039602
0.039732
0.040151
0.039723
0.039761
0.039624
0.039643
0.039649
0.039603
0.039543
0.039677
0.039557
0.039833
0.039616
0.039628
0.039927
0.039886
0.039790
0.039571
0.039716
0.039571
0.039792
0.039727
0.039772
0.039690
0.039938
0.039685
0.039634
0.039656
0.039565
0.039715
0.039658
0.039781
0.039704
0.040128
0.039579
0.039561
0.039581
0.039570
0.039609
0.039680
0.039869
0.039523
0.039750
0.039740
0.039740
0.039706
0.039699
0.039721
0.039773
0.039670
0.039644
0.039514
0.039722
0.039602
0.039558
0.039636
0.039842
0.039649
0.039658
0.039633
0.039550
0.039532
0.039940
0.039541
0.039657
0.040040
0.039736
0.039699
0.039657
0.039624
0.039792
0.039780
0.039617
0.039631
0.039640
0.039856
0.039617
0.039746
0.039589
0.039593
0.039611
0.039590
0.040035
0.039649
0.039591
0.039568
0.039590
0.039583
0.039594
0.039680
0.039704
0.039690
0.039714
0.042432
0.043333
0.042658
0.042304
0.042259
0.042757
0.041777
0.042083
0.041701
0.041947
0.041760
0.041971
0.041395
0.039703
0.039801
0.039679
0.039690
0.039618
0.040037
0.039649
0.039786
0.039946
0.040045
0.039757
0.039598
0.039703
0.039833
0.039786
0.039585
0.039567
0.039591
0.039629
0.040106
0.039927
0.039704
0.039673
0.039741
0.039681
0.039665
0.039752
0.039628
0.039613
0.039714
0.039589
0.039589
0.039691
0.039669
0.039733
0.039615
0.039088
0.038905
0.039148
0.038806
0.038920
0.039017
0.038723
0.038859
0.038974
0.038847
0.038796
0.038736
0.038922
0.038793
0.038882
0.038987
0.038831
0.038766
0.038825
0.038795
0.039330
0.038930
0.038826
0.038846
0.039133
0.039098
0.038793
0.038802
0.038725
0.038997
0.038779
0.038912
0.038780
0.038825
0.039130
0.038816
0.038793
0.038823
0.038924
0.038732
0.038845
0.039360
0.038826
0.038921
0.038887
0.038759
0.039118
0.038920
0.038852
0.038917
0.038853
0.038831
0.038891
0.038874
0.038865
0.038897
0.039358
0.039080
0.038795
0.038846
0.038855
0.038904
0.038795
0.038821
0.038988
0.038993
0.038906
0.038919
0.038835
0.038841
0.038870
0.039413
0.038913
0.038833
0.038832
0.038868
0.039174
0.039047
0.043746
0.043280
0.042391
0.042067
0.042141
0.041724
0.041300
0.041310
0.041457
0.041266
0.041178
0.041268
0.041215
0.041170
0.041190
0.041205
0.041187
0.041187
0.042336
0.041207
0.039598
0.039675
0.039657
0.039951
0.039727
0.039652
0.039601
0.039621
0.039711
0.039588
0.039767
0.039641
0.039611
0.039623
0.039617
0.039646
0.039809
0.039646
0.039774
0.039609
0.039614
0.039706
0.039729
0.039903
0.039648
0.039585
0.039630
0.039712
0.039962
0.039686
0.039547
0.039624
0.039700
0.039650
0.039870
0.039666
0.039574
0.039558
0.039867
0.039593
0.039846
0.039767
0.039625
0.040091
0.039663
0.039682
0.039639
0.039681
0.039671
0.039570
0.039528
0.039903
0.039701
0.039696
0.039499
0.039806
0.039574
0.039593
0.039645
0.040040
0.039762
0.039612
0.039566
0.039579
0.039701
0.039688
0.039674
0.039675
0.039783
0.039608
0.039573
0.039675
0.039587
0.039984
0.039781
0.039669
0.039675
0.039667
0.039631
0.039989
0.039532
0.039572
0.039681
0.039540
0.039538
0.039693
0.039540
0.039526
0.039565
0.039818
0.039671
0.039746
0.039575
0.039642
0.039693
0.039610
0.039586
0.039532
0.039683
0.039588
0.039634
0.039661
0.038992
0.038741
0.038798
0.043676
0.042761
0.042166
0.041596
0.041745
0.041746
0.041825
0.041676
0.041692
0.041523
0.041409
0.041614
0.041558
0.041634
0.041655
0.041581
0.041672
0.041551
0.041877
0.041633
0.040711
0.038971
0.038968
0.038845
0.039168
0.038831
0.038961
0.038860
0.038769
0.038797
0.038736
0.038893
0.038830
0.039354
0.039544
0.039201
0.039288
0.039235
0.039628
0.039343
0.039219
0.039210
0.039201
0.039148
0.039923
0.039244
0.039549
0.039402
0.039127
0.039337
0.039307
0.039307
0.039438
0.039212
0.039448
0.039340
0.039217
0.039241
0.039267
0.039345
0.039106
0.039185
0.039245
0.039439
0.039220
0.039228
0.039184
0.039208
0.039125
0.039712
0.039203
0.039114
0.038864
0.038954
0.039099
0.039174
0.038907
0.038876
0.039127
0.038842
0.038762
0.038800
0.038883
0.038909
0.039030
0.039014
0.038747
0.038911
0.038734
0.038919
0.038962
0.038820
0.038813
0.038785
0.038830
0.038789
0.038836
0.038900
0.039227
0.038855
0.038783
0.038950
0.038847
0.038959
0.038723
0.038825
0.038710
0.038747
0.038769
0.038796
0.038944
0.038866
0.039008
0.038843
0.038871
0.039101
0.038770
0.038806
0.038831
0.038785
0.039300
0.038798
0.038789
0.038898
0.038986
0.038838
0.040819
0.043562
0.042790
0.041830
0.041528
0.041167
0.041140
0.041044
0.041018
0.041060
0.041368
0.041144
0.041145
0.041036
0.040260
0.038877
0.038792
0.038849
0.038770
0.039537
0.039644
0.039565
0.039721
0.039768
0.039702
0.039734
0.039905
0.039984
0.039645
0.039649
0.040221
0.039682
0.039616
0.039842
0.040193
0.040061
0.039996
0.040075
0.039999
0.040216
0.039945
0.039945
0.040072
0.040059
0.040355
0.040068
0.040010
0.040205
