0.000247
0.000167
0.000167
0.000166
0.000166
0.000176
0.000166
0.000195
0.000230
0.000231
0.000231
0.000231
0.000231
0.000231
0.000231
0.000232
0.000231
0.000231
0.000231
0.000231
0.000231
0.000231
0.000231
0.000235
0.000234
0.000222
0.000222
0.000222
0.000222
0.000222
0.000222
0.000222
0.000221
0.000221
0.000222
0.000221
0.000222
0.000221
0.000221
0.000222
0.000222
0.000232
0.000213
0.000212
0.000213
0.000212
0.000212
0.000212
0.000212
0.000213
0.000213
0.000213
0.000213
0.000213
0.000213
0.000213
0.000212
0.000213
0.000213
0.000217
0.000212
0.000223
0.000205
0.000205
0.000205
0.000204
0.000205
0.000204
0.000205
0.000204
0.000205
0.000205
0.000205
0.000205
0.000204
0.000204
0.000205
0.000204
0.000206
0.000208
0.000205
0.000210
0.000197
0.000197
0.000197
0.000197
0.000197
0.000197
0.000197
0.000197
0.000197
0.000197
0.000198
0.000197
0.000197
0.000197
0.000197
0.000197
0.000197
0.000201
0.000198
0.000201
0.000190
0.000190
0.000190
0.000190
0.000190
0.000190
0.000190
0.000190
0.000190
0.000190
0.000190
0.000190
0.000190
0.000189
0.000189
0.000189
0.000190
0.000190
0.000193
0.000197
0.000183
0.000183
0.000183
0.000183
0.000183
0.000183
0.000183
0.000184
0.000183
0.000183
0.000184
0.000183
0.000183
0.000184
0.000184
0.000184
0.000183
0.000183
0.000184
0.000187
0.000189
0.000177
0.000177
0.000177
0.000177
0.000177
0.000177
0.000177
0.000178
0.000177
0.000176
0.000177
0.000177
0.000178
0.000177
0.000177
0.000177
0.000176
0.000177
0.000177
0.000176
0.000177
0.000181
0.000177
0.000177
0.000183
0.000172
0.000171
0.000171
0.000171
0.000171
0.000172
0.000171
0.000172
0.000172
0.000171
0.000171
0.000172
0.000171
0.000171
0.000172
0.000172
0.000171
0.000171
0.000172
0.000175
0.000172
0.000181
0.000165
0.000166
0.000167
0.000166
0.000166
0.000167
0.000166
0.000166
0.000167
0.000166
0.000166
0.000166
0.000167
0.000166
0.000166
0.000166
0.000166
0.000166
0.000165
0.000166
0.000166
0.000169
0.000166
0.000166
0.000167
0.000167
0.000166
0.000166
0.000166
0.000166
0.000166
0.000166
0.000166
0.000166
0.000176
0.000161
0.000161
0.000161
0.000161
0.000161
0.000161
0.000161
0.000162
0.000161
0.000161
0.000181
0.000167
0.000166
0.000166
0.000166
0.000166
0.000166
0.000172
0.000156
0.000157
0.000157
0.000157
0.000156
0.000157
0.000157
0.000156
0.000156
0.000156
0.000157
0.000156
0.000156
0.000157
0.000156
0.000156
0.000157
0.000180
0.000166
0.000166
0.000166
0.000167
0.000165
0.000166
0.000166
0.000166
0.000165
0.000166
0.000166
0.000167
0.000175
0.000156
0.000156
0.000157
0.000157
0.000156
0.000156
0.000156
0.000156
0.000156
0.000180
0.000169
0.000166
0.000166
0.000165
0.000165
0.000165
0.000170
0.000155
0.000155
0.000156
0.000156
0.000155
0.000155
0.000155
0.000156
0.000156
0.000156
0.000156
0.000155
0.000155
0.000155
0.000155
0.000156
0.000155
0.000155
0.000155
0.000158
0.000156
0.000156
0.000156
0.000156
0.000156
0.000156
0.000156
0.000155
0.000155
0.000155
0.000155
0.000156
0.000155
0.000155
0.000155
0.000156
0.000156
0.000155
0.000156
0.000156
0.000155
0.000155
0.000155
0.000156
0.000158
0.000155
0.000155
0.000155
0.000155
0.000156
0.000156
0.000156
0.000156
0.000156
0.000155
0.000155
0.000155
0.000156
0.000156
0.000155
0.000155
0.000156
0.000156
0.000155
0.000155
0.000155
0.000155
0.000156
0.000155
0.000155
0.000157
0.000156
0.000156
0.000156
0.000155
0.000155
0.000156
0.000156
0.000156
0.000156
0.000156
0.000155
0.000155
0.000156
0.000155
0.000155
0.000156
0.000156
0.000156
0.000156
0.000156
0.000156
0.000155
0.000155
0.000156
0.000155
0.000157
0.000155
0.000155
0.000155
0.000156
0.000156
0.000176
0.000171
0.000156
0.000155
0.000155
0.000156
0.000156
0.000156
0.000155
0.000155
0.000156
0.000156
0.000156
0.000156
0.000155
0.000155
0.000155
0.000155
0.000155
0.000158
0.000156
0.000155
0.000155
0.000156
0.000156
0.000156
0.000156
0.000155
0.000156
0.000156
0.000155
0.000155
0.000156
0.000156
0.000156
0.000156
0.000155
0.000155
0.000155
0.000156
0.000155
0.000155
0.000156
0.000156
0.000156
0.000157
0.000155
0.000155
0.000155
0.000155
0.000155
0.000155
0.000155
0.000155
0.000155
0.000156
0.000156
0.000156
0.000155
0.000155
0.000155
0.000156
0.000156
0.000156
0.000155
0.000156
0.000155
0.000155
0.000156
0.000155
0.000159
0.000156
0.000156
0.000156
0.000155
0.000155
0.000156
0.000156
0.000155
0.000155
0.000156
0.000156
0.000155
0.000155
0.000156
0.000156
0.000156
0.000156
0.000155
0.000155
0.000156
0.000155
0.000155
0.000155
0.000155
0.000155
0.000157
0.000155
0.000156
0.000155
0.000155
0.000156
0.000156
0.000156
0.000156
0.000156
0.000156
0.000156
0.000156
0.000156
0.000156
0.000156
0.000155
0.000156
0.000156
0.000156
0.000156
0.000156
0.000156
0.000155
0.000156
0.000159
0.000156
0.000156
0.000156
0.000156
0.000155
0.000155
0.000155
0.000155
0.000156
0.000156
0.000156
0.000156
0.000156
0.000156
0.000156
0.000156
0.000156
0.000156
0.000156
0.000156
0.000156
0.000156
0.000156
0.000156
0.000156
0.000158
0.000156
0.000156
0.000155
0.000155
0.000155
0.000156
0.000156
0.000156
0.000156
0.000156
0.000156
0.000156
0.000156
0.000156
0.000156
0.000155
0.000155
0.000156
0.000156
0.000156
0.000155
0.000155
0.000155
0.000155
0.000156
0.000158
0.000156
0.000155
0.000155
0.000156
0.000156
0.000156
0.000155
0.000156
0.000156
0.000156
0.000155
0.000155
0.000156
0.000156
0.000156
0.000156
0.000155
0.000155
0.000155
0.000155
0.000156
0.000156
0.000156
0.000156
0.000158
0.000156
0.000156
0.000156
0.000155
0.000155
0.000155
0.000156
0.000156
0.000156
0.000155
0.000155
0.000156
0.000155
0.000156
0.000155
0.000155
0.000156
0.000156
0.000156
0.000155
0.000156
0.000156
0.000156
0.000156
0.000156
0.000158
0.000155
0.000155
0.000156
0.000156
0.000155
0.000155
0.000155
0.000155
0.000156
0.000156
0.000156
0.000156
0.000156
0.000155
0.000156
0.000156
0.000156
0.000155
0.000155
0.000156
0.000156
0.000156
0.000156
0.000156
0.000155
0.000156
0.000155
0.000155
0.000155
0.000156
0.000156
0.000155
0.000155
0.000156
0.000156
0.000156
0.000156
0.000156
0.000156
0.000155
0.000155
0.000155
0.000155
0.000155
0.000155
0.000155
0.000156
0.000155
0.000155
0.000155
0.000159
0.000156
0.000156
0.000156
0.000156
0.000156
0.000156
0.000156
0.000156
0.000156
0.000155
0.000155
0.000155
0.000155
0.000155
0.000156
0.000156
0.000156
0.000156
0.000155
0.000155
0.000155
0.000156
0.000156
0.000156
0.000156
0.000158
0.000156
0.000155
0.000155
0.000156
0.000155
0.000155
0.000155
0.000155
0.000155
0.000156
0.000156
0.000156
0.000155
0.000155
0.000156
0.000156
0.000155
0.000155
0.000156
0.000156
0.000155
0.000155
0.000155
0.000155
0.000156
0.000179
0.000165
0.000175
0.000155
0.000156
0.000156
0.000156
0.000155
0.000155
0.000156
0.000156
0.000156
0.000155
0.000155
0.000156
0.000156
0.000155
0.000155
0.000155
0.000156
0.000156
0.000155
0.000155
0.000156
0.000156
0.000158
0.000155
0.000155
0.000155
0.000155
0.000156
0.000156
0.000155
0.000155
0.000155
0.000156
0.000156
0.000156
0.000155
0.000156
0.000156
0.000156
0.000156
0.000155
0.000155
0.000156
0.000155
0.000155
0.000155
0.000155
0.000155
0.000157
0.000155
0.000155
0.000155
0.000156
0.000155
0.000155
0.000156
0.000156
0.000156
0.000156
0.000156
0.000156
0.000155
0.000155
0.000156
0.000156
0.000155
0.000156
0.000155
0.000155
0.000155
0.000156
0.000156
0.000156
0.000158
0.000155
0.000156
0.000156
0.000156
0.000155
0.000155
0.000155
0.000155
0.000155
0.000155
0.000156
0.000156
0.000156
0.000156
0.000156
0.000155
0.000156
0.000155
0.000156
0.000155
0.000155
0.000155
0.000155
0.000155
0.000155
0.000156
0.000155
0.000156
0.000156
0.000155
0.000155
0.000155
0.000155
0.000155
0.000156
0.000155
0.000155
0.000155
0.000156
0.000156
0.000155
0.000156
0.000156
0.000156
0.000155
0.000155
0.000155
0.000156
0.000155
0.000155
0.000155
0.000159
0.000156
0.000155
0.000155
0.000156
0.000155
0.000155
0.000156
0.000156
0.000156
0.000156
0.000155
0.000155
0.000156
0.000156
0.000156
0.000156
0.000155
0.000155
0.000155
0.000155
0.000155
0.000156
0.000155
0.000155
0.000157
0.000155
0.000156
0.000156
0.000155
0.000155
0.000156
0.000156
0.000155
0.000155
0.000155
0.000155
0.000156
0.000156
0.000156
0.000155
0.000155
0.000156
0.000156
0.000156
0.000155
0.000155
0.000155
0.000156
0.000156
0.000155
0.000156
0.000155
0.000156
0.000156
0.000156
0.000156
0.000155
0.000155
0.000155
0.000155
0.000156
0.000156
0.000156
0.000156
0.000156
0.000155
0.000155
0.000155
0.000156
0.000156
0.000155
0.000155
0.000155
0.000156
0.000156
0.000158
0.000155
0.000155
0.000155
0.000156
0.000156
0.000156
0.000156
0.000155
0.000155
0.000156
0.000156
0.000156
0.000155
0.000155
0.000155
0.000156
0.000156
0.000156
0.000156
0.000156
0.000156
0.000156
0.000156
0.000156
0.000156
0.000158
0.000155
0.000156
0.000156
0.000155
0.000155
0.000155
0.000156
0.000155
0.000155
0.000155
0.000155
0.000155
0.000155
0.000156
0.000156
0.000155
0.000155
0.000155
0.000155
0.000156
0.000156
0.000156
0.000156
0.000155
0.000155
0.000158
0.000155
0.000156
0.000156
0.000156
0.000155
0.000155
0.000156
0.000156
0.000155
0.000155
0.000155
0.000156
0.000156
0.000156
0.000156
0.000155
0.000155
0.000156
0.000156
0.000156
0.000156
0.000156
0.000156
0.000156
0.000158
0.000156
0.000155
0.000156
0.000156
0.000155
0.000155
0.000155
0.000156
0.000156
0.000156
0.000156
0.000156
0.000156
0.000156
0.000155
0.000155
0.000155
0.000156
0.000156
0.000156
0.000156
0.000156
0.000156
0.000155
0.000155
0.000157
0.000155
0.000156
0.000156
0.000156
0.000156
0.000156
0.000155
0.000156
0.000156
0.000155
0.000155
0.000156
0.000156
0.000155
0.000155
0.000155
0.000155
0.000156
0.000155
0.000155
0.000155
0.000156
0.000156
0.000156
0.000156
0.000158
0.000156
0.000156
0.000156
0.000156
0.000156
0.000156
0.000156
0.000156
0.000155
0.000155
0.000155
0.000156
0.000156
0.000156
0.000156
0.000156
0.000156
0.000156
0.000155
0.000156
0.000156
0.000156
0.000155
0.000155
0.000157
0.000156
0.000156
0.000155
0.000155
0.000155
0.000156
0.000156
0.000156
0.000156
0.000155
0.000155
0.000156
0.000155
0.000156
0.000155
0.000155
0.000156
0.000156
0.000155
0.000156
0.000156
0.000156
0.000156
0.000155
0.000155
0.000158
0.000155
0.000156
0.000155
0.000155
0.000156
0.000156
0.000156
0.000156
0.000156
0.000155
0.000155
0.000155
0.000156
0.000156
0.000156
0.000155
0.000156
0.000155
0.000155
0.000156
0.000155
0.000156
0.000156
0.000155
0.000155
0.000158
0.000156
0.000156
0.000156
0.000155
0.000155
0.000156
0.000156
0.000155
0.000156
0.000156
0.000155
0.000155
0.000155
0.000155
0.000156
0.000156
0.000156
0.000156
0.000156
0.000155
0.000155
0.000156
0.000156
0.000155
0.000158
0.000156
0.000156
0.000156
0.000156
0.000155
0.000155
0.000155
0.000156
0.000156
0.000155
0.000155
0.000156
0.000156
0.000156
0.000156
0.000156
0.000156
0.000156
0.000156
0.000156
0.000156
0.000155
0.000155
0.000155
0.000156
0.000159
0.000155
0.000156
0.000156
0.000156
0.000156
0.000155
0.000155
0.000156
0.000155
0.000156
0.000155
0.000155
0.000155
0.000156
0.000156
0.000156
0.000156
0.000156
0.000156
0.000155
0.000155
0.000155
0.000155
0.000155
0.000155
0.000157
0.000156
0.000155
0.000155
0.000156
0.000156
0.000155
0.000155
0.000155
0.000156
0.000155
0.000155
0.000155
0.000156
0.000155
0.000155
0.000155
0.000155
0.000156
0.000155
0.000156
0.000156
0.000156
0.000156
0.000156
0.000158
0.000156
0.000155
0.000155
0.000155
0.000155
0.000156
0.000156
0.000156
0.000156
0.000156
0.000156
0.000155
0.000155
0.000155
0.000156
0.000156
0.000156
0.000156
0.000156
0.000156
0.000156
0.000156
0.000155
0.000155
0.000155
0.000157
0.000155
0.000156
0.000156
0.000156
0.000156
0.000155
0.000155
0.000156
0.000156
0.000156
0.000156
0.000155
0.000155
0.000155
0.000156
0.000156
0.000156
0.000156
0.000155
0.000155
0.000156
0.000156
0.000156
0.000156
0.000156
0.000157
0.000155
0.000155
0.000155
0.000155
0.000156
0.000155
0.000155
0.000156
0.000156
0.000155
0.000155
0.000156
0.000156
0.000155
0.000155
0.000155
0.000155
0.000155
0.000156
0.000156
0.000156
0.000156
0.000156
0.000156
0.000158
0.000155
0.000155
0.000155
0.000156
0.000156
0.000156
0.000156
0.000156
0.000156
0.000155
0.000155
0.000156
0.000155
0.000155
0.000155
0.000155
0.000156
0.000156
0.000156
0.000156
0.000155
0.000155
0.000156
0.000156
0.000156
0.000158
0.000156
0.000156
0.000156
0.000156
0.000156
0.000155
0.000155
0.000155
0.000155
0.000155
0.000156
0.000155
0.000156
0.000156
0.000156
0.000156
0.000156
0.000156
0.000155
0.000155
0.000155
0.000155
0.000155
0.000156
0.000158
0.000156
0.000156
0.000156
0.000156
0.000155
0.000156
0.000156
0.000156
0.000156
0.000156
0.000155
0.000156
0.000155
0.000155
0.000155
0.000156
0.000156
0.000156
0.000156
0.000156
0.000156
0.000156
0.000156
0.000155
0.000155
0.000158
0.000156
0.000156
0.000156
0.000156
0.000155
0.000156
0.000156
0.000156
0.000155
0.000156
0.000156
0.000156
0.000156
0.000156
0.000156
0.000156
0.000156
0.000156
0.000156
0.000155
0.000155
0.000155
0.000156
0.000156
0.000156
0.000158
0.000157
0.000156
0.000156
0.000157
0.000156
0.000156
0.000156
0.000156
0.000156
0.000156
0.000156
0.000156
0.000156
0.000156
0.000156
0.000156
0.000156
0.000156
0.000156
0.000157
0.000156
0.000156
0.000156
0.000157
0.000158
0.000156
0.000155
0.000155
0.000156
0.000156
0.000156
0.000155
0.000155
0.000155
0.000156
0.000156
0.000156
0.000155
0.000155
0.000156
0.000156
0.000156
0.000156
0.000156
0.000155
0.000155
0.000156
0.000156
0.000156
0.000156
0.000157
0.000156
0.000156
0.000156
0.000156
0.000155
0.000155
0.000156
0.000156
0.000155
0.000156
0.000155
0.000155
0.000155
0.000156
0.000155
0.000156
0.000156
0.000155
0.000155
0.000156
0.000156
0.000155
0.000155
0.000155
0.000155
0.000157
0.000155
0.000156
0.000156
0.000155
0.000155
0.000155
0.000156
0.000156
0.000156
0.000155
0.000155
0.000156
0.000155
0.000155
0.000155
0.000155
0.000156
0.000156
0.000155
0.000156
0.000156
0.000155
0.000155
0.000156
0.000157
0.000156
0.000156
0.000156
0.000155
0.000155
0.000155
0.000156
0.000155
0.000155
0.000156
0.000156
0.000156
0.000155
0.000155
0.000156
0.000156
0.000155
0.000155
0.000155
0.000156
0.000155
0.000155
0.000156
0.000156
0.000156
0.000157
0.000155
0.000156
0.000156
0.000155
0.000156
0.000155
0.000155
0.000156
0.000156
0.000156
0.000155
0.000156
0.000156
0.000156
0.000156
0.000156
0.000156
0.000156
0.000156
0.000156
0.000156
0.000156
0.000156
0.000156
0.000155
0.000155
0.000155
0.000155
0.000156
0.000156
0.000156
0.000156
0.000156
0.000156
0.000156
0.000155
0.000155
0.000156
0.000155
0.000155
0.000155
0.000156
0.000156
0.000156
0.000156
0.000156
0.000156
0.000155
0.000155
0.000156
0.000159
0.000156
0.000155
0.000155
0.000156
0.000156
0.000156
0.000155
0.000155
0.000155
0.000155
0.000156
0.000156
0.000155
0.000155
0.000156
0.000156
0.000156
0.000156
0.000156
0.000156
0.000156
0.000156
0.000156
0.000156
0.000156
0.000158
0.000156
0.000155
0.000155
0.000156
0.000156
0.000156
0.000156
0.000155
0.000155
0.000155
0.000156
0.000156
0.000156
0.000155
0.000155
0.000155
0.000155
0.000156
0.000155
0.000155
0.000155
0.000156
0.000156
0.000155
0.000157
0.000156
0.000156
0.000155
0.000155
0.000155
0.000156
0.000155
0.000155
0.000156
0.000156
0.000156
0.000156
0.000156
0.000155
0.000155
0.000156
0.000156
0.000156
0.000156
0.000156
0.000155
0.000155
0.000156
0.000156
0.000156
0.000157
0.000156
0.000156
0.000155
0.000155
0.000156
0.000156
0.000156
0.000155
0.000156
0.000156
0.000156
0.000156
0.000156
0.000155
0.000155
0.000156
0.000156
0.000155
0.000156
0.000156
0.000156
0.000155
0.000155
0.000155
0.000156
0.000158
0.000156
0.000156
0.000156
0.000156
0.000155
0.000156
0.000156
0.000156
0.000155
0.000155
0.000155
0.000155
0.000156
0.000155
0.000155
0.000155
0.000155
0.000156
0.000156
0.000156
0.000155
0.000155
0.000156
0.000156
0.000159
0.000156
0.000156
0.000155
0.000155
0.000155
0.000156
0.000155
0.000156
0.000156
0.000156
0.000156
0.000156
0.000156
0.000155
0.000155
0.000156
0.000157
0.000155
0.000155
0.000156
0.000156
0.000156
0.000156
0.000156
0.000156
0.000158
0.000156
0.000241
0.000181
0.000180
0.000179
0.000179
0.000178
0.000190
0.000170
0.000157
0.000157
0.000157
0.000157
0.000156
0.000156
0.000156
0.000157
0.000157
0.000157
0.000157
0.000157
0.000157
0.000157
0.000185
0.000167
0.000167
0.000168
0.000168
0.000167
0.000167
0.000173
0.000157
0.000157
0.000157
0.000158
0.000158
0.000157
0.000157
0.000157
0.000157
0.000158
0.000157
0.000157
0.000158
0.000158
0.000158
0.000157
0.000157
0.000161
0.000158
0.000157
0.000157
0.000157
0.000157
0.000158
0.000157
0.000181
0.000166
0.000167
0.000167
0.000167
0.000167
0.000167
0.000171
0.000158
0.000158
0.000158
0.000158
0.000157
0.000157
0.000158
0.000158
0.000161
0.000158
0.000158
0.000172
0.000159
0.000158
0.000158
0.000158
0.000159
0.000158
0.000158
0.000159
0.000159
0.000159
0.000158
0.000159
0.000158
0.000158
0.000158
0.000158
0.000159
0.000159
0.000163
0.000159
0.000159
0.000159
0.000158
0.000158
0.000158
0.000158
0.000159
0.000159
0.000158
0.000158
0.000158
0.000158
0.000159
0.000159
0.000158
0.000158
0.000158
0.000159
0.000159
0.000158
0.000183
0.000169
0.000168
0.000171
0.000168
0.000168
0.000168
0.000171
0.000158
0.000158
0.000158
0.000158
0.000157
0.000157
0.000158
0.000158
0.000180
0.000168
0.000168
0.000169
0.000168
0.000168
0.000168
0.000168
0.000168
0.000169
0.000169
0.000170
0.000169
0.000168
0.000169
0.000169
0.000168
0.000169
0.000168
0.000169
0.000177
0.000159
0.000158
0.000178
0.000169
0.000168
0.000169
0.000168
0.000169
0.000169
0.000179
0.000159
0.000159
0.000158
0.000159
0.000177
0.000168
0.000168
0.000168
0.000168
0.000168
0.000168
0.000173
0.000158
0.000158
0.000158
0.000158
0.000157
0.000158
0.000159
0.000158
0.000158
0.000158
0.000158
0.000157
0.000157
0.000157
0.000157
0.000158
0.000159
0.000161
0.000158
0.000158
0.000157
0.000157
0.000158
0.000158
0.000157
0.000158
0.000158
0.000158
0.000157
0.000158
0.000158
0.000158
0.000157
0.000158
0.000158
0.000157
0.000158
0.000158
0.000158
0.000158
0.000158
0.000158
0.000161
0.000158
0.000158
0.000158
0.000158
0.000157
0.000158
0.000158
0.000159
0.000158
0.000158
0.000157
0.000158
0.000157
0.000158
0.000157
0.000158
0.000158
0.000158
0.000158
0.000158
0.000158
0.000158
0.000158
0.000159
0.000161
0.000159
0.000158
0.000158
0.000158
0.000158
0.000158
0.000159
0.000158
0.000157
0.000159
0.000157
