0.185428
0.160019
0.160494
0.160432
0.160253
0.160555
0.160178
0.160601
0.160660
0.160019
0.161613
0.160434
0.160482
0.160870
0.160561
0.160789
0.162142
0.170730
0.163652
0.163851
0.163793
0.163457
0.161434
0.160302
0.160168
0.159726
0.159021
0.159140
0.160302
0.159043
0.159983
0.159840
0.160443
0.160318
0.161120
0.161899
0.160114
0.160223
0.160622
0.161204
0.160555
0.161905
0.160883
0.160478
0.160184
0.160426
0.160399
0.161441
0.170560
0.171061
0.170304
0.170884
0.167742
0.161914
0.160910
0.161280
0.161698
0.160920
0.160783
0.160691
0.162059
0.160865
0.160883
0.161000
0.160995
0.160937
0.162379
0.161698
0.161233
0.161560
0.160814
0.161247
0.162315
0.160809
0.160893
0.161019
0.161206
0.160848
0.167001
0.166952
0.162628
0.161354
0.161368
0.160800
0.162506
0.160998
0.161419
0.160549
0.160746
0.160538
0.161042
0.161839
0.161945
0.160385
0.160779
0.160778
0.160885
0.162248
0.161151
0.160847
0.160681
0.160634
0.161145
0.162060
0.160739
0.161082
0.160890
0.161082
0.160803
0.166877
0.170170
0.168194
0.168213
0.167877
0.167654
0.162158
0.161819
0.161683
0.160886
0.160998
0.160852
0.160869
0.162493
0.160979
0.161179
0.160822
0.161328
0.160822
0.162147
0.161111
0.161034
0.160988
0.161164
0.160781
0.162349
0.160755
0.160780
0.160937
0.161041
0.161194
0.173571
0.170661
0.170494
0.169267
0.169436
0.169258
0.162441
0.161560
0.161569
0.161806
0.160985
0.161276
0.161690
0.162339
0.161266
0.161179
0.165808
0.165615
0.164689
0.263533
0.173305
0.159179
0.158955
0.159082
0.159021
0.158970
0.158966
0.159044
0.159738
0.159146
0.167791
0.163091
0.161456
0.160513
0.161339
0.160372
0.159196
0.159105
0.158996
0.158982
0.159243
0.159604
0.159256
0.160298
0.159386
0.159238
0.159004
0.159089
0.159237
0.158896
0.159216
0.159170
0.158836
0.159519
0.159015
0.158771
0.160130
0.159204
0.158886
0.160111
0.158904
0.164028
0.163285
0.159591
0.159085
0.159365
0.160316
0.160799
0.161681
0.160729
0.160563
0.160533
0.160706
0.160641
0.160470
0.160682
0.160455
0.160925
0.160619
0.160734
0.160553
0.161673
0.160709
0.160511
0.160628
0.160500
0.160438
0.160602
0.160425
0.160282
0.160425
0.160817
0.164375
0.171612
0.170281
0.166542
0.160316
0.160821
0.160678
0.160322
0.160749
0.160330
0.160355
0.160618
0.160845
0.160421
0.161782
0.160829
0.160754
0.160619
0.160497
0.160600
0.160269
0.160269
0.160420
0.160342
0.160680
0.160474
0.161801
0.160695
0.160459
0.160472
0.160473
0.164800
0.166826
0.161241
0.161063
0.160485
0.160948
0.160684
0.161800
0.160546
0.160679
0.160481
0.160671
0.160363
0.160629
0.160505
0.160271
0.160564
0.160768
0.160572
0.160449
0.161784
0.160824
0.160319
0.160298
0.160855
0.160383
0.160677
0.160448
0.160476
0.160380
0.160322
0.164888
0.168458
0.162823
0.167702
0.169579
0.169468
0.160625
0.160664
0.160586
0.160602
0.160629
0.160743
0.160489
0.160603
0.161386
0.160679
0.160541
0.160415
0.161158
0.160527
0.160914
0.160349
0.160781
0.160707
0.160347
0.160259
0.162018
0.160243
0.160695
0.160566
0.160758
0.166031
0.170596
0.169866
0.169242
0.168225
0.161294
0.160304
0.161526
0.160678
0.160694
0.160402
0.161067
0.161008
0.160851
0.161494
0.160587
0.160825
0.161314
0.161124
0.160688
0.161905
0.160662
0.161361
0.160644
0.161189
0.160899
0.160523
0.160599
0.160937
0.160461
0.161028
0.169552
0.172140
0.170749
0.170584
0.170624
0.168993
0.160609
0.160650
0.161127
0.160872
0.160516
0.161249
0.160800
0.160824
0.161619
0.160545
0.160491
0.160370
0.160886
0.160657
0.160196
0.160503
0.160364
0.160795
0.160685
0.160494
0.161059
0.160893
0.160718
0.160561
0.160853
0.171464
0.169848
0.160883
0.160486
0.161054
0.160213
0.160549
0.160606
0.160553
0.160644
0.160433
0.160492
0.161011
0.160500
0.160425
0.160374
0.160524
0.160830
0.160661
0.160560
0.160284
0.160244
0.160824
0.160246
0.160836
0.160594
0.160735
0.160424
0.160663
0.160596
0.160466
0.171731
0.171206
0.167892
0.160908
0.160665
0.160231
0.161071
0.160378
0.160554
0.160199
0.160283
0.160740
0.160583
0.160782
0.160189
0.160383
0.160901
0.160360
0.160753
0.160717
0.160911
0.160499
0.160462
0.160763
0.160547
0.160458
0.162007
0.160291
0.160908
0.160262
0.160486
0.168498
0.167570
0.169542
0.169752
0.169598
0.164051
0.160442
0.160771
0.160413
0.160602
0.160644
0.160476
0.160651
0.160610
0.160374
0.160448
0.160486
0.161092
0.160433
0.160578
0.161839
0.160345
0.160735
0.160429
0.160466
0.160637
0.160450
0.160083
0.160603
0.160721
0.160463
0.171821
0.169632
0.168928
0.169412
0.165009
0.160521
0.161211
0.160650
0.160762
0.160711
0.160270
0.158968
0.159090
0.160279
0.159076
0.159136
0.159601
0.159085
0.159153
0.158985
0.159122
0.158854
0.158874
0.159396
0.159178
0.158972
0.158767
0.158988
0.158891
0.159133
0.159205
0.169086
0.168237
0.167642
0.167701
0.168213
0.161483
0.158829
0.160101
0.159366
0.158845
0.159566
0.159177
0.159030
0.159403
0.159103
0.159283
0.159051
0.159376
0.159404
0.158949
0.158958
0.158950
0.159059
0.159235
0.159175
0.159396
0.159194
0.159179
0.158839
0.159389
0.159156
0.170554
0.172900
0.170124
0.168470
0.162310
0.160676
0.161633
0.161179
0.160606
0.160746
0.160382
0.160607
0.160406
0.160742
0.160558
0.160849
0.161007
0.161076
0.160585
0.161467
0.160473
0.160760
0.160927
0.160428
0.161201
0.160790
0.161640
0.160604
0.160739
0.161041
0.160852
0.173029
0.166243
0.163550
0.161181
0.161164
0.160692
0.160668
0.160820
0.160822
0.160764
0.161119
0.161139
0.160731
0.161343
0.160753
0.160397
0.160614
0.161142
0.160402
0.160648
0.162028
0.160388
0.160986
0.160942
0.160957
0.160421
0.160670
0.160561
0.160793
0.160788
0.161121
0.172347
0.167312
0.164868
0.164590
0.164695
0.164565
0.162428
0.161375
0.160915
0.160862
0.160785
0.160974
0.160716
0.160699
0.161704
0.161035
0.160656
0.161631
0.160911
0.160679
0.160532
0.160466
0.160927
0.160870
0.160561
0.160746
0.160475
0.160828
0.160637
0.160318
0.164183
0.173466
0.170356
0.170051
0.169215
0.163244
0.160545
0.160567
0.162514
0.160892
0.161399
0.162326
0.162752
0.162261
0.162509
0.162152
0.162399
0.162402
0.161060
0.160592
0.160550
0.160430
0.161053
0.160621
0.161384
0.160853
0.161348
0.160860
0.161249
0.160764
0.161096
0.168783
0.167711
0.164072
0.162472
0.160711
0.160827
0.161067
0.160808
0.161342
0.162404
0.162473
0.161939
0.162399
0.162470
0.159600
0.159367
0.159258
0.160227
0.161580
0.161338
0.161163
0.161121
0.161142
0.161414
0.161035
0.161277
0.160969
0.162258
0.160944
0.161207
0.160989
0.169029
0.167045
0.165055
0.163897
0.164678
0.164402
0.160919
0.161039
0.161728
0.161516
0.161480
0.161336
0.161384
0.161631
0.161699
0.161014
0.160906
0.161645
0.161437
0.161331
0.160848
0.162195
0.160923
0.160998
0.161429
0.160774
0.161411
0.161394
0.161253
0.161431
0.161316
0.171307
0.172291
0.171685
0.170376
0.166862
0.161760
0.162632
0.163131
0.162309
0.161426
0.161672
0.162175
0.161805
0.162641
0.163729
0.162562
0.162236
0.162500
0.162948
0.162452
0.162405
0.162292
0.162572
0.162771
0.162395
0.162509
0.163935
0.162432
0.162914
0.162278
0.165617
0.169392
0.164796
0.163095
0.162980
0.162874
0.162776
0.162570
0.162489
0.164184
0.162279
0.162493
0.162392
0.163139
0.163345
0.162388
0.162751
0.162419
0.162551
0.162289
0.162577
0.162419
0.162371
0.162429
0.162578
0.162811
0.162262
0.162800
0.162870
0.162514
0.162644
0.169836
0.171712
0.169948
0.162471
0.161118
0.160711
0.160540
0.160229
0.160837
0.161397
0.160576
0.160489
0.160555
0.160566
0.161270
0.161326
0.161605
0.160904
0.161015
0.161624
0.161342
0.160852
0.161034
0.161264
0.161020
0.161077
0.160744
0.161857
0.161250
0.160889
0.160981
0.167869
0.164169
0.162305
0.161617
0.161493
0.161744
0.160977
0.161105
0.161381
0.161196
0.161127
0.160959
0.161042
0.162047
0.160822
0.161369
0.161138
0.161623
0.161008
0.161104
0.160999
0.162104
0.160858
0.160948
0.161365
0.161281
0.161121
0.161209
0.160889
0.161548
0.160914
0.168739
0.168150
0.166818
0.166950
0.164942
0.164206
0.162509
0.163271
0.162800
0.163042
0.162723
0.162872
0.162655
0.162348
0.164111
0.162553
0.162491
0.163495
0.162612
0.163227
0.162700
0.162722
0.162734
0.162721
0.162587
0.162634
0.162282
0.162740
0.162721
0.162506
0.164607
0.173219
0.171136
0.170646
0.169798
0.162184
0.162051
0.161652
0.161769
0.163899
0.162507
0.163213
0.162667
0.162968
0.163127
0.162451
0.162888
0.162591
0.162578
0.162649
0.162253
0.162455
0.162333
0.162490
0.162612
0.162930
0.162760
0.162539
0.162944
0.162643
0.162595
0.170808
0.167132
0.168987
0.165786
0.165240
0.163683
0.162303
0.162186
0.161968
0.161845
0.162093
0.161043
0.160378
0.161038
0.162023
0.162205
0.162560
0.162631
0.163039
0.162789
0.163309
0.162685
0.163342
0.163036
0.163077
0.162668
0.162315
0.163572
0.163441
0.162706
0.162676
0.173325
0.170181
0.169293
0.169935
0.163264
0.160868
0.160681
0.160516
0.161059
0.160648
0.160515
0.160983
0.160746
0.161793
0.161710
0.161673
0.162448
0.162230
0.162366
0.161785
0.161683
0.162940
0.161597
0.162512
0.163126
0.162336
0.162365
0.162074
0.162496
0.162065
0.166640
0.168586
0.164476
0.160187
0.160334
0.160295
0.160285
0.160125
0.160914
0.161236
0.160644
0.162008
0.162791
0.162423
0.162289
0.163701
0.162949
0.162732
0.162423
0.162750
0.162864
0.161649
0.161055
0.161503
0.161232
0.161022
0.160881
0.161340
0.160994
0.160683
0.161134
0.167396
0.173098
0.168997
0.166757
0.159491
0.160890
0.160601
0.160454
0.161485
0.163004
0.161942
0.161832
0.162005
0.162234
0.161697
0.162134
0.161967
0.161773
0.162137
0.161535
0.161189
0.161749
0.161654
0.161707
0.162193
0.162242
0.162469
0.162617
0.162112
0.161928
0.161959
0.168991
0.163675
0.162743
0.162581
0.161606
0.162043
0.162147
0.161963
0.162286
0.161773
0.161844
0.162085
0.161627
0.162004
0.162456
0.162545
0.162535
0.162578
0.162638
0.162563
0.162632
0.162922
0.162641
0.162171
0.161175
0.160871
0.160826
0.162521
0.160856
0.160956
0.160972
0.170741
0.165958
0.163456
0.163313
0.163743
0.160614
0.160313
0.160439
0.160908
0.161417
0.160674
0.161981
0.161213
0.161617
0.161225
0.161451
0.161147
0.161855
0.160543
0.160620
0.160087
0.161159
0.160504
0.160290
0.160715
0.160364
0.160448
0.160875
0.160668
0.161337
0.161023
0.172701
0.169433
0.168339
0.168434
0.164285
0.162237
0.161961
0.162075
0.162057
0.160437
0.160882
0.161028
0.160519
0.161389
0.161807
0.163483
0.161715
0.161829
0.162260
0.161969
0.161882
0.162010
0.161667
0.161969
0.161383
0.161840
0.162138
0.161659
0.161771
0.161771
0.165827
0.168501
0.162515
0.162520
0.162054
0.162255
0.162116
0.161935
0.161892
0.161711
0.160543
0.160418
0.160782
0.160450
0.160554
0.160192
0.160963
0.159986
0.159777
0.159116
0.158836
0.158861
0.159132
0.159066
0.159232
0.159001
0.159368
0.159062
0.159402
0.159056
0.159329
0.162469
0.171600
0.169741
0.172058
0.170318
0.165618
0.162110
0.161424
0.162073
0.161750
0.162289
0.161635
0.162382
0.161733
0.162606
0.162544
0.162888
0.162499
0.162864
0.162680
0.162542
0.162789
0.163545
0.163372
0.163040
0.162509
0.162443
0.162596
0.163553
0.162544
0.162853
0.169628
0.163893
0.161825
0.162148
0.162090
0.161755
0.162220
0.161765
0.161579
0.161726
0.161682
0.161941
0.161849
0.162100
0.161563
0.161879
0.162529
0.161870
0.160885
0.160603
0.160787
0.160811
0.162089
0.160976
0.160879
0.160914
0.160734
0.160795
0.161338
0.161396
0.160532
0.172023
0.171943
0.169910
0.168741
0.166401
0.159394
0.159576
0.159631
0.158935
0.159017
0.159911
0.159168
0.159577
0.159136
0.159091
0.160534
0.158834
0.159261
0.159487
0.159214
0.158893
0.159119
0.159689
0.159668
0.159171
0.158928
0.159091
0.159025
0.159004
0.158822
0.159191
0.169067
0.166962
0.163988
0.163343
0.161121
0.159971
0.160426
0.159928
0.160914
0.162538
0.161474
0.162504
0.161112
0.160708
0.160471
0.160412
0.160936
0.160455
0.160582
0.160334
0.160362
0.160602
0.160187
0.160424
0.160394
0.160645
0.160416
0.160290
0.160188
0.160845
0.160213
0.168876
0.166289
0.165061
0.162349
0.161452
0.162477
0.162329
0.162149
0.162812
0.162464
0.162771
0.162695
0.162253
0.162768
0.162060
0.162470
0.162495
0.162435
0.162311
0.162383
0.162119
0.162533
0.162282
0.163043
0.162558
0.162478
0.162267
0.162664
0.163499
0.162345
0.162536
0.174363
0.171250
0.170059
0.170013
0.169573
0.160637
0.160443
0.160417
0.161330
0.161267
0.161053
0.161369
0.160931
0.161587
0.160823
0.161188
0.161850
0.162619
0.162323
0.162589
0.162475
0.163755
0.162647
0.162860
0.162494
0.162203
0.162217
0.162407
0.162442
0.162799
0.167858
0.171091
0.170075
0.170575
0.170927
0.169362
0.162134
0.161974
0.162385
0.162227
0.162153
0.162435
0.161956
0.161856
0.160318
0.160410
0.162426
0.160498
0.160510
0.160459
0.160157
0.160772
0.160369
0.161280
0.160337
0.160384
0.160780
0.160554
0.160494
0.160486
0.159301
0.168905
0.169278
0.168398
0.168007
0.166871
0.159808
0.159118
0.159251
0.158785
0.160408
0.159043
0.159231
0.159232
0.158759
0.159046
0.159296
0.158965
0.159754
0.159186
0.158740
0.159260
0.159244
0.158977
0.158994
0.159550
0.159207
0.159446
0.159270
0.159085
0.159638
0.159648
0.169267
0.171176
0.169883
0.170926
0.162253
0.161835
0.161917
0.161361
0.161504
0.160361
0.160463
0.160987
0.160386
0.160796
0.161735
0.161503
0.161655
0.161544
0.162224
0.161825
0.161860
0.161647
0.162188
0.162034
0.162145
0.161686
0.161958
0.161971
0.162749
0.161477
0.161974
0.173726
0.166350
0.161811
0.161452
0.162264
0.162235
0.161752
0.161701
0.162105
0.161630
0.161626
0.162503
0.161686
0.162473
0.162152
0.162404
0.162524
0.162079
0.161064
0.160538
0.160772
0.160453
0.161252
0.160372
0.160740
0.160340
0.160437
0.160335
0.160367
0.160474
0.160867
0.170589
0.167942
0.164438
0.164407
0.162731
0.162154
0.162159
0.161796
0.161409
0.161645
0.161826
0.162050
0.161712
0.160824
0.160629
0.160592
0.161723
0.160363
0.160696
0.160416
0.160296
0.160410
0.160340
0.160626
0.160974
0.160378
0.161168
0.160202
0.160596
0.160628
0.162361
0.174001
0.170306
0.169339
0.169594
0.169578
0.160980
0.160346
0.160541
0.160897
0.161765
0.160413
0.160666
0.160589
0.161651
0.161560
0.161751
0.161953
0.161695
0.161719
0.161772
0.162107
0.161867
0.161695
0.161669
0.162104
0.162144
0.161924
0.161600
0.161528
0.162247
0.168267
0.168732
0.166852
0.165466
0.166439
0.164056
0.162166
0.162207
0.162628
0.162492
0.162289
0.162460
0.162582
0.160891
0.160956
0.161489
0.161002
0.160774
0.160887
0.160944
0.161373
0.161053
0.160983
0.161357
0.161526
0.161568
0.161062
0.161299
0.161139
0.162169
0.161277
0.168961
0.168323
0.166299
0.164045
0.161757
0.161656
0.161212
0.160851
0.160726
0.160818
0.160486
0.160185
0.160315
0.160662
0.160178
0.160272
0.160401
0.161453
0.160246
0.160589
0.160207
0.160614
0.161605
0.160154
0.160394
0.160113
0.160249
0.160031
0.160494
0.160639
0.160479
0.170575
0.171062
0.170049
0.170187
0.170553
0.169986
0.160925
0.161090
0.160994
0.161413
0.161489
0.161289
0.160859
0.160985
0.160337
0.160646
0.161841
0.160954
0.160650
0.160373
0.160461
0.160467
0.160539
0.160822
0.160457
0.160556
0.160206
0.160286
0.160665
0.160550
0.160608
0.171825
0.170488
0.169407
0.169644
0.167263
0.162890
0.162873
0.162201
0.162634
0.162668
0.164240
0.162413
0.162364
0.162959
0.162287
0.162513
0.162692
0.162489
0.162575
0.162891
0.162153
0.162441
0.162586
0.162497
0.162560
0.162525
0.162291
0.162232
0.162269
0.162750
0.168276
0.173000
0.170797
0.165122
0.163493
0.162761
0.162628
0.162300
0.162416
0.162363
0.162336
0.162729
0.162534
0.162765
0.162520
0.162307
0.162390
0.162430
0.162518
0.162471
0.162771
0.162351
0.162376
0.162732
0.162851
0.162453
0.162780
0.162525
0.162701
0.164981
0.162544
0.170757
0.169620
0.165896
0.164460
0.165032
0.163032
0.163319
0.162633
0.162746
0.162603
0.162585
0.162628
0.162436
0.163026
0.162324
0.162638
0.162439
0.162660
0.162665
0.162685
0.162318
0.162654
0.164076
0.162395
0.162801
0.162413
0.162353
0.162445
0.162633
0.162427
0.166434
0.171090
0.165524
0.166963
0.166091
0.166806
0.162739
0.162722
0.162964
0.162357
0.162297
0.162781
0.162411
0.162294
0.162728
0.162666
0.163043
0.163547
0.162439
0.162412
0.162304
0.162287
0.162337
0.162794
0.162545
0.162292
0.162705
0.162500
0.162418
0.162610
0.162338
0.172176
0.169745
0.167745
0.165774
0.164319
0.162667
0.162549
0.162414
0.162775
0.162649
0.164384
0.162457
0.162403
0.162724
0.162295
0.162436
0.162540
0.162702
0.162511
0.162523
0.162799
0.162243
0.162774
0.162284
0.162594
0.162856
0.162515
0.162384
0.162186
0.162895
0.164291
0.173166
0.170563
0.169644
0.170227
0.163965
0.162672
0.162403
0.162711
0.162514
0.162614
0.162679
0.162581
0.162581
0.162618
0.162781
0.162298
0.162699
0.163062
0.162593
0.162578
0.162432
0.162353
0.162461
0.162291
0.162528
0.162486
0.162398
0.162113
0.164024
0.162211
0.170471
0.172196
0.172158
0.171179
0.171081
0.169035
0.162178
0.162160
0.162866
0.162483
0.162380
0.163218
0.162387
0.162902
0.162358
0.162480
0.162466
0.162994
0.162634
0.162914
0.162909
0.162862
0.162968
0.162807
0.161055
0.160707
0.160972
0.160878
0.161045
0.161144
0.162072
0.168690
0.165506
0.163679
0.163041
0.163793
0.163449
0.161439
0.161123
0.160784
0.160460
0.161005
0.160704
0.160386
0.160625
0.160643
0.160580
0.161960
0.160916
0.160326
0.160625
0.160464
0.160509
0.160558
0.160696
0.160625
0.160575
0.161228
0.161040
0.160768
0.160660
0.162326
0.173382
0.169464
0.169030
0.168922
0.164394
0.161900
0.161777
0.161792
0.162684
0.162657
0.163713
0.162813
0.162352
0.163440
0.162297
0.162349
0.162646
0.162769
0.162546
0.162778
0.162523
0.162944
0.162466
0.162995
0.162509
0.162905
0.162505
0.162567
0.162798
0.162320
0.170924
0.172833
0.171750
0.171066
0.172553
0.166845
0.162303
0.162394
0.162623
0.162631
0.162696
0.162862
0.162567
0.162077
0.162576
0.162290
0.162724
0.162663
0.162274
0.162549
0.162331
0.162199
0.162812
0.162746
0.162795
0.162202
0.162447
0.163067
0.162403
0.164020
0.165138
0.171034
0.161874
0.160621
0.160466
0.160970
0.160670
0.160309
0.160540
0.160455
0.160857
0.160571
0.161168
0.160531
0.160623
0.160390
0.160409
0.160972
0.160767
0.160239
0.160418
0.160690
0.160714
0.160357
0.161659
0.161077
0.160341
0.160233
0.160438
0.160381
0.160668
0.162283
0.172127
0.170076
0.168073
0.161711
0.161680
0.162324
0.161535
0.161808
0.161887
0.161569
0.162291
0.161679
0.161883
0.161960
0.161773
0.162227
0.162903
0.161922
0.161951
0.161597
0.161483
0.161558
0.161785
0.162162
0.162727
0.161904
0.161501
0.161755
0.162304
0.161568
0.167870
0.171138
0.169434
0.169114
0.165031
0.161240
0.160698
0.160504
0.160451
0.160480
0.160844
0.162584
0.160840
