0.003005
0.002498
0.002420
0.002347
0.002318
0.002237
0.002176
0.002082
0.002068
0.002012
0.001990
0.001946
0.001938
0.001883
0.001877
0.001824
0.001826
0.001823
0.001832
0.001798
0.001769
0.001747
0.001717
0.001721
0.001718
0.001765
0.001716
0.001716
0.001723
0.001716
0.001719
0.001716
0.001720
0.001716
0.001716
0.001719
0.001717
0.001724
0.001716
0.001718
0.001716
0.001716
0.001720
0.001718
0.001720
0.001716
0.001720
0.001717
0.001716
0.001719
0.001717
0.001719
0.001717
0.001720
0.001717
0.001717
0.001719
0.001716
0.001722
0.001717
0.001779
0.001718
0.001720
0.001717
0.001717
0.001718
0.001718
0.001720
0.001716
0.001719
0.001718
0.001717
0.001723
0.001717
0.001719
0.001716
0.001720
0.001718
0.001716
0.001719
0.001717
0.001721
0.001717
0.001720
0.001716
0.001717
0.001720
0.001717
0.001720
0.001716
0.001719
0.001717
0.001717
0.001720
0.001717
0.001721
0.001716
0.001720
0.001716
0.001716
0.001769
0.001861
0.001790
0.001818
0.001953
0.001958
0.001957
0.001906
0.001925
0.001912
0.001919
0.001934
0.001855
0.001736
0.001918
0.001956
0.001762
0.001889
0.001715
0.001861
0.001753
0.001812
0.001789
0.001755
0.001841
0.001709
0.001889
0.001709
0.001889
0.001715
0.001798
0.001777
0.001753
0.001817
0.001708
0.001845
0.001708
0.001837
0.001716
0.001775
0.001719
0.001779
0.001863
0.001711
0.001794
0.001910
0.001806
0.001716
0.001722
0.001716
0.001749
0.001785
0.001716
0.001817
0.001717
0.001795
0.001736
0.001721
0.001717
0.001716
0.001722
0.001716
0.001786
0.001717
0.001721
0.001717
0.001720
0.001717
0.001718
0.001721
0.001718
0.001721
0.001716
0.001723
0.001716
0.001716
0.001721
0.001716
0.001721
0.001717
0.001721
0.001717
0.001717
0.001721
0.001716
0.001721
0.001718
0.001721
0.001718
0.001717
0.001720
0.001717
0.001721
0.001716
0.001721
0.001717
0.001717
0.001720
0.001718
0.001721
0.001716
0.001722
0.001717
0.001717
0.001722
0.001717
0.001721
0.001716
0.001721
0.001717
0.001717
0.001722
0.001718
0.001721
0.001717
0.001721
0.001716
0.001716
0.001722
0.001717
0.001722
0.001716
0.001721
0.001716
0.001715
0.001720
0.001717
0.001720
0.001717
0.001722
0.001717
0.001717
0.001721
0.001717
0.001721
0.001718
0.001720
0.001718
0.001716
0.001721
0.001716
0.001720
0.001717
0.001722
0.001715
0.001716
0.001722
0.001716
0.001721
0.001717
0.001721
0.001716
0.001717
0.001722
0.001716
0.001721
0.001716
0.001720
0.001717
0.001716
0.001721
0.001715
0.001723
0.001716
0.001720
0.001716
0.001716
0.001720
0.001717
0.001721
0.001717
0.001721
0.001716
0.001716
0.001721
0.001717
0.001721
0.001717
0.001722
0.001716
0.001720
0.001716
0.001716
0.001720
0.001718
0.001720
0.001716
0.001720
0.001716
0.001717
0.001722
0.001717
0.001720
0.001716
0.001719
0.001716
0.001716
0.001721
0.001717
0.001817
0.001791
0.001754
0.001778
0.001717
0.001720
0.001717
0.001721
0.001716
0.001719
0.001716
0.001717
0.001721
0.001718
0.001721
0.001718
0.001722
0.001717
0.001717
0.001721
0.001718
0.001720
0.001716
0.001720
0.001717
0.001717
0.001721
0.001716
0.001721
0.001717
0.001719
0.001717
0.001718
0.001721
0.001718
0.001720
0.001717
0.001720
0.001717
0.001716
0.001721
0.001717
0.001722
0.001717
0.001723
0.001716
0.001720
0.001717
0.001717
0.001723
0.001716
0.001721
0.001716
0.001720
0.001717
0.001716
0.001721
0.001716
0.001721
0.001717
0.001742
0.001836
0.001717
0.001721
0.001718
0.001721
0.001745
0.001721
0.001717
0.001718
0.001720
0.001717
0.001721
0.001716
0.001721
0.001716
0.001718
0.001720
0.001716
0.001721
0.001717
0.001721
0.001717
0.001717
0.001722
0.001718
0.001721
0.001716
0.001719
0.001716
0.001717
0.001721
0.001716
0.001721
0.001717
0.001720
0.001717
0.001716
0.001720
0.001717
0.001720
0.001717
0.001722
0.001716
0.001717
0.001720
0.001715
0.001720
0.001716
0.001720
0.001717
0.001717
0.001719
0.001717
0.001719
0.001716
0.001720
0.001716
0.001716
0.001760
0.001717
0.001721
0.001718
0.001721
0.001716
0.001719
0.001717
0.001717
0.001721
0.001716
0.001720
0.001716
0.001721
0.001716
0.001716
0.001722
0.001717
0.001722
0.001717
0.001721
0.001716
0.001717
0.001721
0.001718
0.001721
0.001716
0.001720
0.001716
0.001716
0.001719
0.001717
0.001721
0.001717
0.001721
0.001716
0.001717
0.001722
0.001717
0.001720
0.001717
0.001721
0.001717
0.001718
0.001720
0.001717
0.001721
0.001716
0.001719
0.001717
0.001717
0.001719
0.001717
0.001721
0.001717
0.001721
0.001717
0.001717
0.001721
0.001718
0.001720
0.001716
0.001720
0.001746
0.001716
0.001720
0.001717
0.001732
0.001716
0.001723
0.001716
0.001717
0.001720
0.001717
0.001722
0.001718
0.001720
0.001717
0.001716
0.001721
0.001717
0.001721
0.001717
0.001721
0.001716
0.001716
0.001721
0.001716
0.001720
0.001717
0.001721
0.001717
0.001716
0.001721
0.001717
0.001722
0.001718
0.001720
0.001717
0.001716
0.001719
0.001717
0.001721
0.001717
0.001721
0.001717
0.001719
0.001717
0.001716
0.001721
0.001716
0.001721
0.001716
0.001720
0.001716
0.001717
0.001722
0.001717
0.001720
0.001718
0.001722
0.001717
0.001717
0.001721
0.001717
0.001721
0.001716
0.001719
0.001718
0.001717
0.001721
0.001718
0.001722
0.001716
0.001720
0.001716
0.001717
0.001720
0.001716
0.001721
0.001717
0.001720
0.001715
0.001720
0.001720
0.001717
0.001720
0.001717
0.001721
0.001717
0.001717
0.001720
0.001717
0.001721
0.001714
0.001719
0.001717
0.001716
0.001719
0.001717
0.001721
0.001716
0.001720
0.001717
0.001718
0.001718
0.001717
0.001719
0.001717
0.001719
0.001717
0.001717
0.001718
0.001715
0.001721
0.001717
0.001720
0.001716
0.001717
0.001766
0.001717
0.001719
0.001717
0.001721
0.001717
0.001717
0.001722
0.001718
0.001720
0.001717
0.001720
0.001716
0.001715
0.001720
0.001716
0.001719
0.001717
0.001721
0.001716
0.001716
0.001720
0.001717
0.001720
0.001717
0.001720
0.001718
0.001716
0.001720
0.001717
0.001720
0.001717
0.001720
0.001715
0.001716
0.001766
0.001716
0.001721
0.001717
0.001720
0.001716
0.001720
0.001717
0.001715
0.001719
0.001717
0.001719
0.001717
0.001719
0.001716
0.001717
0.001718
0.001716
0.001719
0.001716
0.001719
0.001718
0.001718
0.001751
0.001783
0.001719
0.001717
0.001720
0.001716
0.001765
0.001818
0.001717
0.001719
0.001717
0.001721
0.001716
0.001716
0.001721
0.001717
0.001721
0.001717
0.001720
0.001716
0.001715
0.001719
0.001718
0.001720
0.001716
0.001720
0.001716
0.001716
0.001720
0.001717
0.001719
0.001716
0.001720
0.001717
0.001717
0.001719
0.001717
0.001721
0.001717
0.001719
0.001716
0.001717
0.001721
0.001716
0.001719
0.001717
0.001720
0.001716
0.001720
0.001717
0.001716
0.001720
0.001716
0.001720
0.001716
0.001720
0.001717
0.001718
0.001720
0.001717
0.001721
0.001717
0.001718
0.001717
0.001716
0.001719
0.001717
0.001720
0.001716
0.001719
0.001717
0.001716
0.001721
0.001716
0.001721
0.001717
0.001720
0.001717
0.001716
0.001720
0.001717
0.001720
0.001716
0.001720
0.001716
0.001716
0.001719
0.001716
0.001810
0.001716
0.001720
0.001717
0.001717
0.001719
0.001718
0.001720
0.001717
0.001720
0.001716
0.001724
0.001719
0.001717
0.001721
0.001717
0.001719
0.001716
0.001717
0.001720
0.001717
0.001721
0.001718
0.001811
0.001716
0.001717
0.001721
0.001717
0.001720
0.001717
0.001720
0.001716
0.001716
0.001719
0.001717
0.001721
0.001716
0.001719
0.001717
0.001716
0.001721
0.001718
0.001721
0.001717
0.001720
0.001717
0.001720
0.001717
0.001746
0.001783
0.001717
0.001720
0.001750
0.001719
0.001717
0.001715
0.001721
0.001715
0.001816
0.001716
0.001720
0.001717
0.001765
0.001767
0.001715
0.001720
0.001716
0.001720
0.001716
0.001717
0.001719
0.001717
0.001721
0.001717
0.001719
0.001716
0.001716
0.001721
0.001717
0.001720
0.001717
0.001721
0.001716
0.001716
0.001721
0.001717
0.001719
0.001717
0.001720
0.001717
0.001717
0.001719
0.001716
0.001721
0.001717
0.001721
0.001715
0.001715
0.001762
0.001736
0.001720
0.001716
0.001721
0.001716
0.001720
0.001716
0.001717
0.001719
0.001716
0.001720
0.001716
0.001719
0.001717
0.001717
0.001719
0.001716
0.001720
0.001716
0.001719
0.001717
0.001716
0.001720
0.001717
0.001720
0.001715
0.001719
0.001717
0.001717
0.001721
0.001715
0.001719
0.001717
0.001722
0.001746
0.001716
0.001721
0.001717
0.001719
0.001716
0.001718
0.001716
0.001717
0.001719
0.001718
0.001720
0.001716
0.001719
0.001717
0.001717
0.001719
0.001716
0.001757
0.001717
0.001721
0.001718
0.001715
0.001720
0.001717
0.001721
0.001717
0.001720
0.001716
0.001717
0.001722
0.001718
0.001720
0.001715
0.001718
0.001803
0.001717
0.001720
0.001717
0.001719
0.001717
0.001808
0.001717
0.001719
0.001717
0.001716
0.001720
0.001716
0.001720
0.001716
0.001718
0.001718
0.001716
0.001720
0.001716
0.001720
0.001716
0.001721
0.001753
0.001716
0.001721
0.001717
0.001720
0.001716
0.001720
0.001814
0.001716
0.001720
0.001716
0.001719
0.001718
0.001719
0.001717
0.001718
0.001820
0.001717
0.001721
0.001715
0.001720
0.001716
0.001716
0.001719
0.001716
0.001720
0.001717
0.001719
0.001717
0.001715
0.001720
0.001716
0.001719
0.001716
0.001720
0.001716
0.001717
0.001720
0.001716
0.001720
0.001718
0.001720
0.001716
0.001717
0.001719
0.001716
0.001720
0.001716
0.001719
0.001716
0.001716
0.001719
0.001716
0.001720
0.001717
0.001719
0.001715
0.001719
0.001717
0.001716
0.001720
0.001716
0.001719
0.001717
0.001721
0.001716
0.001716
0.001719
0.001717
0.001719
0.001715
0.001719
0.001716
0.001717
0.001719
0.001717
0.001721
0.001715
0.001720
0.001717
0.001717
0.001721
0.001717
0.001720
0.001717
0.001719
0.001717
0.001716
0.001720
0.001717
0.001720
0.001717
0.001719
0.001717
0.001718
0.001720
0.001717
0.001719
0.001717
0.001720
0.001716
0.001715
0.001721
0.001718
0.001720
0.001716
0.001720
0.001716
0.001716
0.001721
0.001717
0.001722
0.001716
0.001721
0.001717
0.001716
0.001722
0.001717
0.001721
0.001717
0.001721
0.001717
0.001718
0.001720
0.001718
0.001720
0.001717
0.001727
0.001716
0.001717
0.001721
0.001717
0.001719
0.001717
0.001721
0.001717
0.001718
0.001721
0.001717
0.001720
0.001717
0.001719
0.001717
0.001717
0.001720
0.001717
0.001721
0.001717
0.001720
0.001716
0.001717
0.001721
0.001718
0.001721
0.001717
0.001719
0.001717
0.001717
0.001721
0.001716
0.001719
0.001717
0.001720
0.001717
0.001716
0.001719
0.001717
0.001720
0.001718
0.001721
0.001716
0.001717
0.001721
0.001718
0.001721
0.001718
0.001720
0.001718
0.001720
0.001717
0.001717
0.001760
0.001718
0.001720
0.001717
0.001719
0.001717
0.001716
0.001720
0.001718
0.001720
0.001717
0.001719
0.001717
0.001718
0.001721
0.001718
0.001722
0.001717
0.001720
0.001717
0.001717
0.001721
0.001716
0.001720
0.001717
0.001719
0.001716
0.001717
0.001720
0.001717
0.001720
0.001716
0.001720
0.001717
0.001718
0.001720
0.001717
0.001747
0.001717
0.001720
0.001717
0.001716
0.001720
0.001719
0.001720
0.001718
0.001722
0.001716
0.001717
0.001720
0.001717
0.001721
0.001718
0.001722
0.001717
0.001717
0.001720
0.001718
0.001720
0.001717
0.001719
0.001718
0.001717
0.001721
0.001717
0.001721
0.001717
0.001720
0.001716
0.001717
0.001722
0.001717
0.001722
0.001718
0.001721
0.001719
0.001718
0.001721
0.001717
0.001722
0.001719
0.001787
0.001736
0.001720
0.001718
0.001718
0.001721
0.001802
0.001722
0.001717
0.001720
0.001719
0.001720
0.001721
0.001718
0.001720
0.001718
0.001721
0.001719
0.001718
0.001721
0.001719
0.001721
0.001717
0.001722
0.001718
0.001718
0.001722
0.001718
0.001720
0.001717
0.001721
0.001718
0.001718
0.001719
0.001718
0.001721
0.001718
0.001720
0.001719
0.001718
0.001749
0.001718
0.001721
0.001717
0.001720
0.001720
0.001717
0.001720
0.001717
0.001723
0.001718
0.001722
0.001718
0.001718
0.001723
0.001717
0.001722
0.001719
0.001722
0.001717
0.001718
0.001720
0.001717
0.001721
0.001719
0.001721
0.001717
0.001718
0.001721
0.001718
0.001723
0.001718
0.001721
0.001718
0.001718
0.001720
0.001718
0.001722
0.001718
0.001721
0.001718
0.001721
0.001719
0.001717
0.001721
0.001719
0.001721
0.001718
0.001721
0.001719
0.001718
0.001722
0.001718
0.001723
0.001718
0.001720
0.001717
0.001719
0.001722
0.001717
0.001722
0.001718
0.001719
0.001717
0.001718
0.001720
0.001718
0.001721
0.001719
0.001722
0.001789
0.001824
0.001829
0.001825
0.001828
0.001824
0.001829
0.001823
0.001826
0.001761
0.001721
0.001718
0.001718
0.001721
0.001718
0.001721
0.001718
0.001721
0.001718
0.001718
0.001721
0.001718
0.001720
0.001876
0.001867
0.001823
0.001826
0.001824
0.001823
0.001829
0.001823
0.001828
0.001823
0.001828
0.001823
0.001722
0.001717
0.001787
0.001747
0.001820
0.001828
0.001718
0.001721
0.001718
0.001720
0.001717
0.001717
0.001721
0.001719
0.001719
0.001719
0.001754
0.001778
0.001717
0.001721
0.001718
0.001722
0.001719
0.001721
0.001719
0.001718
0.001721
0.001718
0.001722
0.001719
0.001721
0.001718
0.001718
0.001720
0.001717
0.001723
0.001718
0.001721
0.001717
0.001719
0.001721
0.001718
0.001721
0.001718
0.001721
0.001718
0.001719
0.001722
0.001719
0.001721
0.001718
0.001723
0.001717
0.001721
0.001718
0.001718
0.001721
0.001718
0.001722
0.001719
0.001721
0.001717
0.001719
0.001723
0.001717
0.001721
0.001717
0.001719
0.001719
0.001719
0.001723
0.001718
0.001721
0.001718
0.001722
0.001718
0.001718
0.001723
0.001718
0.001723
0.001718
0.001721
0.001717
0.001718
0.001722
0.001718
0.001724
0.001717
0.001721
0.001717
0.001718
0.001721
0.001717
0.001722
0.001717
0.001723
0.001718
0.001718
0.001723
0.001718
0.001721
0.001718
0.001721
0.001718
0.001719
0.001720
0.001718
0.001719
0.001718
0.001721
0.001718
0.001718
0.001722
0.001718
0.001721
0.001718
0.001720
0.001718
0.001719
0.001723
0.001719
0.001721
0.001719
0.001721
0.001718
0.001718
0.001721
0.001717
0.001738
0.001719
0.001719
0.001718
0.001719
0.001724
0.001719
0.001722
0.001717
0.001722
0.001734
0.001737
0.001718
0.001720
0.001722
0.001719
0.001755
0.001717
0.001721
0.001717
0.001718
0.001720
0.001718
0.001721
0.001718
0.001721
0.001718
0.001719
0.001722
0.001719
0.001722
0.001718
0.001720
0.001718
0.001720
0.001722
0.001717
0.001720
0.001717
0.001721
0.001717
0.001718
0.001722
0.001721
0.001724
0.001720
0.001723
0.001721
0.001720
0.001724
0.001719
0.001753
0.001787
0.001723
0.001720
0.001720
0.001724
0.001721
0.001723
0.001720
0.001723
0.001721
0.001721
0.001724
0.001720
0.001723
0.001720
0.001724
0.001719
0.001719
0.001724
0.001720
0.001725
0.001721
0.001775
0.001721
0.001723
0.001720
0.001719
0.001725
0.001719
0.001723
0.001721
0.001723
0.001721
0.001722
0.001722
0.001721
0.001723
0.001720
0.001722
0.001720
0.001720
0.001723
0.001720
0.001722
0.001720
0.001726
0.001720
0.001720
0.001722
0.001721
0.001723
0.001719
0.001723
0.001720
0.001720
0.001723
0.001721
0.001723
0.001720
0.001721
0.001720
0.001721
0.001724
0.001720
0.001723
0.001720
0.001722
0.001720
0.001720
0.001723
0.001721
0.001724
0.001720
0.001724
0.001721
0.001720
0.001723
0.001719
0.001723
0.001720
0.001725
0.001720
0.001721
0.001723
0.001721
0.001722
0.001721
0.001723
0.001719
0.001723
0.001721
0.001721
0.001724
0.001720
0.001722
0.001720
0.001722
0.001720
0.001721
0.001723
0.001721
0.001725
0.001719
0.001723
0.001721
0.001720
0.001722
0.001721
0.001723
0.001720
0.001723
0.001720
0.001721
0.001724
0.001720
0.001725
0.001720
0.001724
0.001720
0.001719
0.001721
0.001721
0.001725
0.001720
0.001723
0.001720
0.001721
0.001724
0.001716
0.001718
0.001716
0.001720
0.001715
0.001716
0.001740
0.001715
0.001718
0.001715
0.001757
0.001729
0.001715
0.001719
0.001715
0.001718
0.001715
0.001718
0.001714
0.001716
0.001719
0.001715
0.001721
0.001715
0.001717
0.001714
0.001715
0.001718
0.001715
0.001718
0.001716
0.001717
0.001715
0.001715
0.001719
0.001716
0.001719
0.001715
0.001719
0.001715
0.001716
0.001719
0.001716
0.001719
0.001715
0.001720
0.001715
0.001715
0.001718
0.001716
0.001718
0.001715
0.001717
0.001716
0.001714
0.001718
0.001715
0.001721
0.001716
0.001719
0.001716
0.001718
0.001715
0.001715
0.001719
0.001715
0.001720
0.001716
0.001719
0.001715
0.001716
0.001720
0.001717
0.001720
0.001718
0.001718
0.001716
0.001717
0.001721
0.001718
0.001759
0.001717
0.001719
0.001717
0.001716
0.001719
0.001717
0.001738
0.001717
0.001719
0.001715
0.001716
0.001721
0.001717
0.001718
0.001716
0.001718
0.001717
0.001716
0.001719
0.001716
0.001720
0.001714
0.001720
0.001717
0.001717
0.001720
0.001716
0.001719
0.001717
0.001721
0.001716
0.001717
0.001721
0.001718
0.001721
0.001717
0.001720
0.001716
0.001716
0.001721
0.001718
0.001721
0.001717
0.001719
0.001716
0.001717
0.001722
0.001716
0.001720
0.001716
0.001720
0.001717
0.001717
0.001721
0.001716
0.001721
0.001717
0.001720
0.001717
0.001716
0.001720
0.001717
0.001718
0.001717
0.001720
0.001717
0.001717
0.001718
0.001718
0.001720
0.001716
0.001719
0.001716
0.001716
0.001729
0.001717
0.001723
0.001717
0.001719
0.001717
0.001715
0.001721
0.001716
0.001721
0.001716
0.001720
0.001717
0.001717
0.001720
0.001717
0.001720
0.001717
0.001720
0.001717
0.001720
0.001717
0.001717
0.001721
0.001717
0.001721
0.001716
0.001720
0.001715
0.001717
0.001720
0.001717
0.001721
0.001716
0.001719
0.001717
0.001717
0.001720
0.001718
0.001720
0.001716
0.001720
0.001717
0.001717
0.001718
0.001717
0.001721
0.001716
0.001720
0.001717
0.001716
0.001720
0.001716
0.001720
0.001717
0.001719
0.001717
0.001717
0.001720
0.001717
0.001720
0.001715
0.001718
0.001716
0.001717
0.001720
0.001716
0.001721
0.001717
0.001720
0.001716
0.001717
0.001721
0.001717
0.001719
0.001716
0.001722
0.001716
0.001717
0.001720
0.001718
0.001722
0.001716
0.001720
0.001717
0.001717
0.001719
0.001717
0.001721
0.001717
0.001719
0.001716
0.001717
0.001718
0.001718
0.001720
0.001718
0.001720
0.001717
0.001717
0.001720
0.001716
0.001719
0.001717
0.001719
0.001718
0.001718
0.001719
0.001717
0.001719
0.001718
0.001722
0.001717
0.001716
0.001721
0.001717
0.001719
0.001717
0.001721
0.001716
0.001717
0.001719
0.001717
0.001719
0.001717
0.001721
0.001716
0.001716
0.001721
0.001716
0.001720
0.001716
0.001719
0.001718
0.001716
0.001719
0.001717
0.001721
0.001717
0.001720
0.001717
0.001718
0.001720
0.001718
0.001721
0.001717
0.001722
0.001812
0.001784
0.001717
0.001717
0.001722
0.001717
0.001721
0.001716
0.001719
0.001717
0.001717
0.001721
0.001718
0.001719
0.001716
0.001718
0.001717
0.001717
0.001720
0.001717
0.001720
0.001717
0.001721
0.001717
0.001717
0.001722
0.001717
0.001721
0.001717
0.001719
0.001717
0.001717
0.001720
0.001716
0.001721
0.001717
0.001720
0.001717
0.001717
0.001719
0.001717
0.001720
0.001717
0.001722
0.001718
0.001717
0.001720
0.001717
0.001720
