0.043779
0.042530
0.039138
0.039401
0.041249
0.041188
0.041796
0.040970
0.042882
0.040995
0.040824
0.040995
0.040646
0.040451
0.040098
0.039841
0.040459
0.040542
0.040090
0.040550
0.040835
0.040900
0.039912
0.040207
0.040558
0.040699
0.040307
0.040424
0.041024
0.040551
0.040558
0.040730
0.040271
0.040485
0.038465
0.039741
0.039900
0.039652
0.040208
0.048916
0.045244
0.042367
0.038671
0.040823
0.040784
0.039892
0.037270
0.040530
0.040077
0.039619
0.038981
0.039274
0.039399
0.039875
0.040027
0.034784
0.037216
0.038927
0.038389
0.037888
0.039010
0.039521
0.039125
0.039154
0.038941
0.038731
0.039157
0.039047
0.038823
0.039641
0.039465
0.039100
0.039542
0.039755
0.039560
0.039465
0.039685
0.039804
0.039106
0.039704
0.039644
0.039667
0.038893
0.039453
0.039848
0.035185
0.039873
0.039182
0.038768
0.038837
0.039111
0.039251
0.039578
0.039204
0.039008
0.039910
0.039441
0.039749
0.040185
0.040410
0.050502
0.048272
0.045179
0.044274
0.043697
0.042375
0.040938
0.041744
0.041398
0.041607
0.041487
0.041072
0.041817
0.041501
0.041250
0.041372
0.041516
0.040617
0.038219
0.040682
0.041095
0.041334
0.041704
0.040920
0.040950
0.041008
0.040461
0.040952
0.041285
0.040419
0.041135
0.041112
0.041091
0.040832
0.040923
0.040869
0.040309
0.041205
0.041296
0.040931
0.040907
0.041224
0.040841
0.041315
0.041502
0.041722
0.041760
0.041285
0.041362
0.040840
0.040814
0.040728
0.040968
0.040419
0.040518
0.040247
0.040648
0.040748
0.040648
0.040559
0.040993
0.039700
0.040955
0.040932
0.040370
0.038129
0.040385
0.040681
0.039502
0.040625
0.039523
0.041034
0.040184
0.038931
0.039895
0.039455
0.040230
0.039734
0.038901
0.040067
0.036721
0.039702
0.039452
0.038942
0.039255
0.038554
0.036732
0.039442
0.039426
0.039237
0.039358
0.039008
0.039523
0.039924
0.039883
0.040057
0.039219
0.040181
0.036672
0.039432
0.038822
0.039341
0.039090
0.039370
0.039734
0.039063
0.038806
0.039512
0.039308
0.038782
0.039158
0.039379
0.038811
0.040060
0.039407
0.039606
0.039497
0.039336
0.039846
0.037296
0.039889
0.039296
0.039425
0.045760
0.051959
0.043800
0.040238
0.043776
0.043266
0.041989
0.042532
0.041713
0.038387
0.041406
0.041631
0.041063
0.040488
0.041083
0.040326
0.041474
0.040691
0.040884
0.041010
0.041078
0.040515
0.040654
0.040196
0.040016
0.039723
0.040220
0.036921
0.039775
0.039797
0.039473
0.038929
0.037218
0.041195
0.040075
0.037232
0.040101
0.039653
0.039435
0.039492
0.039622
0.039643
0.039595
0.040051
0.038374
0.041170
0.040200
0.040387
0.040281
0.041766
0.039712
0.040451
0.040106
0.040155
0.040616
0.040072
0.040228
0.038664
0.039840
0.039702
0.039840
0.037377
0.040734
0.040753
0.040281
0.040391
0.040371
0.040567
0.040382
0.041000
0.037269
0.039870
0.040186
0.043565
0.038160
0.040374
0.039612
0.039204
0.038981
0.039328
0.039354
0.039429
0.039556
0.039077
0.039400
0.039863
0.036811
0.039150
0.038779
0.039294
0.038777
0.038618
0.039164
0.039463
0.039562
0.040052
0.039324
0.039316
0.037569
0.039108
0.038286
0.039841
0.038953
0.038944
0.038893
0.039694
0.039507
0.039935
0.039308
0.039291
0.039285
0.039227
0.039845
0.039694
0.039822
0.039307
0.039621
0.036926
0.039682
0.039789
0.039390
0.039099
0.036605
0.039250
0.038621
0.043686
0.052525
0.049262
0.048144
0.046380
0.044946
0.044804
0.044307
0.044449
0.043677
0.043422
0.043950
0.043480
0.043566
0.043232
0.043253
0.042785
0.043242
0.039359
0.042063
0.041908
0.041292
0.041024
0.041396
0.041255
0.041998
0.041139
0.041865
0.041528
0.039217
0.041702
0.041598
0.041762
0.040859
0.040646
0.040864
0.040880
0.040978
0.037317
0.039943
0.039518
0.040060
0.040214
0.040037
0.039219
0.039406
0.039458
0.040441
0.039825
0.039975
0.039853
0.039672
0.039379
0.040367
0.036658
0.039632
0.039553
0.039541
0.039673
0.040105
0.039268
0.039268
0.039345
0.040085
0.040101
0.039537
0.039930
0.039712
0.040226
0.039813
0.039189
0.040086
0.040031
0.039941
0.040422
0.039523
0.039647
0.039970
0.040699
0.039874
0.039556
0.039787
0.039394
0.039751
0.040097
0.039669
0.039892
0.039575
0.039792
0.039735
0.039690
0.039613
0.039576
0.040719
0.039748
0.040124
0.039816
0.040223
0.039638
0.040350
0.039941
0.040016
0.040139
0.039949
0.039648
0.039985
0.039765
0.039750
0.040047
0.040076
0.039966
0.039667
0.039826
0.039764
0.039732
0.039927
0.040002
0.040183
0.040576
0.039935
0.039917
0.040420
0.040303
0.048901
0.050608
0.048517
0.046793
0.047441
0.045882
0.045323
0.045073
0.044986
0.044939
0.044931
0.044938
0.044669
0.043026
0.043710
0.043257
0.043037
0.043709
0.043466
0.043108
0.043640
0.043320
0.043318
0.042713
0.043525
0.042991
0.042823
0.042833
0.043240
0.042808
0.044276
0.043157
0.042611
0.042397
0.042638
0.042615
0.042417
0.042429
0.042237
0.042437
0.042104
0.038932
0.040893
0.040920
0.040776
0.038455
0.041135
0.040610
0.040900
0.041066
0.040973
0.041577
0.039618
0.041486
0.041773
0.041734
0.041572
0.041579
0.041091
0.036860
0.040830
0.040366
0.040316
0.037381
0.039725
0.039295
0.040938
0.040192
0.039545
0.041412
0.040058
0.039525
0.040156
0.040035
0.039423
0.039868
0.039500
0.040146
0.039769
0.039737
0.039992
0.039787
0.039977
0.039777
0.040272
0.037714
0.040003
0.039239
0.039673
0.039382
0.039563
0.041076
0.040683
0.040259
0.039881
0.040154
0.040034
0.040063
0.040573
0.040054
0.039725
0.039726
0.040130
0.040172
0.039954
0.039977
0.040002
0.039940
0.039723
0.040184
0.040030
0.040183
0.039829
0.039666
0.036894
0.039906
0.040619
0.039465
0.039672
0.039051
0.039903
0.054302
0.050723
0.050602
0.047802
0.046762
0.041371
0.044052
0.042841
0.043173
0.043085
0.043497
0.043071
0.039529
0.042376
0.041543
0.041482
0.041292
0.041653
0.042391
0.041221
0.041303
0.041079
0.039185
0.041218
0.040779
0.041100
0.040474
0.040679
0.040962
0.040395
0.038042
0.045302
0.039687
0.040644
0.040354
0.040237
0.040304
0.040206
0.040417
0.039961
0.040090
0.040338
0.040992
0.040732
0.040280
0.039978
0.040332
0.040343
0.040264
0.040073
0.041373
0.040963
0.040844
0.040251
0.040855
0.040070
0.039518
0.039878
0.039333
0.039802
0.040158
0.039642
0.040541
0.040753
0.040235
0.040257
0.039986
0.040548
0.040112
0.040028
0.040282
0.040019
0.040226
0.037899
0.036698
0.039813
0.039182
0.036649
0.039242
0.039852
0.039413
0.039521
0.039196
0.039203
0.039155
0.039723
0.039179
0.039622
0.039777
0.040682
0.040491
0.037433
0.037717
0.039937
0.038735
0.036910
0.038833
0.039023
0.038963
0.037616
0.039109
0.039387
0.036827
0.039086
0.039565
0.036613
0.039353
0.039183
0.039219
0.039323
0.039194
0.038981
0.039095
0.039151
0.034673
0.039785
0.039326
0.039480
0.039097
0.039637
0.039438
0.038853
0.038993
0.041867
0.054764
0.049419
0.048263
0.047790
0.047019
0.044840
0.045031
0.044540
0.044388
0.043893
0.043451
0.042486
0.042347
0.042444
0.042355
0.042281
0.042435
0.042405
0.042135
0.042303
0.042370
0.042337
0.042120
0.041829
0.042017
0.042172
0.041946
0.042168
0.043121
0.042110
0.042796
0.041943
0.038061
0.041366
0.040384
0.040516
0.040383
0.040259
0.040028
0.040692
0.040195
0.040347
0.040744
0.040355
0.039896
0.040886
0.037799
0.039525
0.038550
0.039041
0.039470
0.039901
0.040173
0.040262
0.040069
0.039656
0.039626
0.039895
0.040110
0.039662
0.039702
0.042107
0.050542
0.044403
0.042719
0.042750
0.042892
0.042411
0.041798
0.042111
0.042042
0.041437
0.041698
0.041308
0.041881
0.041990
0.041538
0.042175
0.041389
0.041710
0.042445
0.041223
0.042123
0.041464
0.041119
0.041896
0.041175
0.041540
0.041036
0.041452
0.041161
0.041203
0.040895
0.039086
0.040929
0.040377
0.039800
0.039130
0.037677
0.041980
0.040636
0.040331
0.039195
0.039802
0.040881
0.040601
0.040289
0.038777
0.039861
0.040684
0.040380
0.039538
0.040241
0.038461
0.040296
0.040790
0.039912
0.040316
0.040032
0.038844
0.049433
0.047895
0.049038
0.046014
0.045717
0.045386
0.044645
0.044273
0.044569
0.043867
0.043969
0.044180
0.043839
0.044302
0.044369
0.043528
0.043461
0.043447
0.044356
0.043444
0.042629
0.040136
0.040058
0.042420
0.042567
0.041567
0.042273
0.042469
0.041658
0.042634
0.042525
0.042399
0.041504
0.041305
0.041721
0.041521
0.042106
0.039396
0.041007
0.040564
0.041276
0.041322
0.040890
0.041908
0.041381
0.037913
0.039942
0.040294
0.040078
0.039969
0.039628
0.040577
0.039785
0.040442
0.040336
0.037437
0.040990
0.040318
0.040734
0.039996
0.040381
0.040983
0.040309
0.040238
0.040062
0.039844
0.041156
0.040579
0.040521
0.040708
0.037731
0.040426
0.039570
0.040385
0.040300
0.039882
0.040552
0.039884
0.040333
0.040382
0.040471
0.040897
0.037430
0.041021
0.038604
0.040908
0.035462
0.040212
0.039140
0.039614
0.039038
0.039754
0.037618
0.040036
0.039991
0.040010
0.040082
0.039859
0.040467
0.040377
0.039974
0.040358
0.040425
0.040222
0.040398
0.039890
0.040084
0.039583
0.039846
0.040016
0.040860
0.041119
0.040674
0.040607
0.040367
0.040167
0.040896
0.040279
0.040529
0.040118
0.040385
0.044949
0.050150
0.048150
0.045079
0.044400
0.045648
0.043961
0.043538
0.043199
0.042688
0.043012
0.043135
0.043019
0.043141
0.042415
0.043108
0.038469
0.040893
0.041591
0.041808
0.041068
0.040975
0.041179
0.040713
0.041240
0.041095
0.040993
0.040882
0.041305
0.038439
0.041520
0.037963
0.042826
0.041166
0.040542
0.040947
0.041224
0.041206
0.040934
0.040778
0.041954
0.040988
0.041216
0.040793
0.041368
0.040720
0.040779
0.041009
0.041241
0.041272
0.041426
0.040986
0.041287
0.041433
0.040823
0.040527
0.039974
0.040402
0.040246
0.040369
0.040827
0.040225
0.040241
0.040355
0.040320
0.040383
0.040726
0.040548
0.040694
0.040489
0.041158
0.041314
0.040949
0.040963
0.041038
0.041316
0.040528
0.041273
0.041635
0.040009
0.040573
0.040519
0.040228
0.040527
0.041083
0.040304
0.040498
0.040221
0.040486
0.040950
0.040894
0.041731
0.041265
0.040869
0.040892
0.040461
0.040701
0.040799
0.037142
0.040928
0.040299
0.040367
0.040574
0.040832
0.040539
0.040101
0.039958
0.040261
0.040305
0.040345
0.040283
0.040381
0.040694
0.040136
0.040817
0.040678
0.040982
0.041402
0.040518
0.040628
0.040940
0.040562
0.055939
0.052875
0.052088
0.047477
0.046871
0.047165
0.045120
0.045432
0.044204
0.044569
0.044487
0.043780
0.044282
0.043791
0.044151
0.043918
0.044331
0.044143
0.043695
0.044437
0.043710
0.043334
0.042908
0.043359
0.043284
0.043284
0.038918
0.042871
0.042129
0.042099
0.041864
0.041283
0.041184
0.040961
0.039689
0.040714
0.040797
0.040462
0.041092
0.040803
0.040945
0.041371
0.041035
0.038264
0.041174
0.040844
0.040630
0.040626
0.038194
0.040731
0.040557
0.040306
0.041219
0.041845
0.040828
0.041314
0.041268
0.041405
0.041274
0.041522
0.039179
0.041807
0.041861
0.041563
0.041012
0.041864
0.041509
0.038180
0.040691
0.039899
0.040457
0.040397
0.040600
0.039928
0.040740
0.040836
0.040656
0.041795
0.040319
0.040659
0.040888
0.040259
0.040823
0.040065
0.040493
0.040932
0.041020
0.040310
0.040601
0.040600
0.041097
0.040843
0.039096
0.039856
0.038240
0.039617
0.039479
0.039619
0.039849
0.039522
0.039507
0.039698
0.040643
0.040181
0.040091
0.039817
0.039602
0.039757
0.040234
0.039891
0.039817
0.039836
0.039976
0.039705
0.039951
0.040236
0.040072
0.040716
0.040077
0.040226
0.050622
0.054526
0.047684
0.044767
0.044975
0.044316
0.042136
0.042972
0.043075
0.042642
0.042384
0.042291
0.042356
0.039320
0.041742
0.041294
0.041772
0.042070
0.042293
0.042585
0.042147
0.041578
0.042398
0.041395
0.041056
0.041742
0.041414
0.041919
0.042081
0.042400
0.042175
0.043245
0.042004
0.041382
0.041398
0.041606
0.041762
0.041852
0.041464
0.041451
0.038046
0.042013
0.042323
0.041990
0.041667
0.041322
0.041851
0.041488
0.041394
0.041208
0.041571
0.038786
0.041150
0.040771
0.041537
0.040838
0.040888
0.039395
0.040382
0.037518
0.041236
0.041289
0.040957
0.040443
0.040399
0.040523
0.040910
0.040912
0.039956
0.040608
0.041219
0.040410
0.039697
0.040435
0.040377
0.039978
0.040337
0.040190
0.040245
0.039353
0.039789
0.039677
0.039300
0.039271
0.039346
0.039664
0.039673
0.039766
0.040039
0.039640
0.039451
0.040188
0.041424
0.040300
0.040434
0.040120
0.040338
0.040435
0.040285
0.040369
0.041516
0.040871
0.040403
0.040919
0.040861
0.040284
0.040603
0.040314
0.039927
0.037263
0.039961
0.039454
0.039677
0.039445
0.039481
0.039773
0.040271
0.040048
0.039136
0.039511
0.039722
0.042914
0.050568
0.047629
0.048594
0.047592
0.049499
0.045572
0.044263
0.043801
0.043228
0.043142
0.043027
0.042843
0.042868
0.042759
0.043026
0.042931
0.043166
0.038866
0.041857
0.040359
0.040488
0.040482
0.041086
0.040441
0.040266
0.040507
0.039966
0.040599
0.040819
0.040465
0.040918
0.041834
0.040599
0.040781
0.040435
0.040662
0.040542
0.039769
0.040385
0.037321
0.043330
0.043343
0.041709
0.041583
0.041030
0.041070
0.041132
0.040791
0.040948
0.040637
0.042036
0.041287
0.041245
0.040737
0.040776
0.041304
0.040846
0.040941
0.041253
0.041553
0.041157
0.040926
0.040875
0.041169
0.038655
0.040410
0.040657
0.040485
0.040331
0.040018
0.040273
0.040602
0.040571
0.037817
0.036792
0.037578
0.039861
0.038859
0.039217
0.039471
0.039564
0.039171
0.038888
0.039334
0.039185
0.038979
0.039395
0.037043
0.041402
0.040021
0.039267
0.039681
0.040627
0.039802
0.037435
0.040416
0.039830
0.039779
0.039126
0.039732
0.039261
0.039176
0.037796
0.039328
0.038627
0.038039
0.039516
0.039144
0.039089
0.039115
0.039280
0.039117
0.039270
0.039059
0.039920
0.039389
0.039344
0.039586
0.039632
0.039198
0.039766
0.036945
0.046125
0.055907
0.048462
0.044931
0.046047
0.044134
0.044590
0.043483
0.044068
0.044029
0.043696
0.040272
0.043140
0.042542
0.042004
0.039914
0.042921
0.042901
0.041785
0.041540
0.041689
0.041942
0.041502
0.041517
0.040870
0.041950
0.041384
0.041701
0.041604
0.042523
0.038660
0.042087
0.039355
0.040465
0.039992
0.039399
0.039297
0.039640
0.039459
0.038236
0.039701
0.039250
0.039300
0.039622
0.037357
0.040228
0.039365
0.039362
0.039371
0.039368
0.039402
0.040272
0.039631
0.040533
0.040336
0.042298
0.041026
0.040446
0.040670
0.040337
0.040773
0.040406
0.040055
0.047401
0.045175
0.038758
0.041071
0.040863
0.041418
0.041804
0.041533
0.040935
0.041756
0.040981
0.041560
0.041428
0.040930
0.038215
0.039402
0.041506
0.040842
0.040948
0.042744
0.041660
0.039043
0.041680
0.040518
0.041533
0.040447
0.040919
0.041354
0.041352
0.038121
0.041228
0.040551
0.040055
0.040404
0.038036
0.040353
0.040942
0.040777
0.040766
0.040936
0.040630
0.040583
0.040635
0.040502
0.040979
0.040288
0.037695
0.039382
0.041449
0.038049
0.040682
0.039560
0.039907
0.040223
0.041408
0.037643
0.040524
0.039945
0.040493
0.051065
0.050331
0.049780
0.047838
0.043334
0.045715
0.044747
0.043969
0.044034
0.044440
0.043953
0.043271
0.043644
0.043494
0.043407
0.043759
0.044078
0.044470
0.044573
0.044425
0.043927
0.043303
0.042910
0.043322
0.043401
0.042496
0.042894
0.042352
0.042546
0.042880
0.039362
0.041875
0.042283
0.041438
0.041001
0.041605
0.042103
0.041416
0.038384
0.040841
0.040175
0.040441
0.040789
0.041146
0.041004
0.040529
0.040768
0.037923
0.040968
0.040466
0.040204
0.040088
0.040079
0.037663
0.039856
0.039923
0.039639
0.040181
0.040152
0.039830
0.039784
0.040615
0.039984
0.039845
0.039968
0.041100
0.040226
0.040298
0.040594
0.039817
0.040310
0.040941
0.040807
0.041125
0.040232
0.040461
0.040630
0.040293
0.038578
0.040690
0.040632
0.040050
0.040815
0.040679
0.040537
0.040321
0.040369
0.040396
0.040635
0.040150
0.040543
0.040838
0.040670
0.040679
0.040451
0.040383
0.040293
0.040364
0.040215
0.040578
0.041006
0.037631
0.040603
0.038625
0.039784
0.039985
0.039764
0.039712
0.040540
0.039123
0.040515
0.041242
0.041084
0.038892
0.040437
0.040834
0.040511
0.040168
0.038434
0.039604
0.040873
0.051176
0.046907
0.049256
0.047144
0.043272
0.044485
0.043239
0.041956
0.042092
0.042131
0.042293
0.042087
0.041502
0.041730
0.041625
0.041964
0.042113
0.042142
0.042115
0.041433
0.041495
0.040941
0.038896
0.041082
0.036704
0.041185
0.036997
0.040122
0.039999
0.040273
0.040435
0.040071
0.041786
0.040529
0.040898
0.040830
0.040123
0.040071
0.040756
0.040215
0.040726
0.040388
0.040219
0.040387
0.041221
0.040549
0.040033
0.040497
0.040180
0.040717
0.041081
0.040956
0.040721
0.040690
0.040426
0.040729
0.040254
0.041130
0.040573
0.040947
0.041213
0.037299
0.041135
0.040333
0.040729
0.040739
0.040163
0.040527
0.040824
0.040171
0.040054
0.040511
0.040641
0.040256
0.040591
0.040614
0.040364
0.040651
0.040310
0.040182
0.040164
0.039822
0.040537
0.040498
0.040872
0.037292
0.040265
0.040086
0.040324
0.040476
0.040605
0.041284
0.040830
0.040279
0.040709
0.040429
0.040481
0.040981
0.040304
0.040612
0.040525
0.040225
0.040719
0.041004
0.041050
0.040524
0.040469
0.040535
0.037363
0.040942
0.040373
0.039913
0.040004
0.040096
0.040189
0.037244
0.040319
0.039881
0.040341
0.040424
0.040667
0.040739
0.046822
0.053180
0.047124
0.044895
0.046084
0.045539
0.043652
0.043101
0.043334
0.043275
0.043420
0.043417
0.042925
0.042902
0.043013
0.042717
0.042682
0.043059
0.042514
0.042648
0.042376
0.042381
0.041919
0.042132
0.042199
0.042968
0.042308
0.042358
0.042306
0.042375
0.042434
0.044783
0.043444
0.042099
0.042607
0.042853
0.042392
0.042296
0.042010
0.042195
0.039214
0.041197
0.041612
0.041188
0.040697
0.040777
0.040834
0.040612
0.040899
0.041068
0.040933
0.040838
0.040845
0.040708
0.040929
0.040934
0.041202
0.038593
0.037750
0.040989
0.039426
0.039501
0.040489
0.037718
0.040479
0.039736
0.040026
0.040631
0.039995
0.040243
0.039565
0.040426
0.040079
0.040004
0.040306
0.040057
0.040159
0.040022
0.039937
0.040164
0.040743
0.039979
0.040114
0.039864
0.040004
0.040038
0.040261
0.039701
0.039365
0.039889
0.039677
0.040117
0.040409
0.039604
0.040073
0.039991
0.040012
0.039983
0.040342
0.040406
0.039959
0.039812
0.039894
0.040309
0.040591
0.040379
0.040339
0.040033
0.037264
0.039921
0.040556
0.040028
0.039824
0.039908
0.039960
0.040200
0.037396
0.038560
0.040280
0.037810
0.039914
0.040319
0.054926
0.049233
0.045263
0.044374
0.043735
0.043200
0.043503
0.042902
0.042996
0.042576
0.042778
0.042649
0.043082
0.039157
0.041486
0.041239
0.041235
0.041427
0.041495
0.040960
0.041203
0.041266
0.041087
0.041068
0.041157
0.041231
0.040820
0.040999
0.036661
0.041155
0.040365
0.040861
0.040295
0.040521
0.040008
0.040305
0.040910
0.040402
0.040409
0.040178
0.040244
0.039875
0.040086
0.037577
0.039552
0.036604
0.039014
0.039154
0.039680
0.039812
0.036773
0.039465
0.039240
0.039411
0.039225
0.039589
0.039481
0.039204
0.039081
0.039447
0.038680
0.039647
0.039838
0.038572
0.039324
0.039168
0.039185
0.037104
0.039779
0.038174
