0.000327
0.000201
0.000200
0.000201
0.000201
0.000201
0.000201
0.000201
0.000201
0.000201
0.000201
0.000201
0.000200
0.000207
0.000201
0.000210
0.000192
0.000191
0.000192
0.000192
0.000191
0.000192
0.000192
0.000191
0.000192
0.000192
0.000192
0.000192
0.000192
0.000192
0.000192
0.000192
0.000191
0.000192
0.000196
0.000197
0.000184
0.000184
0.000184
0.000184
0.000184
0.000184
0.000184
0.000184
0.000184
0.000183
0.000184
0.000184
0.000184
0.000184
0.000184
0.000184
0.000183
0.000184
0.000184
0.000189
0.000184
0.000184
0.000194
0.000177
0.000177
0.000176
0.000176
0.000176
0.000176
0.000176
0.000177
0.000177
0.000177
0.000176
0.000176
0.000176
0.000176
0.000176
0.000176
0.000177
0.000177
0.000177
0.000181
0.000176
0.000176
0.000179
0.000170
0.000170
0.000170
0.000170
0.000170
0.000170
0.000170
0.000170
0.000169
0.000170
0.000169
0.000170
0.000170
0.000170
0.000170
0.000170
0.000170
0.000170
0.000169
0.000173
0.000169
0.000179
0.000164
0.000163
0.000163
0.000163
0.000163
0.000164
0.000163
0.000163
0.000163
0.000163
0.000164
0.000164
0.000163
0.000163
0.000163
0.000164
0.000164
0.000163
0.000163
0.000163
0.000164
0.000167
0.000163
0.000164
0.000152
0.000152
0.000152
0.000152
0.000153
0.000152
0.000152
0.000152
0.000153
0.000152
0.000152
0.000152
0.000152
0.000152
0.000152
0.000152
0.000152
0.000152
0.000152
0.000152
0.000152
0.000152
0.000152
0.000155
0.000163
0.000147
0.000147
0.000147
0.000148
0.000147
0.000147
0.000147
0.000147
0.000147
0.000147
0.000147
0.000147
0.000147
0.000147
0.000148
0.000147
0.000147
0.000147
0.000147
0.000147
0.000147
0.000147
0.000147
0.000147
0.000147
0.000151
0.000153
0.000142
0.000143
0.000142
0.000142
0.000142
0.000142
0.000142
0.000143
0.000142
0.000142
0.000143
0.000142
0.000142
0.000143
0.000142
0.000142
0.000143
0.000142
0.000142
0.000142
0.000142
0.000143
0.000142
0.000142
0.000142
0.000142
0.000146
0.000143
0.000142
0.000151
0.000138
0.000138
0.000138
0.000138
0.000138
0.000138
0.000138
0.000138
0.000138
0.000137
0.000138
0.000138
0.000138
0.000138
0.000138
0.000138
0.000138
0.000138
0.000138
0.000138
0.000138
0.000138
0.000138
0.000138
0.000138
0.000140
0.000138
0.000138
0.000138
0.000138
0.000138
0.000138
0.000137
0.000138
0.000138
0.000138
0.000138
0.000138
0.000138
0.000138
0.000138
0.000138
0.000137
0.000138
0.000138
0.000138
0.000138
0.000138
0.000138
0.000138
0.000138
0.000138
0.000137
0.000138
0.000141
0.000148
0.000134
0.000134
0.000134
0.000134
0.000134
0.000134
0.000134
0.000134
0.000134
0.000134
0.000134
0.000134
0.000133
0.000134
0.000134
0.000133
0.000133
0.000133
0.000133
0.000133
0.000133
0.000133
0.000134
0.000134
0.000134
0.000134
0.000134
0.000134
0.000137
0.000134
0.000134
0.000143
0.000130
0.000130
0.000130
0.000130
0.000130
0.000130
0.000130
0.000129
0.000129
0.000129
0.000130
0.000130
0.000130
0.000130
0.000130
0.000130
0.000130
0.000129
0.000129
0.000129
0.000129
0.000145
0.000138
0.000138
0.000138
0.000138
0.000163
0.000142
0.000142
0.000143
0.000150
0.000138
0.000137
0.000138
0.000145
0.000129
0.000129
0.000130
0.000130
0.000130
0.000130
0.000130
0.000130
0.000130
0.000130
0.000130
0.000130
0.000130
0.000130
0.000130
0.000130
0.000130
0.000130
0.000130
0.000130
0.000130
0.000157
0.000138
0.000138
0.000138
0.000137
0.000138
0.000138
0.000138
0.000145
0.000130
0.000130
0.000130
0.000130
0.000130
0.000130
0.000130
0.000130
0.000130
0.000129
0.000129
0.000129
0.000129
0.000130
0.000130
0.000130
0.000130
0.000130
0.000130
0.000130
0.000130
0.000155
0.000138
0.000138
0.000155
0.000142
0.000143
0.000142
0.000142
0.000150
0.000138
0.000138
0.000138
0.000142
0.000130
0.000130
0.000130
0.000130
0.000130
0.000130
0.000129
0.000130
0.000130
0.000130
0.000130
0.000130
0.000130
0.000130
0.000130
0.000130
0.000133
0.000130
0.000130
0.000129
0.000129
0.000129
0.000130
0.000130
0.000130
0.000130
0.000130
0.000130
0.000130
0.000130
0.000130
0.000129
0.000130
0.000130
0.000130
0.000130
0.000130
0.000130
0.000130
0.000130
0.000130
0.000130
0.000129
0.000129
0.000129
0.000130
0.000130
0.000132
0.000130
0.000130
0.000130
0.000130
0.000130
0.000130
0.000130
0.000130
0.000129
0.000129
0.000130
0.000131
0.000130
0.000130
0.000129
0.000130
0.000130
0.000130
0.000130
0.000130
0.000148
0.000138
0.000138
0.000138
0.000138
0.000138
0.000138
0.000138
0.000138
0.000144
0.000130
0.000130
0.000130
0.000130
0.000130
0.000130
0.000130
0.000129
0.000129
0.000129
0.000130
0.000130
0.000130
0.000130
0.000130
0.000130
0.000130
0.000129
0.000130
0.000130
0.000130
0.000130
0.000130
0.000130
0.000130
0.000130
0.000130
0.000130
0.000130
0.000132
0.000130
0.000130
0.000130
0.000130
0.000130
0.000130
0.000130
0.000130
0.000130
0.000130
0.000130
0.000129
0.000129
0.000129
0.000130
0.000130
0.000129
0.000129
0.000130
0.000130
0.000130
0.000130
0.000130
0.000130
0.000130
0.000130
0.000130
0.000129
0.000129
0.000130
0.000131
0.000130
0.000130
0.000130
0.000130
0.000130
0.000130
0.000130
0.000148
0.000138
0.000138
0.000138
0.000138
0.000138
0.000138
0.000138
0.000138
0.000143
0.000130
0.000130
0.000129
0.000130
0.000130
0.000129
0.000130
0.000130
0.000130
0.000130
0.000130
0.000130
0.000133
0.000130
0.000130
0.000130
0.000129
0.000129
0.000129
0.000129
0.000130
0.000130
0.000130
0.000130
0.000130
0.000130
0.000130
0.000130
0.000130
0.000130
0.000130
0.000130
0.000130
0.000129
0.000129
0.000129
0.000129
0.000130
0.000130
0.000130
0.000130
0.000130
0.000130
0.000133
0.000130
0.000130
0.000130
0.000130
0.000130
0.000130
0.000130
0.000129
0.000130
0.000129
0.000129
0.000129
0.000130
0.000130
0.000130
0.000130
0.000130
0.000130
0.000130
0.000130
0.000130
0.000130
0.000130
0.000130
0.000129
0.000153
0.000138
0.000138
0.000138
0.000141
0.000138
0.000138
0.000138
0.000143
0.000129
0.000129
0.000130
0.000130
0.000130
0.000130
0.000130
0.000130
0.000130
0.000130
0.000129
0.000129
0.000130
0.000130
0.000130
0.000130
0.000130
0.000130
0.000130
0.000130
0.000130
0.000129
0.000130
0.000130
0.000130
0.000132
0.000130
0.000130
0.000130
0.000130
0.000130
0.000130
0.000130
0.000130
0.000130
0.000129
0.000129
0.000129
0.000129
0.000129
0.000130
0.000130
0.000130
0.000130
0.000130
0.000130
0.000129
0.000130
0.000130
0.000130
0.000130
0.000130
0.000130
0.000130
0.000130
0.000130
0.000131
0.000130
0.000130
0.000130
0.000130
0.000130
0.000129
0.000129
0.000130
0.000130
0.000130
0.000130
0.000146
0.000138
0.000138
0.000138
0.000138
0.000137
0.000138
0.000138
0.000138
0.000147
0.000130
0.000130
0.000130
0.000130
0.000130
0.000130
0.000130
0.000130
0.000133
0.000130
0.000130
0.000130
0.000130
0.000130
0.000130
0.000129
0.000129
0.000129
0.000129
0.000130
0.000130
0.000130
0.000130
0.000130
0.000130
0.000129
0.000129
0.000130
0.000130
0.000130
0.000130
0.000130
0.000130
0.000130
0.000130
0.000130
0.000129
0.000129
0.000130
0.000131
0.000129
0.000129
0.000129
0.000130
0.000130
0.000130
0.000130
0.000130
0.000130
0.000130
0.000130
0.000130
0.000129
0.000129
0.000130
0.000130
0.000130
0.000130
0.000130
0.000130
0.000130
0.000149
0.000138
0.000138
0.000138
0.000138
0.000138
0.000138
0.000138
0.000141
0.000140
0.000129
0.000129
0.000130
0.000130
0.000130
0.000130
0.000130
0.000130
0.000130
0.000130
0.000130
0.000130
0.000130
0.000129
0.000129
0.000130
0.000130
0.000130
0.000130
0.000130
0.000130
0.000130
0.000130
0.000130
0.000130
0.000130
0.000130
0.000130
0.000130
0.000131
0.000129
0.000129
0.000130
0.000130
0.000130
0.000130
0.000130
0.000130
0.000130
0.000130
0.000130
0.000130
0.000129
0.000129
0.000129
0.000130
0.000130
0.000130
0.000130
0.000130
0.000130
0.000130
0.000130
0.000130
0.000130
0.000130
0.000130
0.000130
0.000130
0.000132
0.000129
0.000129
0.000130
0.000130
0.000130
0.000152
0.000138
0.000137
0.000138
0.000138
0.000154
0.000142
0.000142
0.000143
0.000142
0.000142
0.000152
0.000138
0.000138
0.000143
0.000130
0.000130
0.000130
0.000130
0.000130
0.000129
0.000130
0.000130
0.000130
0.000132
0.000130
0.000130
0.000129
0.000130
0.000130
0.000130
0.000130
0.000130
0.000130
0.000130
0.000130
0.000130
0.000130
0.000130
0.000130
0.000130
0.000130
0.000130
0.000129
0.000130
0.000129
0.000129
0.000129
0.000129
0.000130
0.000130
0.000130
0.000130
0.000130
0.000132
0.000130
0.000130
0.000130
0.000130
0.000130
0.000129
0.000129
0.000129
0.000129
0.000130
0.000130
0.000131
0.000130
0.000130
0.000130
0.000130
0.000130
0.000129
0.000129
0.000130
0.000130
0.000130
0.000130
0.000130
0.000130
0.000130
0.000152
0.000138
0.000138
0.000137
0.000160
0.000143
0.000142
0.000142
0.000150
0.000148
0.000130
0.000130
0.000130
0.000129
0.000129
0.000130
0.000130
0.000130
0.000130
0.000130
0.000130
0.000130
0.000130
0.000130
0.000130
0.000130
0.000130
0.000130
0.000129
0.000129
0.000129
0.000129
0.000129
0.000130
0.000131
0.000129
0.000129
0.000129
0.000129
0.000130
0.000130
0.000130
0.000130
0.000130
0.000130
0.000130
0.000130
0.000130
0.000130
0.000130
0.000130
0.000130
0.000130
0.000130
0.000129
0.000130
0.000130
0.000130
0.000130
0.000130
0.000130
0.000130
0.000130
0.000130
0.000132
0.000130
0.000130
0.000130
0.000147
0.000138
0.000137
0.000138
0.000138
0.000138
0.000138
0.000137
0.000138
0.000138
0.000142
0.000130
0.000129
0.000129
0.000129
0.000129
0.000130
0.000130
0.000130
0.000130
0.000130
0.000130
0.000130
0.000130
0.000130
0.000129
0.000149
0.000137
0.000138
0.000138
0.000138
0.000138
0.000138
0.000138
0.000138
0.000143
0.000129
0.000130
0.000130
0.000130
0.000130
0.000130
0.000130
0.000129
0.000129
0.000129
0.000129
0.000130
0.000130
0.000130
0.000130
0.000130
0.000129
0.000130
0.000130
0.000130
0.000132
0.000130
0.000130
0.000129
0.000129
0.000129
0.000130
0.000130
0.000130
0.000130
0.000130
0.000130
0.000129
0.000129
0.000130
0.000130
0.000130
0.000130
0.000130
0.000130
0.000130
0.000130
0.000130
0.000152
0.000138
0.000138
0.000138
0.000138
0.000138
0.000138
0.000140
0.000166
0.000138
0.000138
0.000138
0.000138
0.000138
0.000138
0.000138
0.000143
0.000130
0.000130
0.000130
0.000130
0.000130
0.000130
0.000129
0.000129
0.000130
0.000130
0.000130
0.000130
0.000130
0.000130
0.000130
0.000130
0.000129
0.000129
0.000129
0.000129
0.000131
0.000130
0.000130
0.000130
0.000129
0.000129
0.000129
0.000130
0.000130
0.000130
0.000130
0.000130
0.000130
0.000130
0.000130
0.000130
0.000129
0.000129
0.000130
0.000130
0.000130
0.000130
0.000130
0.000130
0.000130
0.000130
0.000129
0.000129
0.000130
0.000130
0.000130
0.000151
0.000138
0.000138
0.000138
0.000138
0.000138
0.000138
0.000137
0.000138
0.000138
0.000138
0.000138
0.000138
0.000138
0.000138
0.000138
0.000138
0.000144
0.000130
0.000130
0.000129
0.000129
0.000130
0.000129
0.000129
0.000130
0.000130
0.000130
0.000130
0.000132
0.000130
0.000130
0.000129
0.000130
0.000130
0.000130
0.000130
0.000130
0.000130
0.000130
0.000130
0.000130
0.000130
0.000130
0.000130
0.000130
0.000129
0.000129
0.000130
0.000130
0.000130
0.000130
0.000130
0.000130
0.000130
0.000130
0.000130
0.000129
0.000129
0.000129
0.000149
0.000138
0.000138
0.000138
0.000138
0.000138
0.000138
0.000138
0.000138
0.000142
0.000129
0.000129
0.000129
0.000129
0.000130
0.000130
0.000130
0.000130
0.000130
0.000130
0.000130
0.000130
0.000130
0.000130
0.000129
0.000129
0.000151
0.000138
0.000138
0.000138
0.000141
0.000138
0.000138
0.000137
0.000147
0.000130
0.000130
0.000130
0.000130
0.000130
0.000130
0.000130
0.000130
0.000130
0.000130
0.000130
0.000129
0.000129
0.000129
0.000129
0.000129
0.000130
0.000130
0.000130
0.000130
0.000130
0.000130
0.000130
0.000130
0.000130
0.000132
0.000130
0.000130
0.000129
0.000130
0.000130
0.000130
0.000130
0.000130
0.000130
0.000130
0.000130
0.000130
0.000130
0.000130
0.000130
0.000129
0.000129
0.000129
0.000130
0.000130
0.000130
0.000130
0.000130
0.000130
0.000130
0.000129
0.000130
0.000130
0.000130
0.000130
0.000132
0.000129
0.000129
0.000130
0.000146
0.000138
0.000137
0.000138
0.000138
0.000138
0.000138
0.000138
0.000138
0.000146
0.000130
0.000130
0.000130
0.000129
0.000130
0.000130
0.000130
0.000130
0.000130
0.000130
0.000138
0.000131
0.000131
0.000131
0.000131
0.000131
0.000133
0.000131
0.000131
0.000131
0.000131
0.000131
0.000131
0.000131
0.000131
0.000131
0.000131
0.000131
0.000131
0.000131
0.000131
0.000131
0.000130
0.000130
0.000130
0.000130
0.000130
0.000131
0.000131
0.000131
0.000131
0.000131
0.000131
0.000131
0.000131
0.000131
0.000133
0.000130
0.000130
0.000130
0.000131
0.000131
0.000131
0.000131
0.000130
0.000130
0.000130
0.000130
0.000130
0.000130
0.000131
0.000130
0.000130
0.000130
0.000130
0.000130
0.000130
0.000130
0.000147
0.000139
0.000139
0.000139
0.000138
0.000138
0.000139
0.000139
0.000143
0.000145
0.000130
0.000130
0.000130
0.000131
0.000130
0.000130
0.000130
0.000130
0.000130
0.000131
0.000131
0.000131
0.000131
0.000131
0.000131
0.000131
0.000131
0.000131
0.000131
0.000131
0.000131
0.000131
0.000131
0.000131
0.000130
0.000131
0.000131
0.000131
0.000131
0.000134
0.000131
0.000131
0.000131
0.000131
0.000131
0.000131
0.000131
0.000131
0.000131
0.000131
0.000131
0.000131
0.000131
0.000131
0.000131
0.000131
0.000131
0.000130
0.000130
0.000130
0.000130
0.000130
0.000130
0.000130
0.000130
0.000130
0.000130
0.000130
0.000130
0.000132
0.000130
0.000130
0.000130
0.000130
0.000131
0.000131
0.000130
0.000131
0.000153
0.000139
0.000139
0.000139
0.000139
0.000139
0.000139
0.000138
0.000149
0.000131
0.000131
0.000131
0.000131
0.000131
0.000131
0.000131
0.000131
0.000131
0.000131
0.000131
0.000131
0.000133
0.000130
0.000130
0.000130
0.000130
0.000130
0.000130
0.000130
0.000130
0.000130
0.000131
0.000131
0.000131
0.000131
0.000131
0.000130
0.000130
0.000131
0.000131
0.000131
0.000130
0.000130
0.000130
0.000130
0.000130
0.000131
0.000130
0.000130
0.000130
0.000130
0.000133
0.000131
0.000131
0.000131
0.000131
0.000131
0.000131
0.000131
0.000131
0.000131
0.000131
0.000131
0.000131
0.000131
0.000131
0.000131
0.000131
0.000131
0.000131
0.000131
0.000131
0.000131
0.000131
0.000131
0.000131
0.000152
0.000139
0.000139
0.000139
0.000139
0.000142
0.000139
0.000139
0.000139
0.000138
0.000144
0.000131
0.000131
0.000131
0.000131
0.000131
0.000131
0.000130
0.000131
0.000131
0.000131
0.000131
0.000131
0.000131
0.000131
0.000131
0.000131
0.000131
0.000131
0.000131
0.000131
0.000131
0.000131
0.000131
0.000131
0.000131
0.000133
0.000131
0.000131
0.000131
0.000131
0.000131
0.000131
0.000131
0.000131
0.000131
0.000131
0.000131
0.000130
0.000130
0.000130
0.000131
0.000131
0.000131
0.000131
0.000131
0.000131
0.000131
0.000131
0.000131
0.000131
0.000131
0.000131
0.000131
0.000131
0.000130
0.000133
0.000131
0.000131
0.000131
0.000131
0.000153
0.000139
0.000138
0.000139
0.000139
0.000139
0.000139
0.000138
0.000148
0.000131
0.000131
0.000131
0.000131
0.000131
0.000131
0.000131
0.000131
0.000131
0.000131
0.000131
0.000131
0.000131
0.000131
0.000131
0.000131
0.000133
0.000131
0.000131
0.000131
0.000131
0.000131
0.000131
0.000131
0.000131
0.000131
0.000131
0.000131
0.000130
0.000130
0.000130
0.000130
0.000130
0.000130
0.000131
0.000130
0.000130
0.000130
0.000130
0.000130
0.000131
0.000131
0.000131
0.000131
0.000131
0.000131
0.000143
0.000133
0.000131
0.000131
0.000131
0.000131
0.000131
0.000131
0.000131
0.000130
0.000130
0.000130
0.000130
0.000130
0.000130
0.000130
0.000131
0.000131
0.000131
0.000131
0.000131
0.000131
0.000147
0.000139
0.000139
0.000139
0.000139
0.000139
0.000139
0.000138
0.000141
0.000146
0.000131
0.000131
0.000131
0.000131
0.000131
0.000131
0.000131
0.000131
0.000131
0.000131
0.000131
0.000131
0.000131
0.000131
0.000131
0.000131
0.000131
0.000131
0.000131
0.000131
0.000131
0.000131
0.000131
0.000131
0.000131
0.000130
0.000130
0.000130
0.000130
0.000132
0.000130
0.000130
0.000130
0.000130
0.000130
0.000130
0.000131
0.000130
0.000130
0.000130
0.000130
0.000130
0.000130
0.000130
0.000130
0.000130
0.000130
0.000130
0.000131
0.000131
0.000131
0.000131
0.000131
0.000131
0.000131
0.000131
0.000131
0.000130
0.000130
0.000133
0.000131
0.000131
0.000130
0.000130
0.000130
0.000130
0.000130
0.000130
0.000151
0.000139
0.000139
0.000139
0.000139
0.000139
0.000139
0.000139
0.000139
0.000142
0.000131
0.000131
0.000131
0.000131
0.000131
0.000131
0.000131
0.000131
0.000131
0.000131
0.000131
0.000133
0.000130
0.000131
0.000131
0.000131
0.000131
0.000131
0.000131
0.000131
0.000130
0.000130
0.000130
0.000130
0.000130
0.000130
0.000130
0.000130
0.000130
0.000130
0.000130
0.000130
0.000130
0.000130
0.000130
0.000130
0.000131
0.000131
0.000131
0.000131
0.000131
0.000133
0.000131
0.000130
0.000130
0.000130
0.000130
0.000130
0.000130
0.000130
0.000130
0.000130
0.000130
0.000130
0.000130
0.000131
0.000131
0.000130
0.000131
0.000131
0.000131
0.000130
0.000130
0.000131
0.000131
0.000131
0.000131
0.000130
0.000153
0.000139
0.000138
0.000138
0.000139
0.000138
0.000139
0.000139
0.000139
0.000139
0.000139
0.000139
0.000145
0.000131
0.000131
0.000131
0.000131
0.000131
0.000131
0.000131
0.000131
0.000130
0.000130
0.000130
0.000130
0.000131
0.000131
0.000148
0.000139
0.000139
0.000139
0.000138
0.000139
0.000141
0.000139
0.000139
0.000139
0.000139
0.000139
0.000138
0.000139
0.000147
0.000131
0.000131
0.000131
0.000131
0.000131
0.000131
0.000131
0.000131
0.000131
0.000131
0.000131
0.000131
0.000131
0.000131
0.000130
0.000130
0.000130
0.000130
0.000130
0.000131
0.000131
0.000172
0.000144
0.000143
0.000143
0.000144
0.000143
0.000144
0.000143
0.000152
0.000139
0.000139
0.000138
0.000139
0.000139
0.000148
0.000131
0.000131
0.000131
0.000131
0.000131
0.000131
0.000131
0.000131
0.000131
0.000130
0.000130
0.000130
0.000131
0.000131
0.000156
0.000139
0.000149
0.000131
0.000131
0.000131
0.000131
0.000131
0.000131
0.000131
0.000131
0.000131
0.000131
0.000131
0.000131
0.000130
0.000130
0.000130
0.000130
0.000130
0.000130
0.000130
0.000130
0.000130
0.000130
0.000130
0.000130
0.000130
0.000130
0.000130
0.000153
0.000139
0.000139
0.000138
0.000139
0.000139
0.000139
0.000139
0.000149
0.000131
0.000130
0.000131
0.000131
0.000131
0.000131
0.000131
0.000131
0.000131
0.000131
0.000131
0.000131
0.000131
0.000131
0.000149
0.000139
0.000139
0.000139
0.000139
0.000139
0.000142
0.000139
0.000139
0.000144
0.000131
0.000131
0.000131
0.000131
0.000131
0.000131
0.000131
0.000131
0.000131
0.000131
0.000131
0.000131
0.000130
