0.002014
0.001479
0.001449
0.001422
0.001427
0.001390
0.001379
0.001387
0.001334
0.001335
0.001344
0.001297
0.001294
0.001305
0.001258
0.001256
0.001257
0.001250
0.001224
0.001225
0.001222
0.001191
0.001189
0.001197
0.001160
0.001159
0.001159
0.001157
0.001131
0.001130
0.001135
0.001154
0.001136
0.001102
0.001099
0.001077
0.001075
0.001077
0.001075
0.001075
0.001139
0.001100
0.001073
0.001077
0.001075
0.001079
0.001076
0.001078
0.001079
0.001113
0.001121
0.001077
0.001081
0.001077
0.001075
0.001077
0.001080
0.001077
0.001081
0.001151
0.001140
0.001079
0.001081
0.001084
0.001083
0.001079
0.001080
0.001146
0.001153
0.001111
0.001085
0.001080
0.001080
0.001136
0.001133
0.001078
0.001116
0.001135
0.001081
0.001078
0.001079
0.001083
0.001081
0.001080
0.001083
0.001086
0.001144
0.001097
0.001083
0.001082
0.001079
0.001080
0.001081
0.001080
0.001081
0.001125
0.001125
0.001081
0.001080
0.001085
0.001081
0.001079
0.001081
0.001082
0.001097
0.001147
0.001082
0.001084
0.001081
0.001082
0.001081
0.001082
0.001081
0.001134
0.001116
0.001080
0.001082
0.001079
0.001083
0.001098
0.001180
0.001166
0.001135
0.001111
0.001080
0.001086
0.001080
0.001080
0.001079
0.001084
0.001080
0.001079
0.001082
0.001082
0.001081
0.001079
0.001084
0.001079
0.001078
0.001080
0.001083
0.001081
0.001083
0.001085
0.001082
0.001084
0.001082
0.001084
0.001080
0.001079
0.001082
0.001137
0.001110
0.001079
0.001086
0.001082
0.001079
0.001081
0.001119
0.001126
0.001081
0.001080
0.001086
0.001079
0.001082
0.001083
0.001080
0.001081
0.001082
0.001112
0.001081
0.001082
0.001079
0.001083
0.001078
0.001081
0.001083
0.001080
0.001080
0.001080
0.001086
0.001081
0.001081
0.001082
0.001084
0.001080
0.001078
0.001079
0.001084
0.001081
0.001084
0.001082
0.001082
0.001081
0.001080
0.001082
0.001081
0.001078
0.001082
0.001086
0.001079
0.001083
0.001085
0.001079
0.001080
0.001079
0.001083
0.001081
0.001080
0.001082
0.001085
0.001080
0.001084
0.001082
0.001081
0.001079
0.001079
0.001084
0.001079
0.001080
0.001080
0.001084
0.001081
0.001078
0.001078
0.001082
0.001077
0.001079
0.001083
0.001080
0.001079
0.001082
0.001082
0.001079
0.001079
0.001081
0.001084
0.001081
0.001079
0.001084
0.001080
0.001080
0.001080
0.001122
0.001123
0.001079
0.001082
0.001083
0.001081
0.001081
0.001106
0.001142
0.001079
0.001080
0.001084
0.001080
0.001081
0.001079
0.001143
0.001104
0.001082
0.001083
0.001081
0.001082
0.001081
0.001084
0.001079
0.001081
0.001083
0.001117
0.001107
0.001079
0.001084
0.001081
0.001080
0.001080
0.001083
0.001080
0.001079
0.001082
0.001086
0.001083
0.001081
0.001085
0.001081
0.001082
0.001080
0.001084
0.001081
0.001081
0.001081
0.001086
0.001080
0.001083
0.001082
0.001083
0.001080
0.001079
0.001138
0.001137
0.001093
0.001081
0.001083
0.001081
0.001082
0.001081
0.001080
0.001081
0.001083
0.001118
0.001129
0.001080
0.001081
0.001084
0.001080
0.001080
0.001081
0.001081
0.001078
0.001081
0.001085
0.001080
0.001082
0.001083
0.001087
0.001082
0.001079
0.001080
0.001082
0.001082
0.001079
0.001083
0.001081
0.001082
0.001081
0.001127
0.001119
0.001081
0.001083
0.001083
0.001081
0.001079
0.001108
0.001137
0.001080
0.001079
0.001085
0.001082
0.001082
0.001083
0.001085
0.001083
0.001079
0.001086
0.001081
0.001081
0.001080
0.001084
0.001080
0.001080
0.001080
0.001084
0.001081
0.001080
0.001084
0.001081
0.001081
0.001081
0.001086
0.001080
0.001084
0.001085
0.001084
0.001081
0.001081
0.001084
0.001080
0.001079
0.001081
0.001083
0.001082
0.001081
0.001080
0.001087
0.001079
0.001080
0.001080
0.001082
0.001080
0.001080
0.001084
0.001081
0.001082
0.001079
0.001084
0.001080
0.001082
0.001079
0.001085
0.001082
0.001080
0.001086
0.001082
0.001078
0.001082
0.001083
0.001081
0.001080
0.001081
0.001084
0.001082
0.001080
0.001084
0.001077
0.001081
0.001082
0.001083
0.001081
0.001078
0.001083
0.001084
0.001080
0.001080
0.001083
0.001083
0.001081
0.001080
0.001113
0.001132
0.001081
0.001081
0.001083
0.001082
0.001080
0.001081
0.001152
0.001097
0.001079
0.001084
0.001081
0.001081
0.001082
0.001086
0.001082
0.001082
0.001081
0.001085
0.001080
0.001084
0.001086
0.001080
0.001081
0.001085
0.001084
0.001080
0.001078
0.001084
0.001087
0.001085
0.001082
0.001082
0.001081
0.001082
0.001082
0.001083
0.001083
0.001080
0.001082
0.001084
0.001083
0.001080
0.001083
0.001083
0.001082
0.001082
0.001084
0.001079
0.001080
0.001080
0.001085
0.001081
0.001081
0.001083
0.001081
0.001081
0.001081
0.001087
0.001081
0.001079
0.001081
0.001083
0.001079
0.001081
0.001081
0.001083
0.001081
0.001080
0.001084
0.001080
0.001083
0.001083
0.001084
0.001083
0.001082
0.001082
0.001084
0.001082
0.001079
0.001084
0.001082
0.001082
0.001081
0.001083
0.001081
0.001083
0.001081
0.001083
0.001079
0.001080
0.001100
0.001093
0.001081
0.001081
0.001083
0.001080
0.001139
0.001106
0.001140
0.001109
0.001081
0.001086
0.001080
0.001080
0.001084
0.001122
0.001125
0.001082
0.001080
0.001142
0.001080
0.001081
0.001085
0.001084
0.001082
0.001082
0.001084
0.001077
0.001080
0.001082
0.001084
0.001081
0.001079
0.001085
0.001081
0.001080
0.001081
0.001139
0.001119
0.001079
0.001080
0.001081
0.001082
0.001083
0.001085
0.001081
0.001084
0.001084
0.001084
0.001079
0.001083
0.001085
0.001083
0.001082
0.001079
0.001085
0.001081
0.001081
0.001082
0.001084
0.001079
0.001080
0.001079
0.001084
0.001080
0.001080
0.001081
0.001084
0.001080
0.001080
0.001084
0.001080
0.001081
0.001081
0.001084
0.001080
0.001080
0.001078
0.001083
0.001081
0.001079
0.001085
0.001079
0.001081
0.001079
0.001084
0.001082
0.001080
0.001079
0.001084
0.001079
0.001080
0.001100
0.001122
0.001080
0.001081
0.001084
0.001080
0.001080
0.001081
0.001141
0.001110
0.001079
0.001079
0.001081
0.001082
0.001081
0.001086
0.001081
0.001079
0.001081
0.001082
0.001080
0.001082
0.001080
0.001084
0.001078
0.001080
0.001083
0.001081
0.001079
0.001080
0.001084
0.001079
0.001079
0.001081
0.001081
0.001079
0.001081
0.001082
0.001081
0.001081
0.001082
0.001085
0.001081
0.001080
0.001082
0.001085
0.001079
0.001080
0.001083
0.001081
0.001079
0.001083
0.001084
0.001081
0.001080
0.001078
0.001082
0.001080
0.001081
0.001082
0.001079
0.001080
0.001079
0.001082
0.001081
0.001078
0.001109
0.001083
0.001079
0.001080
0.001083
0.001083
0.001079
0.001082
0.001086
0.001081
0.001080
0.001081
0.001086
0.001078
0.001079
0.001082
0.001085
0.001078
0.001081
0.001085
0.001080
0.001083
0.001081
0.001082
0.001082
0.001082
0.001081
0.001127
0.001078
0.001080
0.001085
0.001080
0.001082
0.001082
0.001110
0.001128
0.001079
0.001082
0.001082
0.001078
0.001082
0.001081
0.001082
0.001081
0.001083
0.001086
0.001083
0.001079
0.001082
0.001084
0.001081
0.001080
0.001081
0.001085
0.001079
0.001080
0.001086
0.001082
0.001081
0.001080
0.001084
0.001079
0.001080
0.001080
0.001127
0.001080
0.001079
0.001081
0.001079
0.001081
0.001081
0.001084
0.001079
0.001117
0.001134
0.001114
0.001080
0.001081
0.001085
0.001080
0.001080
0.001080
0.001084
0.001081
0.001083
0.001079
0.001082
0.001080
0.001081
0.001085
0.001080
0.001079
0.001079
0.001083
0.001081
0.001081
0.001079
0.001081
0.001081
0.001081
0.001085
0.001083
0.001080
0.001080
0.001083
0.001078
0.001081
0.001081
0.001084
0.001080
0.001081
0.001080
0.001084
0.001080
0.001082
0.001082
0.001081
0.001080
0.001081
0.001131
0.001115
0.001082
0.001079
0.001083
0.001081
0.001081
0.001115
0.001136
0.001081
0.001081
0.001087
0.001082
0.001080
0.001081
0.001084
0.001082
0.001083
0.001085
0.001080
0.001079
0.001079
0.001083
0.001079
0.001080
0.001078
0.001081
0.001080
0.001081
0.001086
0.001081
0.001080
0.001080
0.001085
0.001081
0.001079
0.001083
0.001084
0.001079
0.001080
0.001084
0.001080
0.001080
0.001081
0.001082
0.001081
0.001083
0.001080
0.001083
0.001079
0.001081
0.001084
0.001085
0.001081
0.001080
0.001085
0.001080
0.001080
0.001082
0.001083
0.001080
0.001079
0.001081
0.001085
0.001080
0.001081
0.001084
0.001080
0.001082
0.001080
0.001083
0.001080
0.001079
0.001081
0.001086
0.001081
0.001081
0.001083
0.001081
0.001080
0.001078
0.001083
0.001080
0.001082
0.001080
0.001083
0.001079
0.001080
0.001081
0.001078
0.001078
0.001081
0.001146
0.001129
0.001083
0.001083
0.001082
0.001080
0.001080
0.001103
0.001136
0.001095
0.001079
0.001083
0.001081
0.001080
0.001082
0.001084
0.001079
0.001084
0.001082
0.001084
0.001082
0.001085
0.001085
0.001081
0.001083
0.001080
0.001085
0.001078
0.001081
0.001081
0.001084
0.001080
0.001078
0.001082
0.001081
0.001083
0.001081
0.001083
0.001082
0.001079
0.001081
0.001083
0.001079
0.001080
0.001087
0.001081
0.001081
0.001081
0.001083
0.001083
0.001080
0.001080
0.001084
0.001079
0.001083
0.001085
0.001078
0.001080
0.001081
0.001084
0.001082
0.001081
0.001081
0.001084
0.001082
0.001080
0.001080
0.001085
0.001079
0.001081
0.001083
0.001079
0.001081
0.001083
0.001083
0.001078
0.001081
0.001080
0.001082
0.001080
0.001081
0.001083
0.001081
0.001082
0.001080
0.001085
0.001081
0.001083
0.001081
0.001117
0.001132
0.001080
0.001108
0.001113
0.001082
0.001080
0.001087
0.001080
0.001079
0.001079
0.001114
0.001105
0.001081
0.001084
0.001080
0.001078
0.001080
0.001085
0.001081
0.001083
0.001080
0.001084
0.001081
0.001080
0.001084
0.001081
0.001080
0.001080
0.001082
0.001080
0.001081
0.001081
0.001084
0.001080
0.001082
0.001083
0.001082
0.001081
0.001081
0.001084
0.001081
0.001080
0.001080
0.001081
0.001080
0.001080
0.001082
0.001085
0.001080
0.001080
0.001084
0.001080
0.001079
0.001082
0.001084
0.001082
0.001085
0.001083
0.001085
0.001079
0.001081
0.001086
0.001080
0.001081
0.001082
0.001085
0.001078
0.001080
0.001080
0.001083
0.001082
0.001080
0.001084
0.001080
0.001081
0.001080
0.001085
0.001081
0.001081
0.001080
0.001084
0.001081
0.001081
0.001079
0.001086
0.001082
0.001082
0.001086
0.001083
0.001082
0.001079
0.001085
0.001082
0.001081
0.001081
0.001143
0.001079
0.001081
0.001085
0.001082
0.001079
0.001079
0.001100
0.001121
0.001083
0.001082
0.001084
0.001083
0.001079
0.001082
0.001081
0.001079
0.001083
0.001084
0.001083
0.001079
0.001079
0.001084
0.001083
0.001080
0.001086
0.001083
0.001081
0.001080
0.001084
0.001079
0.001080
0.001083
0.001082
0.001081
0.001081
0.001083
0.001082
0.001082
0.001082
0.001080
0.001081
0.001080
0.001082
0.001084
0.001080
0.001082
0.001082
0.001083
0.001082
0.001083
0.001084
0.001081
0.001081
0.001081
0.001084
0.001080
0.001081
0.001078
0.001084
0.001082
0.001081
0.001082
0.001082
0.001082
0.001084
0.001081
0.001081
0.001079
0.001082
0.001086
0.001082
0.001081
0.001084
0.001082
0.001080
0.001082
0.001085
0.001082
0.001082
0.001081
0.001085
0.001081
0.001081
0.001080
0.001082
0.001083
0.001081
0.001085
0.001083
0.001081
0.001080
0.001140
0.001077
0.001080
0.001082
0.001085
0.001080
0.001082
0.001084
0.001141
0.001081
0.001081
0.001084
0.001081
0.001081
0.001080
0.001084
0.001083
0.001080
0.001085
0.001081
0.001082
0.001078
0.001083
0.001082
0.001079
0.001081
0.001084
0.001081
0.001081
0.001081
0.001083
0.001083
0.001080
0.001082
0.001081
0.001081
0.001080
0.001085
0.001082
0.001146
0.001101
0.001079
0.001080
0.001083
0.001083
0.001081
0.001081
0.001081
0.001088
0.001079
0.001080
0.001086
0.001079
0.001082
0.001082
0.001084
0.001080
0.001084
0.001080
0.001083
0.001081
0.001081
0.001079
0.001079
0.001082
0.001083
0.001082
0.001082
0.001081
0.001080
0.001083
0.001081
0.001080
0.001081
0.001084
0.001078
0.001078
0.001093
0.001081
0.001082
0.001081
0.001085
0.001081
0.001083
0.001082
0.001083
0.001081
0.001080
0.001081
0.001083
0.001079
0.001079
0.001121
0.001093
0.001082
0.001083
0.001086
0.001083
0.001081
0.001084
0.001134
0.001093
0.001079
0.001083
0.001078
0.001078
0.001078
0.001083
0.001080
0.001079
0.001084
0.001081
0.001081
0.001083
0.001083
0.001080
0.001083
0.001081
0.001084
0.001082
0.001080
0.001082
0.001082
0.001081
0.001082
0.001085
0.001083
0.001170
0.001137
0.001085
0.001081
0.001080
0.001082
0.001083
0.001083
0.001081
0.001132
0.001108
0.001084
0.001080
0.001084
0.001082
0.001080
0.001081
0.001083
0.001080
0.001081
0.001082
0.001080
0.001079
0.001080
0.001083
0.001084
0.001078
0.001080
0.001082
0.001083
0.001082
0.001084
0.001079
0.001081
0.001082
0.001083
0.001079
0.001081
0.001083
0.001084
0.001081
0.001080
0.001085
0.001080
0.001081
0.001078
0.001084
0.001081
0.001082
0.001082
0.001082
0.001081
0.001080
0.001081
0.001083
0.001081
0.001080
0.001113
0.001132
0.001081
0.001079
0.001084
0.001081
0.001080
0.001079
0.001152
0.001096
0.001080
0.001084
0.001080
0.001081
0.001083
0.001083
0.001082
0.001081
0.001082
0.001082
0.001080
0.001080
0.001087
0.001082
0.001082
0.001083
0.001084
0.001083
0.001080
0.001080
0.001084
0.001082
0.001080
0.001083
0.001082
0.001082
0.001079
0.001081
0.001081
0.001081
0.001081
0.001083
0.001082
0.001079
0.001082
0.001081
0.001082
0.001078
0.001085
0.001082
0.001082
0.001082
0.001084
0.001078
0.001083
0.001084
0.001080
0.001078
0.001082
0.001084
0.001080
0.001081
0.001081
0.001082
0.001082
0.001081
0.001081
0.001090
0.001080
0.001081
0.001082
0.001083
0.001079
0.001080
0.001086
0.001081
0.001080
0.001081
0.001083
0.001082
0.001079
0.001163
0.001155
0.001082
0.001080
0.001083
0.001082
0.001080
0.001079
0.001082
0.001081
0.001129
0.001110
0.001135
0.001084
0.001082
0.001084
0.001082
0.001080
0.001080
0.001149
0.001097
0.001078
0.001083
0.001082
0.001080
0.001080
0.001083
0.001099
0.001111
0.001081
0.001084
0.001079
0.001082
0.001085
0.001080
0.001082
0.001083
0.001083
0.001082
0.001080
0.001080
0.001084
0.001080
0.001080
0.001082
0.001079
0.001081
0.001080
0.001136
0.001116
0.001084
0.001082
0.001084
0.001082
0.001081
0.001082
0.001079
0.001082
0.001081
0.001083
0.001081
0.001082
0.001081
0.001085
0.001079
0.001082
0.001086
0.001080
0.001079
0.001082
0.001083
0.001081
0.001082
0.001079
0.001082
0.001080
0.001079
0.001080
0.001084
0.001080
0.001080
0.001083
0.001082
0.001082
0.001078
0.001082
0.001082
0.001082
0.001081
0.001085
0.001081
0.001078
0.001083
0.001083
0.001081
0.001081
0.001084
0.001081
0.001082
0.001082
0.001084
0.001081
0.001080
0.001105
0.001141
0.001082
0.001078
0.001128
0.001123
0.001082
0.001080
0.001147
0.001129
0.001079
0.001113
0.001133
0.001079
0.001080
0.001083
0.001100
0.001136
0.001137
0.001092
0.001081
0.001081
0.001084
0.001077
0.001082
0.001082
0.001138
0.001108
0.001081
0.001084
0.001079
0.001082
0.001079
0.001084
0.001081
0.001081
0.001083
0.001084
0.001081
0.001081
0.001079
0.001081
0.001080
0.001081
0.001083
0.001082
0.001079
0.001083
0.001084
0.001082
0.001080
0.001080
0.001082
0.001080
0.001078
0.001082
0.001081
0.001081
0.001081
0.001084
0.001082
0.001081
0.001080
0.001082
0.001079
0.001080
0.001083
0.001081
0.001081
0.001079
0.001083
0.001080
0.001083
0.001080
0.001085
0.001082
0.001080
0.001081
0.001083
0.001081
0.001082
0.001082
0.001082
0.001081
0.001081
0.001083
0.001079
0.001081
0.001081
0.001082
0.001076
0.001080
0.001109
0.001133
0.001082
0.001083
0.001082
0.001082
0.001081
0.001079
0.001149
0.001100
0.001080
0.001082
0.001080
0.001080
0.001082
0.001085
0.001079
0.001079
0.001081
0.001086
0.001081
0.001080
0.001081
0.001082
0.001082
0.001082
0.001084
0.001079
0.001080
0.001079
0.001085
0.001143
0.001118
0.001084
0.001082
0.001082
0.001080
0.001084
0.001081
0.001081
0.001082
0.001084
0.001083
0.001080
0.001083
0.001081
0.001082
0.001083
0.001084
0.001079
0.001080
0.001080
0.001084
0.001077
0.001083
0.001084
0.001080
0.001081
0.001081
0.001084
0.001080
0.001080
0.001080
0.001083
0.001080
0.001078
0.001081
0.001083
0.001081
0.001081
0.001084
0.001081
0.001080
0.001080
0.001086
0.001079
0.001082
0.001080
0.001084
0.001082
0.001081
0.001083
0.001080
0.001080
0.001082
0.001084
0.001082
0.001082
0.001082
0.001083
0.001080
0.001083
0.001101
0.001143
0.001080
0.001080
0.001083
0.001080
0.001079
0.001082
0.001138
0.001109
0.001080
0.001083
0.001081
0.001080
0.001083
0.001084
0.001082
0.001081
0.001082
0.001085
0.001080
0.001080
0.001083
0.001079
0.001080
0.001083
0.001083
0.001080
0.001081
0.001080
0.001085
0.001081
0.001081
0.001081
0.001084
0.001080
0.001082
0.001083
0.001082
0.001080
0.001081
0.001083
0.001079
0.001081
0.001082
0.001086
0.001080
0.001080
0.001084
0.001079
0.001080
0.001082
0.001081
0.001079
0.001081
0.001079
0.001084
0.001078
0.001081
0.001083
0.001084
0.001078
0.001077
0.001083
0.001082
0.001081
0.001081
0.001082
0.001079
0.001081
0.001083
0.001085
0.001080
0.001079
0.001082
0.001082
0.001080
0.001083
0.001084
0.001082
0.001081
0.001083
0.001085
0.001082
0.001080
0.001084
0.001081
0.001081
0.001079
0.001081
0.001082
0.001079
0.001081
0.001131
0.001084
0.001080
0.001086
0.001082
0.001082
0.001079
0.001103
0.001127
0.001082
0.001082
0.001084
0.001081
0.001083
0.001085
0.001079
0.001081
0.001081
0.001083
0.001080
0.001082
0.001081
0.001102
0.001081
0.001081
0.001084
0.001080
0.001082
0.001081
0.001082
0.001080
0.001081
0.001079
0.001081
0.001080
0.001079
0.001080
0.001086
0.001082
0.001081
0.001085
0.001080
0.001080
0.001082
0.001082
0.001081
0.001083
0.001082
0.001084
0.001082
0.001080
0.001084
0.001081
0.001082
0.001084
0.001085
0.001080
0.001080
0.001080
0.001084
0.001082
0.001081
0.001082
0.001084
0.001080
0.001080
0.001084
0.001080
0.001081
0.001081
0.001084
0.001104
0.001155
0.001169
0.001080
0.001080
0.001080
0.001085
0.001077
0.001082
0.001079
0.001113
0.001137
0.001083
0.001084
0.001080
0.001081
0.001083
0.001083
0.001080
0.001080
0.001081
0.001138
0.001106
0.001078
0.001083
0.001081
0.001080
0.001081
0.001121
0.001126
0.001079
0.001083
0.001084
0.001078
0.001080
0.001102
0.001143
0.001081
0.001082
0.001083
0.001080
0.001081
0.001082
0.001085
0.001081
0.001078
0.001084
0.001081
0.001080
0.001080
0.001084
0.001082
0.001080
0.001080
0.001083
0.001082
0.001081
0.001080
0.001085
0.001080
0.001081
0.001084
0.001078
0.001079
0.001080
0.001083
0.001081
0.001082
0.001081
0.001082
0.001082
0.001079
0.001087
0.001080
0.001080
0.001080
0.001083
0.001081
0.001081
0.001080
0.001082
0.001082
0.001082
0.001085
0.001081
0.001081
0.001081
0.001083
0.001078
0.001081
0.001080
0.001081
0.001081
0.001078
0.001083
0.001081
0.001081
0.001081
0.001085
0.001083
0.001080
0.001082
0.001083
0.001082
0.001078
0.001081
0.001082
0.001080
0.001082
0.001081
0.001081
0.001079
0.001081
0.001129
0.001117
0.001078
0.001082
0.001084
0.001079
