0.009793
0.006691
0.006506
0.006415
0.006286
0.006341
0.006252
0.006261
0.006196
0.006183
0.006231
0.006189
0.006250
0.006186
0.006290
0.006199
0.006189
0.006188
0.006189
0.006187
0.006182
0.006184
0.006182
0.006192
0.006190
0.006200
0.006188
0.006277
0.006266
0.006188
0.006190
0.006192
0.006194
0.006197
0.006250
0.006201
0.006233
0.006188
0.006191
0.006193
0.006189
0.006183
0.006180
0.006262
0.006256
0.006258
0.006191
0.006187
0.006190
0.006179
0.006192
0.006184
0.006190
0.006188
0.006335
0.006243
0.006180
0.006187
0.006188
0.006234
0.006243
0.006181
0.006226
0.006186
0.006193
0.006253
0.006209
0.006210
0.006194
0.006185
0.006197
0.006191
0.006187
0.006198
0.006190
0.006250
0.006245
0.006195
0.006183
0.006184
0.006196
0.006199
0.006188
0.006191
0.006182
0.006196
0.006190
0.006190
0.006194
0.006188
0.006192
0.006267
0.006257
0.006245
0.006210
0.006186
0.006182
0.006191
0.006179
0.006183
0.006181
0.006193
0.006192
0.006193
0.006184
0.006200
0.006192
0.006253
0.006241
0.006205
0.006197
0.006187
0.006198
0.006184
0.006195
0.006190
0.006193
0.006196
0.006190
0.006192
0.006184
0.006190
0.006195
0.006255
0.006180
0.006268
0.006190
0.006183
0.006183
0.006196
0.006200
0.006180
0.006193
0.006311
0.006191
0.006222
0.006186
0.006191
0.006186
0.006230
0.006192
0.006253
0.006179
0.006195
0.006189
0.006175
0.006191
0.006196
0.006193
0.006180
0.006188
0.006176
0.006196
0.006180
0.006199
0.006210
0.006212
0.006253
0.006180
0.006187
0.006194
0.006182
0.006194
0.006195
0.006184
0.006182
0.006182
0.006198
0.006187
0.006190
0.006200
0.006183
0.006336
0.006331
0.006242
0.006188
0.006189
0.006199
0.006186
0.006186
0.006189
0.006189
0.006197
0.006194
0.006200
0.006181
0.006188
0.006176
0.006237
0.006242
0.006192
0.006191
0.006180
0.006196
0.006210
0.006217
0.006184
0.006188
0.006196
0.006196
0.006183
0.006187
0.006190
0.006190
0.006236
0.006246
0.006188
0.006182
0.006180
0.006180
0.006186
0.006183
0.006281
0.006189
0.006217
0.006209
0.006208
0.006215
0.006220
0.006213
0.006257
0.006261
0.006207
0.006216
0.006203
0.006209
0.006263
0.006211
0.006204
0.006207
0.006208
0.006213
0.006207
0.006218
0.006244
0.006220
0.006259
0.006275
0.006213
0.006213
0.006211
0.006206
0.006220
0.006218
0.006217
0.006215
0.006211
0.006204
0.006216
0.006224
0.006203
0.006234
0.006342
0.006249
0.006208
0.006183
0.006336
0.006930
0.006918
0.006639
0.006858
0.006664
0.006443
0.006507
0.006555
0.006318
0.006533
0.006474
0.006383
0.006714
0.006635
0.006421
0.006623
0.006577
0.006627
0.006566
0.006407
0.006450
0.006437
0.006498
0.006527
0.006476
0.006486
0.006571
0.006573
0.006612
0.006493
0.006522
0.006540
0.006625
0.006446
0.006512
0.006473
0.006486
0.006443
0.006452
0.006453
0.006448
0.006495
0.006490
0.006474
0.006453
0.006473
0.006438
0.006473
0.006416
0.006459
0.006436
0.006418
0.006432
0.006415
0.006382
0.006454
0.006414
0.006480
0.006606
0.006472
0.006442
0.006448
0.006440
0.006449
0.006461
0.006441
0.006455
0.006443
0.006451
0.006442
0.006505
0.006421
0.006535
0.006476
0.006430
0.006492
0.006453
0.006477
0.006454
0.006451
0.006445
0.006450
0.006434
0.006439
0.006451
0.006432
0.006441
0.006441
0.006446
0.006498
0.006441
0.006455
0.006435
0.006437
0.006441
0.006476
0.006447
0.006481
0.006435
0.006450
0.006449
0.006452
0.006434
0.006471
0.006491
0.006444
0.006441
0.006454
0.006497
0.006409
0.006447
0.006434
0.006466
0.006428
0.006436
0.006453
0.006541
0.006427
0.006420
0.006485
0.006504
0.006480
0.006513
0.006454
0.006439
0.006454
0.006441
0.006439
0.006446
0.006225
0.006188
0.006179
0.006196
0.006180
0.006263
0.006189
0.006339
0.006190
0.006187
0.006185
0.006182
0.006185
0.006187
0.006196
0.006189
0.006196
0.006187
0.006384
0.006216
0.006226
0.006256
0.006204
0.006271
0.006188
0.006178
0.006181
0.006172
0.006196
0.006187
0.006194
0.006188
0.006191
0.006184
0.006230
0.006187
0.006179
0.006214
0.006199
0.006265
0.006182
0.006194
0.006183
0.006201
0.006188
0.006178
0.006180
0.006187
0.006182
0.006188
0.006214
0.006192
0.006182
0.006187
0.006252
0.006268
0.006184
0.006251
0.006224
0.006190
0.006185
0.006192
0.006180
0.006186
0.006175
0.006198
0.006190
0.006272
0.006319
0.006222
0.006279
0.006256
0.006258
0.006190
0.006188
0.006189
0.006194
0.006189
0.006179
0.006197
0.006251
0.006224
0.006180
0.006180
0.006180
0.006179
0.006189
0.006257
0.006270
0.006213
0.006208
0.006210
0.006212
0.006215
0.006210
0.006200
0.006207
0.006292
0.006195
0.006191
0.006186
0.006187
0.006192
0.006190
0.006194
0.006188
0.006201
0.006195
0.006195
0.006177
0.006204
0.006191
0.006194
0.006216
0.006237
0.006184
0.006193
0.006202
0.006261
0.006189
0.006187
0.006184
0.006192
0.006194
0.006183
0.006176
0.006184
0.006183
0.006196
0.006180
0.006194
0.006185
0.006184
0.006198
0.006196
0.006188
0.006215
0.006260
0.006182
0.006186
0.006191
0.006195
0.006176
0.006191
0.006194
0.006179
0.006217
0.006178
0.006186
0.006189
0.006195
0.006179
0.006195
0.006190
0.006201
0.006185
0.006178
0.006262
0.006191
0.006200
0.006189
0.006184
0.006178
0.006187
0.006181
0.006175
0.006183
0.006188
0.006186
0.006178
0.006184
0.006186
0.006189
0.006186
0.006198
0.006186
0.006269
0.006194
0.006193
0.006197
0.006195
0.006186
0.006180
0.006198
0.006191
0.006186
0.006200
0.006187
0.006205
0.006184
0.006182
0.006192
0.006190
0.006188
0.006191
0.006188
0.006177
0.006195
0.006181
0.006190
0.006189
0.006202
0.006185
0.006199
0.006197
0.006197
0.006189
0.006192
0.006184
0.006177
0.006182
0.006178
0.006196
0.006186
0.006200
0.006236
0.006358
0.006186
0.006191
0.006180
0.006179
0.006182
0.006196
0.006180
0.006190
0.006183
0.006180
0.006182
0.006197
0.006187
0.006199
0.006231
0.006241
0.006197
0.006183
0.006180
0.006182
0.006190
0.006188
0.006195
0.006183
0.006183
0.006192
0.006181
0.006185
0.006193
0.006185
0.006250
0.006228
0.006232
0.006201
0.006267
0.006186
0.006189
0.006182
0.006262
0.006192
0.006190
0.006188
0.006185
0.006181
0.006198
0.006191
0.006198
0.006191
0.006268
0.006193
0.006180
0.006185
0.006187
0.006184
0.006176
0.006193
0.006188
0.006188
0.006189
0.006182
0.006195
0.006181
0.006229
0.006191
0.006258
0.006198
0.006183
0.006180
0.006197
0.006193
0.006237
0.006178
0.006252
0.006192
0.006185
0.006193
0.006184
0.006197
0.006283
0.006237
0.006263
0.006180
0.006191
0.006182
0.006198
0.006182
0.006188
0.006180
0.006194
0.006203
0.006194
0.006196
0.006191
0.006192
0.006180
0.006260
0.006265
0.006257
0.006330
0.006188
0.006189
0.006187
0.006190
0.006189
0.006189
0.006183
0.006187
0.006185
0.006188
0.006194
0.006193
0.006270
0.006278
0.006180
0.006183
0.006241
0.006184
0.006237
0.006225
0.006358
0.006235
0.006192
0.006193
0.006186
0.006190
0.006189
0.006188
0.006273
0.006258
0.006187
0.006190
0.006198
0.006188
0.006192
0.006187
0.006194
0.006189
0.006188
0.006198
0.006185
0.006197
0.006190
0.006197
0.006265
0.006267
0.006192
0.006190
0.006195
0.006181
0.006187
0.006178
0.006189
0.006186
0.006190
0.006188
0.006187
0.006184
0.006289
0.006188
0.006191
0.006242
0.006199
0.006202
0.006186
0.006183
0.006190
0.006185
0.006190
0.006187
0.006192
0.006189
0.006187
0.006188
0.006187
0.006187
0.006229
0.006203
0.006250
0.006187
0.006180
0.006197
0.006180
0.006186
0.006177
0.006180
0.006179
0.006185
0.006185
0.006193
0.006185
0.006184
0.006217
0.006182
0.006272
0.006185
0.006205
0.006286
0.006264
0.006204
0.006192
0.006186
0.006189
0.006196
0.006175
0.006194
0.006175
0.006196
0.006208
0.006234
0.006272
0.006194
0.006195
0.006195
0.006206
0.006187
0.006251
0.006188
0.006244
0.006201
0.006181
0.006187
0.006181
0.006196
0.006184
0.006277
0.006260
0.006201
0.006192
0.006191
0.006191
0.006196
0.006183
0.006186
0.006190
0.006182
0.006190
0.006274
0.006189
0.006226
0.006181
0.006217
0.006258
0.006192
0.006193
0.006184
0.006200
0.006198
0.006184
0.006200
0.006200
0.006196
0.006187
0.006190
0.006196
0.006189
0.006179
0.006276
0.006258
0.006268
0.006245
0.006186
0.006182
0.006190
0.006196
0.006343
0.006307
0.006189
0.006190
0.006196
0.006204
0.006260
0.006185
0.006274
0.006252
0.006194
0.006187
0.006286
0.006195
0.006190
0.006179
0.006184
0.006196
0.006193
0.006189
0.006200
0.006188
0.006195
0.006195
0.006212
0.006254
0.006200
0.006183
0.006198
0.006180
0.006199
0.006198
0.006191
0.006179
0.006185
0.006189
0.006190
0.006191
0.006183
0.006181
0.006270
0.006234
0.006207
0.006195
0.006191
0.006208
0.006183
0.006192
0.006195
0.006202
0.006269
0.006282
0.006212
0.006274
0.006180
0.006191
0.006270
0.006277
0.006275
0.006186
0.006186
0.006185
0.006286
0.006233
0.006259
0.006188
0.006187
0.006185
0.006192
0.006186
0.006188
0.006176
0.006228
0.006202
0.006265
0.006184
0.006190
0.006194
0.006185
0.006195
0.006194
0.006188
0.006195
0.006178
0.006193
0.006179
0.006195
0.006190
0.006244
0.006229
0.006269
0.006267
0.006184
0.006197
0.006186
0.006271
0.006217
0.006183
0.006195
0.006183
0.006179
0.006192
0.006197
0.006187
0.006206
0.006252
0.006273
0.006177
0.006189
0.006217
0.006193
0.006194
0.006184
0.006197
0.006187
0.006193
0.006179
0.006183
0.006181
0.006185
0.006182
0.006217
0.006260
0.006188
0.006194
0.006181
0.006192
0.006197
0.006196
0.006250
0.006306
0.006196
0.006245
0.006182
0.006180
0.006189
0.006188
0.006271
0.006271
0.006187
0.006189
0.006198
0.006192
0.006186
0.006185
0.006182
0.006189
0.006183
0.006188
0.006183
0.006206
0.006196
0.006194
0.006234
0.006243
0.006189
0.006265
0.006193
0.006182
0.006187
0.006181
0.006185
0.006191
0.006196
0.006200
0.006193
0.006188
0.006182
0.006182
0.006263
0.006352
0.006266
0.006191
0.006194
0.006187
0.006187
0.006195
0.006199
0.006198
0.006197
0.006178
0.006194
0.006184
0.006193
0.006192
0.006261
0.006252
0.006197
0.006194
0.006286
0.007079
0.007111
0.006757
0.006700
0.006621
0.006397
0.006414
0.006469
0.006345
0.006468
0.006410
0.006444
0.006635
0.006713
0.006562
0.006496
0.006457
0.006479
0.006498
0.006450
0.006447
0.006444
0.006433
0.006436
0.006458
0.006444
0.006470
0.006672
0.006516
0.006514
0.006446
0.006470
0.006508
0.006479
0.006479
0.006499
0.006544
0.006526
0.006474
0.006495
0.006438
0.006497
0.006474
0.006509
0.006461
0.006449
0.006576
0.006475
0.006487
0.006512
0.006467
0.006444
0.006535
0.006473
0.006460
0.006505
0.006507
0.006517
0.006509
0.006446
0.006505
0.006494
0.006449
0.006502
0.006602
0.006446
0.006487
0.006489
0.006415
0.006496
0.006459
0.006442
0.006522
0.006518
0.006484
0.006499
0.006463
0.006477
0.006508
0.006449
0.006531
0.006517
0.006470
0.006486
0.006479
0.006413
0.006483
0.006470
0.006468
0.006537
0.006505
0.006432
0.006452
0.006444
0.006547
0.006499
0.006440
0.006493
0.006486
0.006449
0.006506
0.006494
0.006452
0.006517
0.006511
0.006444
0.006503
0.006478
0.006458
0.006498
0.006500
0.006468
0.006500
0.006446
0.006490
0.006497
0.006450
0.006501
0.006511
0.006462
0.006549
0.006509
0.006450
0.006510
0.006513
0.006242
0.006312
0.006418
0.006212
0.006330
0.006279
0.006278
0.006492
0.006193
0.006344
0.006295
0.006218
0.006263
0.006196
0.006260
0.006264
0.006190
0.006270
0.006223
0.006227
0.006269
0.006196
0.006269
0.006251
0.006183
0.006284
0.006291
0.006183
0.006259
0.006185
0.006257
0.006269
0.006186
0.006272
0.006236
0.006216
0.006268
0.006190
0.006262
0.006271
0.006333
0.006348
0.006292
0.006231
0.006273
0.006187
0.006354
0.006257
0.006198
0.006273
0.006266
0.006210
0.006262
0.006189
0.006260
0.006259
0.006218
0.006330
0.006282
0.006205
0.006255
0.006196
0.006259
0.006265
0.006179
0.006260
0.006222
0.006219
0.006275
0.006192
0.006261
0.006261
0.006186
0.006292
0.006296
0.006234
0.006266
0.006187
0.006271
0.006274
0.006188
0.006270
0.006239
0.006217
0.006456
0.006269
0.006200
0.006186
0.006191
0.006193
0.006261
0.006192
0.006186
0.006194
0.006187
0.006181
0.006179
0.006232
0.006276
0.006218
0.006201
0.006195
0.006194
0.006192
0.006202
0.006242
0.006233
0.006196
0.006184
0.006189
0.006199
0.006196
0.006195
0.006201
0.006186
0.006187
0.006186
0.006267
0.006181
0.006190
0.006189
0.006228
0.006222
0.006237
0.006195
0.006283
0.006196
0.006188
0.006234
0.006203
0.006185
0.006187
0.006194
0.006193
0.006189
0.006184
0.006191
0.006264
0.006190
0.006270
0.006190
0.006186
0.006188
0.006195
0.006189
0.006182
0.006185
0.006193
0.006192
0.006195
0.006197
0.006198
0.006190
0.006232
0.006217
0.006262
0.006224
0.006216
0.006186
0.006176
0.006237
0.006184
0.006184
0.006193
0.006245
0.006215
0.006182
0.006180
0.006183
0.006192
0.006215
0.006259
0.006188
0.006193
0.006261
0.006191
0.006202
0.006194
0.006188
0.006254
0.006204
0.006188
0.006183
0.006203
0.006198
0.006198
0.006270
0.006266
0.006202
0.006192
0.006192
0.006182
0.006178
0.006193
0.006192
0.006190
0.006197
0.006185
0.006185
0.006195
0.006201
0.006178
0.006270
0.006251
0.006328
0.006190
0.006186
0.006182
0.006196
0.006184
0.006379
0.006260
0.006190
0.006201
0.006199
0.006206
0.006187
0.006195
0.006258
0.006312
0.006189
0.006272
0.006234
0.006228
0.006264
0.006188
0.006265
0.006263
0.006200
0.006268
0.006208
0.006235
0.006270
0.006188
0.006339
0.006298
0.006203
0.006267
0.006192
0.006275
0.006269
0.006190
0.006262
0.006349
0.006182
0.006282
0.006241
0.006224
0.006258
0.006184
0.006293
0.006328
0.006193
0.006279
0.006217
0.006217
0.006265
0.006188
0.006254
0.006263
0.006275
0.006266
0.006197
0.006244
0.006252
0.006192
0.006310
0.006312
0.006185
0.006266
0.006233
0.006223
0.006264
0.006189
0.006270
0.006244
0.006199
0.006274
0.006222
0.006239
0.006262
0.006191
0.006314
0.006414
0.006191
0.006270
0.006218
0.006248
0.006391
0.006202
0.006278
0.006254
0.006195
0.006279
0.006186
0.006272
0.006265
0.006184
0.006306
0.006331
0.006184
0.006267
0.006216
0.006226
0.006260
0.006186
0.006270
0.006290
0.006187
0.006270
0.006202
0.006251
0.006257
0.006190
0.006318
0.006298
0.006199
0.006317
0.006247
0.006214
0.006267
0.006191
0.006365
0.006273
0.006194
0.006268
0.006224
0.006224
0.006267
0.006185
0.006288
0.006297
0.006272
0.006258
0.006215
0.006240
0.006272
0.006186
0.006268
0.006250
0.006190
0.006275
0.006239
0.006228
0.006271
0.006184
0.006304
0.006324
0.006197
0.006267
0.006228
0.006223
0.006269
0.006200
0.006271
0.006268
0.006180
0.006267
0.006207
0.006236
0.006264
0.006270
0.006348
0.006300
0.006201
0.006267
0.006182
0.006266
0.006291
0.006186
0.006262
0.006265
0.006180
0.006272
0.006226
0.006229
0.006255
0.006194
0.006313
0.006319
0.006261
0.006258
0.006259
0.006278
0.006317
0.006259
0.006272
0.006264
0.006188
0.006268
0.006207
0.006252
0.006271
0.006191
0.006306
0.006337
0.006197
0.006273
0.006239
0.006222
0.006337
0.006207
0.006269
0.006264
0.006199
0.006281
0.006213
0.006226
0.006258
0.006195
0.006348
0.006302
0.006197
0.006267
0.006216
0.006227
0.006260
0.006185
0.006253
0.006263
0.006183
0.006333
0.006238
0.006227
0.006262
0.006183
0.006302
0.006332
0.006250
0.006269
0.006274
0.006219
0.006276
0.006196
0.006265
0.006265
0.006184
0.006269
0.006210
0.006231
0.006357
0.006189
0.006314
0.006311
0.006199
0.006258
0.006259
0.006212
0.006259
0.006191
0.006262
0.006273
0.006179
0.006260
0.006235
0.006430
0.006330
0.006181
0.006295
0.006297
0.006253
0.006269
0.006225
0.006225
0.006262
0.006186
0.006265
0.006271
0.006188
0.006269
0.006215
0.006248
0.006261
0.006191
0.006295
0.006345
0.006190
0.006277
0.006240
0.006298
0.006260
0.006202
0.006263
0.006259
0.006186
0.006270
0.006234
0.006216
0.006267
0.006184
0.006336
0.006311
0.006191
0.006262
0.006222
0.006232
0.006261
0.006188
0.006260
0.006260
0.006186
0.006264
0.006250
0.006213
0.006271
0.006185
0.006288
0.006387
0.006262
0.006266
0.006239
0.006212
0.006263
0.006200
0.006257
0.006261
0.006194
0.006268
0.006299
0.006244
0.006270
0.006188
0.006309
0.006305
0.006251
0.006262
0.006261
0.006183
0.006302
0.006191
0.006262
0.006260
0.006189
0.006272
0.006238
0.006216
0.006264
0.006180
0.006285
0.006291
0.006192
0.006271
0.006219
0.006241
0.006257
0.006180
0.006263
0.006258
0.006190
0.006272
0.006248
0.006199
0.006261
0.006193
0.006303
0.006338
0.006185
0.006329
0.006270
0.006215
0.006261
0.006196
0.006262
0.006255
0.006191
0.006269
0.006219
0.006246
0.006261
0.006182
0.006309
0.006298
0.006269
0.006272
0.006273
0.006245
0.006263
0.006191
0.006256
0.006268
0.006190
0.006263
0.006235
0.006287
0.006271
0.006187
0.006289
0.006289
0.006186
0.006271
0.006305
0.006227
0.006260
0.006188
0.006267
0.006258
0.006183
0.006365
0.006269
0.006206
0.006267
0.006196
0.006301
0.006328
0.006197
0.006270
0.006239
0.006216
0.006269
0.006183
0.006265
0.006256
0.006185
0.006257
0.006221
0.006245
0.006268
0.006183
0.006337
0.006286
0.006255
0.006258
0.006222
0.006237
0.006264
0.006177
0.006259
0.006261
0.006190
0.006278
0.006240
0.006213
0.006271
0.006189
0.006294
0.006340
0.006309
0.006301
0.006224
0.006233
0.006321
0.006207
0.006237
0.006264
0.006191
0.006268
0.006228
0.006227
0.006258
0.006187
0.006358
0.006324
0.006197
0.006252
0.006265
0.006211
0.006259
0.006190
0.006262
0.006283
0.006179
0.006272
0.006250
0.006209
0.006267
0.006186
0.006288
0.006292
0.006192
0.006260
0.006516
0.007379
0.006904
0.006672
0.006810
0.006545
0.006433
0.006457
0.006310
0.006472
0.006386
0.006420
0.006589
0.006485
0.006420
0.006308
0.006272
0.006323
0.006304
0.006275
0.006186
0.006185
0.006190
0.006251
0.006247
0.006206
0.006209
0.006290
0.006310
0.006271
0.006268
0.006195
0.006184
0.006253
0.006310
0.006275
0.006194
0.006182
0.006199
0.006184
0.006195
0.006188
0.006193
0.006285
0.006415
0.006295
0.006275
0.006194
0.006190
0.006182
0.006259
0.006186
0.006187
0.006193
0.006188
0.006194
0.006188
0.006183
0.006201
0.006257
0.006260
0.006192
0.006184
0.006192
0.006185
0.006184
0.006193
0.006298
0.006195
0.006190
0.006194
0.006191
0.006183
0.006288
0.006220
0.006285
0.006256
0.006220
0.006186
0.006178
0.006184
0.006179
0.006277
0.006391
0.006244
0.006269
0.006185
0.006189
0.006186
0.006187
0.006189
0.006256
0.006224
0.006225
0.006198
0.006182
0.006195
0.006187
0.006187
0.006183
0.006340
0.006249
0.006186
0.006196
0.006189
0.006182
0.006190
0.006257
0.006192
0.006297
0.006226
0.006264
0.006189
0.006267
0.006181
0.006186
0.006261
0.006216
0.006194
0.006186
0.006196
0.006178
0.006180
0.006405
0.006242
0.006258
0.006260
0.006248
0.006200
0.006185
0.006197
0.006186
0.006186
0.006190
0.006194
0.006200
0.006182
0.006189
0.006186
0.006218
0.006246
0.006268
0.006184
0.006184
0.006236
0.006188
0.006193
0.006181
