0.228851
0.270972
0.273108
0.273289
0.272537
0.273253
0.284442
0.291201
0.285437
0.284993
0.283632
0.283655
0.282860
0.283613
0.282565
0.281648
0.282806
0.281271
0.281358
0.281194
0.282881
0.280680
0.279452
0.279751
0.289295
0.287478
0.286336
0.286530
0.279884
0.279886
0.279232
0.280146
0.279227
0.279673
0.284075
0.281536
0.281102
0.280732
0.281768
0.281003
0.279132
0.280082
0.288864
0.290679
0.288167
0.286848
0.285062
0.283902
0.278032
0.280384
0.278855
0.279521
0.279908
0.279576
0.279134
0.278413
0.279467
0.278553
0.278490
0.280444
0.288889
0.286343
0.284885
0.285254
0.284164
0.281807
0.282899
0.282122
0.281935
0.281305
0.282146
0.281208
0.280444
0.280501
0.281470
0.279038
0.279381
0.287333
0.293454
0.290475
0.284739
0.284648
0.282519
0.281567
0.282371
0.281074
0.280153
0.279604
0.280778
0.279362
0.279343
0.280088
0.279557
0.278960
0.278854
0.292447
0.292634
0.285875
0.286413
0.284275
0.284251
0.285255
0.286157
0.283711
0.282504
0.283078
0.282509
0.280848
0.280777
0.281991
0.280552
0.279299
0.280854
0.295994
0.290117
0.288593
0.287326
0.286440
0.286288
0.285273
0.286841
0.285176
0.285103
0.285525
0.284586
0.283637
0.284428
0.284320
0.282009
0.281549
0.289455
0.290098
0.287558
0.286825
0.286271
0.284114
0.283193
0.284549
0.282222
0.284679
0.284916
0.283854
0.282377
0.282025
0.281517
0.282117
0.280260
0.280602
0.297457
0.293239
0.288588
0.286944
0.287261
0.284464
0.284093
0.284138
0.282989
0.282613
0.281697
0.281619
0.280334
0.279695
0.281319
0.279563
0.280161
0.286900
0.295205
0.291559
0.286272
0.285880
0.283993
0.283339
0.282340
0.281847
0.279804
0.279766
0.279825
0.278906
0.278937
0.279335
0.280662
0.279127
0.279143
0.291622
0.292313
0.289174
0.284970
0.286148
0.285741
0.285238
0.284358
0.283786
0.282083
0.281636
0.283021
0.281077
0.281209
0.281368
0.282134
0.281214
0.284291
0.297578
0.292547
0.288938
0.285188
0.285520
0.283333
0.282245
0.283205
0.282161
0.281280
0.281461
0.281618
0.279970
0.279974
0.279670
0.280848
0.279529
0.288777
0.293497
0.287553
0.284823
0.285339
0.286024
0.283748
0.283191
0.283604
0.282889
0.281987
0.281562
0.281243
0.281398
0.280290
0.281339
0.280325
0.280149
0.292092
0.290172
0.288811
0.284312
0.285229
0.283426
0.282599
0.280956
0.281743
0.283343
0.282653
0.282770
0.279972
0.279106
0.279502
0.280570
0.278762
0.283411
0.289633
0.288688
0.284943
0.283170
0.284358
0.282496
0.281577
0.281627
0.282139
0.280837
0.279943
0.280838
0.279715
0.279849
0.278928
0.278813
0.278093
0.287068
0.290315
0.285993
0.285171
0.283210
0.283010
0.281480
0.280665
0.280689
0.281960
0.280782
0.279579
0.280877
0.280341
0.280280
0.279193
0.280629
0.279469
0.294092
0.289668
0.284783
0.283708
0.283602
0.284237
0.282524
0.282367
0.282534
0.281042
0.280926
0.280095
0.280930
0.280103
0.279688
0.278977
0.279808
0.281680
0.294663
0.288296
0.285605
0.284721
0.284800
0.285364
0.283033
0.282474
0.282922
0.281725
0.281794
0.281199
0.281869
0.280322
0.279974
0.279281
0.278121
0.287620
0.289634
0.288850
0.286157
0.283530
0.283933
0.281910
0.281290
0.280318
0.280656
0.279694
0.279446
0.279291
0.280600
0.278875
0.277784
0.279034
0.278502
0.283374
0.278888
0.279262
0.276990
0.275473
0.275674
0.276007
0.273816
0.275100
0.277437
0.277810
0.277099
0.277135
0.277063
0.275661
0.275354
0.275827
0.275039
0.284900
0.284625
0.282621
0.278688
0.277971
0.276117
0.276769
0.275105
0.273785
0.274476
0.272493
0.272094
0.272846
0.272441
0.272478
0.271604
0.271530
0.273424
0.282554
0.280681
0.278088
0.276531
0.276233
0.275552
0.275887
0.274502
0.274128
0.273396
0.274903
0.273855
0.272934
0.273166
0.272749
0.272526
0.272246
0.272367
0.279157
0.288078
0.285793
0.281746
0.278361
0.278767
0.279666
0.278441
0.277151
0.275754
0.276071
0.274692
0.274225
0.274046
0.275521
0.274097
0.273795
0.274456
0.278761
0.281977
0.277857
0.278830
0.276411
0.277120
0.277273
0.275779
0.276034
0.275164
0.276235
0.275114
0.274370
0.273400
0.275585
0.273648
0.272681
0.272225
0.277521
0.285872
0.283803
0.281663
0.276777
0.276536
0.275230
0.275439
0.273424
0.273641
0.273888
0.272446
0.270683
0.271855
0.271635
0.270752
0.270339
0.270346
0.272916
0.286779
0.283518
0.279660
0.276327
0.275919
0.275935
0.276321
0.275572
0.274960
0.279283
0.278457
0.276836
0.276414
0.277218
0.275089
0.274634
0.273528
0.277484
0.283906
0.280123
0.278757
0.279587
0.277191
0.277372
0.278016
0.276990
0.275159
0.274401
0.274849
0.274011
0.273458
0.273362
0.269380
0.270990
0.270741
0.272650
0.283384
0.278967
0.278400
0.278082
0.276691
0.276389
0.276043
0.277131
0.274867
0.274742
0.270973
0.271664
0.271665
0.271593
0.273088
0.271649
0.271297
0.271515
0.285785
0.283127
0.277656
0.278045
0.275719
0.275004
0.274784
0.275374
0.274071
0.273709
0.272553
0.273890
0.272131
0.272170
0.273641
0.272313
0.271363
0.271166
0.283102
0.280243
0.278944
0.278290
0.278161
0.276472
0.275873
0.276842
0.275509
0.274876
0.274685
0.274513
0.272008
0.271772
0.272553
0.273777
0.270956
0.271474
0.281158
0.280927
0.278522
0.276432
0.277430
0.275529
0.274872
0.275488
0.275028
0.274926
0.274109
0.274744
0.273970
0.273683
0.272778
0.273387
0.272560
0.272079
0.277797
0.286318
0.282888
0.280624
0.278255
0.276938
0.275780
0.275039
0.276580
0.274614
0.277779
0.277745
0.274820
0.274536
0.273620
0.274338
0.272957
0.272723
0.278028
0.286467
0.282521
0.279490
0.277009
0.274405
0.274387
0.273539
0.273914
0.272141
0.272143
0.271930
0.272950
0.271774
0.271779
0.272623
0.271805
0.271879
0.272753
0.288200
0.283437
0.278285
0.276570
0.277606
0.275419
0.273688
0.275124
0.273503
0.272366
0.271536
0.272984
0.271759
0.268890
0.269157
0.271080
0.269119
0.269573
0.286665
0.284589
0.281405
0.278719
0.276385
0.274675
0.273795
0.273364
0.274486
0.271842
0.272818
0.273686
0.272258
0.272144
0.272022
0.272657
0.271258
0.270218
0.281619
0.285110
0.282439
0.277725
0.277508
0.276369
0.275049
0.272786
0.273537
0.272195
0.272522
0.271037
0.272127
0.270565
0.271287
0.272199
0.270711
0.270729
0.278799
0.281664
0.278697
0.277654
0.275411
0.275622
0.273254
0.273198
0.274989
0.273596
0.272573
0.272488
0.273889
0.272127
0.271928
0.271555
0.272670
0.271374
0.276427
0.287411
0.282414
0.278371
0.277848
0.277993
0.276659
0.274525
0.274849
0.275659
0.277118
0.276270
0.276763
0.272203
0.270598
0.271186
0.272471
0.270627
0.272156
0.288450
0.285453
0.280059
0.279683
0.278112
0.276822
0.276472
0.275932
0.276439
0.275578
0.275122
0.274512
0.275799
0.274343
0.273718
0.274596
0.273608
0.274705
0.285586
0.283870
0.281198
0.278945
0.277206
0.276524
0.275248
0.275145
0.274592
0.274159
0.272824
0.272680
0.274170
0.272628
0.272131
0.272177
0.271513
0.271034
0.283851
0.279235
0.276871
0.276197
0.274807
0.276804
0.274887
0.274335
0.274092
0.274131
0.273226
0.272682
0.272995
0.272675
0.271869
0.272116
0.273803
0.272098
0.285593
0.285895
0.282549
0.277561
0.276710
0.278929
0.277404
0.275941
0.275030
0.275882
0.273622
0.274268
0.267447
0.270895
0.272881
0.272886
0.273306
0.272101
0.283456
0.286263
0.282479
0.279187
0.278630
0.278652
0.276942
0.277487
0.276775
0.277734
0.275243
0.274760
0.273887
0.275141
0.274070
0.273737
0.274134
0.272932
0.281828
0.285540
0.282158
0.277646
0.276254
0.276551
0.276156
0.273629
0.273910
0.275401
0.276958
0.276211
0.275648
0.276508
0.274931
0.274150
0.274952
0.274267
0.281525
0.284046
0.280966
0.279003
0.277798
0.276767
0.276964
0.275565
0.274707
0.276005
0.274207
0.273587
0.273225
0.272712
0.272623
0.271725
0.271002
0.273447
0.280761
0.287504
0.284332
0.280750
0.280158
0.279428
0.279311
0.277649
0.277504
0.278082
0.278665
0.277516
0.277249
0.277598
0.276411
0.275611
0.276028
0.276409
0.281629
0.281708
0.280384
0.277697
0.276664
0.277642
0.278136
0.275807
0.275105
0.274743
0.272979
0.273169
0.273395
0.274690
0.273552
0.273013
0.273284
0.273383
0.278492
0.285210
0.281008
0.278441
0.276544
0.276592
0.276113
0.273686
0.273280
0.272964
0.274576
0.273089
0.272556
0.270170
0.273711
0.272175
0.271182
0.271505
0.276462
0.287232
0.283536
0.278822
0.275911
0.276855
0.275618
0.277065
0.275844
0.275463
0.275867
0.274632
0.274523
0.274629
0.276309
0.274622
0.274067
0.273895
0.277911
0.284661
0.281009
0.279239
0.276252
0.276461
0.275848
0.276337
0.274683
0.274219
0.277679
0.276900
0.274473
0.274578
0.275010
0.273964
0.273430
0.272669
0.275346
0.287820
0.283510
0.281169
0.276051
0.275245
0.274409
0.274396
0.272731
0.273142
0.272268
0.273714
0.271897
0.271648
0.272522
0.271264
0.271079
0.270402
0.272506
0.286176
0.280695
0.278511
0.279023
0.276474
0.274884
0.275629
0.273917
0.273659
0.273751
0.275169
0.273822
0.272715
0.272865
0.273556
0.272448
0.272410
0.271705
0.282643
0.283042
0.281764
0.273975
0.272664
0.271849
0.271850
0.273305
0.271567
0.271803
0.271675
0.272652
0.271385
0.270693
0.272259
0.270142
0.270448
0.270564
0.278491
0.287577
0.285293
0.284035
0.279928
0.280544
0.279968
0.280622
0.278087
0.276789
0.277163
0.279400
0.277358
0.276306
0.277748
0.276531
0.275563
0.275250
0.286431
0.285734
0.281335
0.279527
0.279958
0.278795
0.277596
0.278753
0.278105
0.277087
0.277297
0.278583
0.276193
0.276550
0.277940
0.276789
0.276632
0.275762
0.284477
0.286443
0.282541
0.277946
0.278479
0.277818
0.276482
0.277582
0.270788
0.276442
0.276500
0.276245
0.274352
0.273155
0.272750
0.274394
0.272649
0.272746
0.282643
0.283616
0.280613
0.276903
0.277309
0.275336
0.274754
0.274564
0.275206
0.273643
0.273402
0.274163
0.273398
0.272552
0.271770
0.273315
0.271248
0.271479
0.276343
0.285015
0.281823
0.276780
0.275594
0.275995
0.273173
0.274147
0.274068
0.272305
0.272421
0.272535
0.273348
0.271603
0.271968
0.272901
0.271866
0.271379
0.273403
0.287264
0.281129
0.278902
0.276960
0.278014
0.272537
0.270813
0.272606
0.271529
0.272043
0.271981
0.272614
0.271381
0.269588
0.270179
0.271903
0.270217
0.270861
0.285400
0.279725
0.278345
0.277531
0.277634
0.276693
0.276717
0.276105
0.276814
0.274056
0.273921
0.274657
0.272652
0.272383
0.273073
0.273736
0.272100
0.271775
0.283007
0.282580
0.277105
0.274645
0.276083
0.273888
0.273275
0.273274
0.274805
0.272347
0.272600
0.271735
0.272634
0.270863
0.271122
0.271619
0.271237
0.269932
0.280010
0.284940
0.281926
0.277469
0.276297
0.275917
0.272692
0.272952
0.273787
0.274285
0.278235
0.275544
0.276021
0.274297
0.273646
0.273112
0.273192
0.271582
0.278832
0.285602
0.281814
0.280816
0.276294
0.275761
0.274794
0.273749
0.274857
0.272956
0.271846
0.271886
0.272829
0.270549
0.270667
0.270326
0.271592
0.269128
0.272553
0.287238
0.285435
0.280687
0.276074
0.277520
0.274355
0.274240
0.273118
0.274307
0.272925
0.272065
0.272440
0.273156
0.271069
0.270757
0.272381
0.271342
0.271677
0.288134
0.286659
0.282115
0.278325
0.279164
0.277061
0.276631
0.276338
0.276561
0.275132
0.272758
0.271557
0.272739
0.271911
0.271536
0.271148
0.272826
0.271296
0.283014
0.279164
0.276641
0.275842
0.275676
0.276138
0.272083
0.271567
0.273085
0.271212
0.272799
0.273083
0.273639
0.272224
0.272549
0.272224
0.273771
0.272122
0.280769
0.279042
0.278257
0.276305
0.275325
0.276164
0.275092
0.275459
0.274739
0.275151
0.273653
0.272824
0.272873
0.274612
0.273462
0.272361
0.272657
0.271950
0.279411
0.284893
0.280161
0.275677
0.275162
0.275210
0.273802
0.273100
0.273723
0.275130
0.276836
0.275497
0.274460
0.273680
0.272697
0.272100
0.272564
0.274038
0.278362
0.285427
0.281073
0.277442
0.275355
0.274776
0.276152
0.274486
0.273653
0.274771
0.273631
0.273332
0.272302
0.272938
0.272117
0.278767
0.284698
0.285972
0.288917
0.290203
0.294126
0.288599
0.290075
0.288450
0.290863
0.289915
0.289204
0.280363
0.278603
0.277405
0.276848
0.278141
0.276324
0.275999
0.277164
0.276429
0.284685
0.284278
0.279905
0.278192
0.277648
0.276994
0.277914
0.275842
0.274604
0.273745
0.274216
0.273987
0.273692
0.274870
0.272223
0.271626
0.271967
0.273231
0.282924
0.284955
0.279029
0.276342
0.275554
0.275269
0.276072
0.275003
0.274433
0.277151
0.277169
0.275282
0.274414
0.275146
0.274634
0.273369
0.272807
0.274576
0.280623
0.281468
0.279157
0.278160
0.274836
0.275281
0.275763
0.275021
0.274317
0.274168
0.275422
0.273347
0.273182
0.269502
0.273187
0.271005
0.270955
0.272049
0.275177
0.284499
0.280775
0.279706
0.275861
0.275842
0.274671
0.275271
0.273540
0.273263
0.277854
0.275799
0.274442
0.273958
0.274868
0.272849
0.272235
0.272265
0.276213
0.284120
0.281183
0.280222
0.276578
0.276103
0.275862
0.276772
0.275329
0.275452
0.273490
0.274817
0.273029
0.272379
0.273983
0.272443
0.272183
0.272098
0.274324
0.283911
0.279574
0.278977
0.276738
0.276260
0.275902
0.276851
0.275369
0.274671
0.274116
0.274680
0.272690
0.272420
0.273410
0.272817
0.271887
0.272248
0.272980
0.282627
0.278899
0.277608
0.277489
0.275092
0.274958
0.273399
0.274050
0.272941
0.272372
0.273117
0.272497
0.271858
0.271749
0.273676
0.272403
0.272170
0.272102
0.283003
0.283437
0.281903
0.280196
0.277856
0.278449
0.277730
0.278323
0.276747
0.276128
0.276992
0.275685
0.274472
0.274987
0.278037
0.275626
0.274817
0.274167
0.285621
0.284604
0.283599
0.282623
0.277846
0.277553
0.275107
0.276106
0.274766
0.274341
0.273135
0.274078
0.272378
0.271992
0.272672
0.271636
0.271847
0.271700
0.281926
0.285029
0.283503
0.280399
0.278176
0.276735
0.275858
0.276390
0.275509
0.275894
0.279228
0.278543
0.275239
0.274942
0.275027
0.273001
0.272724
0.272930
0.281830
0.284398
0.282644
0.279621
0.278588
0.276244
0.275348
0.276242
0.275102
0.274309
0.273707
0.274897
0.273748
0.272832
0.272401
0.274135
0.272068
0.269356
0.276724
0.284374
0.282599
0.275857
0.276325
0.275044
0.274543
0.270084
0.272118
0.269786
0.270861
0.272913
0.266938
0.270016
0.270701
0.271554
0.271110
0.270131
0.271570
0.284272
0.279218
0.277604
0.278070
0.275206
0.274323
0.273190
0.273964
0.272137
0.272548
0.272689
0.273001
0.270929
0.271557
0.271032
0.272320
0.268612
0.269432
0.285448
0.283264
0.281494
0.277591
0.278105
0.276229
0.275926
0.276602
0.274464
0.273897
0.273553
0.273901
0.272650
0.272399
0.272814
0.273239
0.271813
0.271613
0.284348
0.282738
0.278366
0.277503
0.278044
0.275900
0.274534
0.275108
0.276143
0.274654
0.274632
0.275121
0.273492
0.273318
0.272939
0.272612
0.271926
0.271375
0.283449
0.288170
0.281736
0.276720
0.278412
0.276687
0.275177
0.274857
0.276545
0.277463
0.279066
0.278171
0.278855
0.276131
0.275504
0.276768
0.275343
0.275299
0.284396
0.284878
0.282071
0.280306
0.280591
0.278617
0.277589
0.276968
0.277404
0.276135
0.274516
0.273069
0.273864
0.272244
0.272260
0.273140
0.272617
0.271986
0.281886
0.284289
0.280468
0.277894
0.277060
0.278191
0.277218
0.276602
0.278503
0.276297
0.275237
0.275087
0.276682
0.274007
0.274092
0.274154
0.274838
0.273732
0.282574
0.287285
0.283765
0.280579
0.278832
0.278169
0.275848
0.275677
0.274552
0.275421
0.274468
0.274043
0.273502
0.272732
0.272233
0.271575
0.273233
0.271642
0.280623
0.289798
0.283706
0.281412
0.278207
0.279386
0.277659
0.277223
0.277620
0.278632
0.275526
0.274756
0.275304
0.273806
0.274799
0.275030
0.275795
0.270871
0.276633
0.287659
0.280896
0.278678
0.276846
0.276985
0.276152
0.277670
0.276887
0.277355
0.276341
0.275928
0.275872
0.276934
0.275702
0.275211
0.276086
0.273961
0.279391
0.288490
0.286394
0.281603
0.276600
0.276858
0.276875
0.276461
0.276575
0.277467
0.277633
0.276019
0.275680
0.276329
0.274735
0.273896
0.273000
0.271802
0.277790
0.287720
0.285497
0.280510
0.279803
0.278807
0.277029
0.274251
0.274034
0.274237
0.273991
0.272834
0.272037
0.271592
0.271511
0.270621
0.270528
0.272673
0.274321
0.287686
0.284536
0.278666
0.277804
0.277893
0.278244
0.276703
0.275586
0.274566
0.274668
0.273495
0.272052
0.273479
0.272534
0.271639
0.270832
0.272433
0.273426
0.282901
0.278614
0.278615
0.276549
0.276070
0.275461
0.274205
0.273766
0.273337
0.274376
0.271601
0.271522
0.270483
0.271629
0.269399
0.270179
0.271109
0.270579
0.285542
0.284023
0.282915
0.277593
0.276135
0.276302
0.277197
0.272889
0.272445
0.273514
0.272716
0.271406
0.272071
0.267964
0.272406
0.270969
0.270409
0.272448
0.280842
0.284339
0.281602
0.274982
0.276294
0.276158
0.276869
0.275546
0.275757
0.275262
0.276514
0.274485
0.273913
0.275519
0.274305
0.274321
0.273948
0.274714
0.281692
0.282799
0.278664
0.276873
0.275966
0.275731
0.276533
0.275070
0.274086
0.274423
0.280057
0.277186
0.276159
0.276630
0.275395
0.275411
0.274731
0.275830
0.281756
0.281930
0.279011
0.279441
0.277049
0.276246
0.276808
0.275303
0.273786
0.273952
0.275256
0.273960
0.273348
0.272054
0.273950
0.272561
0.272159
0.273478
0.278208
0.282208
0.279423
0.280233
0.277188
0.277379
0.276647
0.277400
0.275104
0.274050
0.274606
0.273564
0.272993
0.272725
0.273502
0.271370
0.271745
0.271177
0.276266
0.285566
0.282188
0.280998
0.278658
0.279479
0.279782
0.278399
0.276674
0.275953
0.276612
0.274970
0.275170
0.271498
0.275527
0.274484
0.273816
0.273442
0.279823
0.285458
0.281544
0.281229
0.279098
0.278241
0.276505
0.277494
0.275220
0.274871
0.274239
0.277185
0.275128
0.274642
0.275640
0.274911
0.273985
0.274007
0.277267
0.286495
0.282819
0.282255
0.278191
0.274069
0.273161
0.274049
0.273727
0.272386
0.272747
0.271780
0.271590
0.270944
0.271787
0.272119
0.270902
0.270452
0.271370
0.285931
0.282809
0.280310
0.280369
0.278466
0.277157
0.277407
0.279035
0.277164
0.278888
0.279006
0.277113
0.275793
0.275539
0.276105
0.274752
0.274506
0.274438
0.288019
0.282325
0.278150
0.279029
0.277263
0.275855
0.275824
0.276271
0.273906
0.273556
0.274512
0.273051
0.272597
0.272752
0.273411
0.272407
0.271784
0.271188
0.286815
0.284207
0.282497
0.281021
0.276590
0.276899
0.275836
0.276365
0.273893
0.273016
0.272908
0.276247
0.273621
0.272954
0.273360
0.272690
0.271833
0.271591
0.285003
0.284288
0.281482
0.278719
0.279058
0.276887
0.275236
0.276209
0.274222
0.274262
0.274443
0.276073
0.274521
0.273928
0.273656
0.274392
0.272177
0.272700
0.285855
0.286462
0.285048
0.281609
0.279617
0.278977
0.277942
0.277807
0.276987
0.276066
0.276028
0.277320
0.275864
0.275371
0.276098
0.276297
0.274433
0.273622
0.283345
0.283919
0.279871
0.279309
0.280387
0.279531
0.275784
0.275779
0.276835
0.273254
0.274366
0.273936
0.272807
0.273256
0.273352
0.274219
0.272804
0.271446
0.282227
0.288680
0.279946
0.279049
0.278995
0.278101
0.277255
0.276402
0.276679
0.276846
0.278373
0.278667
0.277270
0.277032
0.276049
0.275262
0.274993
0.274302
0.281208
0.283060
0.279567
0.278065
0.279051
0.277578
0.277041
0.275795
0.277137
0.275902
