0.042145
0.032246
0.033209
0.032983
0.034643
0.034994
0.034846
0.034998
0.036114
0.034752
0.034536
0.035536
0.035176
0.033583
0.033815
0.035911
0.031017
0.033662
0.035808
0.031806
0.035804
0.035540
0.033379
0.032474
0.033813
0.035064
0.035807
0.035008
0.034287
0.046213
0.035629
0.035981
0.034159
0.034597
0.034222
0.028891
0.033871
0.034860
0.034986
0.036382
0.036379
0.034087
0.034770
0.035844
0.034163
0.031046
0.030484
0.034200
0.034489
0.034366
0.034942
0.033185
0.033542
0.036630
0.035238
0.035652
0.032467
0.036246
0.052026
0.033527
0.034382
0.034525
0.034180
0.033909
0.034015
0.032922
0.034167
0.034038
0.034727
0.033569
0.033328
0.033735
0.031252
0.031777
0.031831
0.033192
0.034194
0.034933
0.035541
0.034129
0.033795
0.034776
0.034985
0.034397
0.034101
0.034586
0.034108
0.035931
0.034659
0.033535
0.033890
0.030649
0.030446
0.030810
0.030306
0.030216
0.030005
0.031101
0.033296
0.031221
0.031701
0.030567
0.030689
0.030405
0.031103
0.032496
0.032717
0.033790
0.036192
0.033624
0.034603
0.034943
0.032597
0.034852
0.034838
0.034990
0.034760
0.035084
0.034700
0.034868
0.034301
0.035040
0.035012
0.035093
0.034249
0.034079
0.034202
0.033728
0.034788
0.034095
0.035211
0.035336
0.035183
0.035113
0.032753
0.035187
0.034847
0.035488
0.034900
0.034898
0.034651
0.035265
0.035006
0.034743
0.034951
0.035052
0.034911
0.035500
0.035269
0.034767
0.034175
0.034076
0.035138
0.034790
0.035198
0.035116
0.034916
0.034805
0.035075
0.034137
0.035373
0.034976
0.035056
0.035351
0.035523
0.035117
0.034203
0.034690
0.034843
0.035202
0.034410
0.034683
0.034917
0.034572
0.034797
0.034825
0.035050
0.035079
0.035511
0.034819
0.034598
0.041553
0.034371
0.034236
0.032143
0.034201
0.033413
0.034962
0.034655
0.035114
0.035038
0.034897
0.034911
0.034679
0.034081
0.035430
0.034614
0.035434
0.035194
0.032068
0.034154
0.034225
0.034581
0.035493
0.035564
0.035402
0.035355
0.035384
0.035267
0.035051
0.035430
0.035509
0.035411
0.035113
0.035006
0.035079
0.034929
0.035489
0.035081
0.035230
0.035287
0.035206
0.035461
0.034882
0.035436
0.035364
0.035196
0.034976
0.035236
0.034417
0.038086
0.036024
0.032619
0.031918
0.034920
0.035584
0.033762
0.033569
0.034813
0.050549
0.032566
0.032209
0.031784
0.033485
0.035369
0.033060
0.035832
0.033552
0.035787
0.035719
0.035863
0.035746
0.035945
0.035968
0.034174
0.033643
0.033985
0.032387
0.035900
0.034963
0.034334
0.035150
0.035677
0.033461
0.032408
0.032733
0.033704
0.034327
0.034828
0.035951
0.035393
0.034760
0.035477
0.034753
0.035691
0.034566
0.035112
0.033375
0.033727
0.033429
0.033140
0.033039
0.033308
0.035801
0.035546
0.035722
0.033590
0.033744
0.034028
0.034887
0.035058
0.034742
0.035115
0.035578
0.034705
0.035047
0.035537
0.036052
0.035176
0.034657
0.035268
0.033701
0.035618
0.034562
0.035344
0.034961
0.034873
0.033235
0.033555
0.033874
0.033453
0.035552
0.033199
0.031694
0.034708
0.033629
0.035477
0.034029
0.035263
0.034784
0.035096
0.034680
0.033105
0.032275
0.032444
0.032511
0.032595
0.033208
0.033749
0.033363
0.034638
0.034472
0.035126
0.032950
0.034270
0.033153
0.034748
0.033843
0.033278
0.033633
0.033302
0.033585
0.032330
0.034021
0.034608
0.033851
0.033100
0.033561
0.036033
0.033635
0.034770
0.033760
0.033567
0.033818
0.032702
0.032964
0.033265
0.033084
0.033392
0.034336
0.042776
0.033125
0.031290
0.029725
0.029613
0.029596
0.029472
0.027754
0.029550
0.029963
0.029096
0.031791
0.030043
0.028809
0.030135
0.031125
0.029874
0.035124
0.038406
0.038182
0.038561
0.037728
0.037742
0.037400
0.037620
0.037332
0.035339
0.035010
0.035268
0.035699
0.035556
0.034863
0.036762
0.036835
0.035872
0.031913
0.032976
0.032382
0.034306
0.036768
0.033647
0.033322
0.034448
0.037786
0.033386
0.032591
0.036982
0.035625
0.036231
0.030951
0.034154
0.034115
0.034594
0.033326
0.033048
0.037037
0.037376
0.035418
0.035583
0.032550
0.033541
0.034345
0.035595
0.034984
0.036288
0.037406
0.033446
0.033703
0.032454
0.033065
0.034804
0.035852
0.035723
0.033399
0.037173
0.032084
0.037048
0.037909
0.030969
0.036671
0.038262
0.037008
0.037882
0.037711
0.038925
0.040124
0.038452
0.036742
0.037630
0.031884
0.038450
0.033476
0.035268
0.035830
0.036748
0.032448
0.038582
0.039799
0.035401
0.036358
0.035479
0.037809
0.038001
0.037280
0.038020
0.037877
0.036196
0.037812
0.035043
0.038232
0.037830
0.030838
0.028589
0.032663
0.032922
0.033279
0.034485
0.034301
0.036708
0.040220
0.038952
0.040033
0.037014
0.037386
0.032280
0.035292
0.033708
0.035680
0.034490
0.033086
0.033124
0.033532
0.034905
0.033314
0.033724
0.033621
0.034393
0.037479
0.033309
0.034525
0.035117
0.035093
0.035588
0.033110
0.032846
0.033115
0.033198
0.032729
0.033053
0.031085
0.033181
0.033037
0.037626
0.037373
0.037429
0.037869
0.033182
0.035126
0.031437
0.038461
0.041209
0.037830
0.033012
0.037019
0.037938
0.038897
0.039766
0.041685
0.041742
0.035385
0.041433
0.040713
0.042170
0.034658
0.037109
0.041612
0.033584
0.041742
0.040422
0.041749
0.040902
0.039030
0.033806
0.039203
0.040718
0.035044
0.037337
0.041443
0.040940
0.032485
0.038298
0.041897
0.041180
0.041305
0.041811
0.029738
0.039813
0.040785
0.035002
0.040320
0.041942
0.041386
0.034543
0.042039
0.041623
0.035189
0.033798
0.033995
0.033479
0.040601
0.041030
0.040545
0.041889
0.034660
0.041285
0.041746
0.038037
0.041544
0.040840
0.037490
0.041579
0.041471
0.033794
0.039953
0.041560
0.040417
0.031121
0.032903
0.038466
0.041736
0.032790
0.039706
0.033333
0.041446
0.042298
0.041773
0.041798
0.041034
0.038116
0.054607
0.035617
0.038446
0.038738
0.032374
0.033072
0.035639
0.034464
0.032870
0.037022
0.035268
0.040468
0.039790
0.040514
0.032255
0.035071
0.036589
0.037978
0.036185
0.033877
0.040133
0.037674
0.037918
0.038615
0.034843
0.030932
0.033398
0.036539
0.033967
0.033296
0.035735
0.031142
0.036314
0.032296
0.041614
0.040999
0.031999
0.031497
0.041460
0.033085
0.041715
0.041161
0.033574
0.031047
0.031059
0.041382
0.037380
0.038527
0.038016
0.032108
0.030939
0.031553
0.031818
0.029946
0.030759
0.029433
0.029743
0.030651
0.030606
0.030941
0.042347
0.039196
0.029863
0.032631
0.030785
0.037615
0.035818
0.037429
0.036149
0.038237
0.039766
0.038321
0.033754
0.041511
0.039787
0.037482
0.039009
0.032990
0.038665
0.037656
0.031745
0.035934
0.037143
0.038046
0.037417
0.037439
0.037982
0.037115
0.041100
0.039337
0.040850
0.037236
0.042778
0.034412
0.029531
0.034343
0.039782
0.039530
0.040502
0.034473
0.039159
0.036966
0.031979
0.031959
0.037360
0.037150
0.037193
0.032423
0.038245
0.038207
0.038225
0.032429
0.037094
0.035906
0.030857
0.036104
0.041087
0.032355
0.042494
0.039641
0.040521
0.038152
0.039345
0.037527
0.035361
0.039850
0.039605
0.040240
0.036413
0.038295
0.037200
0.038878
0.038153
0.038290
0.037334
0.036374
0.037949
0.040562
0.039572
0.039413
0.040937
0.033335
0.037441
0.036792
0.039259
0.037265
0.038275
0.038207
0.036208
0.038851
0.037050
0.039749
0.035521
0.029489
0.030082
0.034157
0.038311
0.038944
0.039594
0.035638
0.037776
0.039746
0.036618
0.038003
0.033312
0.036898
0.041083
0.040139
0.038207
0.038133
0.034613
0.034548
0.033021
0.032832
0.030754
0.032593
0.033121
0.033535
0.033797
0.033864
0.032729
0.040867
0.040033
0.039176
0.031903
0.036621
0.041071
0.033823
0.036900
0.041129
0.039964
0.035225
0.034570
0.029957
0.036202
0.037866
0.036409
0.035034
0.032066
0.036636
0.037760
0.038406
0.039786
0.040152
0.039868
0.040169
0.041571
0.040920
0.028171
0.036674
0.031850
0.042230
0.039017
0.033485
0.037289
0.032304
0.036339
0.035615
0.040139
0.039710
0.039341
0.043417
0.031854
0.032156
0.031518
0.030193
0.033462
0.033136
0.033512
0.033119
0.033217
0.033416
0.033229
0.033415
0.033824
0.033311
0.031732
0.033576
0.029810
0.033659
0.033752
0.033153
0.033786
0.033405
0.033605
0.032016
0.033398
0.033543
0.031720
0.033649
0.033483
0.033339
0.033546
0.029735
0.029994
0.029897
0.031987
0.032098
0.033374
0.033269
0.033241
0.033565
0.033599
0.033539
0.033721
0.031561
0.032339
0.032334
0.030586
0.032421
0.033348
0.033472
0.033210
0.033642
0.032507
0.033159
0.033573
0.033403
0.032892
0.032542
0.031051
0.033093
0.033294
0.032194
0.037976
0.033542
0.032870
0.031062
0.033671
0.033225
0.033630
0.033585
0.031814
0.033637
0.033143
0.033597
0.033643
0.033100
0.032567
0.043342
0.033044
0.031542
0.033793
0.032335
0.033498
0.032148
0.032346
0.032459
0.032877
0.031753
0.030934
0.032486
0.031336
0.032372
0.032331
0.032624
0.031508
0.032761
0.032130
0.031232
0.030890
0.031663
0.031580
0.031657
0.030828
0.033412
0.033245
0.033556
0.033829
0.033523
0.033459
0.032908
0.033020
0.033506
0.033110
0.032915
0.033289
0.032280
0.032405
0.032073
0.035804
0.033996
0.036328
0.033933
0.036080
0.034056
0.033853
0.035137
0.032982
0.031962
0.030159
0.033179
0.032214
0.033168
0.032931
0.042853
0.032799
0.032422
0.031736
0.033180
0.033310
0.032360
0.036312
0.033968
0.033073
0.032810
0.032993
0.033487
0.032082
0.033202
0.032090
0.032377
0.031226
0.036409
0.032850
0.032333
0.032590
0.033049
0.033455
0.033385
0.033314
0.032396
0.036649
0.032564
0.032774
0.033073
0.033167
0.033402
0.032825
0.032499
0.032982
0.030705
0.037246
0.032354
0.030873
0.033240
0.033234
0.031854
0.033166
0.033073
0.033258
0.032363
0.033216
0.032809
0.032629
0.033657
0.033374
0.033236
0.033908
0.033117
0.032540
0.033528
0.033160
0.033541
0.032236
0.032547
0.032721
0.033092
0.033906
0.033155
0.032868
0.033250
0.033493
0.032961
0.033566
0.032650
0.032879
0.033445
0.033340
0.033914
0.033519
0.032279
0.031993
0.033401
0.032189
0.033846
0.033682
0.033930
0.033382
0.032538
0.033734
0.032360
0.033493
0.033704
0.033554
0.032246
0.033633
0.033670
0.033189
0.032172
0.032274
0.032735
0.032294
0.033476
0.032696
0.033846
0.033494
0.033827
0.033575
0.032746
0.033810
0.033535
0.033295
0.032495
0.032188
0.033638
0.033712
0.032572
0.032740
0.033630
0.033703
0.033200
0.032570
0.032408
0.034045
0.032744
0.033584
0.032788
0.033816
0.033227
0.033804
0.033543
0.033082
0.032564
0.032436
0.033694
0.032542
0.034388
0.031102
0.030154
0.030681
0.030055
0.030065
0.029798
0.030436
0.030123
0.030424
0.033906
0.032062
0.030988
0.033751
0.032155
0.031573
0.031219
0.033006
0.029651
0.030989
0.029927
0.030337
0.030797
0.030761
0.031455
0.030917
0.032776
0.033041
0.031445
0.031128
0.030996
0.031436
0.030478
0.031004
0.035749
0.035376
0.036211
0.029590
0.032321
0.032072
0.033968
0.035944
0.032306
0.034673
0.036285
0.036320
0.035767
0.036337
0.034387
0.032878
0.034054
0.033493
0.032727
0.032738
0.032425
0.035243
0.036222
0.034742
0.036753
0.036585
0.036976
0.034334
0.033751
0.033690
0.036655
0.036586
0.034967
0.037042
0.037069
0.034386
0.032854
0.032593
0.032453
0.032527
0.032331
0.031087
0.036244
0.036662
0.036245
0.037030
0.037252
0.035968
0.034902
0.036990
0.035898
0.032997
0.035031
0.032448
0.032350
0.034262
0.032492
0.032252
0.031572
0.034743
0.036140
0.036651
0.032550
0.032376
0.032254
0.031168
0.031979
0.032112
0.032001
0.031278
0.032772
0.036284
0.031862
0.035426
0.034848
0.032907
0.034576
0.035982
0.036591
0.036771
0.032976
0.031587
0.030060
0.030141
0.031688
0.029853
0.030466
0.033940
0.031711
0.030389
0.030640
0.032025
0.030297
0.029771
0.030370
0.033576
0.030119
0.034800
0.032366
0.036075
0.031583
0.032277
0.036185
0.034524
0.036089
0.036269
0.034585
0.034544
0.034386
0.036461
0.034712
0.036772
0.034814
0.035852
0.036670
0.033654
0.034408
0.032096
0.030903
0.032657
0.031474
0.032903
0.032705
0.032563
0.032637
0.032510
0.032183
0.033026
0.032869
0.032633
0.032828
0.033008
0.032324
0.031970
0.032590
0.032390
0.032337
0.032521
0.032284
0.032444
0.032954
0.032202
0.032581
0.032788
0.032734
0.031822
0.031544
0.032717
0.032121
0.032020
0.032352
0.032501
0.032133
0.032458
0.031936
0.031641
0.032452
0.031878
0.031888
0.033209
0.033204
0.032487
0.035683
0.033773
0.032468
0.032426
0.033183
0.032367
0.032760
0.033124
0.032746
0.033421
0.032255
0.032236
0.033340
0.032795
0.032830
0.033340
0.033162
0.031476
0.031727
0.031482
0.032510
0.031918
0.033157
0.033104
0.032307
0.033113
0.032848
0.032546
0.033467
0.031529
0.031785
0.031726
0.035776
0.033107
0.031797
0.031508
0.031770
0.031995
0.031610
0.033106
0.031795
0.031924
0.032427
0.032967
0.033490
0.032885
0.033031
0.031649
0.031961
0.033446
0.031712
0.031432
0.031363
0.031933
0.033232
0.032017
0.031415
0.031639
0.032422
0.031325
0.033153
0.033596
0.033473
0.033310
0.033416
0.033205
0.032024
0.033017
0.031760
0.033334
0.031695
0.033303
0.036128
0.034048
0.032276
0.032608
0.031626
0.032855
0.033239
0.030958
0.035879
0.033475
0.031721
0.031892
0.031893
0.033118
0.033842
0.032252
0.031685
0.035764
0.033483
0.033031
0.032047
0.031873
0.031545
0.031721
0.031818
0.031450
0.036283
0.033821
0.033243
0.031409
0.032624
0.031132
0.031118
0.031315
0.033055
0.034471
0.032909
0.032392
0.033088
0.032391
0.031876
0.032618
0.031712
0.031749
0.032751
0.032466
0.031626
0.031602
0.032319
0.032016
0.032865
0.031833
0.031404
0.032529
0.032889
0.032578
0.033341
0.032293
0.033037
0.033175
0.032762
0.032598
0.032296
0.032762
0.032928
0.032880
0.032835
0.032384
0.032726
0.032380
0.032694
0.032216
0.033218
0.032879
0.032485
0.032549
0.033361
0.033045
0.032892
0.032345
0.032209
0.031864
0.031895
0.031926
0.032867
0.033040
0.032918
0.033026
0.032311
0.032947
0.033105
0.045081
0.033976
0.032459
0.032653
0.032492
0.032564
0.032148
0.032181
0.032081
0.032410
0.032343
0.032095
0.032202
0.033446
0.036088
0.036438
0.031947
0.035406
0.031978
0.032128
0.032683
0.032214
0.031872
0.036284
0.031436
0.032343
0.032267
0.036275
0.036101
0.033233
0.036197
0.032731
0.031736
0.032669
0.036402
0.033613
0.032436
0.036353
0.036398
0.033160
0.035847
0.033462
0.031972
0.031834
0.031587
0.031679
0.033906
0.035879
0.035956
0.035294
0.035276
0.036120
0.031045
0.031213
0.031603
0.035926
0.035729
0.035970
0.033651
0.036158
0.035882
0.036212
0.032023
0.032046
0.036094
0.036023
0.033788
0.035930
0.035955
0.035866
0.036519
0.035810
0.036073
0.035736
0.036089
0.031759
0.031573
0.031026
0.035669
0.035550
0.035321
0.034323
0.035796
0.035068
0.034703
0.036154
0.035210
0.035967
0.035791
0.034858
0.036114
0.032299
0.031542
0.033065
0.032192
0.031843
0.032353
0.032360
0.032412
0.032254
0.031209
0.031695
0.032141
0.035607
0.032189
0.032160
0.032576
0.036235
0.033808
0.032013
0.031924
0.031144
0.032121
0.032190
0.032538
0.032460
0.032504
0.032009
0.031721
0.032119
0.032199
0.032005
0.031901
0.031941
0.031896
0.032120
0.032097
0.031921
0.032143
0.031497
0.031849
0.032015
0.032150
0.032090
0.032176
0.032114
0.032144
0.032032
0.031374
0.032682
0.031882
0.031665
0.032038
0.031691
0.031898
0.031839
0.031950
0.032032
0.032080
0.031411
0.031812
0.031193
0.031003
0.031207
0.031160
0.031314
0.031353
0.031234
0.032232
0.032038
0.035570
0.033748
0.031860
0.031864
0.031761
0.031869
0.036232
0.034777
0.032692
0.031494
0.032008
0.031961
0.032029
0.031636
0.031434
0.031655
0.031692
0.031542
0.031476
0.032122
0.032045
0.041654
0.036201
0.035643
0.034724
0.035184
0.034725
0.035157
0.034599
0.035416
0.034728
0.033600
0.033439
0.033216
0.033041
0.035827
0.031735
0.031938
0.035504
0.033637
0.032969
0.033273
0.035475
0.034812
0.032347
0.032588
0.032310
0.035388
0.036049
0.047119
0.036342
0.038817
0.035427
0.033200
0.037231
0.040508
0.037981
0.038694
0.037719
0.035013
0.033855
0.034134
0.033239
0.032717
0.037116
0.035797
0.034354
0.033576
0.029868
0.032426
0.035129
0.038802
0.033993
0.034600
0.036059
0.037429
0.033428
0.038038
0.038139
0.033285
0.033681
0.035868
0.032031
0.033906
0.035959
0.041615
0.033517
0.033546
0.034025
0.035269
0.037284
0.041773
0.033309
0.039412
0.030115
0.029433
0.030415
0.033977
0.033165
0.033707
0.034011
0.034835
0.032849
0.036001
0.034366
0.033826
0.040237
0.041533
0.036633
0.029518
0.036583
0.032448
0.032851
0.032136
0.034497
0.032976
0.035112
0.036655
0.037303
0.037858
0.039081
0.034404
0.035979
0.041401
0.036455
0.033879
0.035356
0.040614
0.039807
0.039460
0.040155
0.036110
0.037594
0.039463
0.036786
0.038472
0.034559
0.038778
0.038466
0.039321
0.039694
0.036997
0.032452
0.032745
0.033849
0.034104
0.034525
0.034386
0.040904
0.039587
0.040264
0.034573
0.034323
0.035594
0.033588
0.034765
0.033510
0.034214
0.033162
0.029562
0.033782
0.034115
0.033897
0.034311
0.032931
0.034189
0.033520
0.033680
0.031045
0.032062
0.031937
0.033712
0.033691
0.032808
0.033292
0.033162
0.032458
0.033357
0.033998
0.033214
0.034427
0.033081
0.034542
0.033276
0.033487
0.034181
0.033725
0.034047
0.033774
0.035420
0.034329
0.034665
0.034837
0.035135
0.033620
0.034175
0.035341
0.033742
0.032458
0.034219
0.034203
0.033699
0.034985
0.033615
0.032138
0.033066
0.033738
0.034899
0.034434
0.034575
0.034671
0.035468
0.032549
0.034715
0.035172
0.033959
0.033942
0.035203
0.033314
0.034628
0.033995
0.033729
0.031806
0.032713
0.032438
0.031805
0.035045
0.035725
0.034099
0.035071
0.034066
0.034742
0.033713
0.034577
0.032797
0.033601
0.034588
0.035058
0.035722
0.035854
0.036067
0.035861
0.035552
0.034822
0.035840
0.034405
0.034731
0.035193
0.034730
0.034797
0.035429
0.032463
0.032068
0.032246
0.033141
0.034768
0.034232
0.034989
0.034498
0.034416
0.034543
0.033312
0.034439
0.034361
0.033935
0.032256
0.032510
0.033202
0.032674
0.033182
0.031913
0.033645
0.035145
0.034864
0.035377
0.032229
0.034288
0.031979
0.032576
0.034386
0.034923
0.034336
0.032115
0.033040
0.032851
0.033763
0.034451
0.035019
0.035229
0.032317
0.035212
0.034778
0.035013
0.035661
0.034642
0.034768
0.031836
0.034253
0.034737
0.033374
0.034162
0.033710
0.035613
0.035494
0.034236
0.033861
0.035334
0.035179
0.035651
0.035875
0.034447
0.035414
0.035736
0.035040
0.035859
0.033115
0.033798
0.034935
0.034630
0.034507
0.034644
0.036058
0.035675
0.033619
0.034723
0.034365
0.034825
0.035028
0.033865
0.034548
0.033558
0.035011
0.035640
0.032438
0.035997
0.035856
0.034934
0.034727
0.034288
0.034446
0.035291
0.034397
0.036067
0.035867
0.035403
0.035505
0.033078
0.033697
0.033536
0.035077
0.035404
0.034620
0.034845
0.034090
0.034437
0.034313
0.034542
0.034663
0.034369
0.034153
0.033998
0.034103
0.034927
0.033609
0.034379
0.034869
0.033167
0.033944
0.032767
0.033465
0.033140
0.032359
0.036142
0.032778
0.032555
0.032777
0.033186
0.033754
0.032802
0.032503
0.031586
0.032039
0.032984
0.033423
0.031687
0.032719
0.031985
0.032107
0.033751
0.032567
0.033331
0.033083
0.033360
0.032877
0.033041
