0.014336
0.009860
0.007560
0.009163
0.008110
0.007126
0.007940
0.007497
0.008000
0.008623
0.009033
0.009642
0.009418
0.008709
0.007856
0.008341
0.008952
0.008283
0.008293
0.007310
0.008938
0.008756
0.008490
0.008540
0.008986
0.009400
0.009618
0.008247
0.009025
0.008881
0.009375
0.008818
0.009424
0.008955
0.009093
0.008193
0.008593
0.008352
0.009098
0.009003
0.009563
0.009020
0.007771
0.009037
0.008905
0.009240
0.009398
0.009062
0.009421
0.009514
0.008527
0.008378
0.009026
0.008957
0.009108
0.008897
0.008443
0.008771
0.007154
0.008640
0.009356
0.009260
0.008920
0.009373
0.009388
0.009013
0.008881
0.009019
0.009147
0.009096
0.008296
0.006877
0.007175
0.009259
0.009208
0.008865
0.009136
0.009382
0.008761
0.009286
0.009474
0.008858
0.009436
0.008982
0.009265
0.008700
0.008159
0.008797
0.009092
0.009115
0.009032
0.009231
0.009082
0.008886
0.007557
0.009280
0.009386
0.009103
0.007642
0.008736
0.008956
0.008910
0.009375
0.009298
0.009096
0.007986
0.009090
0.008758
0.008201
0.009089
0.008607
0.008781
0.008803
0.009224
0.023487
0.008812
0.010077
0.009627
0.007154
0.008792
0.009425
0.007426
0.006947
0.009298
0.009787
0.009325
0.007142
0.008785
0.007711
0.009232
0.009159
0.007912
0.007713
0.007784
0.007523
0.009123
0.009571
0.007482
0.007890
0.008027
0.007964
0.007857
0.007588
0.009221
0.007481
0.008880
0.008109
0.008387
0.009297
0.008801
0.008430
0.007096
0.006914
0.007812
0.008721
0.006976
0.008216
0.007409
0.007422
0.009497
0.008476
0.007454
0.007569
0.007449
0.007729
0.007881
0.008939
0.008272
0.008082
0.007228
0.007153
0.007529
0.007414
0.007459
0.007360
0.007591
0.006942
0.006988
0.009067
0.008463
0.009292
0.009746
0.009806
0.009744
0.009763
0.007221
0.007184
0.007660
0.007340
0.007859
0.008518
0.008443
0.009232
0.008368
0.008576
0.007265
0.008258
0.007637
0.008967
0.007951
0.009615
0.007976
0.007192
0.007249
0.007017
0.007614
0.007852
0.009712
0.009804
0.009861
0.007853
0.006920
0.007682
0.008765
0.008557
0.009201
0.008991
0.007080
0.007070
0.008347
0.007308
0.007706
0.007788
0.007994
0.008878
0.007804
0.007437
0.006971
0.007526
0.009463
0.010072
0.007398
0.007276
0.007175
0.007410
0.007449
0.009794
0.009779
0.007537
0.009428
0.008665
0.007516
0.009610
0.007610
0.008113
0.007984
0.009241
0.009844
0.007704
0.008014
0.009497
0.008329
0.009714
0.008321
0.008971
0.007358
0.007245
0.007779
0.007815
0.007733
0.007357
0.007744
0.009192
0.007512
0.009370
0.007528
0.007312
0.008020
0.008756
0.007673
0.007603
0.008031
0.007511
0.007543
0.008194
0.009655
0.009684
0.007190
0.007776
0.009173
0.009344
0.007588
0.007491
0.008482
0.008203
0.008144
0.008641
0.007438
0.008732
0.007612
0.007460
0.008487
0.007458
0.007478
0.008126
0.006833
0.007286
0.007072
0.007137
0.007163
0.007424
0.008158
0.008950
0.008684
0.006985
0.007164
0.007317
0.007893
0.008730
0.009044
0.009678
0.007440
0.007167
0.007516
0.008406
0.009152
0.007884
0.006913
0.007268
0.007332
0.007411
0.007896
0.007841
0.007771
0.007158
0.007122
0.007971
0.008645
0.007672
0.007583
0.008604
0.008058
0.009089
0.009522
0.007680
0.007402
0.007354
0.008518
0.008276
0.007218
0.008662
0.009039
0.009922
0.007986
0.009178
0.009590
0.008316
0.008109
0.007016
0.007577
0.007390
0.007267
0.007338
0.007974
0.007281
0.007337
0.007173
0.008322
0.016920
0.009900
0.009224
0.008605
0.008348
0.008537
0.008328
0.009545
0.009965
0.008152
0.008581
0.009123
0.008101
0.007537
0.009878
0.007479
0.007472
0.007496
0.007519
0.007331
0.007317
0.007431
0.008101
0.009196
0.009147
0.007439
0.007311
0.007217
0.008908
0.007591
0.007649
0.007484
0.007461
0.007520
0.007356
0.007506
0.007689
0.009211
0.009109
0.007486
0.008070
0.007567
0.007577
0.008618
0.008343
0.007367
0.007422
0.007009
0.007548
0.007447
0.007476
0.007433
0.007257
0.008946
0.009887
0.009467
0.008390
0.009858
0.008123
0.008145
0.007844
0.007839
0.007428
0.007423
0.007642
0.008375
0.008627
0.009105
0.008709
0.007575
0.007369
0.008720
0.007330
0.007561
0.009290
0.007823
0.008301
0.009636
0.008728
0.008742
0.008803
0.008405
0.007592
0.007785
0.007706
0.008259
0.007955
0.008841
0.008918
0.008257
0.009756
0.009880
0.009296
0.009651
0.010025
0.010040
0.010094
0.009157
0.008909
0.007386
0.007394
0.007454
0.007318
0.007453
0.007707
0.007558
0.007979
0.008329
0.009241
0.008940
0.007458
0.007375
0.007228
0.007529
0.007382
0.007546
0.008541
0.009430
0.007523
0.009094
0.007627
0.007653
0.007524
0.007611
0.009293
0.011425
0.009676
0.007571
0.009028
0.007786
0.010253
0.011923
0.008425
0.008023
0.008335
0.009853
0.008346
0.007978
0.009514
0.010922
0.010124
0.009323
0.010818
0.008871
0.008128
0.007835
0.007893
0.009850
0.009828
0.007259
0.008638
0.008098
0.009557
0.009198
0.008383
0.009031
0.007438
0.007527
0.007581
0.008988
0.009312
0.009526
0.008151
0.007732
0.007614
0.007604
0.007835
0.008599
0.008285
0.008273
0.008218
0.009742
0.009568
0.007382
0.007252
0.009567
0.009839
0.009902
0.007795
0.008297
0.009381
0.009945
0.010124
0.010186
0.009918
0.009256
0.010112
0.008856
0.009495
0.009670
0.009791
0.008997
0.007631
0.008794
0.009316
0.008927
0.007627
0.008074
0.007368
0.009663
0.007641
0.007426
0.007645
0.007859
0.007770
0.008391
0.007290
0.007724
0.007712
0.007667
0.007768
0.009306
0.009884
0.010109
0.010047
0.007587
0.008190
0.007649
0.008949
0.008490
0.008399
0.007593
0.007589
0.007753
0.007513
0.007440
0.007513
0.007627
0.008176
0.009509
0.007657
0.007593
0.007459
0.007627
0.007703
0.008928
0.008659
0.009071
0.009170
0.009838
0.009690
0.007701
0.007894
0.008679
0.008335
0.008913
0.008554
0.007395
0.007157
0.007552
0.007606
0.008452
0.008442
0.009255
0.009854
0.010036
0.009976
0.007960
0.007493
0.007841
0.007846
0.007817
0.008671
0.008014
0.007583
0.007562
0.007622
0.008474
0.008905
0.007452
0.006969
0.007166
0.008236
0.009840
0.008840
0.007419
0.007297
0.009378
0.009478
0.008054
0.007967
0.008230
0.008622
0.007554
0.007365
0.007871
0.008939
0.008891
0.007802
0.008034
0.009320
0.008272
0.009047
0.009100
0.008910
0.007550
0.007309
0.008235
0.009647
0.007478
0.006952
0.007354
0.007427
0.009471
0.008385
0.007427
0.007568
0.007677
0.008870
0.008672
0.007887
0.007649
0.008768
0.007973
0.007638
0.007191
0.007520
0.007249
0.008234
0.008151
0.007905
0.009774
0.007328
0.006759
0.009011
0.009151
0.008911
0.007375
0.007268
0.007561
0.007515
0.007152
0.008779
0.009707
0.009955
0.007753
0.007608
0.007796
0.007838
0.007771
0.007951
0.007871
0.007883
0.007849
0.007993
0.008091
0.009575
0.009482
0.007810
0.007757
0.008719
0.007499
0.007538
0.007595
0.007564
0.008837
0.007705
0.007913
0.008410
0.009376
0.007495
0.007593
0.008578
0.008363
0.007444
0.007431
0.009015
0.009349
0.008112
0.007905
0.008081
0.008765
0.007591
0.008558
0.007465
0.007983
0.008554
0.010756
0.009341
0.008605
0.007634
0.007289
0.008675
0.007953
0.009334
0.008147
0.007609
0.007478
0.008125
0.008636
0.008802
0.007621
0.007663
0.007556
0.007255
0.007542
0.007819
0.007487
0.007240
0.007332
0.009015
0.008068
0.008959
0.007467
0.007410
0.008169
0.007184
0.006995
0.008789
0.007533
0.007652
0.007748
0.007627
0.007313
0.007007
0.007253
0.007482
0.007613
0.007688
0.007436
0.007452
0.007389
0.016916
0.008691
0.007731
0.007838
0.007662
0.007744
0.007847
0.008034
0.008025
0.007624
0.007519
0.007576
0.007592
0.007599
0.007526
0.007513
0.007548
0.007538
0.007472
0.007499
0.007626
0.007473
0.007692
0.007477
0.007875
0.007709
0.007206
0.007665
0.007719
0.007424
0.007489
0.007534
0.007432
0.007742
0.007437
0.007467
0.007528
0.007679
0.007676
0.007124
0.007288
0.007541
0.007700
0.007826
0.007823
0.007455
0.007481
0.007578
0.008092
0.007565
0.007394
0.008629
0.008793
0.007823
0.007707
0.007945
0.007982
0.007669
0.007585
0.007727
0.007442
0.008353
0.007979
0.007473
0.007512
0.007271
0.007523
0.007626
0.007711
0.007600
0.007525
0.007518
0.007482
0.007155
0.007532
0.007453
0.007626
0.007654
0.007687
0.007261
0.007277
0.007463
0.007514
0.007627
0.008202
0.007360
0.007342
0.007885
0.007472
0.007648
0.007496
0.008180
0.008340
0.007674
0.007414
0.007735
0.007592
0.007476
0.007558
0.007511
0.008444
0.008055
0.007483
0.007686
0.007671
0.007677
0.007031
0.007308
0.007509
0.007632
0.007826
0.007276
0.007646
0.007638
0.007605
0.007657
0.007772
0.007600
0.007742
0.007665
0.007367
0.007368
0.007704
0.007378
0.007256
0.008176
0.008067
0.008706
0.008513
0.007402
0.007701
0.008318
0.007587
0.007302
0.007452
0.007465
0.007742
0.008033
0.008111
0.007360
0.007650
0.007604
0.007786
0.006886
0.006969
0.006905
0.007471
0.007527
0.007775
0.008574
0.008798
0.007021
0.007755
0.007375
0.007577
0.007022
0.007646
0.008080
0.007570
0.007946
0.007396
0.007504
0.006662
0.007460
0.007642
0.007861
0.007906
0.007760
0.007652
0.007971
0.007640
0.007639
0.007139
0.007573
0.006924
0.007509
0.007732
0.006975
0.006981
0.007594
0.007918
0.007089
0.007974
0.009145
0.008189
0.007414
0.007364
0.007256
0.006808
0.007541
0.007535
0.007207
0.008056
0.007691
0.008249
0.007298
0.007728
0.007817
0.008742
0.006963
0.006752
0.007675
0.007802
0.007851
0.007344
0.007663
0.007580
0.007408
0.007303
0.007678
0.007617
0.007137
0.007532
0.007638
0.007570
0.007550
0.006726
0.007513
0.006905
0.007427
0.006693
0.007559
0.007548
0.007630
0.007692
0.007936
0.007996
0.008080
0.008082
0.008589
0.008231
0.007959
0.007444
0.007579
0.007747
0.007717
0.007533
0.007483
0.006711
0.007534
0.007420
0.007514
0.007611
0.007455
0.007009
0.007508
0.006840
0.007631
0.007403
0.008136
0.008387
0.008307
0.008427
0.008435
0.008555
0.007815
0.006642
0.006721
0.007505
0.007616
0.007519
0.008469
0.007085
0.007141
0.008161
0.008184
0.007534
0.007515
0.007097
0.007623
0.007644
0.007693
0.007757
0.006895
0.007590
0.006643
0.007602
0.007359
0.006705
0.007440
0.007537
0.008996
0.008938
0.009020
0.009159
0.008559
0.008163
0.008113
0.008676
0.009109
0.007127
0.007118
0.007999
0.008167
0.008196
0.007630
0.007129
0.007625
0.006813
0.006898
0.007451
0.007643
0.007561
0.007129
0.007076
0.007378
0.007541
0.007507
0.007443
0.008174
0.008237
0.008073
0.008607
0.007449
0.008931
0.008681
0.008730
0.008348
0.008699
0.008878
0.008616
0.008632
0.007195
0.007506
0.007697
0.007868
0.007759
0.009147
0.011500
0.010366
0.008657
0.008513
0.007757
0.008094
0.008494
0.008137
0.007553
0.008003
0.007685
0.008682
0.007365
0.007829
0.007239
0.007497
0.007809
0.007625
0.006838
0.007770
0.007042
0.008034
0.007910
0.007871
0.008609
0.008530
0.006770
0.007719
0.007307
0.007609
0.007727
0.007680
0.007736
0.007859
0.008397
0.007840
0.008071
0.008541
0.008097
0.008384
0.008341
0.008289
0.008554
0.008578
0.008326
0.007891
0.007897
0.007320
0.007312
0.007663
0.007556
0.007832
0.007442
0.007621
0.007590
0.008939
0.009014
0.009299
0.009243
0.009147
0.008615
0.006885
0.007377
0.008289
0.008566
0.007419
0.007253
0.007557
0.008161
0.008044
0.008009
0.008038
0.007819
0.007514
0.009036
0.008500
0.007230
0.007457
0.007959
0.008103
0.008713
0.008309
0.007404
0.008017
0.007263
0.007668
0.007346
0.007623
0.007818
0.007827
0.007915
0.008642
0.007771
0.007989
0.008278
0.008995
0.007768
0.006732
0.007015
0.007533
0.007442
0.007535
0.007609
0.007715
0.007667
0.007164
0.006789
0.007461
0.007498
0.007557
0.007741
0.007656
0.007468
0.007485
0.009015
0.007329
0.007416
0.007487
0.007107
0.007417
0.007605
0.007629
0.007729
0.007395
0.007563
0.008125
0.007424
0.007444
0.007660
0.007680
0.007764
0.006519
0.007452
0.007602
0.007672
0.006810
0.006824
0.007478
0.006806
0.007502
0.007602
0.006962
0.006900
0.006775
0.007506
0.006701
0.006723
0.006954
0.007217
0.006704
0.006739
0.007491
0.006859
0.007616
0.006387
0.007264
0.007547
0.007497
0.007649
0.007817
0.008176
0.008453
0.007688
0.006774
0.007663
0.007607
0.007227
0.007485
0.007478
0.007615
0.007669
0.007707
0.007784
0.007886
0.007855
0.007174
0.006766
0.007423
0.007604
0.007698
0.007645
0.006814
0.006742
0.007616
0.006711
0.007458
0.006998
0.007489
0.007308
0.007450
0.007635
0.007765
0.007594
0.007266
0.007702
0.007250
0.007531
0.007698
0.007692
0.008317
0.007656
0.007530
0.007710
0.006903
0.009507
0.007266
0.007515
0.007400
0.007151
0.007639
0.007697
0.007692
0.007825
0.009360
0.007036
0.007662
0.008458
0.007470
0.007398
0.007510
0.007477
0.008452
0.008271
0.007733
0.007379
0.006780
0.007734
0.006796
0.007472
0.007718
0.009668
0.007447
0.006925
0.007770
0.007543
0.007688
0.007744
0.007580
0.007298
0.007697
0.007319
0.007557
0.007546
0.007507
0.008449
0.008538
0.008483
0.008015
0.008751
0.008689
0.007975
0.007424
0.007690
0.006837
0.007439
0.007658
0.007527
0.007767
0.007953
0.008633
0.008386
0.008135
0.007943
0.008161
0.008990
0.008392
0.007239
0.007453
0.007613
0.007408
0.007769
0.007973
0.008483
0.007487
0.007025
0.008006
0.008064
0.008796
0.007629
0.007631
0.007684
0.007104
0.007331
0.007647
0.008112
0.007143
0.007392
0.007125
0.006919
0.006787
0.007566
0.007509
0.009056
0.006991
0.007425
0.007417
0.007713
0.007676
0.007673
0.007730
0.007388
0.007701
0.007583
0.008125
0.008106
0.008683
0.008658
0.008193
0.007482
0.007681
0.007742
0.007582
0.007643
0.008068
0.007991
0.007780
0.009353
0.008504
0.006900
0.007563
0.007547
0.007494
0.006741
0.007634
0.007840
0.007342
0.007608
0.007713
0.007677
0.007433
0.007723
0.006831
0.007684
0.007798
0.007247
0.007377
0.008323
0.007591
0.007175
0.006846
0.007506
0.007553
0.007614
0.007598
0.007772
0.007807
0.007827
0.007249
0.007607
0.007518
0.007404
0.006716
0.006753
0.007501
0.007382
0.006856
0.007052
0.007441
0.007334
0.007049
0.007118
0.008400
0.007758
0.007327
0.007550
0.008446
0.008847
0.008207
0.008276
0.007060
0.007867
0.007078
0.007649
0.007168
0.007526
0.007723
0.007374
0.007685
0.007518
0.007667
0.007819
0.007522
0.007196
0.007626
0.006704
0.007929
0.007995
0.008053
0.007089
0.006812
0.007586
0.007045
0.007582
0.007348
0.007682
0.007367
0.007678
0.007716
0.008168
0.008415
0.008285
0.008566
0.008443
0.008534
0.007470
0.006767
0.006761
0.007905
0.007114
0.008408
0.008438
0.008417
0.008492
0.007740
0.006894
0.007458
0.007437
0.007757
0.008530
0.007681
0.007618
0.007759
0.007754
0.007691
0.007840
0.007409
0.007564
0.007494
0.007543
0.007473
0.007459
0.006932
0.008019
0.008353
0.008347
0.006742
0.007713
0.017704
0.007845
0.007099
0.007513
0.007467
0.007645
0.007751
0.007552
0.007700
0.008536
0.008376
0.009145
0.008833
0.008782
0.007530
0.007530
0.007641
0.007521
0.007490
0.007457
0.007621
0.007544
0.007655
0.008263
0.007343
0.007466
0.007532
0.007636
0.007393
0.007658
0.008509
0.008329
0.008385
0.009144
0.009042
0.008124
0.007374
0.007472
0.007622
0.007941
0.008378
0.008804
0.008504
0.008498
0.007546
0.007426
0.007591
0.009254
0.007466
0.007530
0.007612
0.007427
0.008492
0.008874
0.008571
0.009008
0.008836
0.008623
0.007277
0.007576
0.007717
0.007358
0.007761
0.007457
0.007480
0.007487
0.007471
0.007646
0.007841
0.007469
0.007481
0.007148
0.007608
0.007761
0.007729
0.007677
0.007745
0.007528
0.007470
0.007629
0.007377
0.007473
0.007239
0.007621
0.007437
0.007662
0.007766
0.007760
0.007406
0.007438
0.007458
0.007431
0.007515
0.007532
0.007522
0.007503
0.007626
0.007608
0.007305
0.007057
0.007469
0.007760
0.007600
0.007264
0.007746
0.007939
0.007938
0.007575
0.007264
0.007791
0.007789
0.007816
0.007757
0.007586
0.007754
0.007904
0.007573
0.007840
0.007825
0.007960
0.007733
0.007844
0.007100
0.007713
0.007701
0.007803
0.007326
0.007753
0.007679
0.007742
0.007058
0.007751
0.007704
0.007697
0.007805
0.007831
0.007875
0.007841
0.007041
0.007211
0.007375
0.007473
0.007459
0.007604
0.006912
0.007563
0.007595
0.006901
0.007371
0.007636
0.007816
0.007827
0.007930
0.006961
0.007237
0.007759
0.007817
0.007563
0.007393
0.007651
0.007215
0.007314
0.007707
0.007697
0.007615
0.007870
0.007805
0.008054
0.007339
0.007410
0.007595
0.007750
0.008496
0.008289
0.008413
0.006946
0.007394
0.007768
0.007483
0.007555
0.007531
0.007530
0.007429
0.007536
0.008466
0.008827
0.008604
0.007640
0.007572
0.007558
0.007501
0.007526
0.007541
0.007592
0.007672
0.007951
0.007717
0.007837
0.007453
0.007721
0.007399
0.006840
0.007391
0.007536
0.007746
0.007725
0.007820
0.007546
0.007813
0.008079
0.012985
0.010411
0.010596
0.009375
0.007540
0.007806
0.009384
0.009199
0.009778
0.008636
0.007939
0.007674
0.007679
0.007989
0.007597
0.007819
0.008094
0.007813
0.007829
0.008119
0.008678
0.008012
0.008455
0.008651
0.009097
0.008846
0.008001
0.007782
0.008102
0.008245
0.008919
0.008656
0.007819
0.007779
0.008036
0.007802
0.007878
0.007650
0.007756
0.007745
0.008158
0.007889
0.007657
0.007585
0.007765
0.007418
0.007947
0.008720
0.007856
0.007668
0.007555
0.007755
0.007825
0.007897
0.008673
0.008988
0.008737
0.008773
0.008892
0.009769
0.008307
0.007357
0.007883
0.007208
0.007662
0.007916
0.007961
0.007916
0.008352
0.007461
0.007623
0.007402
0.007650
0.007632
0.007316
0.007793
0.007819
0.007473
0.007535
0.007759
0.007614
0.007673
0.008221
0.008034
0.007751
0.007448
0.007581
0.007662
0.007700
0.006761
0.007242
0.007418
0.007430
0.007480
0.007650
0.008072
0.007586
0.007995
0.008240
0.007819
0.007481
0.007664
0.007310
0.007526
0.007634
0.008067
0.008523
0.008271
0.008533
0.007649
0.007624
0.007500
0.007817
0.008343
0.008893
0.008592
0.008647
0.008799
0.008594
0.007442
0.006717
0.007425
0.007515
0.007792
0.007272
0.007482
0.007486
0.007601
0.007561
0.007345
0.007614
0.007224
0.007557
0.007282
0.007980
0.007760
0.007580
0.007650
0.007550
0.007208
0.007555
0.008329
0.007449
0.007509
0.007413
0.007473
0.007198
0.007405
0.007544
0.007371
0.007690
0.008578
0.007651
0.007197
0.007626
0.007982
0.008001
0.008072
0.008235
0.008663
0.008193
0.007499
0.007709
0.007486
0.007644
0.008409
0.007447
0.007542
0.007078
0.007017
0.007317
0.007311
0.007508
0.007163
0.007501
0.007515
0.007597
0.007483
0.007492
0.008196
0.008257
0.008132
0.007869
0.007172
0.007449
0.007512
0.007537
0.007495
0.007127
0.007565
0.007561
0.007580
0.007606
0.007708
0.007600
0.007414
0.007593
0.007812
0.008191
0.007382
0.007308
0.008291
0.008115
0.007618
0.007707
0.008041
0.008164
0.008096
0.008214
0.008530
0.007266
0.007598
0.007718
0.007646
0.007625
0.007480
0.007660
0.007515
0.007822
0.007718
0.007611
0.007566
0.007585
0.007588
0.007900
0.008446
0.007488
0.007915
0.007306
0.007496
0.007282
0.007545
0.007567
0.007522
0.007730
0.007653
0.007175
0.006947
0.007440
0.007537
0.007407
0.007467
0.007479
0.007298
0.007491
