0.008907
0.004505
0.004172
0.004147
0.004078
0.004039
0.003989
0.003949
0.003899
0.003943
0.003946
0.003961
0.003912
0.003937
0.003969
0.003966
0.003874
0.003973
0.003878
0.004056
0.003980
0.004021
0.003912
0.003918
0.003948
0.004334
0.004414
0.004451
0.003965
0.003947
0.003877
0.004334
0.004341
0.004394
0.004397
0.004454
0.004402
0.004405
0.004382
0.003946
0.004334
0.004430
0.004434
0.004410
0.004393
0.004422
0.004440
0.004406
0.004445
0.004429
0.004423
0.004295
0.004387
0.004407
0.004412
0.004390
0.004211
0.004132
0.004172
0.004109
0.004351
0.004418
0.004385
0.004395
0.004456
0.004427
0.003982
0.003888
0.004340
0.004436
0.004018
0.003928
0.004304
0.003896
0.004295
0.004431
0.004385
0.004375
0.003942
0.003927
0.003940
0.003933
0.003947
0.003914
0.003971
0.003769
0.004366
0.004117
0.004273
0.004077
0.004379
0.004436
0.004447
0.004454
0.004465
0.004497
0.004463
0.004478
0.003981
0.004006
0.003909
0.003922
0.003903
0.003944
0.003905
0.003970
0.003941
0.003890
0.004122
0.004255
0.003950
0.003949
0.003896
0.003881
0.004374
0.004305
0.004110
0.004108
0.004156
0.004183
0.004086
0.004016
0.003924
0.003885
0.003907
0.003899
0.004400
0.004288
0.004235
0.004431
0.004369
0.004377
0.004379
0.004368
0.004374
0.004409
0.004402
0.004427
0.004385
0.004429
0.004410
0.004431
0.004431
0.004439
0.004421
0.004451
0.004417
0.004088
0.004200
0.004036
0.003911
0.003943
0.003929
0.003956
0.004301
0.004035
0.004319
0.004432
0.004449
0.004063
0.004418
0.004459
0.004459
0.004236
0.003962
0.003958
0.003914
0.003997
0.003885
0.004354
0.004388
0.004372
0.004371
0.004414
0.003914
0.004213
0.004161
0.004183
0.004179
0.004145
0.004388
0.004413
0.004400
0.004289
0.003918
0.004386
0.004376
0.004211
0.003930
0.003919
0.003916
0.003956
0.004313
0.004403
0.004379
0.004378
0.004422
0.004394
0.004414
0.004422
0.004199
0.004289
0.003964
0.003901
0.004209
0.004298
0.004229
0.004153
0.004037
0.003977
0.003883
0.003931
0.003902
0.003948
0.004369
0.004179
0.004198
0.004147
0.004202
0.004138
0.004167
0.004147
0.004183
0.004081
0.003969
0.004299
0.004184
0.004230
0.004134
0.004130
0.004167
0.004114
0.004297
0.004440
0.004414
0.004432
0.004404
0.004415
0.004458
0.004488
0.004421
0.004194
0.004252
0.004176
0.004149
0.004205
0.004057
0.004381
0.004379
0.004346
0.004026
0.004308
0.004065
0.004298
0.004181
0.003958
0.004344
0.004438
0.004408
0.004144
0.004174
0.004172
0.004190
0.004155
0.004179
0.004146
0.004180
0.004168
0.004161
0.004045
0.004389
0.004431
0.004408
0.004436
0.004266
0.004014
0.003955
0.003928
0.004314
0.004193
0.004133
0.004162
0.004154
0.004338
0.004395
0.004421
0.004414
0.004465
0.004278
0.004102
0.004179
0.004109
0.004170
0.004015
0.004383
0.004382
0.004393
0.004444
0.004387
0.004466
0.004402
0.004449
0.004412
0.004434
0.004390
0.004401
0.004395
0.004433
0.004427
0.004436
0.004398
0.004422
0.004415
0.004442
0.004414
0.004434
0.003967
0.003927
0.003946
0.003937
0.003971
0.003882
0.003949
0.003889
0.003902
0.004042
0.003940
0.003902
0.003964
0.003912
0.003885
0.003913
0.004267
0.004204
0.004131
0.004105
0.004201
0.003996
0.004417
0.004112
0.004263
0.004118
0.003945
0.004341
0.004062
0.004328
0.004032
0.004341
0.004167
0.004113
0.004138
0.003933
0.004228
0.003943
0.003882
0.003926
0.003957
0.004385
0.004432
0.004474
0.004434
0.004470
0.004411
0.003941
0.003934
0.003943
0.004016
0.004401
0.004430
0.004400
0.004423
0.004409
0.004393
0.004397
0.004369
0.004434
0.004410
0.003963
0.003876
0.003904
0.004381
0.004321
0.004426
0.004457
0.004455
0.004469
0.003983
0.004519
0.004462
0.004481
0.004485
0.004463
0.004423
0.004233
0.004186
0.004147
0.004081
0.003921
0.004051
0.004057
0.004334
0.004298
0.004146
0.004155
0.004156
0.004150
0.003933
0.003973
0.004106
0.004369
0.004428
0.003953
0.003846
0.003998
0.004076
0.003934
0.004014
0.003928
0.003899
0.003933
0.004053
0.003900
0.003908
0.003896
0.003916
0.003902
0.003946
0.003907
0.003893
0.003926
0.003900
0.003925
0.004260
0.004354
0.004384
0.004406
0.003958
0.003932
0.003957
0.003910
0.004309
0.004154
0.003830
0.004359
0.004118
0.003887
0.004023
0.004046
0.003983
0.003911
0.004382
0.004423
0.004207
0.004131
0.004265
0.004097
0.004422
0.004426
0.004423
0.004450
0.004424
0.004493
0.004479
0.004438
0.004374
0.003994
0.003940
0.003994
0.004048
0.004194
0.004116
0.004176
0.004173
0.004152
0.003897
0.004397
0.004470
0.004432
0.043110
0.004351
0.003749
0.003995
0.004062
0.003831
0.003669
0.003973
0.003728
0.003887
0.003608
0.003993
0.003600
0.003298
0.003696
0.003348
0.003690
0.003714
0.003591
0.003730
0.004011
0.004014
0.003529
0.003614
0.004033
0.003571
0.003403
0.003512
0.003514
0.003599
0.003410
0.003516
0.003670
0.003768
0.003506
0.003360
0.003667
0.003335
0.003708
0.003488
0.003921
0.003551
0.003618
0.003544
0.003700
0.003778
0.003508
0.003522
0.003483
0.003370
0.003434
0.003855
0.003780
0.003943
0.003478
0.003776
0.003591
0.003748
0.003281
0.004027
0.003989
0.003742
0.004006
0.003753
0.003712
0.003725
0.004059
0.003980
0.003760
0.003737
0.003710
0.003803
0.003743
0.003738
0.003736
0.003733
0.003705
0.003721
0.003898
0.003702
0.004034
0.004012
0.003963
0.003929
0.003898
0.003454
0.003974
0.003960
0.004002
0.003910
0.003957
0.003710
0.003575
0.003555
0.003538
0.003781
0.003483
0.003611
0.003583
0.003624
0.003662
0.003406
0.007921
0.016583
0.007343
0.003587
0.004125
0.006220
0.003678
0.003458
0.003319
0.007689
0.012359
0.009372
0.003528
0.003325
0.003350
0.003533
0.003177
0.003616
0.003722
0.003416
0.003531
0.003411
0.003355
0.003104
0.003439
0.003527
0.003613
0.004098
0.003136
0.003407
0.003348
0.003430
0.003317
0.003378
0.003149
0.003482
0.003531
0.003934
0.003314
0.007617
0.003488
0.003452
0.003289
0.003464
0.003249
0.003743
0.003643
0.003644
0.003636
0.003658
0.003687
0.003678
0.003724
0.003724
0.003759
0.003702
0.003728
0.003728
0.003747
0.003728
0.003743
0.003729
0.003712
0.003729
0.003702
0.003706
0.003701
0.003711
0.003730
0.003782
0.003541
0.003437
0.003512
0.003557
0.003314
0.003634
0.003428
0.003367
0.003459
0.003494
0.003403
0.003450
0.003718
0.003438
0.003735
0.003385
0.003437
0.003471
0.003458
0.003385
0.003632
0.003427
0.003470
0.003213
0.003469
0.003458
0.003514
0.003461
0.003605
0.003391
0.003416
0.003412
0.003451
0.003405
0.003349
0.003448
0.003412
0.003701
0.003711
0.003719
0.003756
0.003706
0.003729
0.003738
0.003686
0.003723
0.003731
0.003704
0.003731
0.003821
0.003811
0.003763
0.003793
0.003782
0.003745
0.003775
0.003739
0.003733
0.003756
0.003961
0.003757
0.003880
0.003457
0.003963
0.003840
0.003901
0.003689
0.003975
0.004036
0.004017
0.003962
0.003943
0.003570
0.003835
0.003428
0.003468
0.003179
0.003493
0.003167
0.003495
0.003273
0.003492
0.003638
0.003719
0.003712
0.003722
0.003667
0.003702
0.003422
0.003562
0.003454
0.003419
0.003502
0.003470
0.003376
0.003665
0.003669
0.003735
0.003720
0.003724
0.003721
0.003752
0.003730
0.003722
0.003708
0.003717
0.003794
0.003700
0.003770
0.003707
0.003721
0.003742
0.003732
0.003701
0.003702
0.003727
0.003729
0.003710
0.003746
0.003759
0.003720
0.003742
0.003767
0.003743
0.003725
0.003712
0.003703
0.003738
0.003726
0.003729
0.003720
0.003716
0.003749
0.003729
0.003732
0.003704
0.003686
0.003730
0.003728
0.003710
0.003713
0.003731
0.003700
0.003661
0.003711
0.003749
0.003684
0.003729
0.003714
0.003716
0.003703
0.003900
0.003689
0.003889
0.003677
0.003864
0.003465
0.003931
0.003724
0.003992
0.003901
0.003900
0.003813
0.003948
0.003751
0.003890
0.003426
0.003933
0.004007
0.003626
0.003949
0.003788
0.003955
0.003948
0.003940
0.003439
0.003223
0.003503
0.003164
0.003527
0.003179
0.003498
0.003169
0.003541
0.003637
0.003757
0.003730
0.003727
0.003757
0.003749
0.003717
0.003690
0.003799
0.003890
0.003700
0.003508
0.003685
0.003727
0.003712
0.003725
0.003705
0.003711
0.003673
0.003726
0.003731
0.003899
0.003690
0.003891
0.003720
0.003873
0.003672
0.003856
0.003726
0.003924
0.003728
0.003552
0.003631
0.003746
0.003711
0.003709
0.003745
0.003720
0.003724
0.003462
0.003655
0.003709
0.003717
0.003703
0.003711
0.003685
0.003692
0.003699
0.003677
0.003740
0.003720
0.003767
0.003715
0.003716
0.003703
0.003747
0.003746
0.003738
0.003721
0.003713
0.003691
0.003697
0.003892
0.003734
0.003904
0.003684
0.003885
0.003475
0.003993
0.003920
0.003418
0.003409
0.003574
0.003525
0.003532
0.003440
0.005791
0.003536
0.003396
0.003400
0.003429
0.003383
0.003577
0.003734
0.003724
0.003723
0.003740
0.003728
0.003725
0.003409
0.003417
0.003479
0.003557
0.003442
0.003473
0.003391
0.003407
0.003376
0.003387
0.003463
0.003452
0.004312
0.003525
0.003483
0.003463
0.003457
0.003455
0.003502
0.003445
0.003454
0.003394
0.003523
0.003179
0.003400
0.003501
0.003448
0.003515
0.003451
0.003562
0.003454
0.003390
0.003382
0.003497
0.003638
0.003698
0.003883
0.003714
0.003851
0.003694
0.003865
0.003515
0.003904
0.003682
0.003871
0.003687
0.003850
0.003710
0.003870
0.003534
0.003912
0.003713
0.003743
0.003549
0.004002
0.003860
0.003907
0.003722
0.003887
0.003710
0.003879
0.003698
0.003899
0.003705
0.003840
0.003709
0.003523
0.003690
0.003678
0.003689
0.003703
0.003720
0.003693
0.003670
0.003676
0.003703
0.003673
0.003704
0.003668
0.004962
0.004105
0.003838
0.003784
0.003800
0.003785
0.003777
0.003738
0.003810
0.003754
0.003712
0.003796
0.003652
0.003842
0.003723
0.003857
0.003690
0.003837
0.003672
0.003584
0.003828
0.003586
0.003806
0.003666
0.003814
0.003692
0.003721
0.003863
0.003551
0.003762
0.003553
0.003777
0.003571
0.003741
0.003601
0.003798
0.003617
0.003793
0.003610
0.003862
0.003745
0.003718
0.003586
0.003764
0.003621
0.003770
0.003610
0.003778
0.003590
0.003800
0.003620
0.003815
0.003602
0.003771
0.003598
0.003837
0.003616
0.003781
0.003606
0.003792
0.003624
0.003807
0.003590
0.003871
0.003602
0.003847
0.003588
0.003779
0.003583
0.003590
0.003747
0.003746
0.003594
0.003793
0.003626
0.003731
0.003587
0.003948
0.003642
0.003961
0.003917
0.003889
0.003766
0.003960
0.003896
0.003932
0.003957
0.003758
0.003593
0.003779
0.003585
0.003973
0.004019
0.003715
0.003742
0.003589
0.003961
0.003760
0.003938
0.003690
0.003862
0.003771
0.003869
0.003830
0.003866
0.003717
0.003862
0.003616
0.003699
0.003611
0.003765
0.003752
0.003607
0.003764
0.003663
0.003784
0.003754
0.003741
0.003710
0.003882
0.003727
0.003888
0.003712
0.003761
0.003620
0.003764
0.003629
0.003970
0.003677
0.003917
0.003604
0.003980
0.003920
0.003640
0.003652
0.003741
0.003742
0.003687
0.003763
0.003754
0.003608
0.003720
0.003579
0.003808
0.003948
0.004016
0.003722
0.003926
0.003963
0.003900
0.003647
0.003788
0.003588
0.003890
0.003628
0.003782
0.003634
0.003759
0.003643
0.003751
0.003610
0.003825
0.003616
0.003817
0.003758
0.003691
0.003770
0.003898
0.003815
0.003886
0.003850
0.003914
0.003801
0.003941
0.004033
0.003991
0.003772
0.003984
0.003991
0.003929
0.003613
0.003917
0.003693
0.003976
0.003960
0.003740
0.003729
0.003823
0.003893
0.003910
0.003886
0.003959
0.003607
0.003848
0.003605
0.003963
0.003995
0.003815
0.003921
0.003893
0.003615
0.003905
0.004006
0.003808
0.003901
0.003837
0.003854
0.003719
0.003874
0.003860
0.003621
0.003810
0.003604
0.003895
0.003597
0.003836
0.003568
0.003841
0.003597
0.003828
0.003637
0.003873
0.003747
0.003603
0.003751
0.003612
0.003728
0.003574
0.003827
0.003942
0.003827
0.003962
0.003965
0.003761
0.003937
0.003889
0.003789
0.003948
0.003928
0.003765
0.003532
0.003612
0.003735
0.003758
0.003697
0.003764
0.003669
0.003834
0.003748
0.003878
0.003722
0.003884
0.003708
0.003844
0.003704
0.003846
0.003751
0.003827
0.003875
0.003738
0.003876
0.003722
0.003878
0.003734
0.003868
0.003761
0.003879
0.003615
0.003903
0.003993
0.003900
0.003698
0.003871
0.003735
0.003875
0.003700
0.003721
0.003736
0.003707
0.003853
0.003722
0.003831
0.003687
0.003804
0.003709
0.003786
0.003699
0.003917
0.003735
0.003802
0.003692
0.003809
0.003708
0.003888
0.003690
0.003772
0.003671
0.003850
0.003663
0.003844
0.003625
0.003809
0.003624
0.003805
0.003575
0.003765
0.003576
0.003803
0.003570
0.003871
0.003607
0.003967
0.003861
0.003834
0.003581
0.003800
0.003610
0.003861
0.003624
0.003933
0.003763
0.003937
0.003707
0.003921
0.003671
0.003944
0.003751
0.003887
0.003619
0.003856
0.003615
0.003585
0.003755
0.003749
0.003617
0.003804
0.003742
0.003593
0.003766
0.003611
0.003764
0.003613
0.003751
0.003615
0.003765
0.003595
0.003692
0.003612
0.003748
0.003778
0.003561
0.003825
0.003591
0.003813
0.003668
0.003851
0.003791
0.003798
0.003736
0.003853
0.003679
0.003893
0.003615
0.003932
0.004025
0.003909
0.004023
0.003753
0.003891
0.003924
0.003976
0.004006
0.003973
0.003886
0.003728
0.003885
0.003612
0.003961
0.003697
0.003930
0.003794
0.003900
0.003601
0.003923
0.003625
0.003942
0.003895
0.003897
0.003990
0.003715
0.003582
0.003760
0.003594
0.003837
0.003580
0.003849
0.003794
0.003917
0.003772
0.003743
0.003569
0.003816
0.003585
0.003783
0.003757
0.003597
0.003767
0.003592
0.003795
0.003572
0.003757
0.003744
0.003749
0.003737
0.003590
0.003976
0.003642
0.003997
0.003867
0.003749
0.003577
0.003849
0.003781
0.003851
0.003700
0.003871
0.003705
0.003787
0.003764
0.003776
0.003597
0.003837
0.003580
0.003828
0.003592
0.003962
0.003768
0.003897
0.003708
0.003885
0.003713
0.003799
0.003689
0.003748
0.003755
0.003758
0.003606
0.003766
0.003615
0.003763
0.003644
0.003787
0.003873
0.003803
0.003612
0.003829
0.003591
0.003824
0.003618
0.003835
0.003601
0.003780
0.003631
0.004015
0.003593
0.003842
0.003664
0.003872
0.003876
0.003816
0.003859
0.003725
0.003904
0.003890
0.003868
0.003897
0.003771
0.003954
0.003659
0.003808
0.003612
0.003832
0.003604
0.003829
0.003585
0.003779
0.003575
0.003762
0.003596
0.003825
0.003617
0.003795
0.003599
0.003775
0.003607
0.003806
0.003595
0.003836
0.003625
0.003783
0.003630
0.003777
0.003602
0.003863
0.003592
0.003913
0.003586
0.003897
0.003742
0.003868
0.003622
0.003757
0.003588
0.003807
0.003586
0.003820
0.003603
0.003770
0.003906
0.003872
0.003914
0.003991
0.003997
0.004026
0.003978
0.003816
0.003948
0.003823
0.003884
0.003897
0.025186
0.003929
0.003548
0.003894
0.003692
0.003651
0.003781
0.003601
0.003760
0.003545
0.003677
0.003571
0.003818
0.003547
0.003818
0.003561
0.003805
0.003638
0.003778
0.003801
0.003731
0.003853
0.003767
0.003642
0.003796
0.003830
0.003810
0.003731
0.003471
0.003665
0.003454
0.003665
0.003484
0.003631
0.003811
0.003590
0.003761
0.003648
0.003558
0.003441
0.003722
0.003455
0.003762
0.003539
0.003811
0.003455
0.003716
0.003381
0.003779
0.003437
0.003740
0.003475
0.003766
0.003498
0.003598
0.003431
0.003866
0.003800
0.003832
0.003854
0.003802
0.003637
0.003772
0.003590
0.003783
0.003464
0.003762
0.003468
0.003686
0.003480
0.003782
0.004344
0.003883
0.003438
0.003784
0.003491
0.003805
0.003937
0.003874
0.003893
0.003787
0.003588
0.003761
0.003581
0.003862
0.003580
0.003791
0.003586
0.003783
0.003571
0.003781
0.003604
0.003797
0.003526
0.003682
0.003463
0.003648
0.003465
0.003759
0.003430
0.003745
0.003487
0.003894
0.003703
0.003774
0.003592
0.003522
0.003660
0.003545
0.003627
0.003555
0.003719
0.003582
0.003898
0.003583
0.003693
0.003596
0.003654
0.003653
0.003673
0.003754
0.003770
0.003804
0.003856
0.003670
0.003774
0.003652
0.003766
0.003627
0.003761
0.003738
0.003777
0.003758
0.003768
0.003804
0.003744
0.003832
0.003753
0.003777
0.003803
0.003796
0.003838
0.003908
0.003444
0.003693
0.003862
0.003874
0.003853
0.003939
0.003945
0.003904
0.003916
0.003933
0.003848
0.003848
0.003939
0.003917
0.003944
0.003853
0.003619
0.003825
0.003596
0.003808
0.003446
0.003758
0.003485
0.003799
0.003472
0.003667
0.003486
0.003708
0.003493
0.003814
0.003552
0.003824
0.003850
0.003859
0.003554
0.003801
0.003847
0.003847
0.003662
0.003828
0.003867
0.003866
0.003910
0.003887
0.003866
0.003796
0.003815
0.003812
0.003774
0.003945
0.003484
0.003762
0.003561
0.003704
0.003811
0.003775
0.003778
0.003803
0.003763
0.003720
0.003767
0.003781
0.003457
0.003802
0.003574
0.003723
0.003574
0.003731
0.003555
0.003799
0.003555
0.003770
0.003501
0.003707
0.003467
0.003701
0.003647
0.003848
0.003659
0.003814
0.003878
0.003940
0.003870
0.003769
0.003462
0.003675
0.003473
0.003716
0.003485
0.003854
0.003473
0.003777
0.003442
0.003800
0.003500
0.003812
0.003461
0.003755
0.003508
0.003680
0.003472
0.003683
0.003475
0.003744
0.003473
0.003689
0.003494
0.003763
0.003641
0.003782
0.003589
0.003738
0.003558
0.003714
0.003555
0.003689
0.003825
0.003756
0.003787
0.003632
0.003797
0.003922
0.003923
0.003836
0.003569
0.003744
0.003512
0.003747
0.003557
0.003747
0.003555
0.003702
0.003635
0.003633
0.003563
0.003664
0.003556
0.003694
0.003616
0.003655
0.003718
0.003712
0.003550
0.003782
0.003452
0.003879
0.003901
0.003699
0.003646
0.003706
0.003503
0.003804
0.003439
0.003775
0.003456
0.003736
0.003461
0.003715
0.003492
0.003761
0.003482
0.003860
0.003626
0.003751
0.003488
0.003751
0.003552
0.003692
0.003471
0.003736
0.003464
0.003791
0.003459
0.003788
0.003503
0.003795
0.003448
0.003612
0.003513
0.003695
0.003410
0.003863
0.003462
0.003751
0.003826
0.003932
0.003910
0.003945
0.003914
0.003891
0.003790
0.003745
0.003812
0.003767
0.003829
0.003783
0.003793
0.003885
0.003575
0.003838
0.003822
0.003791
0.003505
0.003863
0.003693
0.003781
0.003552
0.003760
0.003530
0.003777
0.003553
0.003795
0.003485
0.003757
0.003574
0.003774
0.003563
0.003712
0.003595
0.003737
0.003537
0.003765
0.003570
0.003732
0.003582
0.003622
0.003736
0.003587
0.003678
0.003680
0.003574
0.003770
0.003529
0.003797
0.014412
0.006613
0.004693
0.005985
0.004218
0.003935
0.003426
0.003948
0.009160
0.015814
0.014431
0.014693
0.014284
0.009117
0.003389
0.003677
0.003933
0.003611
0.003365
0.003884
0.003918
0.003404
0.003639
0.003337
0.003595
0.003333
0.003554
0.003573
0.007891
0.003973
0.003802
0.003520
0.003969
0.003477
0.003977
0.003495
0.003945
0.003484
0.003963
0.003538
0.003968
0.003495
0.003977
0.003488
0.003932
0.003462
0.003568
0.003390
0.003530
0.003471
0.003861
0.003443
0.003970
0.003578
0.003631
0.003613
0.003760
0.003518
0.003925
0.003460
0.003559
0.003439
0.003613
0.003481
0.003765
0.003411
0.003806
0.003437
0.003966
0.003634
0.003962
0.003483
0.003957
0.003434
0.003757
0.003467
0.003573
0.003487
0.003587
0.003443
0.003715
0.003406
0.003525
0.003413
0.003535
0.003627
0.003562
0.003570
0.003564
0.003535
0.003554
