0.043051
0.035601
0.034854
0.035344
0.036082
0.035197
0.036206
0.035846
0.036701
0.037673
0.037231
0.035103
0.037207
0.035489
0.035713
0.035181
0.035742
0.042340
0.037411
0.036922
0.035896
0.037407
0.036337
0.038293
0.037338
0.036579
0.037000
0.047544
0.038322
0.037774
0.035020
0.035970
0.035494
0.037083
0.036124
0.036684
0.036674
0.036332
0.037086
0.036266
0.037824
0.036584
0.036998
0.037321
0.037034
0.035747
0.037412
0.036521
0.036638
0.035382
0.037812
0.038072
0.036366
0.035390
0.078647
0.038801
0.031974
0.031726
0.034433
0.030779
0.033273
0.031641
0.033389
0.031276
0.032413
0.030798
0.032426
0.030514
0.032996
0.030556
0.032540
0.031562
0.031155
0.033762
0.033945
0.034159
0.033669
0.030662
0.032279
0.031215
0.032840
0.034567
0.035554
0.032150
0.034066
0.033861
0.026788
0.032729
0.030770
0.029751
0.033895
0.039091
0.032619
0.033915
0.031313
0.032573
0.034323
0.031357
0.033437
0.033953
0.031301
0.033305
0.030675
0.033990
0.034458
0.034248
0.034484
0.034242
0.034692
0.030850
0.033526
0.028384
0.032114
0.034098
0.034201
0.034558
0.041468
0.030755
0.032150
0.028299
0.028497
0.032051
0.035869
0.044598
0.030801
0.031368
0.034007
0.035780
0.034465
0.030696
0.025428
0.024878
0.025815
0.027574
0.029837
0.033537
0.026114
0.027210
0.030360
0.033505
0.030925
0.031272
0.033299
0.030010
0.032820
0.031074
0.033245
0.032878
0.059317
0.030235
0.031518
0.030662
0.030181
0.029285
0.030667
0.028646
0.030452
0.029996
0.032169
0.030521
0.029374
0.030123
0.029400
0.029503
0.033141
0.029379
0.029660
0.030409
0.030255
0.029284
0.029413
0.029395
0.029555
0.029467
0.031811
0.029903
0.029080
0.029426
0.029737
0.030015
0.030492
0.029638
0.028921
0.029023
0.030014
0.028572
0.029991
0.028722
0.030170
0.029909
0.030235
0.030146
0.029640
0.030275
0.031283
0.029384
0.029729
0.027772
0.028345
0.029105
0.029381
0.029700
0.029330
0.029399
0.030239
0.029137
0.030025
0.029124
0.028948
0.029236
0.028734
0.029797
0.030434
0.029983
0.030894
0.029648
0.029636
0.030244
0.031352
0.032764
0.030402
0.031822
0.032009
0.048330
0.036298
0.035976
0.040429
0.034802
0.048255
0.037700
0.032506
0.029272
0.030098
0.026853
0.030300
0.029555
0.029403
0.029160
0.031259
0.029254
0.029664
0.028712
0.029217
0.028644
0.029942
0.029230
0.029860
0.028971
0.031260
0.029294
0.029619
0.030194
0.029815
0.030064
0.030636
0.029564
0.029548
0.029550
0.030256
0.030498
0.031828
0.030314
0.029901
0.029073
0.029144
0.029673
0.030611
0.029319
0.029839
0.029535
0.029536
0.029472
0.028320
0.029174
0.029061
0.028069
0.029353
0.027990
0.026151
0.033694
0.025923
0.026735
0.029977
0.028467
0.028219
0.033057
0.027415
0.028572
0.024801
0.024867
0.027072
0.025240
0.025227
0.024633
0.025810
0.024217
0.027230
0.028254
0.027571
0.027839
0.027757
0.027903
0.027797
0.028701
0.027599
0.027664
0.027799
0.028016
0.025864
0.028320
0.025030
0.024667
0.025817
0.028326
0.027923
0.028097
0.028238
0.028396
0.026732
0.025968
0.030277
0.028460
0.026306
0.026788
0.028400
0.032149
0.028337
0.028015
0.027310
0.025415
0.027119
0.029362
0.028124
0.028135
0.027304
0.028777
0.026819
0.028891
0.028784
0.029295
0.028381
0.027663
0.028040
0.026623
0.026527
0.025970
0.025073
0.024345
0.027920
0.028082
0.028617
0.027854
0.027108
0.028166
0.025675
0.025901
0.026828
0.028253
0.026693
0.055847
0.025964
0.025436
0.024302
0.024015
0.024394
0.024118
0.024982
0.026217
0.026587
0.027930
0.027630
0.025870
0.027115
0.027701
0.027727
0.027269
0.027509
0.027848
0.027961
0.027901
0.028028
0.028184
0.027451
0.028883
0.027973
0.028061
0.028048
0.027092
0.028831
0.028703
0.027354
0.025127
0.027306
0.027451
0.028137
0.028328
0.027222
0.027490
0.028452
0.027258
0.027287
0.028298
0.027773
0.028199
0.027313
0.027706
0.027834
0.028010
0.027765
0.027473
0.027025
0.026585
0.027363
0.027305
0.027152
0.026906
0.026271
0.026064
0.026214
0.026284
0.026178
0.026307
0.026371
0.026397
0.026098
0.026662
0.024769
0.024498
0.024142
0.023508
0.024557
0.024258
0.026855
0.026605
0.025405
0.027176
0.024458
0.026355
0.026099
0.026079
0.026486
0.026884
0.026256
0.026182
0.026492
0.025425
0.026549
0.025813
0.024270
0.026535
0.026158
0.026181
0.026282
0.025925
0.026713
0.026562
0.026500
0.026515
0.030264
0.028108
0.029103
0.027326
0.027283
0.026169
0.026910
0.027974
0.028057
0.027639
0.029100
0.028279
0.029740
0.027304
0.024758
0.027314
0.027985
0.031767
0.027242
0.028402
0.027788
0.027582
0.026403
0.026579
0.029755
0.027855
0.027944
0.028170
0.028632
0.027075
0.028060
0.027327
0.027208
0.027271
0.027446
0.026794
0.026212
0.026630
0.027843
0.028371
0.028443
0.027615
0.027367
0.027597
0.025456
0.026986
0.028575
0.028825
0.027369
0.028498
0.027245
0.028134
0.028300
0.029147
0.027202
0.029443
0.027104
0.027242
0.027110
0.028456
0.028601
0.028646
0.027263
0.026922
0.027420
0.025719
0.026944
0.027228
0.027281
0.027097
0.028676
0.027129
0.026958
0.028294
0.028540
0.027310
0.027031
0.028186
0.027261
0.027110
0.025752
0.027719
0.027136
0.028497
0.028693
0.027263
0.027973
0.027858
0.028150
0.027847
0.028555
0.027323
0.027392
0.027123
0.028433
0.028348
0.028393
0.026870
0.026947
0.027287
0.027312
0.028669
0.028345
0.028431
0.031850
0.025072
0.025810
0.025571
0.026700
0.027256
0.026922
0.028728
0.027966
0.028239
0.028357
0.028163
0.028351
0.028276
0.027417
0.028371
0.027123
0.026934
0.025891
0.027034
0.024935
0.024364
0.023691
0.023631
0.027168
0.026863
0.027270
0.027366
0.027305
0.027130
0.027151
0.027323
0.026417
0.025195
0.026946
0.024831
0.025075
0.027504
0.025928
0.025670
0.023621
0.024797
0.026479
0.025852
0.027483
0.027374
0.026495
0.027118
0.027545
0.026947
0.027656
0.026158
0.026390
0.026244
0.026775
0.025774
0.026879
0.027016
0.025414
0.024756
0.024312
0.024943
0.028031
0.027075
0.027228
0.027206
0.027152
0.027754
0.028069
0.025199
0.024679
0.027262
0.024772
0.024859
0.024110
0.024790
0.024333
0.024980
0.025043
0.025033
0.024895
0.025032
0.025903
0.025087
0.026630
0.027019
0.026082
0.026183
0.026252
0.025845
0.028054
0.035286
0.031268
0.044388
0.030020
0.026773
0.027108
0.027679
0.025798
0.025825
0.028733
0.027905
0.027827
0.027652
0.027885
0.027563
0.027907
0.027828
0.028184
0.027256
0.026883
0.026195
0.026870
0.026074
0.027740
0.027001
0.028600
0.027163
0.026017
0.027572
0.026920
0.028546
0.028245
0.027802
0.027695
0.027996
0.027614
0.028037
0.028217
0.027842
0.027691
0.027510
0.027841
0.027417
0.026317
0.026848
0.026795
0.027427
0.026559
0.027313
0.026866
0.027305
0.026383
0.026729
0.026617
0.025966
0.026580
0.027590
0.026196
0.026559
0.026430
0.025584
0.026473
0.026250
0.025943
0.025834
0.026326
0.028999
0.026617
0.026531
0.026682
0.026703
0.026580
0.028390
0.028778
0.027788
0.027873
0.027015
0.026359
0.028931
0.029006
0.026496
0.026368
0.025772
0.026734
0.038559
0.033613
0.030623
0.028229
0.024199
0.025410
0.026656
0.027159
0.027475
0.024860
0.027402
0.028940
0.024121
0.024988
0.026244
0.027200
0.027322
0.035123
0.028117
0.026605
0.027108
0.026942
0.027044
0.026716
0.028279
0.027950
0.028338
0.027334
0.028842
0.027230
0.028544
0.027813
0.028757
0.026903
0.028570
0.028772
0.027244
0.028253
0.027456
0.028183
0.027726
0.026491
0.026339
0.026304
0.024310
0.025650
0.026764
0.026351
0.027148
0.028150
0.028682
0.028212
0.028253
0.027071
0.028200
0.028355
0.028239
0.028204
0.027673
0.027006
0.026289
0.026114
0.025517
0.024466
0.025434
0.024404
0.024588
0.026294
0.025938
0.026264
0.026644
0.025770
0.026408
0.026777
0.026098
0.026123
0.026040
0.025744
0.025916
0.025673
0.027753
0.027942
0.027345
0.027444
0.026019
0.025284
0.025961
0.025957
0.026596
0.025789
0.026343
0.026310
0.024571
0.025020
0.025873
0.024565
0.024611
0.025346
0.025496
0.029670
0.040724
0.029482
0.027815
0.026617
0.025418
0.026823
0.026205
0.027634
0.027413
0.026528
0.026367
0.028258
0.025992
0.026445
0.028483
0.028504
0.027459
0.028521
0.027295
0.027761
0.028418
0.027015
0.027160
0.027775
0.027645
0.027600
0.029823
0.028063
0.027809
0.026416
0.028223
0.027379
0.028506
0.027963
0.028587
0.027863
0.028500
0.027276
0.028562
0.027480
0.027205
0.025922
0.028381
0.027871
0.026073
0.027145
0.028829
0.029018
0.027781
0.026425
0.027265
0.028417
0.027829
0.028243
0.028481
0.027370
0.026391
0.029762
0.027732
0.028635
0.027647
0.028268
0.027719
0.027915
0.027414
0.028396
0.028592
0.027686
0.028534
0.027454
0.027686
0.026459
0.026315
0.026431
0.026452
0.027530
0.026066
0.027843
0.027677
0.028449
0.027538
0.027924
0.026620
0.027717
0.026002
0.027727
0.026959
0.027576
0.027680
0.026199
0.027517
0.028066
0.028315
0.027665
0.026034
0.026472
0.026438
0.026572
0.027161
0.026137
0.027836
0.027174
0.027549
0.026356
0.027289
0.026409
0.027077
0.027481
0.028344
0.027265
0.026680
0.026966
0.027272
0.028524
0.027131
0.028032
0.027589
0.027884
0.025908
0.026280
0.026358
0.027391
0.025745
0.027594
0.025932
0.027843
0.028309
0.027434
0.028283
0.027777
0.026808
0.026502
0.026250
0.026588
0.027560
0.027604
0.028123
0.027629
0.028365
0.028765
0.028178
0.028331
0.027291
0.026362
0.028261
0.027077
0.027026
0.026952
0.026392
0.026354
0.027110
0.027293
0.027808
0.027650
0.031554
0.028028
0.028271
0.028138
0.027206
0.026206
0.026662
0.024527
0.026885
0.027026
0.026225
0.028239
0.027600
0.026733
0.026857
0.026277
0.025864
0.026891
0.027831
0.028032
0.027991
0.028321
0.027945
0.027315
0.026647
0.027507
0.028418
0.032554
0.025534
0.030106
0.028148
0.024441
0.026295
0.027183
0.026443
0.030116
0.030984
0.026014
0.026575
0.026486
0.029710
0.025377
0.025417
0.022943
0.023308
0.024062
0.027429
0.024257
0.024985
0.028680
0.023875
0.023520
0.023804
0.024028
0.023618
0.024361
0.026902
0.024833
0.059663
0.026576
0.026663
0.026640
0.026054
0.026946
0.025839
0.025641
0.025773
0.026918
0.026822
0.025938
0.026493
0.027911
0.027978
0.028000
0.027483
0.028265
0.027833
0.027503
0.027237
0.028441
0.028364
0.028018
0.027584
0.027911
0.027622
0.028155
0.027986
0.027648
0.026528
0.027302
0.028081
0.027860
0.027137
0.027450
0.026022
0.027696
0.027293
0.026046
0.025781
0.025780
0.027625
0.027609
0.026997
0.027055
0.026473
0.026471
0.027010
0.025292
0.026385
0.025939
0.026343
0.027323
0.026294
0.026845
0.027930
0.027129
0.028045
0.027190
0.027539
0.027628
0.027875
0.028156
0.027591
0.027998
0.027375
0.027227
0.028142
0.028145
0.027371
0.028307
0.027214
0.025906
0.025684
0.025036
0.028006
0.026949
0.028078
0.027973
0.027605
0.027948
0.028566
0.028975
0.028060
0.028565
0.028360
0.028696
0.027445
0.027704
0.026478
0.024248
0.026578
0.027264
0.027228
0.027626
0.028482
0.027807
0.026561
0.025813
0.026561
0.027448
0.027624
0.028128
0.027565
0.027134
0.028478
0.027813
0.027493
0.027795
0.026783
0.027339
0.028237
0.028226
0.028515
0.027606
0.027906
0.027701
0.026096
0.027041
0.028073
0.027799
0.027633
0.027696
0.027980
0.026274
0.025943
0.026282
0.026151
0.027967
0.027983
0.027357
0.027179
0.026089
0.028305
0.027688
0.027812
0.027926
0.027324
0.028576
0.027015
0.026944
0.028375
0.027199
0.027621
0.028078
0.028217
0.026181
0.026266
0.025074
0.025825
0.024836
0.035990
0.034452
0.034043
0.035301
0.042117
0.036515
0.042013
0.041105
0.046293
0.036934
0.035594
0.026879
0.023200
0.027119
0.025876
0.024603
0.025393
0.024176
0.026770
0.027371
0.026385
0.027909
0.027525
0.028304
0.028419
0.026879
0.027254
0.026805
0.025783
0.027032
0.026400
0.030335
0.027289
0.026674
0.026726
0.026593
0.026223
0.025670
0.025766
0.024914
0.027950
0.026867
0.026588
0.025329
0.026510
0.028638
0.026609
0.024857
0.025712
0.024283
0.024333
0.026560
0.026019
0.025824
0.026332
0.024616
0.027368
0.028633
0.027189
0.025965
0.027385
0.027730
0.026246
0.027256
0.026976
0.027527
0.026716
0.026332
0.028367
0.026925
0.028029
0.027290
0.029185
0.027950
0.027121
0.026724
0.027924
0.027558
0.027946
0.028247
0.026952
0.027621
0.028127
0.026950
0.026869
0.027198
0.026348
0.025525
0.025993
0.027051
0.027035
0.026907
0.026362
0.027011
0.026725
0.026278
0.026568
0.026769
0.028117
0.027546
0.028448
0.027266
0.027477
0.027541
0.026800
0.027923
0.031729
0.027729
0.027216
0.028111
0.028311
0.027556
0.027655
0.027504
0.027597
0.028374
0.028654
0.028489
0.028544
0.028430
0.028399
0.027302
0.027589
0.026818
0.027616
0.027478
0.028516
0.028595
0.028254
0.027999
0.027944
0.027573
0.026766
0.027461
0.027725
0.027402
0.026910
0.027060
0.028203
0.027677
0.028288
0.027346
0.026641
0.027751
0.026510
0.027190
0.028022
0.027233
0.026957
0.026614
0.027064
0.027580
0.028133
0.027869
0.028138
0.027902
0.028042
0.027153
0.027066
0.028314
0.027984
0.026956
0.026768
0.027533
0.028186
0.027731
0.027105
0.029546
0.027644
0.027740
0.027881
0.026556
0.027254
0.027888
0.028151
0.027196
0.026629
0.026546
0.027405
0.027695
0.031587
0.026632
0.043719
0.035944
0.032899
0.032372
0.039571
0.041350
0.038813
0.042938
0.041829
0.038663
0.026066
0.026994
0.027346
0.027678
0.028589
0.027463
0.028032
0.028694
0.028894
0.027348
0.027923
0.027717
0.028582
0.028745
0.028554
0.027950
0.028446
0.028424
0.028046
0.027288
0.028619
0.028453
0.028142
0.028631
0.027306
0.026569
0.028681
0.028471
0.028065
0.026964
0.026810
0.027428
0.027349
0.027141
0.026958
0.025936
0.027367
0.027235
0.027431
0.027028
0.026059
0.026571
0.027172
0.026807
0.026115
0.026794
0.027862
0.027725
0.027063
0.026942
0.026037
0.027141
0.028247
0.029902
0.028590
0.026580
0.026314
0.026722
0.030809
0.026521
0.025466
0.026101
0.026895
0.026340
0.029131
0.027043
0.027353
0.027283
0.027042
0.026567
0.025821
0.026596
0.025567
0.025348
0.026097
0.025670
0.025652
0.026420
0.026605
0.029267
0.026059
0.027706
0.027477
0.028174
0.027641
0.027522
0.027422
0.026220
0.037655
0.038434
0.030589
0.027438
0.025581
0.025085
0.026431
0.028127
0.027602
0.027648
0.027845
0.027258
0.028388
0.027592
0.027726
0.029648
0.028029
0.027891
0.026380
0.026221
0.026309
0.026164
0.031601
0.027932
0.028509
0.028310
0.028329
0.028586
0.027519
0.027908
0.028367
0.025858
0.028360
0.027790
0.027872
0.027852
0.025766
0.027238
0.025630
0.027135
0.028772
0.028523
0.028492
0.028423
0.027475
0.026833
0.028297
0.028531
0.027126
0.027648
0.026170
0.027631
0.028229
0.025982
0.025200
0.026089
0.028000
0.028401
0.027565
0.028069
0.025469
0.026236
0.027651
0.026398
0.028093
0.027284
0.027205
0.027444
0.026096
0.028251
0.028577
0.027934
0.027903
0.028274
0.027650
0.026245
0.026138
0.032479
0.027582
0.028999
0.028315
0.032060
0.024342
0.027014
0.024529
0.024697
0.027535
0.027170
0.027055
0.027277
0.026852
0.027048
0.027454
0.027392
0.027875
0.027407
0.026997
0.027653
0.027410
0.027353
0.025741
0.026906
0.025270
0.026883
0.026949
0.030628
0.027172
0.027475
0.026712
0.027550
0.027364
0.027079
0.027634
0.026610
0.026802
0.025971
0.027565
0.027520
0.027691
0.027079
0.028127
0.026734
0.027973
0.027629
0.028072
0.026201
0.027199
0.028276
0.027630
0.027664
0.028195
0.028117
0.027983
0.027578
0.027567
0.027768
0.027337
0.027598
0.025245
0.025412
0.025709
0.027808
0.030852
0.030270
0.027720
0.028185
0.027087
0.027540
0.025599
0.024689
0.025897
0.025669
0.025175
0.025876
0.026627
0.025735
0.026541
0.027661
0.027721
0.028052
0.028210
0.028068
0.027950
0.027766
0.028257
0.026958
0.028305
0.026016
0.028012
0.027511
0.028171
0.027460
0.029911
0.025630
0.025621
0.025452
0.025091
0.024874
0.025408
0.024876
0.029917
0.027047
0.026568
0.027402
0.025879
0.025679
0.026442
0.027114
0.026439
0.026882
0.026666
0.025633
0.027117
0.027168
0.027304
0.027250
0.026712
0.027511
0.027105
0.027326
0.026780
0.026809
0.026801
0.027221
0.027351
0.027647
0.027264
0.029211
0.026817
0.026886
0.026967
0.027029
0.027310
0.026649
0.027200
0.026704
0.028041
0.027138
0.027256
0.027597
0.027583
0.026904
0.026891
0.027893
0.027068
0.027120
0.027128
0.028019
0.027331
0.027232
0.026962
0.027925
0.026786
0.025731
0.025538
0.025745
0.026149
0.025921
0.025624
0.025255
0.027144
0.025944
0.026549
0.025471
0.029128
0.025767
0.025653
0.030365
0.027798
0.028172
0.025427
0.025330
0.025709
0.025375
0.029168
0.027294
0.027823
0.027661
0.027978
0.028522
0.027146
0.033699
0.027451
0.028402
0.040264
0.026141
0.033647
0.027988
0.027878
0.026586
0.028328
0.028871
0.026614
0.026470
0.028295
0.031408
0.028033
0.028244
0.027849
0.026098
0.027732
0.026898
0.027142
0.028326
0.027267
0.027409
0.027841
0.027755
0.027691
0.027952
0.028517
0.028638
0.027303
0.026502
0.028141
0.028662
0.028578
0.039249
0.027694
0.026105
0.026558
0.026645
0.027314
0.026983
0.028506
0.027653
0.028964
0.028034
0.034361
0.026336
0.026071
0.026529
0.027789
0.027172
0.027627
0.025826
0.027155
0.027258
0.026559
0.027442
0.026883
0.027575
0.032112
0.027168
0.027748
0.026209
0.029372
0.028669
0.026705
0.028392
0.028052
0.025595
0.027218
0.026927
0.027412
0.027001
0.027310
0.026783
0.026839
0.027630
0.027178
0.029218
0.026905
0.026997
0.025947
0.026876
0.025842
0.026085
0.025605
0.027346
0.025351
0.025610
0.024324
0.024906
0.025008
0.024596
0.024564
0.025318
0.025838
0.026779
0.026665
0.026746
0.027015
0.026557
0.026922
0.027915
0.027971
0.026936
0.027968
0.028212
0.027936
0.028194
0.027386
0.027792
0.027332
0.028367
0.025779
0.026782
0.026860
0.026630
0.027190
0.027880
0.026810
0.026513
0.026826
0.026804
0.026578
0.025321
0.026202
0.027736
0.027994
0.026740
0.027868
0.027933
0.027710
0.028070
0.028002
0.027920
0.028036
0.026795
0.027636
0.034610
0.033133
0.035920
0.040352
0.034576
0.039680
0.038208
0.040337
0.043756
0.043660
0.033679
0.041276
0.040522
0.039367
0.035633
0.040289
0.034570
0.044421
0.042724
0.037631
0.042967
0.038620
0.027866
0.035607
0.039799
0.042378
0.035025
0.037332
0.027149
0.026797
0.031790
0.035624
0.038786
0.040749
0.042251
0.039341
0.035540
0.038387
0.045208
0.028721
0.043276
0.041033
0.040431
0.037032
0.039514
0.037963
0.039842
0.038260
0.041769
0.033392
0.036448
0.045724
0.038702
0.040982
0.032662
0.043912
0.040011
0.033092
0.026777
0.033795
0.031117
0.027506
0.027073
0.029841
0.031795
0.026394
0.027178
0.029059
0.029165
0.027606
0.028049
0.029068
0.026560
0.025439
0.032070
0.026454
0.031136
0.024837
0.026337
0.025692
0.028490
0.029597
0.027119
0.029025
0.029561
0.028426
0.032411
0.028995
0.027912
0.026686
0.026922
0.028165
0.025285
0.026638
0.025938
0.024849
0.026770
0.027091
0.028610
0.028646
0.026341
0.025979
0.026626
0.031387
0.028265
0.027151
0.028151
0.027472
0.026129
0.025930
0.024995
0.037533
0.031106
0.026198
0.029246
0.030167
0.027618
0.026821
