0.001838
0.000725
0.000726
0.000725
0.000722
0.000739
0.000699
0.000697
0.000698
0.000700
0.000701
0.000694
0.000674
0.000669
0.000685
0.000675
0.000680
0.000674
0.000653
0.000654
0.000662
0.000656
0.000655
0.000647
0.000636
0.000636
0.000633
0.000633
0.000633
0.000632
0.000618
0.000627
0.000616
0.000617
0.000623
0.000628
0.000603
0.000600
0.000601
0.000605
0.000608
0.000604
0.000607
0.000591
0.000585
0.000587
0.000587
0.000586
0.000597
0.000585
0.000579
0.000575
0.000572
0.000579
0.000573
0.000583
0.000563
0.000560
0.000561
0.000560
0.000559
0.000558
0.000561
0.000561
0.000580
0.000545
0.000552
0.000547
0.000547
0.000573
0.000561
0.000560
0.000558
0.000551
0.000555
0.000571
0.000565
0.000600
0.000560
0.000565
0.000552
0.000551
0.000548
0.000548
0.000579
0.000560
0.000558
0.000546
0.000546
0.000546
0.000547
0.000583
0.000560
0.000571
0.000559
0.000571
0.000547
0.000551
0.000566
0.000565
0.000565
0.000545
0.000547
0.000545
0.000545
0.000570
0.000566
0.000568
0.000551
0.000543
0.000572
0.000563
0.000561
0.000560
0.000566
0.000548
0.000551
0.000549
0.000547
0.000548
0.000576
0.000559
0.000554
0.000546
0.000550
0.000547
0.000546
0.000574
0.000559
0.000561
0.000560
0.000560
0.000573
0.000572
0.000571
0.000570
0.000546
0.000549
0.000546
0.000550
0.000545
0.000553
0.000557
0.000553
0.000549
0.000569
0.000560
0.000562
0.000571
0.000564
0.000553
0.000547
0.000547
0.000552
0.000548
0.000556
0.000545
0.000552
0.000550
0.000555
0.000550
0.000548
0.000547
0.000566
0.000568
0.000560
0.000559
0.000561
0.000559
0.000548
0.000549
0.000547
0.000556
0.000547
0.000565
0.000558
0.000566
0.000560
0.000548
0.000546
0.000550
0.000550
0.000570
0.000564
0.000570
0.000567
0.000571
0.000552
0.000550
0.000546
0.000545
0.000556
0.000549
0.000549
0.000546
0.000555
0.000549
0.000547
0.000547
0.000573
0.000567
0.000557
0.000562
0.000564
0.000551
0.000552
0.000549
0.000552
0.000547
0.000552
0.000548
0.000548
0.000548
0.000548
0.000555
0.000556
0.000546
0.000565
0.000573
0.000564
0.000563
0.000561
0.000565
0.000549
0.000547
0.000547
0.000543
0.000549
0.000547
0.000548
0.000547
0.000549
0.000554
0.000549
0.000549
0.000548
0.000571
0.000559
0.000559
0.000557
0.000565
0.000548
0.000550
0.000549
0.000547
0.000545
0.000546
0.000545
0.000548
0.000550
0.000544
0.000542
0.000544
0.000546
0.000544
0.000571
0.000571
0.000563
0.000559
0.000563
0.000561
0.000543
0.000541
0.000547
0.000576
0.000560
0.000563
0.000546
0.000550
0.000544
0.000551
0.000574
0.000562
0.000561
0.000557
0.000585
0.000556
0.000565
0.000583
0.000568
0.000563
0.000547
0.000553
0.000546
0.000547
0.000569
0.000557
0.000570
0.000545
0.000546
0.000572
0.000561
0.000564
0.000557
0.000566
0.000546
0.000545
0.000546
0.000547
0.000557
0.000546
0.000551
0.000546
0.000547
0.000548
0.000548
0.000546
0.000556
0.000564
0.000562
0.000557
0.000556
0.000557
0.000557
0.000559
0.000551
0.000545
0.000545
0.000544
0.000553
0.000550
0.000551
0.000543
0.000544
0.000546
0.000569
0.000563
0.000564
0.000579
0.000577
0.000547
0.000542
0.000550
0.000548
0.000547
0.000544
0.000554
0.000546
0.000546
0.000555
0.000552
0.000551
0.000554
0.000555
0.000570
0.000559
0.000558
0.000563
0.000563
0.000551
0.000549
0.000548
0.000547
0.000546
0.000551
0.000544
0.000547
0.000565
0.000546
0.000546
0.000545
0.000549
0.000569
0.000561
0.000560
0.000567
0.000556
0.000561
0.000544
0.000544
0.000545
0.000547
0.000550
0.000545
0.000545
0.000551
0.000546
0.000548
0.000551
0.000572
0.000564
0.000564
0.000562
0.000568
0.000551
0.000547
0.000551
0.000549
0.000547
0.000545
0.000547
0.000548
0.000546
0.000545
0.000548
0.000545
0.000545
0.000542
0.000566
0.000558
0.000557
0.000563
0.000559
0.000562
0.000551
0.000549
0.000547
0.000545
0.000554
0.000548
0.000546
0.000549
0.000543
0.000545
0.000546
0.000553
0.000551
0.000580
0.000558
0.000559
0.000559
0.000557
0.000553
0.000547
0.000547
0.000547
0.000545
0.000544
0.000546
0.000544
0.000549
0.000550
0.000547
0.000563
0.000559
0.000558
0.000567
0.000563
0.000556
0.000565
0.000546
0.000547
0.000546
0.000553
0.000576
0.000560
0.000564
0.000546
0.000544
0.000543
0.000545
0.000568
0.000563
0.000559
0.000557
0.000557
0.000563
0.000544
0.000566
0.000558
0.000558
0.000559
0.000554
0.000549
0.000549
0.000548
0.000573
0.000568
0.000561
0.000549
0.000562
0.000559
0.000560
0.000571
0.000556
0.000567
0.000549
0.000548
0.000544
0.000546
0.000574
0.000557
0.000565
0.000554
0.000546
0.000546
0.000553
0.000548
0.000552
0.000568
0.000559
0.000564
0.000545
0.000548
0.000552
0.000544
0.000547
0.000544
0.000544
0.000547
0.000552
0.000547
0.000547
0.000542
0.000547
0.000545
0.000574
0.000559
0.000558
0.000561
0.000564
0.000552
0.000547
0.000547
0.000546
0.000552
0.000551
0.000545
0.000553
0.000545
0.000544
0.000547
0.000547
0.000553
0.000562
0.000565
0.000557
0.000556
0.000555
0.000558
0.000548
0.000551
0.000543
0.000545
0.000549
0.000541
0.000546
0.000545
0.000549
0.000547
0.000547
0.000549
0.000546
0.000568
0.000561
0.000564
0.000560
0.000567
0.000547
0.000549
0.000546
0.000546
0.000558
0.000543
0.000545
0.000544
0.000544
0.000553
0.000552
0.000546
0.000571
0.000557
0.000557
0.000556
0.000565
0.000549
0.000547
0.000572
0.000556
0.000564
0.000545
0.000554
0.000546
0.000542
0.000569
0.000558
0.000564
0.000546
0.000565
0.000567
0.000560
0.000561
0.000557
0.000563
0.000549
0.000550
0.000552
0.000545
0.000549
0.000549
0.000549
0.000544
0.000543
0.000547
0.000546
0.000546
0.000548
0.000572
0.000556
0.000559
0.000560
0.000574
0.000544
0.000550
0.000549
0.000550
0.000546
0.000545
0.000552
0.000543
0.000549
0.000549
0.000546
0.000546
0.000565
0.000557
0.000557
0.000579
0.000561
0.000572
0.000544
0.000544
0.000543
0.000553
0.000544
0.000574
0.000560
0.000563
0.000550
0.000545
0.000546
0.000551
0.000573
0.000561
0.000560
0.000558
0.000560
0.000564
0.000548
0.000575
0.000566
0.000562
0.000550
0.000547
0.000553
0.000547
0.000567
0.000558
0.000564
0.000546
0.000545
0.000571
0.000559
0.000562
0.000565
0.000562
0.000547
0.000547
0.000553
0.000547
0.000546
0.000547
0.000547
0.000545
0.000546
0.000546
0.000548
0.000543
0.000548
0.000544
0.000570
0.000562
0.000562
0.000548
0.000547
0.000550
0.000547
0.000549
0.000546
0.000553
0.000547
0.000547
0.000549
0.000546
0.000553
0.000547
0.000568
0.000562
0.000557
0.000559
0.000561
0.000558
0.000549
0.000545
0.000546
0.000555
0.000544
0.000547
0.000545
0.000569
0.000557
0.000558
0.000561
0.000559
0.000554
0.000568
0.000559
0.000558
0.000559
0.000565
0.000547
0.000549
0.000547
0.000545
0.000550
0.000555
0.000548
0.000548
0.000570
0.000555
0.000568
0.000549
0.000546
0.000569
0.000560
0.000561
0.000561
0.000558
0.000563
0.000546
0.000544
0.000548
0.000545
0.000548
0.000544
0.000545
0.000548
0.000549
0.000544
0.000547
0.000561
0.000559
0.000563
0.000566
0.000561
0.000557
0.000547
0.000549
0.000549
0.000545
0.000546
0.000546
0.000546
0.000545
0.000547
0.000563
0.000547
0.000546
0.000554
0.000570
0.000568
0.000560
0.000566
0.000569
0.000550
0.000548
0.000548
0.000550
0.000545
0.000552
0.000548
0.000549
0.000548
0.000550
0.000550
0.000550
0.000557
0.000549
0.000578
0.000563
0.000559
0.000559
0.000562
0.000549
0.000547
0.000549
0.000551
0.000554
0.000547
0.000546
0.000556
0.000548
0.000547
0.000545
0.000564
0.000557
0.000562
0.000559
0.000560
0.000560
0.000563
0.000548
0.000551
0.000544
0.000550
0.000570
0.000559
0.000567
0.000556
0.000545
0.000545
0.000547
0.000572
0.000557
0.000569
0.000558
0.000554
0.000565
0.000549
0.000587
0.000568
0.000569
0.000551
0.000555
0.000547
0.000543
0.000547
0.000575
0.000560
0.000561
0.000552
0.000562
0.000561
0.000558
0.000561
0.000563
0.000562
0.000551
0.000548
0.000545
0.000546
0.000572
0.000566
0.000564
0.000556
0.000554
0.000547
0.000546
0.000555
0.000557
0.000571
0.000567
0.000566
0.000547
0.000551
0.000553
0.000554
0.000557
0.000548
0.000547
0.000556
0.000553
0.000555
0.000549
0.000553
0.000546
0.000569
0.000569
0.000563
0.000562
0.000562
0.000562
0.000547
0.000554
0.000551
0.000547
0.000546
0.000555
0.000546
0.000544
0.000555
0.000542
0.000544
0.000542
0.000549
0.000567
0.000561
0.000562
0.000560
0.000568
0.000555
0.000551
0.000546
0.000560
0.000552
0.000548
0.000545
0.000552
0.000552
0.000561
0.000547
0.000551
0.000548
0.000549
0.000573
0.000561
0.000564
0.000562
0.000564
0.000549
0.000558
0.000548
0.000549
0.000553
0.000547
0.000544
0.000556
0.000546
0.000548
0.000550
0.000566
0.000564
0.000559
0.000557
0.000558
0.000561
0.000546
0.000551
0.000546
0.000554
0.000546
0.000548
0.000555
0.000549
0.000549
0.000548
0.000554
0.000552
0.000545
0.000564
0.000559
0.000559
0.000570
0.000576
0.000557
0.000556
0.000552
0.000548
0.000549
0.000552
0.000553
0.000551
0.000547
0.000551
0.000549
0.000550
0.000549
0.000547
0.000573
0.000562
0.000562
0.000559
0.000561
0.000551
0.000549
0.000548
0.000548
0.000547
0.000554
0.000549
0.000547
0.000550
0.000548
0.000555
0.000546
0.000575
0.000559
0.000559
0.000563
0.000570
0.000561
0.000555
0.000549
0.000546
0.000549
0.000569
0.000558
0.000564
0.000547
0.000553
0.000549
0.000546
0.000567
0.000567
0.000571
0.000560
0.000561
0.000563
0.000548
0.000570
0.000562
0.000575
0.000548
0.000548
0.000552
0.000548
0.000548
0.000578
0.000557
0.000557
0.000550
0.000563
0.000560
0.000560
0.000563
0.000555
0.000566
0.000549
0.000548
0.000548
0.000548
0.000575
0.000571
0.000562
0.000549
0.000548
0.000545
0.000545
0.000572
0.000562
0.000563
0.000566
0.000576
0.000550
0.000547
0.000548
0.000548
0.000545
0.000546
0.000547
0.000547
0.000548
0.000549
0.000549
0.000556
0.000548
0.000544
0.000574
0.000561
0.000568
0.000572
0.000564
0.000555
0.000545
0.000548
0.000549
0.000555
0.000555
0.000549
0.000549
0.000546
0.000554
0.000547
0.000558
0.000547
0.000570
0.000567
0.000558
0.000560
0.000561
0.000559
0.000550
0.000549
0.000543
0.000543
0.000548
0.000549
0.000545
0.000550
0.000551
0.000547
0.000547
0.000548
0.000548
0.000569
0.000564
0.000571
0.000550
0.000547
0.000547
0.000546
0.000547
0.000544
0.000547
0.000546
0.000549
0.000546
0.000547
0.000549
0.000548
0.000556
0.000573
0.000565
0.000555
0.000563
0.000565
0.000554
0.000548
0.000549
0.000548
0.000545
0.000546
0.000547
0.000546
0.000544
0.000549
0.000548
0.000544
0.000547
0.000563
0.000560
0.000558
0.000560
0.000564
0.000560
0.000546
0.000547
0.000548
0.000550
0.000551
0.000548
0.000544
0.000548
0.000544
0.000551
0.000550
0.000546
0.000555
0.000569
0.000557
0.000557
0.000564
0.000558
0.000565
0.000560
0.000572
0.000545
0.000543
0.000547
0.000542
0.000544
0.000551
0.000550
0.000550
0.000550
0.000570
0.000566
0.000559
0.000564
0.000560
0.000563
0.000576
0.000570
0.000560
0.000546
0.000567
0.000567
0.000572
0.000548
0.000550
0.000547
0.000546
0.000572
0.000557
0.000566
0.000558
0.000557
0.000578
0.000542
0.000546
0.000580
0.000555
0.000559
0.000547
0.000546
0.000548
0.000549
0.000577
0.000556
0.000563
0.000553
0.000546
0.000572
0.000570
0.000566
0.000560
0.000561
0.000547
0.000548
0.000545
0.000545
0.000549
0.000557
0.000551
0.000547
0.000546
0.000548
0.000544
0.000576
0.000561
0.000565
0.000566
0.000560
0.000558
0.000547
0.000548
0.000548
0.000546
0.000548
0.000551
0.000548
0.000548
0.000546
0.000557
0.000546
0.000544
0.000548
0.000566
0.000566
0.000562
0.000572
0.000577
0.000550
0.000547
0.000549
0.000549
0.000548
0.000549
0.000553
0.000546
0.000550
0.000544
0.000548
0.000547
0.000551
0.000549
0.000573
0.000558
0.000558
0.000563
0.000562
0.000548
0.000551
0.000545
0.000546
0.000544
0.000545
0.000547
0.000545
0.000548
0.000546
0.000551
0.000546
0.000575
0.000557
0.000559
0.000561
0.000613
0.000571
0.000546
0.000552
0.000548
0.000555
0.000551
0.000554
0.000561
0.000545
0.000547
0.000545
0.000546
0.000548
0.000565
0.000556
0.000559
0.000561
0.000568
0.000545
0.000545
0.000576
0.000562
0.000558
0.000549
0.000546
0.000542
0.000548
0.000550
0.000545
0.000547
0.000550
0.000549
0.000568
0.000561
0.000565
0.000569
0.000562
0.000549
0.000544
0.000556
0.000549
0.000555
0.000547
0.000542
0.000547
0.000548
0.000550
0.000549
0.000545
0.000560
0.000568
0.000564
0.000557
0.000556
0.000548
0.000545
0.000574
0.000559
0.000563
0.000547
0.000545
0.000544
0.000547
0.000550
0.000549
0.000547
0.000547
0.000568
0.000559
0.000560
0.000561
0.000562
0.000568
0.000549
0.000546
0.000552
0.000548
0.000572
0.000558
0.000559
0.000561
0.000547
0.000544
0.000548
0.000553
0.000580
0.000559
0.000564
0.000568
0.000557
0.000566
0.000548
0.000575
0.000560
0.000561
0.000552
0.000548
0.000549
0.000548
0.000576
0.000563
0.000564
0.000549
0.000550
0.000569
0.000563
0.000563
0.000559
0.000569
0.000547
0.000545
0.000547
0.000548
0.000550
0.000548
0.000551
0.000544
0.000548
0.000546
0.000546
0.000546
0.000579
0.000557
0.000560
0.000562
0.000566
0.000546
0.000546
0.000549
0.000548
0.000546
0.000549
0.000548
0.000552
0.000553
0.000560
0.000548
0.000548
0.000548
0.000566
0.000562
0.000564
0.000565
0.000562
0.000556
0.000547
0.000550
0.000547
0.000551
0.000548
0.000550
0.000547
0.000548
0.000556
0.000548
0.000548
0.000547
0.000551
0.000565
0.000568
0.000560
0.000562
0.000568
0.000550
0.000559
0.000553
0.000547
0.000546
0.000549
0.000549
0.000548
0.000557
0.000545
0.000544
0.000551
0.000570
0.000567
0.000559
0.000563
0.000566
0.000550
0.000547
0.000553
0.000546
0.000546
0.000550
0.000554
0.000559
0.000546
0.000546
0.000543
0.000548
0.000555
0.000568
0.000569
0.000563
0.000560
0.000560
0.000564
0.000545
0.000547
0.000554
0.000545
0.000547
0.000551
0.000550
0.000547
0.000552
0.000546
0.000550
0.000545
0.000546
0.000567
0.000558
0.000576
0.000561
0.000571
0.000550
0.000545
0.000547
0.000548
0.000548
0.000549
0.000549
0.000549
0.000547
0.000547
0.000546
0.000546
0.000575
0.000563
0.000561
0.000560
0.000563
0.000546
0.000550
0.000551
0.000549
0.000549
0.000548
0.000547
0.000547
0.000545
0.000550
0.000546
0.000548
0.000546
0.000543
0.000576
0.000560
0.000563
0.000561
0.000560
0.000564
0.000548
0.000548
0.000544
0.000548
0.000579
0.000560
0.000565
0.000547
0.000548
0.000547
0.000549
0.000577
0.000561
0.000562
0.000559
0.000559
0.000569
0.000547
0.000580
0.000560
0.000565
0.000551
0.000551
0.000546
0.000548
0.000570
0.000562
0.000574
0.000554
0.000547
0.000569
0.000561
0.000564
0.000564
0.000572
0.000555
0.000547
0.000556
0.000552
0.000567
0.000565
0.000563
0.000568
0.000552
0.000554
0.000547
0.000553
0.000573
0.000578
0.000569
0.000559
0.000567
0.000550
0.000550
0.000548
0.000551
0.000547
0.000549
0.000550
0.000549
0.000549
0.000576
0.000560
0.000563
0.000568
0.000565
0.000561
0.000559
0.000566
0.000561
0.000556
0.000549
0.000554
0.000549
0.000549
0.000554
0.000549
0.000550
0.000545
0.000547
0.000565
0.000559
0.000564
0.000559
0.000572
0.000564
0.000557
0.000560
0.000565
0.000547
0.000553
0.000546
0.000548
0.000549
0.000554
0.000547
0.000547
0.000549
0.000547
0.000547
0.000553
0.000575
0.000560
0.000563
0.000567
0.000571
0.000550
0.000548
0.000548
0.000550
0.000555
0.000548
0.000549
0.000546
0.000545
0.000549
0.000552
0.000545
0.000548
0.000572
0.000577
0.000566
0.000567
0.000570
0.000547
0.000546
0.000549
0.000546
0.000554
0.000554
0.000547
0.000553
0.000556
0.000551
0.000548
0.000553
0.000549
0.000546
0.000568
0.000559
0.000561
0.000558
0.000570
0.000553
0.000548
0.000545
0.000546
0.000564
0.000548
0.000550
0.000544
0.000549
0.000548
0.000548
0.000546
0.000556
0.000564
0.000559
0.000561
0.000563
0.000545
0.000552
0.000551
0.000552
0.000549
0.000550
0.000545
0.000549
0.000549
0.000553
0.000552
0.000548
0.000548
0.000566
0.000557
0.000562
0.000569
0.000558
0.000574
0.000550
0.000548
0.000549
0.000550
0.000573
0.000565
0.000566
0.000560
0.000553
0.000547
0.000548
0.000553
0.000581
0.000562
0.000561
0.000563
0.000560
0.000562
0.000551
0.000582
0.000562
0.000559
0.000548
0.000548
0.000555
0.000553
0.000582
0.000561
0.000568
0.000556
0.000553
0.000569
0.000565
0.000560
0.000558
0.000567
0.000550
0.000550
0.000552
0.000547
0.000559
0.000546
0.000557
0.000550
0.000550
0.000552
0.000546
0.000554
0.000574
0.000559
0.000562
0.000562
0.000568
0.000548
0.000552
0.000554
0.000555
0.000545
0.000547
0.000548
0.000550
0.000548
0.000552
0.000554
0.000550
0.000549
0.000566
0.000560
0.000560
0.000570
0.000569
0.000557
0.000549
0.000549
0.000548
0.000550
0.000551
0.000549
0.000548
0.000546
0.000548
0.000550
0.000551
0.000600
0.000868
0.000560
0.000557
0.000558
0.000560
0.000556
0.000551
0.000546
0.000546
0.000554
0.000541
0.000548
0.000546
0.000552
0.000547
0.000543
0.000545
0.000565
0.000558
0.000564
0.000562
0.000571
0.000551
0.000546
0.000542
0.000545
0.000543
0.000544
0.000548
0.000543
0.000546
0.000544
0.000547
0.000545
0.000541
0.000554
0.000569
0.000558
0.000562
0.000556
0.000563
0.000546
0.000562
0.000544
0.000552
0.000552
0.000542
0.000546
0.000545
0.000547
0.000551
0.000546
0.000545
0.000547
0.000547
0.000581
0.000557
0.000568
0.000559
0.000562
0.000552
0.000554
0.000546
0.000545
0.000547
0.000548
0.000548
0.000545
0.000549
0.000549
0.000546
0.000572
0.000561
0.000558
0.000558
0.000564
0.000556
0.000549
0.000551
0.000550
0.000556
0.000551
0.000554
0.000556
0.000554
0.000554
0.000560
0.000557
0.000552
0.000554
0.000579
0.000558
0.000559
0.000562
0.000559
0.000558
0.000543
0.000546
0.000546
0.000548
0.000574
0.000561
0.000563
0.000547
0.000548
0.000548
0.000546
0.000575
0.000559
0.000558
0.000561
0.000558
0.000559
0.000554
0.000578
0.000559
0.000568
0.000545
0.000552
0.000544
0.000545
0.000548
0.000578
0.000566
0.000555
0.000545
0.000547
0.000570
0.000555
0.000557
0.000565
0.000557
0.000545
0.000546
0.000552
0.000549
0.000576
0.000557
0.000569
0.000553
0.000547
0.000545
0.000544
0.000571
0.000554
0.000564
0.000559
0.000557
0.000562
0.000571
0.000569
0.000558
0.000565
0.000545
0.000547
0.000549
0.000550
0.000556
0.000544
0.000543
0.000546
0.000545
0.000566
0.000558
0.000561
0.000562
0.000564
0.000544
0.000549
0.000543
0.000544
0.000544
0.000569
0.000551
0.000561
0.000555
0.000549
0.000545
0.000545
0.000549
0.000553
0.000570
0.000554
0.000555
0.000555
0.000560
0.000544
0.000544
0.000554
0.000546
0.000551
0.000567
0.000558
0.000567
0.000574
0.000562
0.000558
0.000562
0.000559
0.000556
0.000558
0.000559
0.000555
0.000545
0.000543
0.000544
0.000543
0.000545
0.000549
0.000545
0.000543
0.000543
0.000545
0.000543
0.000542
