0.001228
0.000346
0.000330
0.000315
0.000315
0.000326
0.000318
0.000313
0.000316
0.000311
0.000343
0.000294
0.000272
0.000273
0.000278
0.000277
0.000291
0.000275
0.000277
0.000273
0.000271
0.000274
0.000273
0.000273
0.000272
0.000286
0.000265
0.000264
0.000263
0.000269
0.000267
0.000267
0.000264
0.000263
0.000268
0.000270
0.000263
0.000262
0.000267
0.000265
0.000272
0.000274
0.000262
0.000261
0.000271
0.000255
0.000257
0.000259
0.000256
0.000263
0.000258
0.000259
0.000261
0.000262
0.000259
0.000278
0.000255
0.000260
0.000258
0.000253
0.000250
0.000253
0.000260
0.000254
0.000254
0.000250
0.000255
0.000260
0.000252
0.000252
0.000261
0.000282
0.000254
0.000247
0.000249
0.000259
0.000253
0.000245
0.000248
0.000249
0.000250
0.000249
0.000248
0.000245
0.000250
0.000249
0.000253
0.000262
0.000246
0.000246
0.000243
0.000245
0.000243
0.000247
0.000245
0.000242
0.000246
0.000246
0.000267
0.000252
0.000244
0.000257
0.000253
0.000258
0.000248
0.000255
0.000248
0.000244
0.000242
0.000242
0.000241
0.000240
0.000244
0.000240
0.000248
0.000244
0.000243
0.000240
0.000245
0.000248
0.000250
0.000246
0.000241
0.000242
0.000244
0.000240
0.000245
0.000242
0.000244
0.000245
0.000243
0.000243
0.000243
0.000244
0.000243
0.000248
0.000261
0.000245
0.000248
0.000245
0.000257
0.000247
0.000246
0.000246
0.000251
0.000257
0.000241
0.000267
0.000248
0.000243
0.000245
0.000250
0.000246
0.000255
0.000241
0.000245
0.000240
0.000241
0.000244
0.000240
0.000253
0.000241
0.000246
0.000244
0.000242
0.000242
0.000243
0.000248
0.000244
0.000243
0.000241
0.000241
0.000241
0.000241
0.000244
0.000242
0.000244
0.000258
0.000246
0.000247
0.000247
0.000247
0.000258
0.000246
0.000252
0.000254
0.000244
0.000251
0.000247
0.000248
0.000247
0.000247
0.000245
0.000252
0.000243
0.000243
0.000246
0.000240
0.000238
0.000246
0.000246
0.000244
0.000243
0.000240
0.000241
0.000241
0.000245
0.000241
0.000242
0.000239
0.000245
0.000239
0.000244
0.000243
0.000240
0.000242
0.000248
0.000241
0.000244
0.000260
0.000247
0.000248
0.000245
0.000244
0.000254
0.000246
0.000257
0.000248
0.000247
0.000255
0.000242
0.000244
0.000261
0.000247
0.000253
0.000245
0.000250
0.000261
0.000240
0.000245
0.000245
0.000242
0.000244
0.000243
0.000243
0.000245
0.000243
0.000246
0.000245
0.000251
0.000240
0.000243
0.000245
0.000243
0.000243
0.000246
0.000245
0.000257
0.000249
0.000246
0.000247
0.000242
0.000269
0.000244
0.000246
0.000250
0.000275
0.000241
0.000242
0.000242
0.000243
0.000242
0.000243
0.000244
0.000241
0.000241
0.000245
0.000240
0.000240
0.000248
0.000242
0.000247
0.000242
0.000245
0.000242
0.000242
0.000244
0.000242
0.000241
0.000243
0.000242
0.000241
0.000243
0.000265
0.000246
0.000247
0.000248
0.000249
0.000247
0.000245
0.000249
0.000247
0.000248
0.000265
0.000246
0.000243
0.000257
0.000247
0.000256
0.000241
0.000251
0.000241
0.000243
0.000262
0.000248
0.000248
0.000245
0.000246
0.000260
0.000241
0.000244
0.000245
0.000243
0.000246
0.000245
0.000242
0.000243
0.000240
0.000243
0.000241
0.000269
0.000247
0.000246
0.000249
0.000253
0.000243
0.000242
0.000243
0.000242
0.000244
0.000263
0.000246
0.000245
0.000248
0.000249
0.000267
0.000250
0.000259
0.000244
0.000245
0.000257
0.000243
0.000247
0.000244
0.000243
0.000239
0.000242
0.000244
0.000243
0.000243
0.000245
0.000244
0.000262
0.000249
0.000251
0.000247
0.000254
0.000252
0.000244
0.000239
0.000243
0.000242
0.000242
0.000240
0.000243
0.000242
0.000243
0.000244
0.000267
0.000245
0.000246
0.000246
0.000247
0.000262
0.000249
0.000246
0.000244
0.000255
0.000245
0.000247
0.000242
0.000242
0.000242
0.000245
0.000260
0.000246
0.000246
0.000246
0.000244
0.000254
0.000241
0.000245
0.000241
0.000245
0.000244
0.000242
0.000243
0.000243
0.000242
0.000240
0.000294
0.000264
0.000246
0.000247
0.000247
0.000264
0.000244
0.000243
0.000245
0.000263
0.000246
0.000245
0.000250
0.000261
0.000249
0.000248
0.000254
0.000256
0.000245
0.000250
0.000243
0.000252
0.000244
0.000242
0.000239
0.000239
0.000242
0.000244
0.000245
0.000243
0.000245
0.000243
0.000259
0.000250
0.000244
0.000244
0.000245
0.000257
0.000244
0.000245
0.000244
0.000242
0.000240
0.000243
0.000242
0.000246
0.000242
0.000242
0.000242
0.000267
0.000244
0.000249
0.000244
0.000271
0.000250
0.000261
0.000245
0.000245
0.000254
0.000247
0.000254
0.000243
0.000243
0.000247
0.000243
0.000267
0.000246
0.000249
0.000245
0.000258
0.000243
0.000243
0.000239
0.000245
0.000247
0.000243
0.000242
0.000244
0.000245
0.000244
0.000242
0.000262
0.000249
0.000247
0.000247
0.000247
0.000252
0.000247
0.000240
0.000238
0.000244
0.000243
0.000242
0.000243
0.000255
0.000247
0.000256
0.000248
0.000251
0.000248
0.000246
0.000246
0.000255
0.000245
0.000243
0.000245
0.000242
0.000246
0.000240
0.000244
0.000241
0.000244
0.000248
0.000264
0.000249
0.000245
0.000250
0.000246
0.000254
0.000241
0.000240
0.000244
0.000243
0.000239
0.000241
0.000243
0.000243
0.000244
0.000243
0.000247
0.000268
0.000245
0.000244
0.000241
0.000266
0.000248
0.000246
0.000246
0.000261
0.000242
0.000244
0.000245
0.000244
0.000244
0.000244
0.000247
0.000281
0.000246
0.000246
0.000249
0.000262
0.000242
0.000244
0.000245
0.000244
0.000242
0.000248
0.000241
0.000242
0.000240
0.000244
0.000242
0.000245
0.000242
0.000241
0.000240
0.000245
0.000242
0.000243
0.000246
0.000244
0.000245
0.000242
0.000242
0.000261
0.000270
0.000248
0.000246
0.000246
0.000255
0.000261
0.000244
0.000243
0.000238
0.000241
0.000241
0.000250
0.000245
0.000243
0.000240
0.000243
0.000243
0.000243
0.000244
0.000246
0.000240
0.000241
0.000245
0.000242
0.000241
0.000240
0.000240
0.000240
0.000241
0.000242
0.000242
0.000241
0.000241
0.000244
0.000242
0.000242
0.000244
0.000242
0.000240
0.000243
0.000250
0.000245
0.000260
0.000244
0.000249
0.000260
0.000248
0.000262
0.000246
0.000243
0.000241
0.000245
0.000242
0.000241
0.000245
0.000242
0.000244
0.000244
0.000240
0.000240
0.000242
0.000241
0.000248
0.000242
0.000239
0.000244
0.000245
0.000240
0.000260
0.000245
0.000247
0.000245
0.000247
0.000258
0.000248
0.000241
0.000242
0.000242
0.000249
0.000241
0.000239
0.000241
0.000262
0.000246
0.000268
0.000250
0.000252
0.000245
0.000248
0.000260
0.000244
0.000240
0.000243
0.000239
0.000238
0.000241
0.000243
0.000239
0.000241
0.000243
0.000240
0.000244
0.000240
0.000246
0.000243
0.000241
0.000241
0.000242
0.000244
0.000239
0.000240
0.000242
0.000242
0.000244
0.000243
0.000241
0.000238
0.000247
0.000243
0.000241
0.000248
0.000242
0.000259
0.000258
0.000249
0.000246
0.000247
0.000260
0.000243
0.000243
0.000246
0.000244
0.000239
0.000247
0.000242
0.000241
0.000244
0.000240
0.000245
0.000243
0.000241
0.000239
0.000246
0.000243
0.000243
0.000243
0.000242
0.000244
0.000243
0.000247
0.000252
0.000242
0.000239
0.000242
0.000245
0.000246
0.000239
0.000242
0.000241
0.000240
0.000242
0.000242
0.000265
0.000243
0.000257
0.000248
0.000251
0.000252
0.000243
0.000258
0.000244
0.000242
0.000237
0.000241
0.000241
0.000242
0.000242
0.000243
0.000239
0.000240
0.000245
0.000244
0.000241
0.000240
0.000240
0.000240
0.000240
0.000247
0.000246
0.000240
0.000240
0.000243
0.000241
0.000240
0.000244
0.000241
0.000243
0.000243
0.000240
0.000248
0.000240
0.000238
0.000242
0.000245
0.000255
0.000241
0.000242
0.000263
0.000244
0.000253
0.000247
0.000260
0.000243
0.000240
0.000241
0.000247
0.000238
0.000244
0.000239
0.000244
0.000239
0.000244
0.000241
0.000242
0.000243
0.000240
0.000240
0.000243
0.000240
0.000247
0.000247
0.000240
0.000244
0.000248
0.000242
0.000240
0.000242
0.000242
0.000246
0.000244
0.000244
0.000243
0.000242
0.000240
0.000240
0.000263
0.000245
0.000248
0.000250
0.000247
0.000256
0.000243
0.000244
0.000242
0.000243
0.000248
0.000239
0.000242
0.000239
0.000241
0.000243
0.000243
0.000244
0.000243
0.000243
0.000246
0.000244
0.000244
0.000242
0.000242
0.000244
0.000239
0.000243
0.000241
0.000240
0.000239
0.000242
0.000242
0.000243
0.000241
0.000243
0.000248
0.000258
0.000245
0.000248
0.000271
0.000244
0.000258
0.000243
0.000249
0.000248
0.000248
0.000255
0.000242
0.000241
0.000242
0.000240
0.000242
0.000249
0.000243
0.000243
0.000242
0.000240
0.000240
0.000242
0.000239
0.000241
0.000241
0.000242
0.000240
0.000241
0.000245
0.000243
0.000244
0.000242
0.000240
0.000242
0.000245
0.000243
0.000239
0.000244
0.000239
0.000242
0.000241
0.000258
0.000248
0.000247
0.000247
0.000243
0.000256
0.000246
0.000255
0.000247
0.000247
0.000256
0.000247
0.000243
0.000241
0.000240
0.000242
0.000241
0.000243
0.000245
0.000240
0.000243
0.000245
0.000243
0.000243
0.000245
0.000242
0.000241
0.000242
0.000249
0.000241
0.000241
0.000241
0.000241
0.000242
0.000250
0.000241
0.000244
0.000241
0.000247
0.000244
0.000242
0.000243
0.000262
0.000245
0.000264
0.000245
0.000243
0.000259
0.000244
0.000242
0.000242
0.000243
0.000242
0.000243
0.000241
0.000248
0.000244
0.000245
0.000240
0.000238
0.000242
0.000241
0.000243
0.000240
0.000246
0.000242
0.000238
0.000240
0.000244
0.000247
0.000238
0.000246
0.000242
0.000241
0.000242
0.000241
0.000244
0.000246
0.000239
0.000242
0.000261
0.000244
0.000245
0.000244
0.000246
0.000266
0.000245
0.000251
0.000259
0.000247
0.000246
0.000250
0.000254
0.000244
0.000242
0.000245
0.000243
0.000262
0.000241
0.000245
0.000248
0.000243
0.000256
0.000244
0.000243
0.000244
0.000240
0.000243
0.000242
0.000243
0.000242
0.000242
0.000240
0.000239
0.000243
0.000240
0.000240
0.000240
0.000244
0.000240
0.000245
0.000244
0.000262
0.000244
0.000248
0.000248
0.000243
0.000262
0.000249
0.000253
0.000246
0.000260
0.000239
0.000240
0.000238
0.000245
0.000262
0.000245
0.000245
0.000244
0.000248
0.000244
0.000246
0.000255
0.000242
0.000241
0.000240
0.000243
0.000244
0.000244
0.000241
0.000242
0.000251
0.000245
0.000238
0.000245
0.000244
0.000239
0.000243
0.000239
0.000237
0.000246
0.000240
0.000243
0.000261
0.000249
0.000243
0.000246
0.000257
0.000249
0.000245
0.000255
0.000245
0.000257
0.000242
0.000245
0.000243
0.000242
0.000241
0.000241
0.000242
0.000240
0.000242
0.000244
0.000242
0.000243
0.000241
0.000243
0.000244
0.000241
0.000244
0.000241
0.000239
0.000245
0.000243
0.000242
0.000245
0.000243
0.000245
0.000242
0.000246
0.000248
0.000260
0.000247
0.000246
0.000248
0.000246
0.000260
0.000247
0.000247
0.000245
0.000263
0.000242
0.000243
0.000242
0.000248
0.000240
0.000244
0.000240
0.000242
0.000237
0.000241
0.000243
0.000243
0.000244
0.000244
0.000237
0.000244
0.000241
0.000240
0.000245
0.000242
0.000257
0.000246
0.000254
0.000246
0.000245
0.000247
0.000247
0.000246
0.000243
0.000245
0.000251
0.000244
0.000260
0.000245
0.000246
0.000245
0.000263
0.000249
0.000252
0.000257
0.000246
0.000252
0.000241
0.000244
0.000242
0.000245
0.000245
0.000243
0.000246
0.000243
0.000243
0.000242
0.000239
0.000243
0.000244
0.000244
0.000242
0.000242
0.000245
0.000244
0.000244
0.000247
0.000247
0.000243
0.000261
0.000247
0.000249
0.000245
0.000245
0.000264
0.000259
0.000245
0.000247
0.000248
0.000249
0.000246
0.000247
0.000245
0.000260
0.000246
0.000249
0.000248
0.000246
0.000251
0.000240
0.000239
0.000248
0.000248
0.000239
0.000241
0.000242
0.000243
0.000248
0.000242
0.000248
0.000240
0.000243
0.000244
0.000241
0.000240
0.000240
0.000240
0.000244
0.000247
0.000242
0.000244
0.000242
0.000243
0.000244
0.000243
0.000244
0.000240
0.000241
0.000239
0.000242
0.000262
0.000257
0.000246
0.000247
0.000255
0.000257
0.000247
0.000243
0.000249
0.000252
0.000242
0.000243
0.000243
0.000243
0.000241
0.000241
0.000243
0.000241
0.000243
0.000244
0.000249
0.000267
0.000246
0.000249
0.000248
0.000254
0.000242
0.000241
0.000243
0.000246
0.000241
0.000243
0.000241
0.000244
0.000243
0.000243
0.000243
0.000261
0.000247
0.000246
0.000247
0.000262
0.000268
0.000246
0.000244
0.000246
0.000255
0.000253
0.000238
0.000242
0.000243
0.000242
0.000243
0.000264
0.000250
0.000245
0.000245
0.000248
0.000260
0.000241
0.000240
0.000242
0.000242
0.000244
0.000241
0.000242
0.000241
0.000242
0.000238
0.000262
0.000246
0.000246
0.000246
0.000246
0.000252
0.000246
0.000243
0.000243
0.000240
0.000246
0.000244
0.000241
0.000258
0.000242
0.000258
0.000254
0.000247
0.000254
0.000245
0.000248
0.000250
0.000242
0.000242
0.000245
0.000240
0.000244
0.000242
0.000242
0.000243
0.000243
0.000241
0.000246
0.000264
0.000252
0.000250
0.000250
0.000258
0.000243
0.000245
0.000244
0.000243
0.000243
0.000241
0.000239
0.000241
0.000240
0.000240
0.000243
0.000244
0.000241
0.000242
0.000242
0.000239
0.000260
0.000245
0.000244
0.000268
0.000250
0.000249
0.000245
0.000259
0.000240
0.000244
0.000238
0.000252
0.000241
0.000242
0.000243
0.000242
0.000242
0.000242
0.000242
0.000241
0.000241
0.000242
0.000242
0.000241
0.000243
0.000244
0.000242
0.000247
0.000243
0.000241
0.000244
0.000241
0.000237
0.000243
0.000241
0.000246
0.000244
0.000242
0.000244
0.000240
0.000243
0.000280
0.000247
0.000246
0.000248
0.000260
0.000242
0.000244
0.000243
0.000241
0.000241
0.000241
0.000241
0.000239
0.000242
0.000242
0.000240
0.000240
0.000241
0.000244
0.000245
0.000243
0.000242
0.000242
0.000240
0.000241
0.000242
0.000243
0.000242
0.000244
0.000241
0.000243
0.000247
0.000246
0.000242
0.000241
0.000245
0.000244
0.000243
0.000241
0.000244
0.000259
0.000243
0.000264
0.000244
0.000253
0.000248
0.000246
0.000252
0.000239
0.000243
0.000243
0.000242
0.000244
0.000244
0.000241
0.000239
0.000241
0.000241
0.000239
0.000239
0.000242
0.000243
0.000247
0.000244
0.000241
0.000242
0.000243
0.000243
0.000247
0.000242
0.000239
0.000243
0.000241
0.000241
0.000240
0.000242
0.000240
0.000241
0.000246
0.000242
0.000239
0.000258
0.000245
0.000242
0.000259
0.000246
0.000252
0.000242
0.000247
0.000254
0.000241
0.000243
0.000240
0.000242
0.000240
0.000242
0.000245
0.000242
0.000241
0.000239
0.000243
0.000246
0.000243
0.000240
0.000241
0.000246
0.000242
0.000241
0.000246
0.000240
0.000241
0.000240
0.000242
0.000242
0.000243
0.000243
0.000243
0.000246
0.000242
0.000242
0.000243
0.000239
0.000262
0.000261
0.000255
0.000245
0.000262
0.000242
0.000242
0.000242
0.000242
0.000242
0.000243
0.000241
0.000250
0.000241
0.000243
0.000241
0.000242
0.000243
0.000242
0.000242
0.000239
0.000244
0.000241
0.000249
0.000245
0.000243
0.000243
0.000244
0.000244
0.000242
0.000240
0.000247
0.000242
0.000240
0.000240
0.000243
0.000239
0.000239
0.000241
0.000246
0.000253
0.000241
0.000261
0.000245
0.000252
0.000256
0.000250
0.000255
0.000242
0.000243
0.000242
0.000246
0.000242
0.000240
0.000241
0.000241
0.000243
0.000241
0.000241
0.000241
0.000245
0.000245
0.000245
0.000244
0.000245
0.000240
0.000243
0.000238
0.000243
0.000244
0.000241
0.000244
0.000240
0.000239
0.000242
0.000243
0.000245
0.000245
0.000240
0.000243
0.000241
0.000236
0.000257
0.000243
0.000258
0.000248
0.000247
0.000251
0.000250
0.000251
0.000240
0.000242
0.000245
0.000246
0.000240
0.000240
0.000241
0.000245
0.000240
0.000239
0.000240
0.000238
0.000247
0.000246
0.000247
0.000240
0.000240
0.000241
0.000243
0.000244
0.000243
0.000242
0.000241
0.000241
0.000241
0.000243
0.000242
0.000241
0.000243
0.000241
0.000240
0.000242
0.000242
0.000261
0.000251
0.000245
0.000267
0.000242
0.000253
0.000250
0.000245
0.000253
0.000242
0.000245
0.000242
0.000241
0.000243
0.000239
0.000243
0.000241
0.000242
0.000245
0.000243
0.000241
0.000243
0.000241
0.000242
0.000240
0.000242
0.000240
0.000244
0.000242
0.000239
0.000241
0.000246
0.000243
0.000248
0.000246
0.000248
0.000267
0.000251
0.000248
0.000248
0.000245
0.000253
0.000249
0.000252
0.000245
0.000241
0.000254
0.000245
0.000245
0.000238
0.000243
0.000242
0.000244
0.000249
0.000250
0.000238
0.000244
0.000244
0.000242
0.000240
0.000238
0.000244
0.000240
0.000242
0.000245
0.000243
0.000242
0.000241
0.000245
0.000240
0.000243
0.000240
0.000242
0.000243
0.000242
0.000240
0.000240
0.000247
0.000256
0.000247
0.000244
0.000250
0.000244
0.000263
0.000247
0.000257
0.000257
0.000249
0.000251
0.000248
0.000243
0.000246
0.000245
0.000242
0.000246
0.000241
0.000243
0.000242
0.000244
0.000239
0.000239
0.000245
0.000241
0.000242
0.000241
0.000245
0.000242
0.000245
0.000242
0.000244
0.000241
0.000244
0.000243
0.000243
0.000246
0.000241
0.000244
0.000250
0.000244
0.000243
0.000260
0.000247
0.000268
0.000245
0.000245
0.000258
0.000250
0.000254
0.000244
0.000246
0.000253
0.000243
0.000243
0.000245
0.000239
0.000242
0.000241
0.000241
0.000244
0.000241
0.000244
0.000241
0.000238
0.000240
0.000240
0.000244
0.000240
0.000242
0.000240
0.000244
0.000244
0.000245
0.000240
0.000244
0.000238
0.000243
0.000242
0.000241
0.000244
0.000249
0.000242
0.000242
0.000260
0.000262
0.000247
0.000249
0.000248
0.000255
0.000243
0.000246
0.000243
0.000242
0.000239
0.000241
0.000241
0.000245
0.000242
0.000241
0.000241
0.000249
0.000242
0.000241
0.000246
0.000241
0.000241
0.000241
0.000246
0.000241
0.000248
0.000244
0.000242
0.000244
0.000245
0.000242
0.000242
0.000247
0.000247
0.000242
0.000247
0.000244
0.000258
0.000245
0.000246
0.000247
0.000245
0.000268
0.000244
0.000246
0.000248
0.000255
0.000242
0.000244
0.000264
0.000246
0.000248
0.000247
0.000255
0.000241
0.000243
0.000242
0.000244
0.000240
0.000239
0.000242
0.000243
0.000243
0.000243
0.000238
0.000244
0.000242
0.000241
0.000246
0.000243
0.000244
0.000239
0.000246
0.000246
0.000238
0.000244
0.000244
0.000243
0.000242
0.000261
0.000245
0.000245
0.000245
0.000259
0.000248
0.000254
0.000251
0.000246
0.000254
0.000242
0.000246
0.000245
0.000241
0.000242
0.000248
0.000242
0.000247
0.000243
0.000241
0.000241
0.000241
0.000247
0.000246
0.000240
0.000246
0.000240
0.000245
0.000243
0.000243
0.000242
0.000239
0.000243
0.000243
0.000243
0.000243
0.000244
0.000243
0.000247
0.000242
0.000241
0.000241
0.000261
0.000248
0.000245
0.000245
0.000256
0.000253
0.000257
0.000243
0.000248
0.000254
0.000243
0.000243
0.000244
0.000242
0.000245
0.000241
0.000244
0.000244
0.000243
0.000243
0.000241
0.000246
0.000241
0.000243
0.000241
0.000243
0.000245
0.000243
0.000245
0.000248
0.000247
0.000241
0.000238
0.000242
0.000245
0.000242
0.000241
0.000239
0.000263
0.000248
0.000249
0.000243
0.000254
0.000263
0.000250
0.000252
0.000249
0.000267
0.000241
0.000245
0.000241
0.000242
0.000242
0.000242
0.000244
0.000241
0.000241
0.000242
0.000243
0.000241
0.000237
0.000245
0.000245
0.000241
0.000241
0.000241
0.000243
0.000242
0.000243
0.000245
0.000243
