0.008123
0.004707
0.004587
0.004394
0.004393
0.004171
0.004216
0.004155
0.004157
0.004332
0.004310
0.004275
0.004270
0.004266
0.004271
0.004321
0.004315
0.004345
0.004298
0.004309
0.004124
0.004199
0.004233
0.004238
0.004079
0.004296
0.004217
0.004281
0.004251
0.004205
0.004252
0.004183
0.004236
0.004249
0.004229
0.004249
0.004229
0.004219
0.004290
0.004103
0.004198
0.004205
0.004290
0.004128
0.004291
0.004124
0.004193
0.004207
0.004300
0.004150
0.004295
0.004246
0.004069
0.004291
0.004172
0.004209
0.004188
0.004182
0.004134
0.004144
0.004221
0.004082
0.004386
0.004364
0.004344
0.004366
0.004340
0.004326
0.004333
0.004369
0.004370
0.004391
0.004361
0.004136
0.004401
0.004354
0.004357
0.004028
0.004401
0.004363
0.004420
0.004340
0.004373
0.004301
0.004324
0.004347
0.004324
0.004348
0.004367
0.004345
0.004330
0.004333
0.004339
0.004345
0.004371
0.004120
0.004093
0.004164
0.004168
0.004301
0.004247
0.004160
0.004201
0.004234
0.003944
0.004086
0.004194
0.003994
0.004274
0.004096
0.004125
0.004159
0.004176
0.004205
0.004186
0.004210
0.004178
0.004216
0.004189
0.004248
0.004223
0.004187
0.004124
0.004125
0.004271
0.004195
0.004237
0.004296
0.004230
0.004203
0.004096
0.004126
0.004134
0.004148
0.004158
0.004164
0.004145
0.004095
0.004282
0.004363
0.004229
0.004365
0.004339
0.004130
0.004123
0.004212
0.004127
0.004223
0.004216
0.004234
0.004202
0.004125
0.004093
0.004363
0.004144
0.004207
0.004211
0.004147
0.004112
0.004223
0.004138
0.004144
0.004119
0.004171
0.004185
0.004381
0.004268
0.004269
0.004264
0.004310
0.004274
0.004287
0.004269
0.004016
0.004161
0.004203
0.003979
0.004158
0.004200
0.003991
0.004150
0.004219
0.003968
0.004158
0.004214
0.004156
0.004187
0.004196
0.004200
0.004228
0.004223
0.004199
0.004225
0.004236
0.004071
0.004222
0.003989
0.004173
0.004266
0.004071
0.004153
0.003998
0.004151
0.004150
0.004171
0.003975
0.004212
0.004246
0.004094
0.004363
0.004356
0.004081
0.004323
0.004283
0.004088
0.004157
0.004158
0.004153
0.004225
0.004008
0.004160
0.004198
0.004214
0.004195
0.004185
0.004027
0.004149
0.004210
0.004010
0.004157
0.004080
0.004242
0.004228
0.004239
0.004284
0.004119
0.004207
0.004250
0.006564
0.004148
0.004257
0.004228
0.004145
0.004193
0.004250
0.004385
0.004112
0.004216
0.004214
0.004121
0.004270
0.004106
0.004226
0.004168
0.004241
0.004249
0.004141
0.004221
0.004112
0.004246
0.004139
0.004305
0.004175
0.004201
0.004250
0.004283
0.004239
0.004062
0.004309
0.003980
0.004281
0.004365
0.004224
0.004219
0.004134
0.004172
0.004224
0.004150
0.004230
0.004188
0.004229
0.004212
0.004242
0.004221
0.004283
0.004223
0.004250
0.004232
0.004256
0.004198
0.004650
0.004802
0.005017
0.004481
0.004036
0.004276
0.004269
0.004073
0.004110
0.003977
0.004023
0.003920
0.004220
0.004496
0.004485
0.004628
0.004479
0.004565
0.004131
0.004065
0.003994
0.004004
0.004167
0.004195
0.004114
0.004260
0.004019
0.004199
0.004079
0.004020
0.004038
0.004088
0.004247
0.004035
0.004098
0.004020
0.004065
0.004243
0.004106
0.004451
0.004243
0.004285
0.004383
0.004386
0.004275
0.004251
0.004278
0.004299
0.004078
0.004034
0.004116
0.003974
0.004093
0.004577
0.004092
0.004069
0.004113
0.004012
0.004183
0.004222
0.004244
0.004232
0.004240
0.004269
0.004294
0.004254
0.004299
0.004471
0.004412
0.004296
0.004280
0.004332
0.004390
0.004333
0.004308
0.004105
0.004197
0.004230
0.004294
0.004080
0.004120
0.004112
0.004498
0.004360
0.004355
0.004282
0.004036
0.004368
0.004375
0.004386
0.004382
0.004376
0.004371
0.004374
0.004279
0.004309
0.004286
0.004267
0.004266
0.004290
0.004282
0.004243
0.004251
0.004255
0.003942
0.003920
0.003861
0.004144
0.004152
0.004189
0.004371
0.004289
0.004260
0.004244
0.004055
0.004077
0.004031
0.004074
0.004057
0.004030
0.004020
0.004113
0.004035
0.004021
0.004010
0.004040
0.004208
0.004205
0.004186
0.004217
0.004237
0.004231
0.004256
0.004228
0.004206
0.004098
0.003998
0.004093
0.003990
0.003984
0.003999
0.004069
0.003958
0.004025
0.004042
0.003800
0.004071
0.003972
0.004036
0.004000
0.004045
0.004011
0.004020
0.004067
0.004014
0.004017
0.004050
0.003984
0.004042
0.003967
0.004028
0.004065
0.004116
0.004100
0.004079
0.003977
0.004121
0.003953
0.003929
0.004052
0.004046
0.004175
0.004202
0.004215
0.004204
0.004053
0.004128
0.004012
0.004197
0.004069
0.005188
0.004094
0.004050
0.004002
0.004181
0.004252
0.004544
0.004680
0.004362
0.004322
0.004334
0.004292
0.004301
0.004272
0.003882
0.003900
0.004072
0.004138
0.004189
0.004161
0.004142
0.004158
0.004183
0.004203
0.004250
0.004224
0.004220
0.004230
0.003903
0.003921
0.003903
0.003913
0.003908
0.003912
0.003896
0.003900
0.003891
0.003891
0.003903
0.003902
0.003874
0.003891
0.003878
0.003872
0.003858
0.003922
0.003911
0.004219
0.004254
0.004278
0.004239
0.004238
0.004201
0.004225
0.004248
0.004235
0.004235
0.004233
0.004228
0.004225
0.004259
0.004257
0.004278
0.004255
0.004246
0.003858
0.003865
0.003897
0.003856
0.003931
0.003920
0.003937
0.004191
0.004245
0.004243
0.004237
0.004261
0.004225
0.004246
0.004254
0.004275
0.004126
0.003887
0.003886
0.003891
0.003869
0.003893
0.003869
0.003891
0.003894
0.003872
0.003907
0.003880
0.003855
0.004073
0.003911
0.003902
0.003851
0.003882
0.003896
0.003902
0.003873
0.003877
0.003848
0.003888
0.003882
0.004003
0.004172
0.004219
0.004236
0.004278
0.004211
0.004226
0.004210
0.004173
0.003893
0.004145
0.004207
0.004217
0.004202
0.004274
0.004224
0.004226
0.004233
0.004209
0.004281
0.004240
0.004289
0.004227
0.004253
0.004222
0.003874
0.003881
0.003894
0.003906
0.003868
0.003878
0.003865
0.003894
0.003875
0.003892
0.003871
0.003891
0.003899
0.004111
0.004245
0.004210
0.004216
0.004182
0.004189
0.004155
0.004144
0.004230
0.004124
0.004157
0.004207
0.004294
0.004212
0.004242
0.004209
0.004248
0.004270
0.004200
0.004169
0.003784
0.003807
0.004029
0.004128
0.004145
0.004215
0.004183
0.004166
0.004159
0.004183
0.004156
0.004176
0.003757
0.003825
0.003829
0.003860
0.003806
0.003868
0.003935
0.003835
0.004040
0.004146
0.004164
0.004162
0.004165
0.004232
0.004164
0.003801
0.003820
0.003820
0.004119
0.004133
0.004216
0.004118
0.004148
0.004154
0.004162
0.004175
0.004172
0.004187
0.004222
0.004229
0.004179
0.004186
0.004208
0.004220
0.004219
0.004206
0.004253
0.004138
0.004185
0.004161
0.004171
0.004166
0.004216
0.004267
0.004262
0.004257
0.004274
0.004271
0.004246
0.004297
0.004292
0.004269
0.004273
0.004212
0.004270
0.004249
0.004263
0.004264
0.004291
0.004237
0.004254
0.004219
0.004270
0.004272
0.004260
0.004264
0.004262
0.004295
0.004253
0.004237
0.004243
0.004257
0.004248
0.004274
0.004253
0.004231
0.004130
0.004024
0.003891
0.003900
0.004018
0.004160
0.004241
0.004198
0.004262
0.004253
0.003883
0.003926
0.003868
0.004058
0.004194
0.004249
0.004244
0.004235
0.004275
0.004255
0.004310
0.004289
0.003878
0.003879
0.003947
0.003916
0.003916
0.003906
0.003921
0.004131
0.004210
0.004235
0.004231
0.004234
0.004255
0.004253
0.004259
0.004262
0.004280
0.004279
0.004273
0.004261
0.004268
0.004257
0.004299
0.004265
0.004246
0.004221
0.004283
0.004265
0.004245
0.004241
0.004237
0.004261
0.003905
0.003877
0.003892
0.003841
0.004030
0.003981
0.003894
0.003890
0.003953
0.004091
0.004211
0.004213
0.004218
0.004236
0.004225
0.004230
0.004264
0.004261
0.004232
0.004274
0.004280
0.004247
0.004268
0.004253
0.004282
0.004266
0.004274
0.004262
0.004270
0.004263
0.004249
0.004240
0.004247
0.004242
0.004252
0.004247
0.004229
0.004221
0.004259
0.004220
0.004243
0.004270
0.004248
0.004263
0.004240
0.004271
0.004246
0.004267
0.004244
0.004243
0.004247
0.004245
0.004242
0.004253
0.004249
0.004254
0.004279
0.004245
0.004258
0.004287
0.003912
0.003897
0.003897
0.003884
0.003887
0.003937
0.003931
0.003892
0.003900
0.003893
0.003899
0.003885
0.003901
0.003891
0.003891
0.004219
0.004219
0.004198
0.004239
0.003871
0.003899
0.004080
0.004193
0.004216
0.004235
0.004198
0.004241
0.004265
0.004208
0.004272
0.004244
0.004280
0.004252
0.004241
0.004262
0.004229
0.004256
0.004262
0.004259
0.003915
0.003870
0.003892
0.003883
0.003872
0.003890
0.003914
0.003922
0.003923
0.004109
0.003908
0.003903
0.003875
0.004067
0.004218
0.004231
0.004276
0.004184
0.004201
0.004232
0.004198
0.004199
0.004236
0.004217
0.004241
0.004195
0.004233
0.004213
0.004244
0.004254
0.004199
0.004195
0.004159
0.004213
0.004173
0.004209
0.004220
0.004171
0.004186
0.004174
0.004236
0.004093
0.003915
0.003977
0.003928
0.003933
0.003901
0.004024
0.003938
0.003909
0.003867
0.003893
0.004077
0.003868
0.003902
0.004002
0.003936
0.003899
0.003867
0.003922
0.003917
0.003934
0.003915
0.004066
0.003893
0.004116
0.003894
0.004002
0.003985
0.003988
0.003980
0.003947
0.003997
0.003949
0.003896
0.003883
0.003883
0.003871
0.003882
0.003893
0.004113
0.003893
0.004091
0.003903
0.003935
0.003951
0.003901
0.012542
0.007027
0.004395
0.003894
0.003764
0.003777
0.003776
0.003772
0.003766
0.003889
0.003753
0.003811
0.003715
0.003936
0.003731
0.003832
0.003646
0.003836
0.003762
0.003943
0.003765
0.003811
0.003739
0.003873
0.003684
0.003768
0.003797
0.003785
0.003771
0.003845
0.003791
0.003860
0.003763
0.003888
0.003758
0.003875
0.003667
0.003929
0.003646
0.003808
0.003748
0.003777
0.003769
0.003979
0.003814
0.004028
0.003758
0.003814
0.003756
0.003805
0.003768
0.003984
0.003672
0.003815
0.003718
0.003920
0.003759
0.003951
0.003652
0.003816
0.003773
0.003960
0.003765
0.003891
0.003765
0.003779
0.003776
0.003907
0.003749
0.003901
0.003730
0.003928
0.003760
0.003781
0.003761
0.003842
0.003773
0.003891
0.003754
0.003774
0.003715
0.003773
0.003768
0.003972
0.003759
0.003829
0.003732
0.003778
0.003752
0.003760
0.003791
0.003963
0.003775
0.003769
0.003741
0.003770
0.003713
0.003817
0.003746
0.003796
0.003730
0.003899
0.003782
0.003968
0.003767
0.003885
0.003764
0.003943
0.003765
0.003841
0.003643
0.003823
0.003771
0.003872
0.003720
0.003882
0.003671
0.003874
0.003739
0.003932
0.003667
0.003837
0.003750
0.003849
0.003745
0.003810
0.003742
0.003921
0.003773
0.003906
0.003820
0.003897
0.003762
0.003822
0.003767
0.003780
0.003726
0.003832
0.003782
0.003827
0.003727
0.003875
0.003657
0.003861
0.003751
0.003892
0.003670
0.003841
0.003761
0.003764
0.003750
0.003934
0.003774
0.003915
0.003772
0.003776
0.003725
0.003829
0.003709
0.003927
0.003778
0.003782
0.003699
0.003921
0.003754
0.003795
0.003758
0.003882
0.003753
0.003767
0.003713
0.003817
0.003668
0.003971
0.003785
0.003923
0.003744
0.003880
0.003790
0.003908
0.003696
0.003794
0.003770
0.003790
0.003766
0.003810
0.003757
0.003893
0.003778
0.003895
0.003779
0.003772
0.003777
0.003804
0.003775
0.003828
0.003761
0.003799
0.003639
0.003952
0.003761
0.003967
0.003733
0.003802
0.003770
0.003957
0.003769
0.003936
0.003758
0.003919
0.003749
0.003962
0.003760
0.003908
0.003801
0.003847
0.003761
0.003802
0.003675
0.003782
0.003660
0.003805
0.004010
0.003795
0.003701
0.004035
0.003609
0.003909
0.003780
0.003923
0.003777
0.003910
0.003746
0.003971
0.003756
0.003882
0.003759
0.003869
0.003672
0.003791
0.003699
0.003910
0.003651
0.003848
0.003741
0.003897
0.003731
0.003822
0.003687
0.003977
0.003749
0.003769
0.003777
0.003962
0.004000
0.003963
0.003760
0.003907
0.003642
0.003960
0.003596
0.003941
0.003750
0.003794
0.003726
0.003823
0.003654
0.003896
0.003779
0.003790
0.003766
0.003738
0.003705
0.003791
0.003751
0.003838
0.003747
0.003808
0.003779
0.003797
0.003765
0.003906
0.003770
0.003895
0.003765
0.003756
0.003784
0.003817
0.003785
0.003926
0.003763
0.003774
0.003990
0.003939
0.003760
0.003812
0.003757
0.003818
0.003661
0.003787
0.003766
0.003885
0.003679
0.003798
0.003777
0.003976
0.003761
0.003768
0.003771
0.003822
0.003765
0.003789
0.003741
0.003904
0.003786
0.003799
0.003750
0.003887
0.003781
0.003794
0.003694
0.003908
0.003660
0.003873
0.003767
0.003989
0.003763
0.003910
0.003769
0.003899
0.003779
0.003782
0.003684
0.003794
0.003764
0.003967
0.003671
0.003892
0.003777
0.003830
0.003784
0.003855
0.003671
0.003787
0.003775
0.003914
0.003759
0.003996
0.003755
0.003894
0.003657
0.003928
0.003703
0.003781
0.003754
0.003801
0.003751
0.003833
0.003760
0.003868
0.003658
0.003946
0.003758
0.003825
0.003639
0.004119
0.003758
0.003743
0.003739
0.003941
0.003636
0.003900
0.003648
0.004018
0.003759
0.003866
0.003744
0.003910
0.003752
0.003879
0.003768
0.003808
0.003761
0.003810
0.003761
0.003845
0.003671
0.003970
0.004012
0.003821
0.003640
0.003809
0.003769
0.003937
0.003578
0.003759
0.003784
0.003933
0.003778
0.003967
0.003618
0.003994
0.003784
0.003809
0.003725
0.003824
0.003680
0.003880
0.003659
0.003949
0.003780
0.003944
0.003765
0.003778
0.003784
0.003920
0.003754
0.003886
0.003645
0.003943
0.003756
0.003871
0.003751
0.003871
0.003687
0.003799
0.003620
0.003917
0.003628
0.003918
0.003742
0.003785
0.003748
0.003773
0.003769
0.003784
0.003759
0.003962
0.003768
0.003781
0.003728
0.003841
0.003759
0.003777
0.003751
0.003851
0.003603
0.004022
0.003771
0.004013
0.003754
0.003781
0.003756
0.003912
0.003764
0.003786
0.003777
0.003901
0.003760
0.003704
0.003773
0.003763
0.003774
0.003924
0.003679
0.003881
0.003634
0.003771
0.003808
0.003804
0.003685
0.003823
0.003772
0.003799
0.003620
0.003971
0.003755
0.003852
0.003753
0.003919
0.003642
0.003967
0.003773
0.003820
0.003999
0.003779
0.003755
0.003903
0.003768
0.003873
0.003672
0.003815
0.003738
0.003892
0.003712
0.003802
0.003760
0.003919
0.003764
0.003923
0.003748
0.003837
0.003653
0.003862
0.003801
0.003842
0.003770
0.003795
0.003716
0.003877
0.003669
0.004057
0.003767
0.003974
0.003756
0.003943
0.003786
0.003906
0.003658
0.003930
0.003747
0.003936
0.003661
0.003976
0.003739
0.003901
0.003809
0.003775
0.003756
0.003878
0.003766
0.003799
0.003767
0.003823
0.003758
0.003846
0.003736
0.003844
0.003764
0.003981
0.003773
0.003897
0.003604
0.003913
0.003808
0.003807
0.003828
0.003930
0.003775
0.003967
0.003768
0.003818
0.003654
0.003883
0.003654
0.003827
0.003753
0.003782
0.003690
0.003804
0.003766
0.003897
0.003694
0.003759
0.003768
0.003793
0.003705
0.003957
0.003734
0.003877
0.003745
0.003925
0.003745
0.003951
0.003761
0.003776
0.003655
0.003828
0.003667
0.003856
0.003668
0.004021
0.003866
0.004216
0.003807
0.003872
0.003770
0.003839
0.003833
0.004030
0.003721
0.003962
0.003838
0.004328
0.003738
0.004118
0.003787
0.003865
0.003796
0.003830
0.003784
0.004020
0.003750
0.003868
0.003771
0.003890
0.003780
0.003958
0.003762
0.003813
0.003758
0.003903
0.003770
0.003883
0.003661
0.003813
0.003718
0.003827
0.003775
0.004009
0.003644
0.003877
0.003753
0.003793
0.003613
0.003765
0.003689
0.003897
0.003840
0.003881
0.003663
0.003855
0.003775
0.003760
0.003779
0.003898
0.003804
0.003850
0.003698
0.003904
0.003770
0.003795
0.003743
0.003931
0.003704
0.003848
0.003761
0.003990
0.003770
0.003818
0.003769
0.003897
0.003670
0.003956
0.003756
0.003788
0.003746
0.003786
0.003726
0.003870
0.003758
0.003816
0.003627
0.003920
0.003771
0.004070
0.003780
0.003848
0.003729
0.003885
0.003667
0.003996
0.003750
0.003857
0.003690
0.003953
0.003720
0.003768
0.003764
0.003923
0.003703
0.003839
0.003747
0.004035
0.003666
0.003775
0.003753
0.003795
0.003794
0.003793
0.003743
0.004008
0.003756
0.003947
0.003756
0.003885
0.003758
0.003841
0.003760
0.003799
0.003779
0.003816
0.003769
0.003967
0.003715
0.003849
0.003749
0.003805
0.003776
0.004010
0.003767
0.003844
0.003728
0.003858
0.003779
0.003955
0.003784
0.003776
0.003808
0.003961
0.003767
0.003813
0.003658
0.003749
0.003775
0.003786
0.003700
0.003877
0.003777
0.003988
0.003752
0.003774
0.003782
0.003841
0.003765
0.003932
0.003787
0.003903
0.003730
0.003782
0.003769
0.003737
0.003773
0.003919
0.003757
0.003792
0.003762
0.004054
0.003659
0.003855
0.003685
0.003965
0.003640
0.003833
0.003641
0.003821
0.003648
0.003863
0.003774
0.004009
0.003658
0.003776
0.003795
0.003913
0.003768
0.003818
0.003757
0.003773
0.003765
0.003921
0.003749
0.003755
0.003786
0.003775
0.003740
0.003858
0.003707
0.003866
0.003743
0.003901
0.003777
0.003769
0.003765
0.003826
0.003787
0.003781
0.003781
0.003833
0.003779
0.003811
0.003774
0.003867
0.003795
0.003800
0.003783
0.003983
0.003761
0.003944
0.003785
0.003733
0.003777
0.003785
0.003762
0.003978
0.003768
0.003863
0.003961
0.003921
0.003762
0.003891
0.003756
0.003771
0.003775
0.003937
0.003758
0.003965
0.003682
0.003896
0.003792
0.003783
0.003609
0.003859
0.003738
0.003831
0.003649
0.003765
0.003762
0.003871
0.003779
0.003790
0.003749
0.003904
0.003641
0.003940
0.003715
0.003798
0.003694
0.003854
0.003766
0.003796
0.003648
0.003745
0.003768
0.003809
0.003629
0.003779
0.003766
0.003886
0.003630
0.003796
0.003772
0.003899
0.003800
0.003777
0.003754
0.003871
0.003765
0.003930
0.003576
0.003773
0.003825
0.003885
0.003641
0.003795
0.003740
0.003918
0.003767
0.004078
0.003685
0.003820
0.003767
0.003964
0.003739
0.003907
0.003695
0.003895
0.003742
0.003876
0.003744
0.003925
0.003744
0.003892
0.003605
0.003912
0.003711
0.003906
0.003643
0.003876
0.003726
0.003786
0.003768
0.003914
0.003765
0.003796
0.003764
0.003754
0.003721
0.003793
0.003770
0.003831
0.003680
0.003846
0.003746
0.003874
0.003698
0.003834
0.003754
0.003875
0.003751
0.003808
0.003652
0.003836
0.003748
0.003913
0.003747
0.003801
0.003751
0.003836
0.003720
0.003799
0.003711
0.003885
0.003756
0.004093
0.003741
0.003841
0.003656
0.003793
0.003742
0.003864
0.003763
0.003994
0.003773
0.003871
0.003815
0.003809
0.003626
0.003746
0.003748
0.003775
0.003733
0.003803
0.003672
0.003777
0.003786
0.003828
0.003761
0.003796
0.003777
0.003944
0.003784
0.003844
0.003770
0.003905
0.003614
0.003924
0.003766
0.003774
0.003776
0.003708
0.003762
0.003781
0.003759
0.003895
0.003762
0.003913
0.003770
0.003810
0.003776
0.003786
0.003776
0.003806
0.003699
0.003793
0.003771
0.003932
0.003639
0.003795
0.003757
0.003939
0.003675
0.003806
0.003762
0.003753
0.003750
0.003871
0.003688
0.003857
0.003747
0.003815
0.003774
0.003881
0.003596
0.003934
0.003777
0.003797
0.003779
0.003789
0.003734
0.003751
0.003745
0.003822
0.003744
0.003830
0.003754
0.003960
0.003752
0.004012
0.003769
0.003809
0.003754
0.003913
0.003763
0.003948
0.003751
0.003812
0.003770
0.003882
0.003764
0.003774
0.003758
0.003785
0.003690
0.003792
0.003780
0.003924
0.003668
0.003764
0.003736
0.003793
0.003777
0.003767
0.003758
0.003870
0.003752
0.003798
0.003750
0.003907
