0.003611
0.001990
0.001888
0.001866
0.001800
0.001808
0.001738
0.001736
0.001697
0.001687
0.001672
0.001632
0.001643
0.001597
0.001601
0.001583
0.001551
0.001546
0.001518
0.001507
0.001503
0.001477
0.001463
0.001478
0.001416
0.001437
0.001447
0.001413
0.001446
0.001447
0.001434
0.001451
0.001431
0.001413
0.001444
0.001424
0.001419
0.001467
0.001410
0.001434
0.001439
0.001414
0.001412
0.001415
0.001413
0.001436
0.001427
0.001407
0.001414
0.001405
0.001403
0.001459
0.001432
0.001433
0.001399
0.001412
0.001408
0.001397
0.001404
0.001418
0.001419
0.001399
0.001401
0.001396
0.001400
0.001424
0.001405
0.001392
0.001390
0.001397
0.001394
0.001445
0.001384
0.001412
0.001411
0.001386
0.001398
0.001397
0.001387
0.001386
0.001392
0.001390
0.001351
0.001343
0.001343
0.001347
0.001342
0.001337
0.001357
0.001339
0.001341
0.001347
0.001342
0.001339
0.001347
0.001355
0.001337
0.001343
0.001342
0.001342
0.001347
0.001349
0.001341
0.001351
0.001342
0.001338
0.001340
0.001346
0.001342
0.001355
0.001367
0.001340
0.001373
0.001355
0.001336
0.001343
0.001340
0.001355
0.001357
0.001333
0.001339
0.001335
0.001334
0.001333
0.001331
0.001344
0.001343
0.001332
0.001333
0.001333
0.001337
0.001344
0.001344
0.001390
0.001336
0.001337
0.001336
0.001332
0.001333
0.001393
0.001368
0.001334
0.001328
0.001336
0.001356
0.001363
0.001326
0.001344
0.001345
0.001335
0.001361
0.001371
0.001338
0.001337
0.001333
0.001354
0.001335
0.001337
0.001334
0.001338
0.001342
0.001331
0.001369
0.001338
0.001333
0.001334
0.001340
0.001331
0.001348
0.001341
0.001343
0.001336
0.001324
0.001330
0.001333
0.001325
0.001330
0.001351
0.001333
0.001335
0.001340
0.001339
0.001334
0.001360
0.001366
0.001351
0.001336
0.001335
0.001333
0.001332
0.001339
0.001338
0.001348
0.001344
0.001336
0.001339
0.001334
0.001328
0.001333
0.001350
0.001340
0.001331
0.001321
0.001324
0.001335
0.001339
0.001329
0.001369
0.001357
0.001329
0.001328
0.001330
0.001332
0.001361
0.001353
0.001345
0.001329
0.001329
0.001326
0.001359
0.001357
0.001324
0.001356
0.001334
0.001331
0.001361
0.001350
0.001332
0.001334
0.001340
0.001350
0.001321
0.001322
0.001322
0.001331
0.001334
0.001339
0.001347
0.001324
0.001328
0.001335
0.001334
0.001333
0.001333
0.001349
0.001337
0.001328
0.001320
0.001322
0.001323
0.001322
0.001324
0.001372
0.001330
0.001331
0.001326
0.001326
0.001333
0.001332
0.001339
0.001348
0.001327
0.001319
0.001322
0.001327
0.001336
0.001333
0.001351
0.001330
0.001368
0.001377
0.001321
0.001322
0.001322
0.001356
0.001329
0.001327
0.001321
0.001324
0.001323
0.001321
0.001336
0.001354
0.001341
0.001327
0.001327
0.001323
0.001324
0.001355
0.001345
0.001341
0.001327
0.001325
0.001323
0.001356
0.001338
0.001324
0.001358
0.001347
0.001322
0.001328
0.001322
0.001322
0.001324
0.001336
0.001349
0.001324
0.001321
0.001328
0.001323
0.001325
0.001339
0.001357
0.001318
0.001321
0.001325
0.001319
0.001323
0.001322
0.001347
0.001343
0.001324
0.001323
0.001319
0.001328
0.001318
0.001320
0.001354
0.001326
0.001318
0.001323
0.001320
0.001321
0.001320
0.001333
0.001352
0.001324
0.001318
0.001321
0.001327
0.001323
0.001333
0.001352
0.001322
0.001315
0.001316
0.001316
0.001319
0.001322
0.001346
0.001338
0.001321
0.001319
0.001318
0.001323
0.001317
0.001316
0.001354
0.001346
0.001316
0.001322
0.001320
0.001317
0.001339
0.001345
0.001353
0.001344
0.001350
0.001322
0.001341
0.001341
0.001318
0.001351
0.001352
0.001354
0.001350
0.001326
0.001315
0.001322
0.001352
0.001333
0.001323
0.001318
0.001323
0.001328
0.001324
0.001323
0.001381
0.001329
0.001322
0.001332
0.001327
0.001325
0.001331
0.001347
0.001352
0.001322
0.001330
0.001322
0.001326
0.001327
0.001323
0.001360
0.001339
0.001325
0.001327
0.001324
0.001327
0.001324
0.001330
0.001378
0.001327
0.001323
0.001325
0.001329
0.001328
0.001342
0.001370
0.001323
0.001322
0.001333
0.001323
0.001329
0.001507
0.001353
0.001344
0.001327
0.001329
0.001329
0.001331
0.001333
0.001324
0.001366
0.001338
0.001328
0.001329
0.001324
0.001324
0.001338
0.001348
0.001356
0.001331
0.001318
0.001325
0.001339
0.001327
0.001324
0.001358
0.001340
0.001325
0.001326
0.001330
0.001323
0.001325
0.001350
0.001337
0.001328
0.001328
0.001327
0.001332
0.001323
0.001326
0.001380
0.001326
0.001326
0.001329
0.001322
0.001320
0.001325
0.001350
0.001352
0.001331
0.001328
0.001327
0.001329
0.001327
0.001325
0.001361
0.001340
0.001326
0.001328
0.001325
0.001325
0.001325
0.001364
0.001342
0.001330
0.001324
0.001323
0.001323
0.001327
0.001344
0.001360
0.001330
0.001325
0.001329
0.001327
0.001322
0.001331
0.001351
0.001349
0.001333
0.001328
0.001330
0.001333
0.001325
0.001320
0.001364
0.001335
0.001323
0.001327
0.001331
0.001327
0.001334
0.001342
0.001351
0.001334
0.001324
0.001318
0.001336
0.001322
0.001345
0.001351
0.001313
0.001315
0.001336
0.001320
0.001315
0.001339
0.001350
0.001339
0.001320
0.001318
0.001320
0.001322
0.001320
0.001320
0.001360
0.001329
0.001315
0.001323
0.001319
0.001318
0.001325
0.001335
0.001345
0.001324
0.001322
0.001316
0.001320
0.001337
0.001348
0.001351
0.001347
0.001323
0.001328
0.001330
0.001329
0.001356
0.001376
0.001342
0.001327
0.001327
0.001323
0.001333
0.001327
0.001327
0.001376
0.001322
0.001328
0.001331
0.001327
0.001322
0.001324
0.001350
0.001354
0.001330
0.001323
0.001323
0.001326
0.001327
0.001324
0.001356
0.001343
0.001328
0.001343
0.001325
0.001325
0.001333
0.001364
0.001342
0.001326
0.001324
0.001322
0.001329
0.001327
0.001353
0.001358
0.001323
0.001324
0.001329
0.001324
0.001324
0.001328
0.001351
0.001350
0.001334
0.001327
0.001328
0.001330
0.001326
0.001326
0.001360
0.001337
0.001324
0.001327
0.001324
0.001327
0.001328
0.001346
0.001357
0.001334
0.001327
0.001324
0.001331
0.001328
0.001353
0.001362
0.001331
0.001326
0.001323
0.001330
0.001327
0.001335
0.001358
0.001346
0.001332
0.001329
0.001322
0.001331
0.001331
0.001324
0.001377
0.001330
0.001324
0.001325
0.001327
0.001325
0.001331
0.001345
0.001354
0.001329
0.001325
0.001321
0.001327
0.001333
0.001328
0.001366
0.001344
0.001331
0.001334
0.001325
0.001324
0.001334
0.001358
0.001343
0.001335
0.001326
0.001326
0.001330
0.001332
0.001349
0.001363
0.001324
0.001326
0.001330
0.001326
0.001324
0.001330
0.001354
0.001348
0.001329
0.001329
0.001327
0.001326
0.001326
0.001322
0.001367
0.001343
0.001331
0.001329
0.001323
0.001322
0.001326
0.001374
0.001326
0.001326
0.001327
0.001325
0.001331
0.001326
0.001350
0.001354
0.001328
0.001330
0.001331
0.001327
0.001323
0.001330
0.001355
0.001344
0.001330
0.001324
0.001324
0.001328
0.001329
0.001325
0.001380
0.001324
0.001323
0.001327
0.001329
0.001325
0.001333
0.001347
0.001352
0.001366
0.001341
0.001326
0.001332
0.001322
0.001355
0.001352
0.001340
0.001355
0.001355
0.001326
0.001324
0.001332
0.001365
0.001339
0.001365
0.001361
0.001325
0.004403
0.001434
0.001363
0.001365
0.001368
0.001347
0.001343
0.001343
0.001362
0.001350
0.001341
0.001339
0.001345
0.001338
0.001344
0.001362
0.001354
0.001341
0.001374
0.001366
0.001346
0.001348
0.001366
0.001347
0.001377
0.001363
0.001343
0.001347
0.001345
0.001360
0.001370
0.001358
0.001347
0.001345
0.001344
0.001338
0.001378
0.001364
0.001348
0.001344
0.001343
0.001340
0.001379
0.001359
0.001348
0.001368
0.001348
0.001341
0.001391
0.001346
0.001349
0.001343
0.001364
0.001367
0.001378
0.001346
0.001368
0.001376
0.001342
0.001371
0.001373
0.001347
0.001345
0.001344
0.001340
0.001367
0.001371
0.001354
0.001353
0.001342
0.001349
0.001373
0.001372
0.001349
0.001367
0.001346
0.001346
0.001377
0.001365
0.001347
0.001378
0.001367
0.001354
0.001349
0.001344
0.001341
0.001346
0.001345
0.001353
0.001358
0.001344
0.001341
0.001349
0.001348
0.001342
0.001351
0.001366
0.001347
0.001342
0.001345
0.001343
0.001354
0.001339
0.001350
0.001361
0.001350
0.001342
0.001348
0.001345
0.001343
0.001350
0.001352
0.001346
0.001347
0.001344
0.001347
0.001345
0.001341
0.001344
0.001352
0.001345
0.001346
0.001336
0.001343
0.001346
0.001342
0.001346
0.001366
0.001382
0.001351
0.001351
0.001345
0.001346
0.001376
0.001376
0.001355
0.001349
0.001350
0.001346
0.001374
0.001370
0.001351
0.001349
0.001348
0.001347
0.001377
0.001363
0.001340
0.001377
0.001366
0.001343
0.001349
0.001348
0.001348
0.001352
0.001356
0.001355
0.001353
0.001350
0.001347
0.001350
0.001348
0.001349
0.001349
0.001348
0.001345
0.001356
0.001344
0.001348
0.001355
0.001349
0.001347
0.001351
0.001343
0.001351
0.001354
0.001342
0.001351
0.001354
0.001349
0.001349
0.001350
0.001347
0.001348
0.001347
0.001357
0.001349
0.001351
0.001345
0.001358
0.001349
0.001348
0.001364
0.001356
0.001338
0.001348
0.001348
0.001343
0.001345
0.001347
0.001350
0.001350
0.001351
0.001346
0.001348
0.001345
0.001355
0.001377
0.001369
0.001349
0.001345
0.001349
0.001346
0.001371
0.001368
0.001347
0.001346
0.001351
0.001346
0.001379
0.001368
0.001349
0.001371
0.001358
0.001348
0.001378
0.001366
0.001347
0.001352
0.001374
0.001348
0.001351
0.001349
0.001346
0.001344
0.001344
0.001351
0.001351
0.001346
0.001347
0.001350
0.001349
0.001351
0.001351
0.001355
0.001349
0.001351
0.001347
0.001347
0.001350
0.001354
0.001345
0.001349
0.001350
0.001350
0.001350
0.001348
0.001350
0.001349
0.001352
0.001352
0.001351
0.001348
0.001353
0.001349
0.001345
0.001360
0.001350
0.001345
0.001344
0.001351
0.001351
0.001352
0.001352
0.001350
0.001348
0.001351
0.001349
0.001351
0.001351
0.001351
0.001375
0.001372
0.001344
0.001349
0.001346
0.001349
0.001376
0.001364
0.001352
0.001350
0.001345
0.001348
0.001381
0.001367
0.001347
0.001362
0.001349
0.001348
0.001381
0.001360
0.001350
0.001383
0.001368
0.001349
0.001355
0.001348
0.001351
0.001348
0.001350
0.001352
0.001351
0.001349
0.001345
0.001349
0.001338
0.001346
0.001351
0.001358
0.001352
0.001360
0.001351
0.001356
0.001351
0.001347
0.001366
0.001369
0.001345
0.001350
0.001347
0.001347
0.001350
0.001363
0.001354
0.001349
0.001347
0.001343
0.001337
0.001346
0.001347
0.001380
0.001355
0.001343
0.001350
0.001348
0.001338
0.001350
0.001356
0.001358
0.001364
0.001380
0.001363
0.001364
0.001350
0.001346
0.001380
0.001352
0.001340
0.001369
0.001348
0.001340
0.001375
0.001354
0.001358
0.001346
0.001340
0.001343
0.001376
0.001353
0.001364
0.001393
0.001335
0.001338
0.001345
0.001338
0.001343
0.001342
0.001382
0.001337
0.001346
0.001342
0.001344
0.001345
0.001342
0.001362
0.001354
0.001339
0.001343
0.001340
0.001341
0.001344
0.001338
0.001371
0.001347
0.001340
0.001335
0.001343
0.001337
0.001343
0.001352
0.001357
0.001344
0.001349
0.001336
0.001342
0.001348
0.001354
0.001357
0.001348
0.001343
0.001339
0.001344
0.001340
0.001341
0.001373
0.001341
0.001343
0.001344
0.001339
0.001335
0.001344
0.001358
0.001357
0.001342
0.001341
0.001338
0.001347
0.001338
0.001335
0.001370
0.001361
0.001337
0.001346
0.001338
0.001338
0.001372
0.001361
0.001370
0.001342
0.001346
0.001340
0.001372
0.001358
0.001353
0.001357
0.001344
0.001346
0.001380
0.001354
0.001343
0.001340
0.001364
0.001350
0.001383
0.001356
0.001341
0.001393
0.001344
0.001349
0.001382
0.001359
0.001349
0.001391
0.001341
0.001351
0.001346
0.001361
0.001354
0.001346
0.001343
0.001348
0.001345
0.001342
0.001379
0.001349
0.001343
0.001348
0.001343
0.001344
0.001341
0.001357
0.001358
0.001343
0.001344
0.001345
0.001344
0.001344
0.001347
0.001370
0.001344
0.001349
0.001341
0.001347
0.001344
0.001347
0.001349
0.001360
0.001349
0.001345
0.001342
0.001346
0.001342
0.001344
0.001377
0.001360
0.001347
0.001376
0.001357
0.001345
0.001372
0.001371
0.001348
0.001348
0.001347
0.001342
0.001379
0.001364
0.001352
0.001361
0.001350
0.001341
0.001382
0.001362
0.001342
0.001399
0.001366
0.001359
0.001348
0.001346
0.001374
0.001379
0.001344
0.001369
0.001356
0.001343
0.001355
0.001347
0.001346
0.001348
0.001353
0.001354
0.001357
0.001346
0.001341
0.001347
0.001340
0.001349
0.001375
0.001346
0.001344
0.001349
0.001346
0.001350
0.001349
0.001358
0.001352
0.001347
0.001351
0.001346
0.001349
0.001344
0.001348
0.001385
0.001342
0.001347
0.001348
0.001346
0.001345
0.001348
0.001353
0.001356
0.001349
0.001348
0.001347
0.001353
0.001347
0.001348
0.001386
0.001371
0.001349
0.001346
0.001346
0.001344
0.001386
0.001367
0.001344
0.001349
0.001351
0.001346
0.001397
0.001346
0.001375
0.001379
0.001348
0.001350
0.001361
0.001393
0.001380
0.001530
0.001466
0.001433
0.001457
0.001446
0.001502
0.001438
0.001390
0.001388
0.001372
0.001384
0.001389
0.001385
0.001398
0.001376
0.001382
0.001417
0.001377
0.001385
0.001377
0.001402
0.001384
0.001394
0.001400
0.001376
0.001406
0.001370
0.001390
0.001392
0.001404
0.001366
0.001410
0.001366
0.001381
0.001382
0.001389
0.001386
0.001378
0.001359
0.001379
0.001378
0.001380
0.001393
0.001371
0.001370
0.001379
0.001372
0.001361
0.001373
0.001368
0.001370
0.001385
0.001391
0.001384
0.001403
0.001379
0.001376
0.001384
0.001385
0.001414
0.001407
0.001371
0.001378
0.001380
0.001365
0.001381
0.001378
0.001377
0.001380
0.001367
0.001360
0.001371
0.001368
0.001362
0.001371
0.001367
0.001369
0.001367
0.001367
0.001372
0.001378
0.001365
0.001363
0.001374
0.001363
0.001362
0.001377
0.001371
0.001369
0.001387
0.001369
0.001375
0.001383
0.001377
0.001375
0.001377
0.001372
0.001379
0.001374
0.001376
0.001377
0.001398
0.001394
0.001385
0.001378
0.001375
0.001384
0.001374
0.001375
0.001382
0.001374
0.001372
0.001383
0.001371
0.001374
0.001379
0.001382
0.001376
0.001391
0.001380
0.001373
0.001397
0.001370
0.001380
0.001376
0.001371
0.001399
0.001391
0.001390
0.001382
0.001374
0.001378
0.001380
0.001371
0.001373
0.001378
0.001375
0.001372
0.001379
0.001375
0.001379
0.001380
0.001380
0.001374
0.001381
0.001377
0.001374
0.001375
0.001373
0.001365
0.001401
0.001361
0.001375
0.001382
0.001361
0.001369
0.001395
0.001364
0.001368
0.001369
0.001394
0.001372
0.001369
0.001363
0.001378
0.001373
0.001355
0.001389
0.001367
0.001357
0.001378
0.001373
0.001372
0.001371
0.001365
0.001370
0.001374
0.001369
0.001367
0.001392
0.001369
0.001370
0.001388
0.001365
0.001366
0.001372
0.001364
0.001370
0.001367
0.001369
0.001373
0.001371
0.001372
0.001370
0.001373
0.001377
0.001370
0.001368
0.001367
0.001376
0.001370
0.001365
0.001372
0.001362
0.001367
0.001372
0.001361
0.001366
0.001379
0.001357
0.001365
0.001373
0.001371
0.001366
0.001378
0.001367
0.001364
0.001373
0.001361
0.001365
0.001369
0.001367
0.001361
0.001363
0.001361
0.001368
0.001367
0.001370
0.001368
0.001363
0.001370
0.001372
0.001367
0.001370
0.001372
0.001372
0.001361
0.001367
0.001369
0.001364
0.001365
0.001361
0.001361
0.001371
0.001364
0.001363
0.001376
0.001365
0.001375
0.001375
0.001360
0.001362
0.001386
0.001358
0.001376
0.001365
0.001361
0.001363
0.001393
0.001358
0.001358
0.001384
0.001368
0.001360
0.001376
0.001360
0.001374
0.001380
0.001370
0.001394
0.001374
0.001364
0.001370
0.001366
0.001373
0.001369
0.001366
0.001367
0.001369
0.001366
0.001364
0.001371
0.001363
0.001365
0.001372
0.001366
0.001368
0.001369
0.001367
0.001363
0.001376
0.001368
0.001369
0.001375
0.001368
0.001364
0.001370
0.001367
0.001368
0.001378
0.001363
0.001381
0.001371
0.001366
0.001377
0.001369
0.001375
0.001370
0.001370
0.001346
0.001375
0.001367
0.001343
0.001385
0.001356
0.001342
0.001342
0.001344
0.001346
0.001346
0.001368
0.001369
0.001345
0.001343
0.001345
0.001349
0.001344
0.001342
0.001377
0.001360
0.001346
0.001344
0.001352
0.001345
0.001349
0.001397
0.001340
0.001344
0.001345
0.001344
0.001345
0.001341
0.001367
0.001370
0.001345
0.001343
0.001349
0.001344
0.001344
0.001347
0.001379
0.001357
0.001344
0.001342
0.001345
0.001350
0.001343
0.001371
0.001373
0.001341
0.001346
0.001336
0.001342
0.001351
0.001348
0.001378
0.001365
0.001342
0.001342
0.001345
0.001341
0.001343
0.001383
0.001357
0.001342
0.001345
0.001345
0.001341
0.001340
0.001366
0.001366
0.001350
0.001340
0.001343
0.001344
0.001347
0.001337
0.001377
0.001359
0.001340
0.001343
0.001340
0.001341
0.001345
0.001361
0.001372
0.001346
0.001346
0.001344
0.001347
0.001341
0.001342
0.001374
0.001360
0.001371
0.001379
0.001342
0.001341
0.001349
0.001383
0.001356
0.001371
0.001348
0.001342
0.001344
0.001344
0.001364
0.001372
0.001347
0.001343
0.001348
0.001345
0.001345
0.001344
0.001380
0.001357
0.001347
0.001344
0.001345
0.001345
0.001347
0.001366
0.001369
0.001345
0.001354
0.001348
0.001347
0.001352
0.001370
0.001360
0.001348
0.001341
0.001348
0.001353
0.001345
0.001347
0.001382
0.001355
0.001349
0.001346
0.001344
0.001343
0.001342
0.001363
0.001367
0.001342
0.001338
0.001338
0.001346
0.001339
0.001343
0.001376
0.001356
0.001339
0.001345
0.001344
0.001345
0.001349
0.001362
0.001373
0.001381
0.001358
0.001368
0.001366
0.001356
0.001370
0.001382
0.001344
0.001347
0.001363
0.001380
0.001346
0.001344
0.001392
0.001341
0.001337
0.001342
0.001343
0.001337
0.001341
0.001367
0.001366
0.001343
0.001343
0.001342
0.001339
0.001344
0.001342
0.001374
0.001360
0.001342
0.001380
0.001353
0.001343
0.001341
0.001363
0.001367
0.001344
0.001364
0.001365
0.001349
0.001345
0.001367
0.001366
0.001348
0.001345
0.001339
0.001348
0.001342
0.001344
0.001394
0.001343
0.001339
0.001347
0.001344
0.001340
0.001349
0.001364
0.001368
0.001347
0.001340
0.001342
0.001341
0.001336
0.001344
0.001374
0.001353
0.001344
0.001347
0.001342
0.001336
0.001340
0.001381
0.001342
0.001347
0.001343
0.001344
0.001337
0.001344
0.001355
0.001364
0.001336
0.001340
0.001344
0.001337
0.001339
0.001346
0.001371
0.001351
0.001343
0.001343
0.001343
0.001343
0.001334
0.001347
0.001362
0.001347
0.001347
0.001656
0.001350
0.001353
0.001350
0.001380
0.001360
0.001347
0.001348
0.001359
0.001348
0.001364
0.001382
0.001344
0.001346
0.001351
0.001348
0.001354
0.001349
0.001374
0.001363
0.001350
0.001350
0.001343
0.001356
0.001350
0.001362
0.001380
0.001347
0.001344
0.001351
0.001344
0.001349
0.001355
0.001367
0.001366
0.001347
0.001347
0.001350
0.001349
0.001351
0.001343
0.001398
0.001340
0.001341
0.001350
0.001341
0.001344
0.001369
0.001373
0.001349
0.001344
0.001345
0.001346
0.001345
0.001340
0.001379
0.001360
0.001345
0.001348
0.001341
0.001347
0.001347
0.001347
0.001402
0.001347
0.001345
0.001341
0.001346
0.001348
0.001341
0.001366
0.001366
0.001339
0.001344
0.001347
0.001342
0.001351
0.001379
0.001361
0.001348
0.001344
0.001345
0.001351
0.001344
0.001359
0.001374
0.001367
0.001347
0.001371
0.001362
