0.034420
0.021585
0.017544
0.017500
0.017783
0.017519
0.017556
0.017426
0.017494
0.017462
0.017517
0.017418
0.021606
0.018794
0.017853
0.017218
0.017117
0.017081
0.017558
0.017578
0.017300
0.017231
0.017270
0.017550
0.017254
0.018535
0.017384
0.017321
0.019994
0.017098
0.017175
0.017271
0.017571
0.017449
0.017302
0.017242
0.017288
0.017236
0.017263
0.017162
0.017335
0.017299
0.017407
0.017240
0.017384
0.017448
0.017419
0.017485
0.017384
0.017536
0.017516
0.017949
0.017498
0.017492
0.023927
0.022723
0.026990
0.024518
0.025329
0.023617
0.018107
0.017453
0.019970
0.017645
0.018847
0.020648
0.020657
0.017239
0.019965
0.020907
0.021436
0.022108
0.022003
0.021366
0.021683
0.019349
0.022310
0.018031
0.017186
0.019652
0.020488
0.022117
0.022673
0.021862
0.024071
0.023469
0.023044
0.020818
0.018076
0.021533
0.020657
0.022090
0.022537
0.023017
0.018109
0.019101
0.017667
0.020252
0.021430
0.021807
0.020950
0.022786
0.017930
0.020178
0.022039
0.017464
0.019660
0.017114
0.017636
0.021481
0.020862
0.021240
0.022564
0.018138
0.018339
0.020158
0.020759
0.019887
0.021818
0.018036
0.019991
0.017457
0.021225
0.022224
0.021733
0.022912
0.021834
0.021972
0.023423
0.021501
0.022107
0.023243
0.018378
0.020021
0.020984
0.021808
0.021675
0.021288
0.017770
0.020202
0.020811
0.021436
0.018421
0.021641
0.022295
0.017975
0.021217
0.021198
0.020308
0.020087
0.020613
0.020860
0.023776
0.024972
0.022330
0.024782
0.025245
0.025761
0.025501
0.025663
0.024630
0.025380
0.024102
0.025486
0.025509
0.025238
0.025545
0.022898
0.025131
0.024971
0.025192
0.021840
0.024838
0.024080
0.025020
0.025175
0.025290
0.025302
0.025263
0.025335
0.025296
0.022581
0.024505
0.024912
0.025227
0.024115
0.031087
0.030118
0.030173
0.028370
0.028233
0.027977
0.028023
0.027710
0.027585
0.027474
0.019346
0.023800
0.025827
0.025629
0.025710
0.025410
0.024496
0.025462
0.025561
0.025593
0.022785
0.025155
0.025079
0.025268
0.025277
0.024831
0.025569
0.025529
0.025063
0.025570
0.025371
0.025427
0.025395
0.023089
0.024910
0.025254
0.025311
0.025197
0.025328
0.025232
0.025308
0.025255
0.025779
0.025905
0.026216
0.026089
0.026037
0.025833
0.025797
0.025685
0.025807
0.026113
0.025974
0.025865
0.025857
0.025945
0.025831
0.025340
0.025717
0.025735
0.023968
0.025324
0.025284
0.025259
0.025617
0.025535
0.025472
0.025479
0.025502
0.024593
0.025219
0.025477
0.025238
0.025565
0.025664
0.023791
0.025062
0.025345
0.025494
0.022601
0.025015
0.023189
0.025027
0.024971
0.025486
0.020293
0.023732
0.023996
0.024942
0.024640
0.025094
0.024975
0.025199
0.025367
0.025573
0.025448
0.025012
0.025475
0.025427
0.025319
0.025494
0.025554
0.025526
0.025652
0.025552
0.020752
0.023696
0.025229
0.022704
0.025013
0.025145
0.025835
0.023029
0.025590
0.025510
0.025528
0.024838
0.025172
0.025365
0.025311
0.025349
0.024031
0.025434
0.025700
0.025535
0.030411
0.026982
0.026148
0.025818
0.023879
0.025377
0.025849
0.025442
0.025905
0.025804
0.025809
0.025654
0.025377
0.025554
0.025664
0.023701
0.025217
0.025893
0.025550
0.025810
0.025756
0.025780
0.025432
0.025755
0.025702
0.025838
0.025822
0.025588
0.025361
0.025286
0.025583
0.025597
0.025352
0.025642
0.025643
0.025854
0.026224
0.025232
0.025989
0.025372
0.025944
0.024497
0.022675
0.026024
0.025838
0.025839
0.025717
0.025968
0.025854
0.025974
0.026064
0.025627
0.025988
0.026076
0.025232
0.025876
0.023299
0.023550
0.026039
0.023318
0.022118
0.025131
0.025631
0.024348
0.025507
0.025672
0.021846
0.024771
0.025616
0.025698
0.025529
0.026434
0.028526
0.029638
0.029716
0.029227
0.028659
0.028275
0.028267
0.028320
0.028157
0.025562
0.027110
0.027373
0.027514
0.027753
0.027935
0.027241
0.027559
0.026600
0.027496
0.027102
0.028121
0.024749
0.026869
0.027012
0.026762
0.027187
0.027279
0.027336
0.027149
0.027043
0.027094
0.027134
0.027202
0.026638
0.026354
0.026833
0.027068
0.026572
0.024979
0.026917
0.026615
0.026249
0.026489
0.026503
0.026350
0.026864
0.026443
0.026662
0.027052
0.027048
0.026824
0.026321
0.026070
0.026440
0.026457
0.025080
0.026454
0.026609
0.025818
0.025236
0.026223
0.023491
0.026135
0.026092
0.026176
0.026203
0.026140
0.026275
0.026665
0.026054
0.021882
0.025120
0.025528
0.025742
0.025011
0.025498
0.025821
0.025904
0.026192
0.026432
0.026149
0.026218
0.025771
0.025989
0.025939
0.025975
0.026058
0.026302
0.026284
0.026203
0.026162
0.026180
0.025824
0.024520
0.025305
0.025866
0.026160
0.025765
0.026035
0.026119
0.025676
0.026022
0.026166
0.023200
0.023347
0.026111
0.025997
0.025966
0.023702
0.025645
0.026418
0.026203
0.026117
0.025998
0.023268
0.026220
0.023914
0.025740
0.024593
0.025797
0.025087
0.025635
0.023750
0.025519
0.025123
0.025650
0.025487
0.025743
0.025927
0.025896
0.025790
0.025964
0.023148
0.025906
0.025870
0.025866
0.026148
0.022925
0.025833
0.025897
0.026036
0.026069
0.025715
0.026117
0.026221
0.027039
0.026674
0.025921
0.025885
0.026386
0.026537
0.023975
0.025810
0.026045
0.026029
0.026021
0.026405
0.026475
0.026410
0.026408
0.026185
0.026332
0.026509
0.026421
0.025569
0.021631
0.025123
0.025711
0.026028
0.026033
0.026068
0.026145
0.026322
0.025815
0.026078
0.020829
0.022438
0.024742
0.022783
0.025344
0.025627
0.026051
0.026284
0.026230
0.025394
0.026329
0.024448
0.024867
0.025727
0.025486
0.025472
0.032584
0.033505
0.032167
0.024227
0.026970
0.028029
0.028181
0.028088
0.027888
0.027922
0.028163
0.028090
0.028060
0.028159
0.028142
0.028087
0.028114
0.028020
0.026771
0.026027
0.027766
0.027887
0.027789
0.027856
0.027949
0.027838
0.027876
0.028156
0.028035
0.024541
0.026788
0.022325
0.026267
0.026384
0.024893
0.026162
0.026395
0.023744
0.026190
0.026293
0.024974
0.026389
0.026397
0.025857
0.031399
0.028711
0.027845
0.028551
0.028311
0.027807
0.025895
0.027046
0.027226
0.027245
0.027513
0.027539
0.027616
0.027838
0.027162
0.027652
0.027604
0.027660
0.027791
0.028023
0.025976
0.027218
0.027398
0.027486
0.026702
0.027168
0.027251
0.027288
0.027078
0.024295
0.019304
0.024159
0.026064
0.026625
0.027604
0.027468
0.026788
0.026887
0.027401
0.027233
0.027157
0.024879
0.027115
0.026580
0.027030
0.026665
0.027069
0.027250
0.025478
0.026967
0.021611
0.025863
0.024559
0.026350
0.026233
0.026654
0.025762
0.026825
0.026795
0.026768
0.026862
0.027425
0.027075
0.027144
0.027167
0.026726
0.026997
0.027222
0.026720
0.026867
0.017755
0.024194
0.026771
0.026812
0.026931
0.023703
0.026124
0.026184
0.026717
0.020885
0.025264
0.026624
0.026711
0.026382
0.026900
0.027156
0.027087
0.019722
0.024762
0.026716
0.026913
0.026536
0.026744
0.027817
0.027936
0.027604
0.027692
0.027873
0.024092
0.026356
0.026800
0.024744
0.026874
0.026915
0.027161
0.027294
0.027169
0.027351
0.026881
0.026810
0.027845
0.027458
0.027635
0.026580
0.027280
0.027545
0.027292
0.027459
0.019589
0.024978
0.026909
0.027018
0.027003
0.027097
0.026953
0.027082
0.026512
0.027052
0.021522
0.025654
0.025955
0.027056
0.026736
0.026918
0.027046
0.026963
0.027056
0.027231
0.027103
0.026695
0.027276
0.027097
0.027096
0.032663
0.035546
0.033840
0.031947
0.031433
0.030919
0.030497
0.030342
0.030202
0.030208
0.030063
0.030008
0.030016
0.030120
0.029959
0.018448
0.025300
0.026340
0.026270
0.026895
0.026392
0.026965
0.026805
0.026613
0.027241
0.027257
0.027419
0.027591
0.027769
0.027542
0.026986
0.027812
0.027372
0.027536
0.027606
0.027656
0.027650
0.027653
0.019678
0.025110
0.026356
0.027268
0.026758
0.026566
0.027229
0.027585
0.027516
0.027700
0.027536
0.027766
0.027908
0.028141
0.027578
0.027808
0.027849
0.027761
0.027851
0.027336
0.028146
0.027955
0.027325
0.027964
0.027969
0.019808
0.025171
0.026852
0.026408
0.026379
0.026148
0.027081
0.027130
0.026584
0.027228
0.027379
0.027479
0.027266
0.027347
0.020025
0.025328
0.019980
0.024743
0.026102
0.026958
0.026941
0.027035
0.027126
0.027082
0.027548
0.027101
0.027584
0.026888
0.027214
0.027186
0.026761
0.027275
0.032481
0.031537
0.029007
0.029156
0.029366
0.029345
0.029134
0.028951
0.022376
0.026120
0.026503
0.026955
0.026548
0.027052
0.027098
0.026543
0.026899
0.026397
0.027488
0.027550
0.026942
0.027386
0.027268
0.027225
0.027271
0.027299
0.026341
0.027179
0.027294
0.027236
0.027320
0.027397
0.027353
0.017894
0.024383
0.026745
0.026909
0.026429
0.026743
0.027034
0.027008
0.025376
0.026960
0.019572
0.024796
0.026626
0.026212
0.027123
0.026849
0.026753
0.025066
0.026777
0.026876
0.026754
0.026959
0.027413
0.027388
0.027114
0.027154
0.027066
0.027378
0.026660
0.018213
0.023511
0.026191
0.026370
0.026780
0.026735
0.026656
0.026753
0.026902
0.021751
0.026367
0.026605
0.026944
0.027138
0.026505
0.026927
0.027074
0.026963
0.027027
0.026950
0.026426
0.026744
0.026953
0.026768
0.026840
0.026732
0.026853
0.025750
0.032574
0.035743
0.034253
0.020755
0.025943
0.027555
0.027599
0.027635
0.027518
0.026938
0.022086
0.027048
0.027538
0.026801
0.027162
0.027346
0.027419
0.027393
0.027547
0.027539
0.027672
0.027771
0.027201
0.026882
0.028050
0.027652
0.027667
0.027695
0.025050
0.027250
0.028093
0.027984
0.027056
0.027974
0.027894
0.027937
0.028236
0.027983
0.028027
0.028320
0.028240
0.020156
0.025294
0.023447
0.027085
0.026601
0.021824
0.027307
0.027479
0.027707
0.027142
0.027437
0.028020
0.027416
0.027533
0.027340
0.027421
0.027800
0.028127
0.028168
0.027847
0.019380
0.024708
0.026573
0.027167
0.026424
0.027365
0.027661
0.019781
0.025366
0.027108
0.027325
0.027087
0.027046
0.027137
0.027566
0.027705
0.026688
0.027254
0.027093
0.027206
0.027286
0.021694
0.026527
0.026409
0.027031
0.027113
0.026957
0.027009
0.027333
0.026686
0.026766
0.027028
0.026966
0.027265
0.026018
0.026934
0.026907
0.027130
0.027124
0.027108
0.027421
0.026182
0.027515
0.027291
0.025612
0.027733
0.026853
0.027298
0.027195
0.026886
0.027370
0.027788
0.027380
0.027131
0.027322
0.019739
0.024207
0.026081
0.026346
0.026544
0.026584
0.027196
0.027004
0.026711
0.026950
0.025784
0.026738
0.026860
0.026446
0.021491
0.026821
0.026706
0.026823
0.021011
0.024710
0.026455
0.026826
0.026730
0.026753
0.026973
0.026588
0.026929
0.026979
0.026901
0.027065
0.027109
0.026463
0.025968
0.026808
0.026839
0.027146
0.027155
0.027214
0.027165
0.027128
0.026687
0.026846
0.027118
0.027296
0.027035
0.026806
0.026533
0.027205
0.027022
0.026980
0.026872
0.019527
0.024610
0.026219
0.026690
0.026301
0.026603
0.026817
0.026760
0.027221
0.027306
0.027107
0.027332
0.027172
0.026748
0.027049
0.027003
0.026695
0.027019
0.027074
0.026691
0.026448
0.022425
0.026286
0.028947
0.029971
0.029593
0.028831
0.029270
0.020003
0.026572
0.027790
0.027877
0.028145
0.028045
0.027854
0.027635
0.027504
0.028181
0.027017
0.027506
0.027085
0.027547
0.018270
0.023902
0.026083
0.026602
0.026418
0.027145
0.026639
0.027330
0.027068
0.027165
0.027146
0.027257
0.019634
0.019642
0.024497
0.026882
0.026780
0.026777
0.026823
0.027015
0.026826
0.027304
0.027159
0.027266
0.026941
0.027896
0.027890
0.027732
0.028150
0.027949
0.027346
0.027399
0.027962
0.027508
0.027347
0.027218
0.027785
0.027753
0.027869
0.027316
0.027732
0.028035
0.027994
0.028100
0.026752
0.027474
0.027609
0.017849
0.024408
0.026450
0.025959
0.027004
0.026508
0.026900
0.026935
0.026997
0.026972
0.026711
0.026977
0.026872
0.029706
0.026833
0.026936
0.026893
0.026271
0.026679
0.023297
0.026566
0.026536
0.026702
0.026743
0.026673
0.026576
0.026670
0.026480
0.026773
0.026676
0.026704
0.026779
0.026810
0.026202
0.018317
0.024048
0.025817
0.025895
0.026163
0.026118
0.026173
0.025862
0.026348
0.025912
0.026344
0.026265
0.026341
0.026467
0.026623
0.021237
0.025381
0.026433
0.025765
0.024647
0.025797
0.025929
0.026211
0.025987
0.026092
0.026284
0.026633
0.026479
0.019084
0.023558
0.025596
0.025873
0.026191
0.025990
0.026308
0.026334
0.026550
0.026553
0.026494
0.026429
0.025358
0.026618
0.026846
0.027029
0.025607
0.026380
0.018248
0.023377
0.025650
0.025715
0.026091
0.018255
0.023359
0.025186
0.025385
0.026334
0.026421
0.026562
0.026371
0.025885
0.026235
0.026385
0.026253
0.026243
0.026333
0.026634
0.025909
0.026427
0.026340
0.026302
0.025868
0.025065
0.026226
0.026252
0.026352
0.026230
0.026449
0.026508
0.026504
0.026388
0.026568
0.026059
0.025999
0.026370
0.026388
0.026343
0.026363
0.027983
0.025508
0.032242
0.031141
0.031697
0.030862
0.030410
0.029923
0.029602
0.029307
0.029100
0.028829
0.028970
0.029176
0.028889
0.028591
0.027745
0.028144
0.028110
0.028126
0.028240
0.028333
0.027925
0.027891
0.027907
0.028094
0.027324
0.027672
0.027451
0.027669
0.027557
0.027186
0.027320
0.027362
0.027396
0.027470
0.027440
0.027309
0.027243
0.027401
0.027659
0.027795
0.027661
0.027558
0.026855
0.026803
0.025803
0.027041
0.026919
0.027213
0.027157
0.027014
0.026402
0.026639
0.026761
0.026802
0.026755
0.018322
0.023628
0.026152
0.025992
0.026108
0.026196
0.026253
0.026240
0.026275
0.026365
0.026366
0.026704
0.025272
0.026159
0.026215
0.026235
0.026440
0.026371
0.019243
0.023537
0.025935
0.026317
0.026389
0.026477
0.026140
0.026242
0.018505
0.023677
0.025971
0.026054
0.026253
0.026335
0.026330
0.026333
0.026359
0.026474
0.026449
0.026497
0.026438
0.026412
0.026528
0.026605
0.026378
0.024069
0.026619
0.026641
0.019074
0.024072
0.026100
0.026349
0.026752
0.026623
0.026570
0.026563
0.026520
0.026632
0.026511
0.026497
0.026583
0.026987
0.027071
0.027037
0.027158
0.027054
0.026921
0.026934
0.026888
0.027029
0.027123
0.026920
0.026518
0.026833
0.026803
0.027469
0.027301
0.027481
0.027255
0.027524
0.027285
0.018278
0.023593
0.026050
0.026357
0.026379
0.026467
0.026448
0.026893
0.027040
0.026937
0.026943
0.027081
0.027005
0.027076
0.027076
0.026935
0.027149
0.027349
0.027307
0.027423
0.026127
0.027117
0.027192
0.027184
0.027170
0.027309
0.027476
0.027373
0.018310
0.024359
0.026137
0.026473
0.026248
0.026541
0.026641
0.026896
0.026980
0.026960
0.026870
0.026941
0.026952
0.026963
0.027105
0.026754
0.027080
0.027116
0.027125
0.027191
0.027104
0.027285
0.027308
0.027679
0.034835
0.033685
0.033730
0.032491
0.031583
0.031409
0.030942
0.030764
0.030573
0.030493
0.029926
0.029880
0.029960
0.029954
0.029941
0.029593
0.029939
0.029958
0.030023
0.029857
0.029772
0.029769
0.029863
0.029750
0.029977
0.030035
0.029711
0.029626
0.029799
0.029509
0.029433
0.029442
0.029325
0.029370
0.029391
0.029208
0.029320
0.029337
0.029283
0.029308
0.029204
0.029751
0.028797
0.029289
0.029516
0.029326
0.029139
0.028789
0.029148
0.028577
0.028959
0.028919
0.028944
0.028761
0.028904
0.028067
0.027885
0.028285
0.028391
0.028491
0.027857
0.028025
0.028169
0.028244
0.028273
0.028243
0.017934
0.024754
0.026857
0.026725
0.026318
0.026359
0.027294
0.027399
0.027386
0.027246
0.027593
0.026556
0.027007
0.027153
0.021451
0.026013
0.026455
0.025976
0.026466
0.026098
0.026600
0.019273
0.024707
0.026406
0.026860
0.026545
0.026634
0.018263
0.028708
0.028825
0.028371
0.028514
0.027567
0.027830
0.027831
0.027836
0.027935
0.028445
0.028285
0.028422
0.027750
0.027722
0.027684
0.028228
0.027841
0.028279
0.028343
0.028366
0.028037
0.028350
0.028269
0.027893
0.027834
0.028080
0.027777
0.027784
0.027896
0.027609
0.027528
0.027328
0.027816
0.019313
0.025032
0.026867
0.026959
0.027054
0.027280
0.027192
0.027530
0.028512
0.027437
0.028241
0.028116
0.028256
0.027855
0.028030
0.028021
0.027656
0.027864
0.028184
0.028364
0.028362
0.028367
0.028372
0.027358
0.027680
0.027497
0.027529
0.028185
0.028181
0.028219
0.028263
0.027701
0.027207
0.027215
0.027549
0.018183
0.024526
0.026970
0.026893
0.026676
0.027116
0.018239
0.024362
0.026693
0.027043
0.026251
0.026900
0.027532
0.027656
0.027692
0.027518
0.028038
0.037352
0.036467
0.034679
0.033860
0.032487
0.032034
0.031672
0.031433
0.030810
0.029924
0.030666
0.029877
0.030126
0.029677
0.030317
0.029802
0.029856
0.029932
0.029989
0.029647
0.030200
0.030101
0.030187
0.029957
0.029984
0.029426
0.029400
0.029367
0.029399
0.029361
0.028760
0.028924
0.028985
0.028964
0.028979
0.028848
0.029192
0.028930
0.028955
0.029630
0.029010
0.029241
0.029162
0.028546
0.029075
0.029195
0.028399
0.028368
0.028679
0.029051
0.028947
0.029002
0.029071
0.028408
0.028847
0.028531
0.028001
0.028711
0.028292
0.028154
0.028024
0.028109
0.027920
0.019751
0.025878
0.027859
0.027798
0.027393
0.026819
0.027096
0.026627
0.027842
0.028840
0.028587
0.027771
0.028060
0.028048
0.027516
0.028083
0.027733
0.027671
0.027096
0.028055
0.028043
0.027242
0.028038
0.028157
0.027804
0.028224
0.027651
0.027947
0.027877
0.027864
0.027937
0.028060
0.028090
0.028046
0.028209
0.027811
0.027935
0.028284
0.028200
0.027421
0.027565
0.027614
0.028048
0.027545
0.028020
0.028288
0.027799
0.028457
0.028503
0.027936
0.027909
0.027823
0.027693
0.027575
0.028276
0.028326
0.028274
0.027754
0.027790
0.027816
0.027574
0.032420
0.028993
0.018487
0.018119
0.017826
0.017861
0.017551
0.017650
0.017623
0.020646
0.017724
0.017625
0.017502
0.017578
0.017298
0.017320
0.017771
0.017390
0.017419
0.017503
0.017242
0.017424
0.016983
0.019180
0.017580
0.017496
0.017376
0.017514
0.017743
0.017334
0.017620
0.017595
0.017272
0.017531
0.017776
0.017193
0.017397
0.017209
0.017247
0.017508
0.022859
0.018164
0.017303
0.023368
0.017834
0.017416
0.017376
0.017599
0.017785
0.017504
0.017145
0.017456
0.017305
0.017452
0.017744
0.017521
0.017379
0.017693
0.017647
0.017466
0.017103
0.017186
0.017386
0.017480
0.017450
0.017405
0.017773
0.017450
0.017405
0.017180
0.017499
0.017436
0.017638
0.017344
0.017470
0.017769
0.017155
0.016944
0.017352
0.020216
0.019100
0.018239
0.018092
0.017874
0.017824
0.017702
0.020340
0.017485
0.017791
0.017775
0.017670
0.017884
0.017703
0.017465
0.017235
0.017288
0.017421
0.017382
0.017673
0.017433
0.017361
0.017431
0.017460
0.017411
0.017312
0.017358
0.017356
0.017415
0.017484
0.017108
0.017101
0.017674
0.017243
0.017265
0.017224
0.017288
0.017607
0.017304
0.017454
0.017419
0.017337
0.017578
0.017449
0.017743
0.017340
0.017312
0.017411
0.017458
0.017477
0.017298
0.017791
0.017872
0.017640
0.017221
0.017462
0.017241
0.017440
0.017361
0.017412
0.017505
0.017291
0.017873
0.017525
0.017390
0.017198
0.017507
0.017188
0.017401
0.017381
0.017380
0.017923
0.017533
0.017275
0.017530
0.017315
0.017964
0.017717
0.017833
0.017799
0.018024
0.017574
0.017525
0.017680
0.017234
0.020042
0.017805
0.017654
0.017553
0.017515
0.017251
0.017436
0.017578
0.017383
0.017531
0.017577
0.017566
0.017490
0.017283
0.017427
0.017499
0.018014
0.017476
0.017444
0.017451
0.017840
0.017601
