0.143786
0.138010
0.147286
0.153141
0.144923
0.145452
0.159412
0.196298
0.154408
0.144064
0.140363
0.139379
0.138617
0.139860
0.138909
0.138889
0.137816
0.138030
0.138896
0.188044
0.185396
0.173552
0.174503
0.162599
0.158548
0.151703
0.150077
0.148840
0.145923
0.144210
0.140842
0.139177
0.138634
0.138331
0.137111
0.137250
0.137364
0.137675
0.137293
0.153275
0.139087
0.151384
0.141085
0.149235
0.142056
0.139655
0.146678
0.142009
0.149582
0.140289
0.141509
0.145706
0.143808
0.156248
0.143922
0.149764
0.141936
0.140342
0.148295
0.148443
0.148332
0.137180
0.140851
0.145068
0.142675
0.148381
0.137487
0.137675
0.145469
0.140958
0.138632
0.146720
0.135483
0.146906
0.146620
0.144825
0.148696
0.141407
0.148759
0.139956
0.150682
0.145571
0.139698
0.145460
0.138794
0.138954
0.145755
0.148065
0.153295
0.143415
0.151308
0.141152
0.148777
0.143691
0.139070
0.145556
0.140228
0.140168
0.146662
0.141952
0.148679
0.140855
0.140590
0.147492
0.140510
0.148061
0.156027
0.148795
0.140241
0.137047
0.146014
0.137440
0.137312
0.144821
0.137790
0.139049
0.137118
0.138148
0.137582
0.138470
0.140953
0.137564
0.142975
0.149766
0.145512
0.151346
0.143613
0.151321
0.142346
0.149450
0.143647
0.143175
0.158663
0.144787
0.149186
0.139289
0.150209
0.142430
0.148180
0.147193
0.138662
0.148222
0.138037
0.137605
0.145190
0.141639
0.146476
0.142689
0.142165
0.150449
0.143933
0.150936
0.146743
0.150281
0.141822
0.148387
0.145160
0.147660
0.155415
0.146021
0.153498
0.145669
0.153128
0.142864
0.150593
0.140513
0.159535
0.142574
0.148601
0.139963
0.146988
0.147881
0.140639
0.146319
0.138921
0.145196
0.146556
0.137827
0.138695
0.145190
0.138077
0.147288
0.139630
0.141992
0.148892
0.141885
0.149064
0.141785
0.150076
0.145789
0.152610
0.148842
0.153263
0.144219
0.142048
0.149232
0.142248
0.148706
0.141544
0.148886
0.143186
0.137472
0.147705
0.145071
0.141164
0.140051
0.140641
0.140482
0.138065
0.138957
0.142059
0.140336
0.139629
0.141638
0.141026
0.140945
0.141250
0.140035
0.140062
0.140787
0.140739
0.140216
0.140411
0.140944
0.139797
0.137830
0.140922
0.145327
0.141050
0.141195
0.140247
0.140682
0.140990
0.136099
0.139468
0.138946
0.138866
0.139237
0.139310
0.138314
0.137400
0.136862
0.136250
0.138782
0.138035
0.138081
0.138672
0.138320
0.137390
0.136879
0.138495
0.138846
0.136471
0.193051
0.172385
0.168160
0.166946
0.167158
0.162148
0.155588
0.181594
0.181617
0.175977
0.175353
0.167557
0.161143
0.161742
0.158261
0.161004
0.158243
0.156657
0.154957
0.146199
0.153528
0.149624
0.146147
0.147354
0.144682
0.139113
0.141973
0.141216
0.145124
0.150116
0.149551
0.149501
0.143342
0.141666
0.138505
0.146755
0.150727
0.147885
0.147333
0.147965
0.173807
0.156256
0.151515
0.146978
0.145425
0.146623
0.145303
0.150229
0.149334
0.150643
0.142703
0.138952
0.138480
0.141019
0.150140
0.148068
0.150651
0.151061
0.148864
0.148517
0.147267
0.148079
0.146725
0.146840
0.146035
0.146002
0.144277
0.139835
0.149991
0.145974
0.145375
0.146276
0.138286
0.142902
0.168202
0.164659
0.165577
0.161086
0.157640
0.151067
0.152931
0.151393
0.150874
0.149557
0.149114
0.148925
0.146744
0.148661
0.148989
0.145559
0.153409
0.179726
0.169784
0.169495
0.169003
0.168095
0.166600
0.165918
0.166215
0.165256
0.165024
0.164410
0.166644
0.167172
0.167294
0.175039
0.174276
0.170265
0.168334
0.167450
0.164136
0.163208
0.166213
0.166051
0.165422
0.165126
0.164946
0.159022
0.161050
0.159357
0.160342
0.160857
0.161834
0.161709
0.160840
0.160523
0.159405
0.160779
0.160128
0.160909
0.160006
0.158869
0.159455
0.159601
0.160413
0.160303
0.165301
0.161286
0.164578
0.162555
0.161341
0.172317
0.161290
0.160890
0.159634
0.157714
0.156319
0.153098
0.151806
0.152974
0.151777
0.152231
0.162530
0.155899
0.154051
0.153015
0.154335
0.139335
0.153432
0.154320
0.155319
0.155878
0.151818
0.152905
0.153864
0.153832
0.153149
0.160423
0.174947
0.172185
0.168552
0.167018
0.167852
0.165119
0.167011
0.166379
0.165375
0.164821
0.163998
0.163310
0.162571
0.164984
0.163765
0.163223
0.161726
0.162266
0.162389
0.162850
0.162042
0.163249
0.162971
0.163622
0.165257
0.165919
0.166510
0.166165
0.165761
0.165016
0.178286
0.176944
0.173394
0.170691
0.168326
0.167409
0.167200
0.167133
0.166706
0.166800
0.167106
0.166323
0.165764
0.165064
0.165233
0.165252
0.164844
0.164689
0.164957
0.164959
0.164132
0.164493
0.164188
0.164753
0.164415
0.163628
0.163765
0.162490
0.173921
0.164063
0.177358
0.175911
0.172329
0.170275
0.168506
0.167836
0.170729
0.169518
0.169754
0.168863
0.167619
0.166577
0.167190
0.166233
0.165241
0.165015
0.164170
0.165132
0.166486
0.166356
0.168536
0.168887
0.168045
0.167930
0.169781
0.168475
0.167729
0.168435
0.168485
0.168320
0.177043
0.176374
0.173903
0.171268
0.169621
0.168499
0.166996
0.168022
0.166198
0.168398
0.167775
0.164948
0.162278
0.163178
0.163186
0.162146
0.163237
0.162993
0.167663
0.166822
0.166363
0.164359
0.165364
0.164342
0.165166
0.164352
0.164372
0.164107
0.164089
0.161847
0.161749
0.160020
0.156041
0.154845
0.156474
0.156751
0.157036
0.158548
0.159303
0.158311
0.157677
0.158066
0.158264
0.160757
0.158788
0.157826
0.155806
0.156004
0.155891
0.155316
0.156140
0.156212
0.156702
0.157266
0.156149
0.157959
0.147342
0.156209
0.156841
0.157576
0.158314
0.170038
0.174383
0.171291
0.169848
0.168775
0.165034
0.163498
0.168624
0.171592
0.163433
0.163501
0.163269
0.163167
0.164380
0.163165
0.163304
0.171125
0.169032
0.167909
0.166781
0.164430
0.163035
0.162973
0.162411
0.158734
0.159001
0.159185
0.160042
0.159704
0.159202
0.152243
0.169654
0.167831
0.165867
0.165301
0.165090
0.164685
0.163845
0.164560
0.162452
0.162034
0.160541
0.159736
0.147494
0.159475
0.159940
0.160045
0.160846
0.165720
0.164952
0.165206
0.164713
0.163631
0.163992
0.164335
0.164615
0.164121
0.163651
0.163115
0.163057
0.163151
0.172442
0.170396
0.167164
0.164927
0.163447
0.162412
0.161748
0.150509
0.161022
0.160728
0.160840
0.160460
0.159760
0.159576
0.159549
0.158911
0.159825
0.160659
0.160477
0.153401
0.161048
0.161028
0.161409
0.158076
0.158389
0.158774
0.159161
0.158240
0.159000
0.159802
0.160160
0.165548
0.173275
0.169642
0.167793
0.167509
0.166022
0.164050
0.165347
0.164801
0.163330
0.163143
0.162440
0.161643
0.161625
0.160534
0.160046
0.160438
0.160206
0.160518
0.160745
0.160206
0.159966
0.157212
0.156854
0.156181
0.157220
0.156569
0.156741
0.155567
0.155695
0.158593
0.165597
0.169339
0.166173
0.164177
0.162654
0.162064
0.159954
0.158810
0.137669
0.140962
0.143216
0.145616
0.146711
0.146827
0.150612
0.151270
0.151335
0.151341
0.154273
0.174935
0.166269
0.147265
0.148473
0.147454
0.145677
0.148961
0.142779
0.139053
0.138914
0.139105
0.145528
0.144111
0.145538
0.170857
0.179695
0.175249
0.167773
0.159158
0.150070
0.147094
0.149995
0.150963
0.148057
0.145024
0.141929
0.141012
0.141306
0.141734
0.139772
0.139992
0.139981
0.140016
0.147730
0.147855
0.143311
0.143484
0.142488
0.138446
0.139772
0.140158
0.139222
0.140954
0.139602
0.137040
0.143117
0.146313
0.145930
0.163400
0.183711
0.174031
0.163079
0.161191
0.158591
0.155592
0.154991
0.153833
0.153449
0.153217
0.161397
0.154096
0.154278
0.152064
0.150989
0.151531
0.150535
0.150765
0.151817
0.151266
0.148981
0.151349
0.153700
0.153195
0.152151
0.152816
0.152427
0.147356
0.148387
0.148341
0.145545
0.143142
0.179716
0.175031
0.161681
0.152600
0.149435
0.148974
0.149349
0.143602
0.146024
0.143744
0.142684
0.143357
0.141829
0.141306
0.141581
0.140900
0.141101
0.141100
0.139866
0.141515
0.139195
0.137613
0.140376
0.138606
0.137667
0.137799
0.137453
0.137070
0.137868
0.139006
0.136976
0.137000
0.138746
0.137941
0.162531
0.183210
0.175123
0.158799
0.156255
0.152670
0.147690
0.145580
0.147279
0.147953
0.146838
0.144268
0.144251
0.144096
0.142451
0.142945
0.141941
0.142191
0.142819
0.142204
0.142428
0.142132
0.141720
0.141437
0.142232
0.141565
0.143084
0.141287
0.137072
0.148492
0.141977
0.141225
0.139338
0.139879
0.145874
0.170090
0.166207
0.161246
0.154674
0.150200
0.148706
0.147629
0.145598
0.145754
0.144628
0.143616
0.143958
0.142587
0.142234
0.141846
0.142211
0.141640
0.142433
0.153481
0.142555
0.144366
0.144151
0.144017
0.142273
0.140035
0.140904
0.140441
0.140105
0.141584
0.140905
0.139218
0.148074
0.146186
0.150877
0.192947
0.178971
0.170961
0.157728
0.156145
0.152066
0.150487
0.149316
0.146884
0.146810
0.146505
0.144295
0.142752
0.145055
0.143718
0.142423
0.142948
0.143364
0.142737
0.141645
0.141320
0.141866
0.141067
0.141839
0.142724
0.142172
0.140011
0.141298
0.141061
0.140511
0.141497
0.143611
0.142479
0.157507
0.185981
0.178970
0.164808
0.162177
0.156166
0.146782
0.145850
0.143847
0.145567
0.149940
0.147940
0.147765
0.150246
0.150779
0.147285
0.147757
0.147145
0.151808
0.151341
0.156336
0.151987
0.143899
0.138891
0.139291
0.140471
0.139539
0.138665
0.140256
0.139232
0.140468
0.141425
0.144344
0.140182
0.167879
0.176959
0.161792
0.155338
0.153647
0.152591
0.149799
0.148256
0.147370
0.144803
0.143436
0.145751
0.147730
0.142555
0.143003
0.141201
0.141103
0.142426
0.139635
0.140955
0.150321
0.144873
0.141965
0.142412
0.157080
0.147513
0.146205
0.145526
0.144809
0.143807
0.143451
0.143426
0.144922
0.142350
0.169039
0.161768
0.151743
0.148826
0.148869
0.147280
0.146905
0.145874
0.146529
0.146759
0.145166
0.144537
0.143418
0.143320
0.146896
0.146075
0.146107
0.145923
0.145683
0.145641
0.146210
0.145836
0.145682
0.145968
0.145185
0.144485
0.143738
0.143469
0.143939
0.144168
0.143659
0.145124
0.146280
0.144541
0.163559
0.156303
0.150663
0.149744
0.148330
0.147467
0.148090
0.147743
0.149047
0.148147
0.147170
0.146670
0.146608
0.145862
0.146667
0.145849
0.145661
0.145303
0.145179
0.145552
0.146249
0.143627
0.146074
0.145988
0.145803
0.145557
0.145138
0.145235
0.145082
0.145501
0.145331
0.146241
0.145902
0.144444
0.155312
0.153589
0.152092
0.149367
0.148402
0.147788
0.141719
0.145169
0.145066
0.145288
0.146153
0.146073
0.145312
0.145992
0.145854
0.145913
0.142618
0.142603
0.143059
0.143844
0.143414
0.142767
0.142773
0.145362
0.144538
0.144356
0.147080
0.146801
0.147926
0.146683
0.145739
0.145054
0.144703
0.144694
0.159220
0.166786
0.157999
0.153726
0.153240
0.150463
0.147991
0.147049
0.147607
0.147354
0.145368
0.144835
0.144127
0.144021
0.145358
0.144592
0.147041
0.144955
0.144637
0.146232
0.145765
0.144829
0.144569
0.144646
0.144193
0.144223
0.144247
0.143146
0.144996
0.145041
0.145730
0.145685
0.155378
0.148158
0.158969
0.156651
0.153688
0.149415
0.149682
0.148823
0.147914
0.147545
0.147067
0.146615
0.149969
0.149173
0.148458
0.147176
0.147596
0.147538
0.146804
0.146672
0.147110
0.148364
0.147328
0.145948
0.144931
0.144734
0.147470
0.146364
0.145951
0.145641
0.145067
0.145948
0.145725
0.145037
0.143376
0.146224
0.168409
0.164993
0.155909
0.152019
0.152264
0.149698
0.147777
0.147952
0.148196
0.147624
0.147830
0.144638
0.143783
0.145334
0.145424
0.145151
0.144967
0.148624
0.145765
0.144841
0.143365
0.143665
0.143761
0.144336
0.144707
0.144178
0.144022
0.143663
0.144822
0.144700
0.144236
0.144290
0.144224
0.146221
0.161005
0.164199
0.158836
0.155317
0.150030
0.149039
0.148174
0.147696
0.147858
0.147654
0.147764
0.145630
0.146526
0.146312
0.146469
0.146227
0.135468
0.145662
0.145569
0.145513
0.144904
0.144928
0.145753
0.145930
0.145465
0.146813
0.146774
0.146339
0.145955
0.145407
0.145432
0.147277
0.147498
0.152524
0.158046
0.158885
0.155257
0.152760
0.151781
0.151088
0.150463
0.149771
0.149003
0.149532
0.150326
0.150150
0.149177
0.149607
0.148379
0.149482
0.149367
0.148852
0.148273
0.148340
0.147676
0.147760
0.146898
0.150251
0.149932
0.150002
0.150197
0.150535
0.149480
0.149973
0.150100
0.149969
0.142386
0.158193
0.153468
0.150969
0.149585
0.137470
0.147053
0.147742
0.147129
0.140288
0.142188
0.142575
0.143136
0.142997
0.143231
0.142970
0.142250
0.144249
0.142453
0.142671
0.143886
0.143755
0.143883
0.144040
0.143687
0.142930
0.142563
0.143226
0.142551
0.141910
0.141793
0.141295
0.142483
0.142659
0.143659
0.150886
0.158005
0.148404
0.146730
0.145829
0.144965
0.144293
0.144251
0.146575
0.146133
0.145538
0.145074
0.145133
0.144797
0.144706
0.144906
0.144974
0.144944
0.145434
0.145595
0.145647
0.144931
0.145234
0.145063
0.145216
0.146804
0.146923
0.146391
0.150873
0.145677
0.143238
0.143573
0.144995
0.145326
0.151935
0.160327
0.157226
0.154054
0.152282
0.152628
0.151929
0.150796
0.151505
0.152713
0.152467
0.150936
0.151719
0.151406
0.151914
0.150918
0.150887
0.150358
0.150320
0.149911
0.150154
0.150489
0.150058
0.150029
0.149807
0.149623
0.149113
0.147929
0.147195
0.151593
0.150389
0.150219
0.152742
0.153338
0.162108
0.159397
0.156887
0.155002
0.153038
0.151266
0.151355
0.152274
0.152990
0.152693
0.151944
0.151252
0.151465
0.150882
0.151215
0.150926
0.153910
0.155241
0.152204
0.152692
0.154300
0.154147
0.153460
0.152579
0.154960
0.155709
0.155408
0.154159
0.153004
0.152873
0.153168
0.153556
0.158503
0.163413
0.158833
0.156869
0.154136
0.153408
0.151796
0.151679
0.151376
0.151141
0.150459
0.148749
0.148492
0.148203
0.151154
0.150902
0.150788
0.150490
0.149944
0.151054
0.150269
0.149299
0.149591
0.149176
0.149567
0.149938
0.150545
0.150515
0.151173
0.150213
0.149777
0.150159
0.150578
0.158532
0.161158
0.158500
0.155853
0.155183
0.154420
0.153457
0.153541
0.155014
0.153331
0.151682
0.152110
0.151162
0.150489
0.154516
0.152738
0.153933
0.154496
0.154285
0.154760
0.153544
0.153127
0.151858
0.151932
0.151898
0.151376
0.150993
0.150398
0.150350
0.150003
0.150381
0.149833
0.150030
0.162785
0.163558
0.159463
0.157959
0.155702
0.153853
0.153463
0.155854
0.155125
0.155950
0.155434
0.153887
0.151989
0.153361
0.154463
0.153473
0.154019
0.153238
0.153678
0.153376
0.152977
0.153108
0.152506
0.153136
0.152973
0.152357
0.155534
0.154955
0.156594
0.155016
0.154581
0.155835
0.155474
0.162337
0.159094
0.156204
0.155263
0.155052
0.152834
0.152998
0.153625
0.153921
0.153810
0.155219
0.153874
0.153577
0.153321
0.152390
0.153233
0.153016
0.153315
0.152938
0.152097
0.153236
0.153535
0.152383
0.150703
0.151081
0.150889
0.152283
0.152197
0.151109
0.149799
0.148962
0.151244
0.158443
0.158643
0.156200
0.155973
0.154782
0.153939
0.153511
0.153394
0.152939
0.152087
0.153733
0.153701
0.181554
0.168607
0.167081
0.167304
0.168208
0.168341
0.168609
0.168145
0.166463
0.166752
0.166370
0.164453
0.163579
0.163377
0.164673
0.162860
0.162409
0.160771
0.162629
0.170064
0.165430
0.163898
0.165118
0.164386
0.165470
0.163929
0.165981
0.165496
0.166172
0.165787
0.166068
0.166748
0.166919
0.167128
0.169494
0.169383
0.167491
0.166518
0.165837
0.164633
0.165031
0.164955
0.165082
0.164585
0.165486
0.164870
0.164586
0.164411
0.164513
0.176392
0.173770
0.169400
0.167707
0.166962
0.165423
0.164736
0.164675
0.164643
0.164995
0.164496
0.163773
0.162861
0.163852
0.163178
0.162668
0.161862
0.162374
0.160731
0.160202
0.160251
0.161265
0.161726
0.161311
0.160811
0.160872
0.159932
0.160746
0.162388
0.161821
0.170893
0.173706
0.171419
0.168672
0.168123
0.167096
0.164620
0.165172
0.165467
0.164375
0.163754
0.164274
0.164069
0.164858
0.165929
0.165183
0.164372
0.163839
0.163078
0.164212
0.164339
0.164181
0.162810
0.164355
0.163426
0.163706
0.163206
0.163012
0.162504
0.162438
0.169913
0.177209
0.172809
0.170428
0.167525
0.166568
0.166284
0.167653
0.168296
0.166865
0.165190
0.162417
0.162421
0.162868
0.163062
0.163262
0.163029
0.162506
0.163027
0.163160
0.162764
0.161889
0.162079
0.162803
0.162019
0.162438
0.161698
0.162039
0.161572
0.162091
0.156652
0.176330
0.171324
0.168962
0.166692
0.165015
0.165660
0.164268
0.165070
0.163132
0.162201
0.164755
0.163849
0.163329
0.163358
0.163986
0.163992
0.162997
0.163985
0.163434
0.164076
0.163768
0.163684
0.163812
0.164277
0.163299
0.164100
0.162421
0.161571
0.162401
0.162104
0.172736
0.175402
0.172725
0.169893
0.169552
0.167731
0.166571
0.165840
0.165422
0.164698
0.164629
0.164838
0.164040
0.165264
0.163669
0.163117
0.162208
0.163170
0.163528
0.160896
0.160617
0.160794
0.161420
0.161376
0.160304
0.161466
0.161469
0.161492
0.156962
0.158645
0.155150
0.170360
0.167005
0.164737
0.163979
0.162191
0.161960
0.162175
0.163058
0.162186
0.161639
0.160858
0.160468
0.160228
0.160711
0.159494
0.163368
0.164873
0.163890
0.163062
0.162196
0.162524
0.162521
0.163263
0.163078
0.164415
0.165735
0.165046
0.165511
0.165710
0.165156
0.166414
0.165042
0.159519
0.158068
0.159758
0.158490
0.157471
0.158395
0.157682
0.158348
0.158820
0.158630
0.158044
0.156395
0.154310
0.154541
0.154415
0.154397
0.155161
0.154921
0.154363
0.154228
0.153208
0.152512
0.151669
0.151542
0.150741
0.150337
0.149835
0.150038
0.152015
0.151294
0.156766
0.163357
0.159126
0.156351
0.154761
0.153055
0.152969
0.153352
0.153201
0.153648
0.152833
0.150952
0.152342
0.154073
0.154429
0.154338
0.154755
0.154890
0.153942
0.153781
0.154245
0.154285
0.154689
0.153387
0.153047
0.154048
0.152936
0.152985
0.152575
0.152103
0.152244
0.151869
0.151814
0.162452
0.161564
0.159568
0.158235
0.157403
0.155426
0.154324
0.154729
0.155795
0.155391
0.157051
0.156513
0.155784
0.154241
0.152458
0.152636
0.152279
0.153677
0.153285
0.152742
0.154793
0.154100
0.153567
0.153276
0.153204
0.153799
0.152878
0.152746
0.152682
0.152107
0.152611
0.151879
0.161513
0.163420
0.160224
0.158782
0.157416
0.156612
0.155719
0.155831
0.156399
0.155268
0.153988
0.153744
0.153286
0.153766
0.154087
0.154127
0.153712
0.153821
0.153103
0.153423
0.152483
0.153263
0.152948
0.152719
0.148576
0.148470
0.148502
0.148865
0.148819
0.148041
0.149071
0.149140
0.150169
0.162088
0.161856
0.159334
0.157857
0.168741
0.158982
0.157045
0.155690
0.144592
0.155061
0.153900
0.153854
0.153607
0.155086
0.155334
0.155075
0.155863
0.155374
0.154385
0.154058
0.155453
0.155071
0.155329
0.154681
0.155250
0.153859
0.154582
0.155338
0.155029
0.154623
0.154981
0.151306
0.165353
0.162259
0.159452
0.158170
0.158459
0.158100
0.157085
0.157602
0.156678
0.156329
0.155770
0.155052
0.155075
0.154616
0.154438
0.154384
0.157136
0.157433
0.156644
0.155806
0.154889
0.155359
0.154810
0.154101
0.153132
0.152340
0.153475
0.153649
0.153343
0.153178
0.153024
0.152762
0.167661
0.164122
0.161178
0.158769
0.157131
0.155692
0.154678
0.157404
0.156597
0.156033
0.156859
0.156091
0.156353
0.155712
0.155880
0.155417
0.155002
0.154361
0.153612
0.154069
0.154227
0.154277
0.154639
0.153920
0.154422
0.154079
0.153872
0.153387
