0.008161
0.004298
0.004118
0.003984
0.003859
0.003764
0.003668
0.003584
0.003526
0.003476
0.003425
0.003502
0.003428
0.003487
0.003498
0.003466
0.003472
0.003498
0.003420
0.003455
0.003470
0.003424
0.003447
0.003457
0.003428
0.003458
0.003458
0.003423
0.003483
0.003443
0.003415
0.003482
0.003455
0.003493
0.003488
0.003480
0.003457
0.003466
0.003418
0.003415
0.003489
0.003421
0.003417
0.003509
0.003431
0.003443
0.003516
0.003412
0.003448
0.003471
0.003430
0.003454
0.003455
0.003425
0.003464
0.003465
0.003415
0.003470
0.003451
0.003436
0.003481
0.003434
0.003468
0.003496
0.003499
0.003445
0.003516
0.003427
0.003478
0.003473
0.003416
0.003460
0.003480
0.003422
0.003430
0.003467
0.003425
0.003475
0.003479
0.003433
0.003473
0.003477
0.003440
0.003485
0.003458
0.003428
0.003497
0.003442
0.003415
0.003493
0.003473
0.003460
0.003510
0.003475
0.003505
0.003501
0.003429
0.003452
0.003482
0.003426
0.003452
0.003476
0.003420
0.003440
0.003444
0.003419
0.003463
0.003447
0.003415
0.003461
0.003445
0.003419
0.003465
0.003446
0.003419
0.003499
0.003419
0.003418
0.003487
0.003466
0.003453
0.003523
0.003468
0.003489
0.003486
0.003412
0.003437
0.003470
0.003412
0.003441
0.003475
0.003414
0.003458
0.003445
0.003412
0.003463
0.003463
0.003427
0.003465
0.003486
0.003443
0.003466
0.003471
0.003440
0.003510
0.003427
0.003426
0.003516
0.003459
0.003466
0.003497
0.003470
0.003495
0.003485
0.003411
0.003450
0.003464
0.003409
0.003440
0.003464
0.003419
0.003474
0.003494
0.003414
0.003465
0.003445
0.003468
0.003469
0.003490
0.003411
0.003496
0.003426
0.003425
0.003510
0.003430
0.003427
0.003509
0.003470
0.003472
0.003491
0.003444
0.003500
0.003457
0.003409
0.003450
0.003458
0.003429
0.003459
0.003456
0.003422
0.003482
0.003443
0.003418
0.003475
0.003431
0.003414
0.003474
0.003432
0.003415
0.003466
0.003410
0.003411
0.003487
0.003407
0.003413
0.003508
0.003457
0.003453
0.003507
0.003450
0.003514
0.003456
0.003413
0.003453
0.003455
0.003419
0.003446
0.003473
0.003413
0.003456
0.003431
0.003412
0.003476
0.003443
0.003427
0.003494
0.003443
0.003425
0.003488
0.003445
0.003421
0.003507
0.003428
0.003436
0.003515
0.003482
0.003464
0.003499
0.003459
0.003514
0.003490
0.003500
0.003681
0.003719
0.003638
0.003625
0.003580
0.003570
0.003581
0.003709
0.003635
0.003595
0.003571
0.003583
0.003603
0.003489
0.003565
0.003520
0.003514
0.003546
0.003575
0.003607
0.003573
0.003583
0.003582
0.003603
0.003598
0.003533
0.003509
0.003500
0.003509
0.003516
0.003530
0.003519
0.003537
0.003494
0.003510
0.003535
0.003520
0.003520
0.003514
0.003515
0.003533
0.003538
0.003510
0.003513
0.003471
0.003517
0.005637
0.004131
0.003541
0.003594
0.003585
0.003494
0.003557
0.003550
0.003518
0.003514
0.003548
0.003592
0.003525
0.003587
0.003593
0.003580
0.003621
0.003560
0.003543
0.003539
0.003561
0.003594
0.003577
0.003566
0.003561
0.003517
0.003516
0.003560
0.003553
0.003569
0.003557
0.003577
0.003557
0.003507
0.003544
0.003572
0.003511
0.003551
0.003529
0.003541
0.003571
0.003543
0.003539
0.003519
0.003524
0.003511
0.003556
0.003549
0.003512
0.003526
0.003537
0.003547
0.003544
0.003515
0.003520
0.003574
0.003511
0.003509
0.003555
0.003551
0.003547
0.003582
0.003548
0.003561
0.003532
0.003580
0.003584
0.003563
0.003550
0.003556
0.003511
0.003528
0.003575
0.003540
0.003555
0.003585
0.003510
0.003525
0.003529
0.003517
0.003529
0.003567
0.003503
0.003529
0.003512
0.003508
0.003519
0.003508
0.003508
0.003504
0.003518
0.003512
0.003515
0.003511
0.003521
0.003511
0.003514
0.003507
0.003515
0.003510
0.003512
0.003520
0.003500
0.003521
0.003490
0.003504
0.003507
0.003492
0.003510
0.003524
0.003495
0.003495
0.003529
0.003501
0.003501
0.003494
0.003560
0.003523
0.003503
0.003518
0.003514
0.003497
0.003493
0.003516
0.003507
0.003510
0.003520
0.003513
0.003514
0.003493
0.003494
0.003541
0.003518
0.003491
0.003558
0.003496
0.003490
0.003539
0.003486
0.003509
0.003536
0.003509
0.003509
0.003534
0.003511
0.003509
0.003545
0.003521
0.003486
0.003522
0.003487
0.003502
0.003505
0.003492
0.003496
0.003540
0.003497
0.003490
0.003521
0.003512
0.003518
0.003525
0.003500
0.003497
0.003500
0.003599
0.003542
0.003521
0.003510
0.003499
0.003523
0.003504
0.003503
0.003564
0.003524
0.003537
0.003516
0.003520
0.003521
0.003524
0.003530
0.003520
0.003524
0.003528
0.003496
0.003506
0.003515
0.003508
0.003517
0.003509
0.003497
0.003546
0.003495
0.003493
0.003515
0.003498
0.003495
0.003534
0.003498
0.003493
0.003570
0.003497
0.003510
0.003524
0.003498
0.003499
0.003536
0.003510
0.003528
0.003522
0.003522
0.003519
0.003490
0.003496
0.003496
0.003494
0.003493
0.003490
0.003490
0.003461
0.003496
0.003422
0.003419
0.003484
0.003420
0.003419
0.003475
0.003419
0.003435
0.003482
0.003497
0.003502
0.003497
0.003496
0.003499
0.003510
0.003500
0.003505
0.003481
0.003439
0.003519
0.003431
0.003449
0.003511
0.003448
0.003442
0.003496
0.003442
0.003473
0.003521
0.003482
0.003475
0.003484
0.003439
0.003486
0.003519
0.003512
0.003514
0.003494
0.003498
0.003515
0.003497
0.003491
0.003513
0.003471
0.003444
0.003505
0.003461
0.003474
0.003485
0.003478
0.003463
0.003492
0.003478
0.003492
0.003467
0.003445
0.003467
0.003470
0.003443
0.003469
0.003465
0.003427
0.003472
0.003428
0.003427
0.003485
0.003518
0.003515
0.003489
0.003501
0.003491
0.003510
0.003513
0.003518
0.003506
0.003454
0.003480
0.003475
0.003438
0.003480
0.003476
0.003449
0.003530
0.003459
0.003445
0.003533
0.003455
0.003448
0.003514
0.003428
0.003452
0.003492
0.003435
0.003455
0.003504
0.003502
0.003473
0.003507
0.003456
0.003461
0.003472
0.003437
0.003466
0.003463
0.003439
0.003491
0.003447
0.003418
0.003469
0.003475
0.003418
0.003471
0.003420
0.003499
0.003472
0.003421
0.003423
0.003475
0.003434
0.003434
0.003479
0.003434
0.003432
0.003542
0.003437
0.003476
0.003472
0.003451
0.003465
0.003481
0.003447
0.003512
0.003464
0.003449
0.003499
0.003457
0.003474
0.003514
0.003508
0.003504
0.003502
0.003495
0.003497
0.003527
0.003506
0.003509
0.003476
0.003441
0.003453
0.003480
0.003445
0.003467
0.003453
0.003442
0.003500
0.003443
0.003420
0.003481
0.003469
0.003433
0.003500
0.003417
0.003422
0.003495
0.003422
0.003431
0.003507
0.003425
0.003451
0.003468
0.003419
0.003451
0.003494
0.003447
0.003481
0.003489
0.003439
0.003474
0.003517
0.003496
0.003512
0.003518
0.003510
0.003520
0.003435
0.003442
0.003499
0.003518
0.003513
0.003494
0.003494
0.003510
0.003470
0.003418
0.003494
0.003477
0.003443
0.003477
0.003466
0.003429
0.003489
0.003462
0.003443
0.003489
0.003467
0.003445
0.003493
0.003492
0.003441
0.003480
0.003437
0.003420
0.003491
0.003433
0.003442
0.003475
0.003427
0.003439
0.003484
0.003419
0.003499
0.003491
0.003469
0.003513
0.003526
0.003433
0.003459
0.003478
0.003452
0.003531
0.003491
0.003445
0.003485
0.003428
0.003416
0.003470
0.003422
0.003427
0.003523
0.003439
0.003440
0.003474
0.003444
0.003466
0.003483
0.003445
0.003467
0.003488
0.003432
0.003466
0.003461
0.003423
0.003472
0.003460
0.003438
0.003486
0.003471
0.003483
0.003529
0.003457
0.003467
0.003500
0.003504
0.003446
0.003530
0.003486
0.003476
0.003505
0.003494
0.003550
0.003514
0.003473
0.003479
0.003475
0.003436
0.003472
0.003483
0.003445
0.003506
0.003504
0.003449
0.003505
0.003450
0.003442
0.003494
0.003438
0.003431
0.003480
0.003437
0.003436
0.003501
0.003454
0.003443
0.003489
0.003427
0.003442
0.003447
0.003423
0.003484
0.003461
0.003430
0.003490
0.003457
0.003499
0.003495
0.003458
0.003445
0.003517
0.003439
0.003433
0.003514
0.003425
0.003474
0.003510
0.003421
0.003470
0.003480
0.003443
0.003472
0.003490
0.003441
0.003471
0.003476
0.003434
0.003476
0.003452
0.003474
0.003514
0.003479
0.003473
0.003481
0.003420
0.003483
0.003526
0.003486
0.003472
0.003496
0.003419
0.003424
0.003475
0.003465
0.003449
0.003472
0.003422
0.003438
0.003457
0.003427
0.003436
0.003469
0.003441
0.003468
0.003465
0.003432
0.004972
0.003675
0.003421
0.003457
0.003413
0.003451
0.003449
0.003449
0.003440
0.003433
0.003433
0.003455
0.003435
0.003442
0.003457
0.003443
0.003420
0.003426
0.003436
0.003413
0.003448
0.003439
0.003434
0.003439
0.003428
0.003425
0.003418
0.003423
0.003416
0.003483
0.003428
0.003419
0.003462
0.003410
0.003420
0.003441
0.003437
0.003429
0.003415
0.003418
0.003470
0.003460
0.003416
0.003411
0.003414
0.003415
0.003446
0.003424
0.003429
0.003482
0.003493
0.003495
0.003475
0.003500
0.003448
0.003479
0.003443
0.003436
0.003468
0.003417
0.003428
0.003473
0.003430
0.003440
0.003434
0.003430
0.003460
0.003441
0.003437
0.003437
0.003445
0.003452
0.003438
0.003427
0.003429
0.003426
0.003421
0.003432
0.003445
0.003434
0.003433
0.003436
0.003417
0.003432
0.003428
0.003416
0.003420
0.003473
0.003441
0.003429
0.003444
0.003435
0.003418
0.003426
0.003418
0.003410
0.003413
0.003409
0.003542
0.003446
0.003416
0.003416
0.003411
0.003413
0.003413
0.003431
0.003428
0.003434
0.003428
0.003436
0.003424
0.003428
0.003429
0.003428
0.003430
0.003416
0.003444
0.003417
0.003411
0.003436
0.003412
0.003452
0.003475
0.003431
0.003449
0.003463
0.003430
0.003429
0.003427
0.003415
0.003423
0.003435
0.003431
0.003411
0.003416
0.003417
0.003417
0.003424
0.003414
0.003413
0.003472
0.003424
0.003429
0.003432
0.003435
0.003431
0.003421
0.003431
0.003475
0.003431
0.003421
0.003417
0.003422
0.003426
0.003486
0.003419
0.003435
0.003441
0.003435
0.003415
0.003455
0.003413
0.003421
0.003412
0.003413
0.003409
0.003441
0.003439
0.003412
0.003500
0.003417
0.003436
0.003515
0.003443
0.003418
0.003426
0.003430
0.003456
0.003436
0.003439
0.003432
0.003424
0.003428
0.003474
0.003431
0.003432
0.003441
0.003432
0.003434
0.003429
0.003434
0.003437
0.003435
0.003497
0.003503
0.003414
0.003464
0.003414
0.003423
0.003414
0.003465
0.003429
0.003434
0.003440
0.003430
0.003440
0.003455
0.003442
0.003432
0.003428
0.003436
0.003436
0.003452
0.003431
0.003428
0.003429
0.003435
0.003445
0.003473
0.003449
0.003433
0.003430
0.003412
0.003417
0.003445
0.003428
0.003430
0.003434
0.003491
0.003434
0.003436
0.003432
0.003424
0.003426
0.003417
0.003426
0.003412
0.003425
0.003417
0.003424
0.003420
0.003416
0.003429
0.003418
0.003408
0.003412
0.003413
0.003445
0.003425
0.003427
0.003425
0.003428
0.003445
0.003431
0.003441
0.003436
0.003462
0.003416
0.003415
0.003412
0.003412
0.003415
0.003468
0.003410
0.003443
0.003459
0.003415
0.003444
0.003440
0.003416
0.003433
0.003466
0.003461
0.003452
0.003413
0.003434
0.003433
0.003441
0.003484
0.003469
0.003413
0.003408
0.003467
0.003482
0.003480
0.003468
0.003412
0.003417
0.003442
0.003443
0.003413
0.003458
0.003475
0.003420
0.003417
0.003424
0.003428
0.003413
0.003471
0.003434
0.003430
0.003467
0.003450
0.003452
0.003445
0.003463
0.003423
0.003433
0.003493
0.003621
0.003516
0.003511
0.003418
0.003413
0.003430
0.003418
0.003418
0.003459
0.003412
0.003413
0.003468
0.003413
0.003408
0.003447
0.003411
0.003426
0.003415
0.003420
0.003412
0.003410
0.003412
0.003435
0.003441
0.003411
0.003416
0.003414
0.003495
0.003424
0.003409
0.003472
0.003412
0.003418
0.003413
0.003428
0.003415
0.003407
0.003428
0.003415
0.003415
0.003464
0.003414
0.003427
0.003437
0.003426
0.003425
0.003433
0.003410
0.003415
0.003425
0.003408
0.003410
0.003415
0.003412
0.003416
0.003422
0.003418
0.003411
0.003414
0.003412
0.003428
0.003425
0.003412
0.003410
0.003412
0.003432
0.003429
0.003427
0.003424
0.003445
0.003456
0.003439
0.003463
0.003460
0.003474
0.003477
0.003428
0.003427
0.003434
0.003416
0.003411
0.003409
0.003411
0.003414
0.003413
0.003410
0.003409
0.003468
0.003417
0.003422
0.003415
0.003414
0.003412
0.003406
0.003409
0.003408
0.003414
0.003414
0.003462
0.003458
0.003452
0.003452
0.003438
0.003417
0.003424
0.003413
0.003410
0.003422
0.003414
0.003414
0.003435
0.003418
0.003448
0.003423
0.003422
0.003417
0.003416
0.003417
0.003430
0.003450
0.003440
0.003445
0.003435
0.003433
0.003432
0.003443
0.003428
0.003427
0.003465
0.003457
0.003458
0.003429
0.003424
0.003415
0.003408
0.003411
0.003470
0.003437
0.003438
0.003424
0.003407
0.003430
0.003444
0.003480
0.003423
0.003424
0.003412
0.003436
0.003428
0.003488
0.003443
0.003445
0.003459
0.003425
0.003440
0.003412
0.003425
0.003442
0.003419
0.003432
0.003439
0.003411
0.003426
0.003447
0.003425
0.003417
0.003421
0.003429
0.003426
0.003409
0.003494
0.003424
0.003420
0.003478
0.003432
0.003414
0.003409
0.003431
0.003429
0.003433
0.003430
0.003438
0.003448
0.003449
0.003434
0.003447
0.003484
0.003491
0.003496
0.003463
0.003470
0.003470
0.003481
0.003467
0.003470
0.003471
0.003455
0.003443
0.003445
0.003431
0.003450
0.003448
0.003430
0.003424
0.003414
0.003416
0.003450
0.003427
0.003423
0.003416
0.003420
0.003439
0.003432
0.003429
0.003427
0.003431
0.003427
0.003471
0.003442
0.003428
0.003414
0.003413
0.003413
0.003422
0.003422
0.003412
0.003428
0.003420
0.003425
0.003468
0.003419
0.003423
0.003414
0.003413
0.003423
0.003423
0.003421
0.003430
0.003441
0.003446
0.003445
0.003479
0.003463
0.003435
0.003473
0.003439
0.003418
0.003468
0.003408
0.003417
0.003433
0.003414
0.003421
0.003452
0.003444
0.003411
0.003415
0.003409
0.003421
0.003418
0.003474
0.003417
0.003410
0.003411
0.003421
0.003415
0.003414
0.003416
0.003439
0.003422
0.003417
0.003424
0.003427
0.003466
0.003416
0.003426
0.003454
0.003415
0.003417
0.003430
0.003449
0.003430
0.003433
0.003429
0.003420
0.003431
0.003429
0.003428
0.003430
0.003429
0.003409
0.003430
0.003438
0.003418
0.003416
0.003424
0.003431
0.003409
0.003416
0.003433
0.003433
0.003434
0.003432
0.003426
0.003426
0.003481
0.003430
0.003434
0.003431
0.003436
0.003418
0.003415
0.003412
0.003492
0.003466
0.003420
0.003478
0.003428
0.003420
0.003427
0.003481
0.003429
0.003432
0.003429
0.003433
0.003412
0.003418
0.003411
0.003408
0.003472
0.003426
0.003417
0.003409
0.003412
0.003482
0.003412
0.003416
0.003421
0.003429
0.003442
0.003469
0.003439
0.003423
0.003427
0.003427
0.003433
0.003580
0.003713
0.003553
0.003500
0.003426
0.003421
0.003411
0.003409
0.003422
0.003412
0.003428
0.003439
0.003424
0.003411
0.003415
0.003411
0.003410
0.003451
0.003432
0.003422
0.003416
0.003409
0.003408
0.003425
0.003427
0.003415
0.003423
0.003427
0.003427
0.003427
0.003425
0.003417
0.003421
0.003410
0.003413
0.003418
0.003410
0.003412
0.003471
0.003438
0.003418
0.003447
0.003427
0.003412
0.003423
0.003465
0.003489
0.003440
0.003425
0.003426
0.003424
0.003443
0.003446
0.003422
0.003426
0.003435
0.003428
0.003422
0.003474
0.003427
0.003426
0.003428
0.003424
0.003428
0.003431
0.003426
0.003429
0.003442
0.003430
0.003430
0.003452
0.003501
0.003505
0.003507
0.003505
0.003490
0.003503
0.003500
0.003496
0.003480
0.003466
0.003483
0.003425
0.003418
0.003419
0.003415
0.003409
0.003442
0.003430
0.003430
0.003427
0.003414
0.003417
0.003414
0.003463
0.003424
0.003461
0.003445
0.003429
0.003476
0.003432
0.003427
0.003450
0.003410
0.003529
0.003466
0.003414
0.003412
0.003411
0.003443
0.003466
0.003467
0.003482
0.003483
0.003470
0.003452
0.003464
0.003463
0.003468
0.003424
0.003412
0.003409
0.003408
0.003432
0.003412
0.003421
0.003407
0.003413
0.003424
0.003410
0.003428
0.003419
0.003415
0.003422
0.003430
0.003428
0.003419
0.003429
0.003427
0.003435
0.003420
0.003449
0.003431
0.003411
0.003418
0.003445
0.003414
0.003413
0.003417
0.003417
0.003410
0.003418
0.003416
0.003412
0.003424
0.003412
0.003415
0.003441
0.003410
0.003412
0.003474
0.003472
0.003461
0.003482
0.003455
0.003477
0.003488
0.003520
0.003625
0.003706
0.003687
0.003670
0.003603
0.003579
0.003547
0.003671
0.003589
0.003549
0.003550
0.003585
0.003556
0.003538
0.003581
0.003553
0.003593
0.003581
0.003569
0.003548
0.003566
0.003563
0.003558
0.003547
0.003502
0.003665
0.003585
0.003547
0.003517
0.003544
0.003530
0.003529
0.003545
0.003525
0.003549
0.003484
0.003497
0.003503
0.003449
0.003445
0.003509
0.003440
0.003470
0.003489
0.003453
0.003481
0.003523
0.003509
0.003535
0.003521
0.003505
0.003521
0.003533
0.003544
0.003562
0.003471
0.003499
0.003532
0.003442
0.003542
0.003503
0.003505
0.003502
0.003524
0.003486
0.003528
0.003477
0.003510
0.003510
0.003459
0.003511
0.003521
0.003459
0.003452
0.003533
0.003460
0.003466
0.003537
0.003511
0.003536
0.003515
0.003484
0.003509
0.003510
0.003521
0.003540
0.003537
0.003493
0.003545
0.003511
0.003463
0.003554
0.003475
0.003464
0.003552
0.003446
0.003447
0.003564
0.003519
0.003546
0.003522
0.003463
0.003497
0.004803
0.003782
0.003526
0.003522
0.003494
0.003525
0.003507
0.003500
0.003514
0.003531
0.003518
0.003495
0.003511
0.003511
0.003472
0.003513
0.003528
0.003503
0.003504
0.003538
0.003499
0.003513
0.003522
0.003494
0.003508
0.003521
0.003510
0.003535
0.003504
0.003509
0.003545
0.003488
0.003565
0.003533
0.003475
0.003508
0.003524
0.003467
0.003537
0.003517
0.003447
0.003542
0.003516
0.003463
0.003558
0.003464
0.003435
0.003435
0.003450
0.003476
0.003435
0.003468
0.003475
0.003449
0.003434
0.003435
0.003464
0.003417
0.003429
0.003464
0.003432
0.003415
0.003526
0.003433
0.003431
0.003446
0.003436
0.003432
0.003440
0.003437
0.003439
0.003439
0.003436
0.003432
0.003435
0.003433
0.003415
0.003438
0.003421
0.003454
0.003416
0.003418
0.003424
0.003415
0.003448
0.003452
0.003447
0.003447
0.003457
0.003455
0.003450
0.003481
0.003479
0.003439
0.003430
0.003420
0.003419
0.003447
0.003442
0.003434
0.003436
0.003436
0.003426
0.003416
0.003428
0.003434
0.003423
0.003413
0.003485
0.003472
0.003473
0.003474
0.003455
0.003472
0.003483
0.003489
0.003486
0.003496
0.003487
0.003427
0.003518
0.003424
0.003434
0.003496
0.003419
0.003417
0.003445
0.003414
0.003421
0.003418
0.003425
0.003416
0.003423
0.003421
0.003439
0.003424
0.003422
0.003425
0.003424
0.003425
0.003414
0.003415
0.003421
0.003453
0.003422
0.003421
0.003418
0.003432
0.003416
0.003497
0.003435
0.003436
0.003438
0.003439
0.003441
0.003460
0.003426
0.003422
0.003415
0.003422
0.003436
0.003440
0.003431
0.003419
0.003476
0.003422
0.003417
0.003419
0.003420
0.003416
0.003424
0.003420
0.003438
0.003416
0.003421
0.003416
0.003423
0.003419
0.003494
0.003450
0.003421
0.003421
0.003421
0.003418
0.003478
0.003416
0.003421
0.003418
0.003417
0.003418
0.003415
0.003472
0.003520
0.003436
0.003471
0.003453
0.003434
0.003435
0.003430
0.003424
0.003419
0.003428
0.003419
0.003423
0.003430
0.003449
0.003430
0.003486
0.003456
0.003433
0.003441
0.003434
