0.081837
0.070395
0.069573
0.068854
0.070115
0.068524
0.069149
0.068635
0.068763
0.068082
0.068317
0.069048
0.069660
0.069857
0.089447
0.073518
0.074041
0.073230
0.073921
0.073595
0.073235
0.073913
0.072524
0.072609
0.073085
0.073112
0.072866
0.072968
0.072725
0.072859
0.072495
0.072457
0.072533
0.070857
0.069826
0.070650
0.070970
0.071813
0.070840
0.069918
0.071556
0.072451
0.082888
0.071488
0.071000
0.071105
0.071165
0.071301
0.070861
0.070889
0.065128
0.069203
0.069224
0.068984
0.069050
0.069017
0.067903
0.069309
0.069427
0.069339
0.069565
0.069154
0.069013
0.069214
0.069073
0.067748
0.067847
0.067447
0.067635
0.066147
0.067258
0.068221
0.067922
0.068094
0.067931
0.068092
0.083831
0.064144
0.070863
0.071549
0.071075
0.070995
0.070914
0.071149
0.071618
0.071257
0.070965
0.070843
0.071411
0.063122
0.066555
0.066890
0.067469
0.067791
0.066899
0.067463
0.068150
0.068681
0.068583
0.069068
0.069370
0.069276
0.069301
0.069633
0.070156
0.070361
0.070425
0.070133
0.069903
0.069971
0.069157
0.069740
0.070420
0.070268
0.070538
0.070726
0.071414
0.071753
0.071273
0.071542
0.071418
0.071640
0.071035
0.070768
0.070861
0.071158
0.063637
0.070331
0.070965
0.070057
0.071306
0.070749
0.071508
0.071114
0.071169
0.071480
0.071109
0.081966
0.065471
0.064578
0.064188
0.064088
0.063923
0.062972
0.063785
0.064146
0.064049
0.063223
0.063046
0.063626
0.064197
0.063547
0.063442
0.063871
0.063925
0.063320
0.064036
0.063983
0.063781
0.061994
0.063054
0.062748
0.062233
0.062958
0.063408
0.063566
0.063107
0.062796
0.061351
0.063263
0.063361
0.063691
0.063601
0.063327
0.063736
0.064066
0.075160
0.073532
0.072851
0.069269
0.071146
0.063623
0.066935
0.067808
0.063893
0.067657
0.068325
0.071046
0.070405
0.070084
0.069826
0.070022
0.069916
0.070080
0.070360
0.070326
0.069553
0.070029
0.070372
0.070833
0.070050
0.070865
0.070813
0.069988
0.069284
0.069507
0.070447
0.070189
0.071008
0.061972
0.063424
0.062541
0.063164
0.063673
0.061825
0.061408
0.060952
0.061065
0.060783
0.060457
0.061040
0.060555
0.061048
0.060118
0.059587
0.064234
0.064471
0.064283
0.065672
0.064354
0.063389
0.065448
0.064248
0.063668
0.062727
0.064344
0.064268
0.063591
0.064913
0.064214
0.065496
0.064088
0.064883
0.064247
0.063358
0.063764
0.063746
0.064019
0.064244
0.063742
0.065625
0.063587
0.063874
0.063661
0.064434
0.062834
0.064666
0.063010
0.064347
0.064092
0.063482
0.064177
0.060476
0.061344
0.062256
0.064890
0.068192
0.068928
0.067334
0.067639
0.065178
0.069060
0.063331
0.067001
0.064564
0.066074
0.064936
0.065090
0.065261
0.065904
0.065476
0.067639
0.066624
0.067575
0.066038
0.064085
0.063931
0.065469
0.068711
0.066152
0.066597
0.067478
0.067137
0.069237
0.068547
0.070134
0.064725
0.068001
0.068744
0.069288
0.068704
0.069433
0.068942
0.069368
0.069354
0.067252
0.068126
0.063988
0.068172
0.067150
0.066751
0.066473
0.064777
0.066970
0.066549
0.065438
0.067515
0.067971
0.068223
0.068010
0.069352
0.065832
0.065186
0.064432
0.066658
0.067494
0.066999
0.068146
0.068708
0.069197
0.067233
0.068357
0.068255
0.068055
0.065810
0.063736
0.065183
0.065683
0.069884
0.071522
0.070332
0.065480
0.065359
0.066775
0.067414
0.069001
0.070598
0.068487
0.068772
0.069329
0.064876
0.064917
0.065169
0.066950
0.067254
0.066278
0.068808
0.067702
0.069198
0.068316
0.068887
0.068804
0.068291
0.067817
0.065095
0.066274
0.067091
0.065650
0.066555
0.065289
0.065659
0.064999
0.065247
0.065001
0.065453
0.069121
0.067290
0.065294
0.066426
0.066805
0.066991
0.065881
0.066349
0.066736
0.064455
0.064820
0.066185
0.065474
0.065736
0.066301
0.066702
0.066119
0.067850
0.067188
0.066868
0.067196
0.065972
0.064326
0.065737
0.065727
0.064723
0.066465
0.065643
0.066666
0.066597
0.066191
0.066599
0.065187
0.065723
0.066846
0.061260
0.068784
0.067719
0.064512
0.068232
0.068364
0.068197
0.067524
0.068158
0.068217
0.064339
0.065491
0.065109
0.064560
0.065255
0.066308
0.066668
0.067382
0.066959
0.067194
0.066884
0.066573
0.066904
0.065865
0.065880
0.066933
0.068185
0.066982
0.068033
0.066598
0.067930
0.068229
0.066678
0.066209
0.064190
0.064685
0.065741
0.066300
0.066068
0.065298
0.065918
0.067157
0.066021
0.066282
0.065910
0.066890
0.064608
0.065876
0.066160
0.067177
0.066624
0.065127
0.067496
0.067195
0.066658
0.068294
0.066836
0.065757
0.064723
0.066287
0.064626
0.065350
0.066086
0.066570
0.065668
0.064661
0.073922
0.069103
0.068000
0.067665
0.067089
0.067660
0.067377
0.067538
0.067296
0.066333
0.068039
0.068691
0.069223
0.068766
0.068604
0.068255
0.067829
0.068694
0.068433
0.069348
0.067521
0.067812
0.066844
0.066143
0.067120
0.063356
0.066689
0.067698
0.068256
0.068528
0.069070
0.064385
0.067989
0.068380
0.075379
0.061961
0.062124
0.062344
0.061881
0.064755
0.065363
0.063101
0.062554
0.063505
0.063897
0.064678
0.064441
0.065124
0.064947
0.065315
0.065415
0.065531
0.065162
0.065146
0.065408
0.065543
0.065377
0.065787
0.065720
0.066453
0.066057
0.065984
0.066024
0.066059
0.066242
0.065915
0.065690
0.066003
0.065136
0.065580
0.065684
0.065635
0.065071
0.065264
0.064091
0.064784
0.066012
0.066102
0.065803
0.066607
0.066427
0.065820
0.066529
0.065818
0.065798
0.062063
0.066885
0.067455
0.067601
0.067045
0.066784
0.063847
0.062733
0.063094
0.062610
0.063034
0.063637
0.064665
0.064657
0.065360
0.065052
0.065153
0.065722
0.065821
0.065886
0.065738
0.066664
0.066134
0.066234
0.065312
0.066187
0.065977
0.065604
0.066032
0.066282
0.066210
0.066186
0.066078
0.065843
0.064262
0.064190
0.064549
0.064721
0.064827
0.065023
0.064710
0.065143
0.065685
0.065698
0.065887
0.066263
0.066071
0.066290
0.066306
0.065765
0.065933
0.066225
0.066205
0.065726
0.066307
0.065918
0.065841
0.065900
0.065901
0.066078
0.066166
0.065866
0.066161
0.066217
0.066487
0.066634
0.066366
0.066899
0.066674
0.066165
0.066356
0.065906
0.065635
0.066191
0.065942
0.066143
0.061196
0.066603
0.066282
0.066053
0.065839
0.065836
0.065693
0.065894
0.066025
0.066009
0.066254
0.066312
0.066490
0.066102
0.065954
0.065848
0.066011
0.065460
0.066234
0.065902
0.066427
0.065878
0.065903
0.066469
0.065821
0.065771
0.064837
0.064618
0.064544
0.064460
0.064916
0.065700
0.065267
0.065513
0.066165
0.066239
0.065529
0.066180
0.066487
0.065152
0.065539
0.064334
0.064980
0.065327
0.065705
0.065668
0.065594
0.065480
0.065444
0.065685
0.065604
0.065667
0.065215
0.065759
0.065698
0.065168
0.065807
0.065581
0.065881
0.065992
0.065737
0.066068
0.065551
0.066081
0.066041
0.064076
0.064972
0.065501
0.065553
0.065481
0.065191
0.065638
0.066290
0.064649
0.065449
0.065236
0.062562
0.067607
0.067329
0.065315
0.066047
0.066754
0.066449
0.066644
0.066241
0.066722
0.066327
0.066049
0.066730
0.066670
0.066702
0.066750
0.066431
0.066241
0.066513
0.066645
0.066449
0.066562
0.066616
0.066174
0.066463
0.065478
0.066035
0.065710
0.065817
0.066317
0.066309
0.065821
0.062942
0.066110
0.066054
0.065618
0.066007
0.066276
0.066089
0.066007
0.065900
0.066051
0.066420
0.065781
0.066154
0.066058
0.066512
0.066397
0.065690
0.066524
0.066718
0.066899
0.067138
0.066758
0.066706
0.066866
0.066920
0.066478
0.066906
0.066974
0.066904
0.067077
0.066383
0.066454
0.066400
0.066100
0.066292
0.065823
0.065237
0.064331
0.065833
0.065138
0.065537
0.065157
0.065977
0.065262
0.065051
0.066462
0.065914
0.065608
0.066226
0.065487
0.066121
0.065763
0.064576
0.065666
0.065580
0.065914
0.065151
0.065192
0.066031
0.065251
0.065900
0.066532
0.065870
0.066351
0.065996
0.066297
0.066487
0.065856
0.066168
0.065936
0.066666
0.063988
0.064691
0.064930
0.064942
0.064914
0.065354
0.065855
0.065786
0.065616
0.066281
0.066038
0.066144
0.066405
0.066945
0.066595
0.066390
0.065808
0.065567
0.065251
0.065741
0.065668
0.065258
0.065913
0.065547
0.065934
0.064479
0.065197
0.065396
0.065849
0.064782
0.063706
0.063681
0.063292
0.063946
0.062764
0.063249
0.063612
0.064606
0.065125
0.064864
0.065274
0.063563
0.064851
0.065270
0.065715
0.064895
0.064042
0.063524
0.063868
0.063838
0.067188
0.067080
0.065956
0.066435
0.065162
0.066049
0.064775
0.064867
0.065064
0.065042
0.065297
0.064280
0.064469
0.064252
0.065277
0.065793
0.066333
0.066192
0.066592
0.066687
0.066346
0.065925
0.066499
0.066277
0.066900
0.066490
0.066644
0.066042
0.066065
0.066685
0.066681
0.066219
0.066394
0.064685
0.064901
0.065573
0.065709
0.065284
0.065164
0.065358
0.065630
0.065316
0.065447
0.065799
0.065792
0.066162
0.065560
0.065979
0.066066
0.066329
0.065754
0.066100
0.066276
0.066486
0.066327
0.066122
0.065969
0.066015
0.066336
0.066401
0.066358
0.065846
0.066322
0.066609
0.066067
0.065880
0.066188
0.065798
0.066190
0.066418
0.064141
0.064998
0.065111
0.066026
0.065226
0.064393
0.068223
0.067272
0.066900
0.067119
0.066335
0.066673
0.066642
0.066737
0.066822
0.063344
0.064480
0.064687
0.063878
0.064325
0.065074
0.065294
0.065291
0.064766
0.065287
0.065666
0.066342
0.065762
0.064991
0.065557
0.065179
0.065502
0.065167
0.065516
0.065491
0.065562
0.066410
0.066131
0.065693
0.066042
0.066135
0.066451
0.066455
0.065807
0.066433
0.066707
0.066124
0.066206
0.066607
0.066097
0.066262
0.065822
0.065156
0.065478
0.065495
0.065968
0.065900
0.065324
0.065769
0.065520
0.065874
0.066246
0.066237
0.066054
0.064828
0.064749
0.065451
0.065196
0.065229
0.066270
0.065845
0.065741
0.065734
0.065905
0.065625
0.065553
0.066331
0.066994
0.066659
0.066500
0.064759
0.064747
0.067479
0.066751
0.067157
0.066877
0.065853
0.066696
0.065978
0.066418
0.064855
0.065544
0.064927
0.065394
0.065634
0.065414
0.065605
0.066340
0.066100
0.066393
0.065001
0.065070
0.065514
0.065587
0.065250
0.065968
0.066267
0.065701
0.062877
0.064058
0.065033
0.064879
0.065134
0.064997
0.065323
0.066207
0.065586
0.065626
0.065697
0.066142
0.065605
0.065725
0.065682
0.065475
0.065369
0.066113
0.066201
0.065605
0.066131
0.065926
0.065479
0.065697
0.065494
0.065426
0.066070
0.065705
0.065552
0.065369
0.065935
0.065823
0.065765
0.065658
0.065691
0.066011
0.066071
0.066114
0.066296
0.065717
0.065389
0.065872
0.066295
0.066002
0.066420
0.065767
0.066499
0.066560
0.066613
0.064673
0.067282
0.066352
0.066681
0.065988
0.066292
0.066489
0.066469
0.065761
0.066023
0.067087
0.066306
0.066398
0.066415
0.066467
0.066558
0.066577
0.066910
0.066698
0.066790
0.065171
0.065610
0.065543
0.065534
0.066065
0.065652
0.065803
0.066040
0.065810
0.065501
0.065666
0.066250
0.066016
0.065573
0.066003
0.065933
0.065762
0.066097
0.066474
0.066390
0.065932
0.065801
0.066087
0.066446
0.066221
0.066123
0.066686
0.063314
0.063678
0.063631
0.062967
0.064110
0.064776
0.064116
0.064182
0.065042
0.065078
0.065488
0.064652
0.063252
0.063296
0.063971
0.065114
0.065231
0.063374
0.063366
0.063368
0.064371
0.064861
0.065186
0.065786
0.065596
0.065610
0.065699
0.065834
0.065858
0.066559
0.065866
0.067945
0.066413
0.066425
0.065637
0.066342
0.066097
0.066119
0.065956
0.066387
0.065736
0.065853
0.066035
0.065631
0.064333
0.064802
0.064610
0.064792
0.065028
0.065311
0.065081
0.065630
0.065191
0.065161
0.065732
0.065879
0.065887
0.066189
0.066434
0.065833
0.066593
0.066316
0.065632
0.065984
0.065355
0.066228
0.065757
0.065770
0.066067
0.066455
0.064633
0.065261
0.065185
0.065783
0.065168
0.066066
0.065869
0.065978
0.065671
0.066728
0.066235
0.066295
0.066822
0.066761
0.066905
0.066134
0.065794
0.066653
0.065811
0.066232
0.066280
0.065803
0.066605
0.066071
0.066167
0.066554
0.064203
0.064473
0.065099
0.065156
0.066130
0.065930
0.065812
0.066109
0.066179
0.064705
0.068444
0.067089
0.066506
0.066770
0.066859
0.066803
0.066093
0.066025
0.066062
0.066596
0.066220
0.066699
0.066619
0.065937
0.065477
0.065947
0.066048
0.065923
0.066212
0.066130
0.066683
0.066445
0.066422
0.065977
0.065872
0.066128
0.066284
0.066293
0.066216
0.066458
0.066005
0.066097
0.065948
0.066469
0.066018
0.066265
0.065984
0.066213
0.065921
0.067017
0.067082
0.066226
0.066654
0.066760
0.066130
0.066310
0.067072
0.066433
0.066766
0.066950
0.066286
0.064697
0.065626
0.066066
0.065785
0.065721
0.066091
0.065887
0.066626
0.066403
0.066289
0.066104
0.066344
0.066591
0.066309
0.067106
0.066502
0.066614
0.066638
0.066091
0.065695
0.065777
0.065496
0.066134
0.065888
0.066083
0.067147
0.066956
0.065537
0.065780
0.066191
0.066648
0.066272
0.065724
0.066187
0.065794
0.065817
0.065409
0.065511
0.065092
0.065933
0.065995
0.065766
0.064454
0.065422
0.064158
0.064820
0.065012
0.065840
0.065668
0.066366
0.063915
0.064708
0.064106
0.063728
0.063155
0.062706
0.064226
0.064537
0.065064
0.065692
0.065014
0.065889
0.065836
0.065962
0.065669
0.065883
0.066094
0.066065
0.065663
0.066241
0.065568
0.065997
0.066218
0.066095
0.066787
0.066319
0.065999
0.066870
0.066638
0.066476
0.067047
0.066601
0.065736
0.066249
0.066454
0.066422
0.066338
0.066865
0.066808
0.066891
0.066485
0.066228
0.066030
0.066668
0.066469
0.066247
0.066583
0.065776
0.066149
0.066732
0.064802
0.065422
0.066039
0.066708
0.065456
0.066237
0.066835
0.066341
0.066389
0.066609
0.065836
0.067142
0.066172
0.065971
0.066082
0.065964
0.065789
0.066470
0.066424
0.066888
0.066626
0.066769
0.066152
0.066567
0.066901
0.065557
0.067103
0.066167
0.066185
0.064606
0.065124
0.066002
0.066429
0.065723
0.066854
0.066494
0.066651
0.067231
0.065638
0.066414
0.066165
0.066069
0.066143
0.066007
0.066366
0.066018
0.066337
0.065876
0.066220
0.064109
0.065048
0.064964
0.065501
0.065035
0.064888
0.065666
0.065757
0.066416
0.066051
0.066872
0.066799
0.066271
0.065653
0.066236
0.064128
0.065169
0.065028
0.065580
0.066000
0.065940
0.065889
0.064988
0.066042
0.065307
0.065988
0.066240
0.067734
0.067010
0.066116
0.066442
0.066615
0.065963
0.065841
0.065657
0.064696
0.064335
0.064402
0.079519
0.064892
0.064970
0.064981
0.064587
0.064958
0.065233
0.064755
0.065204
0.065037
0.065231
0.065278
0.065433
0.065763
0.065404
0.065937
0.065566
0.065989
0.065589
0.066020
0.065977
0.065453
0.066419
0.063907
0.064315
0.064202
0.064517
0.064410
0.064471
0.064716
0.065157
0.065214
0.064847
0.065483
0.065466
0.065035
0.066085
0.066051
0.065342
0.065459
0.076849
0.065094
0.064408
0.064764
0.064262
0.063893
0.064678
0.064018
0.064036
0.064212
0.064754
0.064638
0.065012
0.065509
0.064822
0.064668
0.065232
0.065106
0.064843
0.064861
0.065308
0.065073
0.064334
0.065222
0.064342
0.063317
0.065605
0.065234
0.065092
0.064315
0.064274
0.064224
0.064285
0.064474
0.064283
0.064221
0.064340
0.062707
0.062614
0.063333
0.063433
0.063531
0.062845
0.063455
0.062118
0.063687
0.063181
0.063598
0.063332
0.063908
0.063943
0.063439
0.063625
0.064380
0.064239
0.064424
0.064450
0.064818
0.064195
0.064513
0.064046
0.064337
0.061902
0.062811
0.063076
0.062973
0.063494
0.063394
0.064487
0.063979
0.064313
0.065071
0.064714
0.064737
0.064631
0.064357
0.064575
0.064338
0.065004
0.064291
0.064126
0.064060
0.063993
0.077440
0.065573
0.064497
0.064957
0.064514
0.064665
0.065174
0.064954
0.064997
0.064889
0.064866
0.064563
0.065119
0.064926
0.064807
0.064686
0.064546
0.064270
0.064605
0.064802
0.065038
0.064806
0.065033
0.064845
0.064456
0.064761
0.064931
0.064487
0.065154
0.064998
0.065575
0.065854
0.064873
0.064918
0.064555
0.064838
0.064578
0.064832
0.065274
0.064874
0.064430
0.065208
0.064737
0.065496
0.064537
0.065195
0.065015
0.064585
0.063730
0.063600
0.064510
0.064978
0.063140
0.065065
0.064842
0.065681
0.064586
0.065072
0.065815
0.065043
0.065385
0.065597
0.064925
0.064826
0.065491
0.065966
0.065090
0.065161
0.064825
0.064789
0.065284
0.065288
0.065384
0.065114
0.065631
0.065307
0.065352
0.065986
0.065906
0.065001
0.065320
0.064933
0.064772
0.064697
0.065409
0.065148
0.064892
0.065583
0.064786
0.065014
0.065357
0.064908
0.065261
0.065015
0.065495
0.065392
0.064450
0.065068
0.065845
0.064904
0.065491
0.065335
0.065245
0.065582
0.065323
0.065983
0.065242
0.064866
0.065617
0.065073
0.065044
0.064833
0.065332
0.065420
0.065171
0.065257
0.065156
0.065537
0.065367
0.065463
0.065152
0.065317
0.065351
0.065475
0.065217
0.065511
0.064939
0.065417
0.065173
0.065140
0.065215
0.065204
0.064975
0.064038
0.064588
0.064810
0.063574
0.065820
0.065385
0.065592
0.065242
0.064979
0.065005
0.065347
0.065297
0.065575
0.065105
0.064687
0.064832
0.065326
0.065455
0.065842
0.065280
0.065957
0.065286
0.065553
0.065145
0.073448
0.067036
0.064176
0.063744
0.062680
0.062646
0.062750
0.062628
0.062309
0.062181
0.062697
0.061914
0.062243
0.062413
0.062482
0.062524
0.062202
0.065243
0.065452
0.065011
0.064616
0.063983
0.063778
0.063879
0.063546
0.063341
0.063127
0.063257
0.063846
0.064080
0.063829
0.064166
0.063708
0.063644
0.064056
0.064005
0.063599
0.063887
0.063571
0.063854
0.063888
0.062948
0.063958
0.063731
0.064342
0.063734
0.064075
0.064970
0.064686
0.064584
0.064416
0.064680
0.064206
0.064611
0.064255
0.064187
0.063922
0.063985
0.062650
0.064404
0.064001
0.063276
0.062699
0.064458
0.065074
0.064157
0.062817
0.063686
0.063532
0.062850
0.063319
0.062763
0.062574
0.062827
0.062330
0.062454
0.062694
0.062600
0.063016
0.063111
0.063394
0.063366
0.062679
0.063166
0.063383
0.063464
0.063592
0.063606
0.063892
0.063525
0.063948
0.063954
0.063694
0.063224
0.062850
0.062171
0.067182
0.066286
0.065596
0.065009
0.064972
0.064657
0.064541
0.064408
0.064108
0.064613
0.064697
0.064468
0.065040
0.064334
0.064366
0.064445
0.064090
0.064432
0.065761
0.064712
0.065432
0.064162
0.065126
0.065032
0.064710
0.064705
0.065110
0.065415
0.064940
0.064136
0.064124
0.064010
0.064567
0.064879
0.064872
0.064691
0.064851
0.064689
0.064908
0.064440
0.065086
0.064846
0.064772
0.065304
0.064812
0.064785
0.064357
0.064907
0.064988
0.064982
0.064845
0.064273
0.063972
0.064728
0.064635
0.064521
0.064969
0.065070
0.064534
0.064634
0.064654
0.064586
0.064217
0.064583
0.064390
0.064132
0.064403
0.064848
0.065321
0.065175
0.064782
0.064413
0.064429
0.064902
0.064973
0.064710
0.061415
0.064781
0.065043
0.064816
0.065219
0.065521
0.064139
0.064481
0.064089
0.063521
0.064143
0.063861
0.064519
0.064504
0.064644
0.065058
0.064549
0.064448
0.064942
0.064916
0.064940
0.065069
0.065487
0.064619
0.065332
0.065477
0.065780
0.065235
0.065386
0.065025
0.065130
0.065141
0.064610
0.064761
0.065083
0.064668
0.065049
0.064979
0.064866
0.064946
0.065101
0.064682
0.064602
0.064391
0.065229
0.064925
0.064359
0.064004
0.064367
0.064766
0.064236
0.064446
0.065053
0.065355
0.064981
0.064771
0.065078
0.064568
0.064867
0.064597
0.065196
0.065036
0.065201
0.064855
