0.005830
0.000710
0.000700
0.000697
0.000692
0.000678
0.000686
0.000682
0.000679
0.000675
0.000682
0.000687
0.000671
0.000676
0.000672
0.000671
0.000671
0.000672
0.000678
0.000676
0.000675
0.000675
0.000681
0.000667
0.000667
0.000665
0.000668
0.000670
0.000668
0.000665
0.000668
0.000666
0.000665
0.000670
0.000670
0.000667
0.000665
0.000669
0.000671
0.000669
0.000676
0.000671
0.000669
0.000665
0.000662
0.000678
0.000673
0.000666
0.000663
0.000673
0.000666
0.000663
0.000667
0.000663
0.000667
0.000661
0.001113
0.000671
0.000656
0.000664
0.000662
0.000658
0.000654
0.000667
0.000662
0.000657
0.000663
0.000660
0.000668
0.000658
0.000657
0.000662
0.000655
0.000661
0.000660
0.000664
0.000664
0.000657
0.000659
0.000656
0.000660
0.000662
0.000665
0.000659
0.000668
0.000656
0.000661
0.000657
0.000664
0.000656
0.000655
0.000662
0.000656
0.000659
0.000659
0.000655
0.000665
0.000663
0.000653
0.000658
0.000652
0.000655
0.000656
0.000655
0.000657
0.000653
0.000658
0.000653
0.000649
0.000659
0.000661
0.000648
0.000656
0.000656
0.000655
0.000654
0.000659
0.000660
0.000651
0.000659
0.000654
0.000654
0.000654
0.000653
0.000655
0.000650
0.000654
0.000652
0.000655
0.000656
0.000658
0.000655
0.000650
0.000648
0.000660
0.000656
0.000660
0.000651
0.000650
0.000647
0.000656
0.000652
0.000656
0.000656
0.000653
0.000661
0.000652
0.000644
0.000648
0.000657
0.000656
0.000659
0.001202
0.000665
0.000660
0.000647
0.000660
0.000748
0.000649
0.000651
0.000661
0.000659
0.000656
0.000654
0.000646
0.000658
0.000665
0.000649
0.000662
0.000653
0.000656
0.000651
0.000661
0.000655
0.000649
0.000661
0.000657
0.000659
0.000657
0.000651
0.000657
0.000658
0.000658
0.000656
0.000665
0.000655
0.000652
0.000642
0.000656
0.000661
0.000657
0.000654
0.000665
0.000656
0.000644
0.000664
0.000661
0.000653
0.000653
0.000654
0.000652
0.000652
0.000654
0.000657
0.000656
0.000644
0.000655
0.000658
0.000652
0.001086
0.000652
0.000652
0.000641
0.000653
0.000652
0.000646
0.000646
0.000645
0.000650
0.000645
0.000654
0.000653
0.000655
0.000647
0.000648
0.000646
0.000655
0.000653
0.000651
0.000648
0.000648
0.000644
0.000651
0.000651
0.000642
0.000648
0.000641
0.000646
0.000646
0.000648
0.000644
0.000640
0.000651
0.000644
0.000646
0.000643
0.000647
0.000645
0.000647
0.000643
0.000644
0.000647
0.000639
0.000641
0.000645
0.000648
0.000638
0.000656
0.000647
0.000640
0.000649
0.000636
0.000648
0.000645
0.000649
0.000642
0.000641
0.000640
0.000642
0.000646
0.000651
0.000649
0.000639
0.000637
0.000643
0.000639
0.000645
0.001254
0.000640
0.000640
0.001017
0.000642
0.000640
0.000644
0.000638
0.000643
0.000647
0.000639
0.000644
0.000644
0.000636
0.000644
0.000644
0.000648
0.000643
0.000635
0.000633
0.000645
0.000640
0.000641
0.000638
0.000636
0.000646
0.000635
0.000645
0.000647
0.000640
0.000639
0.000639
0.000635
0.000639
0.000643
0.000645
0.000646
0.000643
0.000642
0.000632
0.000633
0.000645
0.000639
0.000642
0.000642
0.000641
0.000634
0.000648
0.000640
0.000643
0.000647
0.000639
0.000640
0.000639
0.000638
0.000643
0.000635
0.000639
0.000642
0.000641
0.000649
0.000648
0.000644
0.000638
0.000635
0.000647
0.000644
0.000638
0.000638
0.000643
0.000638
0.000643
0.000645
0.000641
0.000640
0.000645
0.000646
0.000645
0.000641
0.000720
0.000647
0.000646
0.000650
0.000640
0.000649
0.000642
0.000637
0.000646
0.000640
0.000638
0.000648
0.000653
0.000648
0.000638
0.000644
0.000640
0.000648
0.000643
0.000638
0.000643
0.000637
0.000647
0.000638
0.000645
0.000634
0.000640
0.000644
0.000637
0.000641
0.000649
0.000641
0.000638
0.000638
0.000650
0.000638
0.000644
0.000639
0.000641
0.000643
0.000644
0.000642
0.000639
0.000641
0.000643
0.000637
0.000633
0.000635
0.000638
0.000648
0.000637
0.000630
0.000639
0.000642
0.000644
0.000647
0.000640
0.000643
0.000648
0.000640
0.000637
0.000641
0.000644
0.000635
0.000645
0.000636
0.000642
0.000640
0.000646
0.000635
0.000639
0.000634
0.000637
0.000639
0.000644
0.000630
0.000643
0.000642
0.000641
0.000641
0.000639
0.000640
0.000638
0.000636
0.000637
0.000640
0.000648
0.000647
0.000638
0.000644
0.000645
0.000637
0.000635
0.000641
0.000642
0.000638
0.000643
0.000644
0.000644
0.000636
0.000642
0.000640
0.000640
0.000639
0.000635
0.000646
0.000638
0.000642
0.000634
0.000644
0.000639
0.000638
0.000644
0.000641
0.000638
0.000640
0.000631
0.000647
0.000644
0.000649
0.000639
0.000644
0.000644
0.000643
0.000646
0.000643
0.000641
0.000643
0.000648
0.000647
0.000642
0.000644
0.000644
0.000636
0.000642
0.000640
0.000647
0.000636
0.000643
0.000650
0.000645
0.000649
0.000641
0.000651
0.000641
0.000646
0.000649
0.000647
0.000638
0.000636
0.000647
0.001245
0.000633
0.000627
0.000634
0.000629
0.000627
0.000626
0.000628
0.000630
0.000632
0.000633
0.000624
0.000630
0.000629
0.000623
0.000628
0.000632
0.000628
0.000625
0.000625
0.000618
0.000634
0.000633
0.000627
0.000630
0.000624
0.000630
0.000628
0.000633
0.000624
0.000629
0.000626
0.000625
0.000631
0.000627
0.000637
0.001122
0.000626
0.000622
0.000623
0.000635
0.000619
0.000629
0.000626
0.000622
0.000621
0.000630
0.000626
0.000620
0.000627
0.000627
0.000624
0.000627
0.001168
0.000622
0.000630
0.000629
0.000627
0.000624
0.000638
0.000629
0.000623
0.000625
0.000630
0.000621
0.000633
0.000623
0.000630
0.000628
0.000626
0.000617
0.000633
0.000630
0.000628
0.000633
0.000624
0.000628
0.000625
0.000638
0.000629
0.000631
0.000629
0.000623
0.000633
0.000629
0.000628
0.000628
0.000624
0.000632
0.000631
0.000620
0.000621
0.000627
0.000622
0.000626
0.000624
0.000626
0.000640
0.000627
0.000625
0.000625
0.000623
0.000624
0.000633
0.000621
0.000625
0.000624
0.000629
0.000626
0.000632
0.000621
0.000624
0.000630
0.000633
0.000623
0.000620
0.000629
0.000627
0.000625
0.000626
0.000629
0.000632
0.000637
0.000623
0.000622
0.000628
0.000628
0.000627
0.000629
0.000629
0.000629
0.000626
0.000628
0.000630
0.000622
0.000629
0.000632
0.000631
0.000626
0.000623
0.000635
0.000635
0.000688
0.000622
0.000627
0.000633
0.000625
0.000625
0.000633
0.000628
0.000628
0.000614
0.000624
0.000627
0.000630
0.000631
0.000624
0.000618
0.000622
0.000619
0.000622
0.000624
0.000627
0.000626
0.000622
0.000627
0.000618
0.000619
0.000624
0.000622
0.000632
0.000626
0.000625
0.000628
0.000628
0.000619
0.000622
0.000619
0.000626
0.000623
0.000629
0.000624
0.000621
0.000628
0.000626
0.000632
0.000629
0.000621
0.000615
0.000617
0.000623
0.000623
0.000620
0.000626
0.000624
0.000619
0.000622
0.000617
0.000629
0.000629
0.000617
0.000618
0.000619
0.000622
0.000620
0.000630
0.000622
0.000614
0.000626
0.000619
0.000618
0.000624
0.000629
0.000630
0.000626
0.000621
0.000623
0.000626
0.000630
0.000622
0.000620
0.000619
0.000622
0.000628
0.000617
0.000622
0.000615
0.000629
0.000624
0.000623
0.000627
0.000625
0.000620
0.000614
0.000626
0.000619
0.000612
0.001360
0.000623
0.000614
0.000618
0.000620
0.000623
0.000622
0.000613
0.000614
0.000619
0.000624
0.000619
0.000620
0.000620
0.000619
0.000616
0.000614
0.000618
0.000613
0.000618
0.000612
0.000615
0.000612
0.000615
0.000616
0.000619
0.000615
0.000617
0.000615
0.000613
0.000618
0.000618
0.000616
0.000615
0.000610
0.000611
0.000608
0.000608
0.000620
0.000613
0.000610
0.000613
0.000611
0.000611
0.000616
0.000615
0.000610
0.000615
0.000611
0.000616
0.000620
0.000618
0.000614
0.000610
0.000613
0.000611
0.000610
0.000613
0.000718
0.000607
0.000612
0.000614
0.000618
0.000610
0.000613
0.000613
0.000615
0.000612
0.000615
0.000616
0.000608
0.000614
0.000612
0.000616
0.000614
0.000612
0.000610
0.000614
0.000614
0.000618
0.000618
0.000613
0.000621
0.000611
0.000620
0.000613
0.000614
0.000612
0.000614
0.000611
0.000622
0.000613
0.000610
0.000617
0.000617
0.000619
0.000609
0.000614
0.000616
0.000620
0.000610
0.000608
0.000613
0.000617
0.000608
0.000620
0.000612
0.000612
0.000615
0.000614
0.000652
0.000619
0.000624
0.000621
0.000614
0.000614
0.000624
0.000614
0.000614
0.000616
0.000616
0.000620
0.000614
0.000617
0.000616
0.000614
0.000617
0.000619
0.000620
0.000625
0.000618
0.000616
0.000620
0.000614
0.000624
0.000625
0.000611
0.000620
0.000625
0.000614
0.000620
0.000612
0.000619
0.000614
0.000616
0.000618
0.000619
0.000614
0.000618
0.000612
0.000617
0.000619
0.000620
0.000613
0.000614
0.000623
0.000619
0.000616
0.000626
0.000614
0.000614
0.000624
0.000617
0.000614
0.000620
0.000618
0.000621
0.000618
0.000622
0.000614
0.000615
0.000615
0.000614
0.000612
0.000626
0.000621
0.000614
0.000612
0.000616
0.000621
0.000615
0.000622
0.000612
0.000615
0.000620
0.000616
0.000615
0.000616
0.000615
0.000615
0.000615
0.000618
0.000619
0.000612
0.000618
0.000621
0.000614
0.000615
0.000622
0.000618
0.000618
0.000617
0.000611
0.000614
0.000611
0.000613
0.000617
0.000624
0.000621
0.000621
0.000616
0.000614
0.001415
0.001203
0.000619
0.000615
0.000612
0.000625
0.000656
0.000619
0.000626
0.000614
0.000617
0.000610
0.000619
0.000624
0.000614
0.000619
0.000616
0.000613
0.000619
0.000612
0.000617
0.000616
0.000614
0.000617
0.000615
0.000624
0.000617
0.000615
0.000617
0.000621
0.000619
0.000624
0.000613
0.000617
0.000618
0.000616
0.000620
0.000620
0.000620
0.000616
0.000619
0.000612
0.001368
0.000627
0.000619
0.000621
0.000617
0.000614
0.000616
0.000622
0.000615
0.000611
0.000617
0.000617
0.000617
0.000612
0.000624
0.000622
0.000621
0.000620
0.000614
0.000618
0.000620
0.000617
0.000618
0.000621
0.000614
0.000616
0.000617
0.000621
0.000620
0.000619
0.000617
0.000613
0.000615
0.000622
0.000620
0.000610
0.000625
0.000616
0.000617
0.000614
0.000616
0.000616
0.000624
0.000621
0.000619
0.000615
0.000625
0.000617
0.000613
0.000617
0.000614
0.000616
0.000614
0.000622
0.000620
0.000615
0.000621
0.000652
0.001048
0.000614
0.000609
0.000618
0.000611
0.000620
0.000614
0.000627
0.000617
0.000619
0.000622
0.000623
0.000621
0.000618
0.000615
0.000612
0.000619
0.000617
0.000618
0.000619
0.000616
0.000621
0.000614
0.000616
0.000619
0.000624
0.000622
0.000615
0.000618
0.000615
0.000617
0.000610
0.000616
0.000617
0.000620
0.000613
0.000613
0.000619
0.000613
0.000625
0.000618
0.000612
0.000616
0.000616
0.000609
0.000617
0.000620
0.000609
0.000611
0.000615
0.000615
0.000616
0.000615
0.000611
0.000624
0.000619
0.000616
0.000614
0.000613
0.000624
0.000619
0.000614
0.000624
0.000617
0.000621
0.000619
0.000616
0.000614
0.000619
0.000612
0.000624
0.000618
0.000620
0.000622
0.000611
0.000612
0.000618
0.000615
0.000626
0.000616
0.000621
0.000616
0.000619
0.000618
0.000612
0.000618
0.000616
0.000620
0.000614
0.000620
0.000617
0.000622
0.000625
0.000621
0.000623
0.000622
0.000613
0.000624
0.000610
0.000612
0.000615
0.000619
0.000617
0.000619
0.000620
0.000617
0.000621
0.000617
0.000617
0.000613
0.000622
0.000612
0.000617
0.000617
0.000613
0.000619
0.000621
0.000614
0.000619
0.000614
0.000625
0.000612
0.000618
0.000618
0.000620
0.000614
0.000623
0.000618
0.000614
0.000617
0.000629
0.000615
0.000611
0.000615
0.000617
0.000618
0.000618
0.000613
0.000613
0.000611
0.000618
0.000611
0.000616
0.000623
0.000616
0.000617
0.000617
0.000612
0.000618
0.000620
0.000613
0.000627
0.000618
0.000621
0.000617
0.000619
0.000619
0.000626
0.000620
0.000616
0.000615
0.000620
0.000618
0.000621
0.000617
0.000616
0.000620
0.000615
0.000615
0.000620
0.000618
0.000616
0.000626
0.000622
0.000613
0.000625
0.000616
0.000614
0.000621
0.000624
0.000626
0.000620
0.000622
0.000617
0.000625
0.000615
0.000616
0.000620
0.000618
0.000621
0.000620
0.000615
0.000621
0.000620
0.000621
0.000614
0.000611
0.000628
0.000624
0.000621
0.000615
0.000619
0.000621
0.000617
0.000615
0.000620
0.000617
0.000620
0.000617
0.000616
0.000610
0.000623
0.000621
0.000617
0.000630
0.000624
0.000613
0.000619
0.000619
0.000620
0.000626
0.000621
0.000621
0.000618
0.000618
0.000614
0.000616
0.000624
0.000617
0.000618
0.000616
0.000620
0.000622
0.000622
0.000623
0.000619
0.000623
0.000620
0.000616
0.000623
0.000627
0.000618
0.000618
0.000624
0.000616
0.000617
0.000617
0.000618
0.000622
0.000618
0.000614
0.000622
0.000624
0.000615
0.000620
0.000616
0.000615
0.000623
0.000624
0.000618
0.000613
0.000615
0.000616
0.000619
0.000616
0.000620
0.000617
0.000620
0.000616
0.000613
0.000620
0.000619
0.000621
0.000615
0.000620
0.000615
0.000613
0.000616
0.000622
0.000616
0.000618
0.000617
0.000618
0.000619
0.000616
0.000623
0.000614
0.000617
0.000620
0.000619
0.000620
0.000622
0.000624
0.000623
0.000623
0.000616
0.000616
0.000619
0.000625
0.000625
0.000616
0.000625
0.000614
0.000629
0.000627
0.000614
0.000613
0.000613
0.000619
0.000623
0.000623
0.000613
0.000626
0.000615
0.000617
0.000623
0.000619
0.000626
0.000615
0.000618
0.000622
0.000619
0.000616
0.000623
0.000612
0.000617
0.000622
0.000620
0.000620
0.000615
0.000618
0.000619
0.000618
0.000622
0.000615
0.000617
0.000619
0.000616
0.000615
0.000623
0.000624
0.000625
0.000615
0.000624
0.000621
0.000616
0.000620
0.000617
0.000614
0.000621
0.000623
0.000618
0.000619
0.000618
0.000616
0.000622
0.000620
0.000618
0.000615
0.000614
0.000617
0.000621
0.000621
0.000622
0.000617
0.000614
0.000618
0.000619
0.000615
0.000620
0.000616
0.000624
0.000618
0.000618
0.000614
0.000619
0.000622
0.000618
0.000617
0.000616
0.000617
0.000618
0.000622
0.000620
0.000620
0.000618
0.000618
0.000624
0.000624
0.000616
0.000618
0.000616
0.000620
0.000618
0.000618
0.000619
0.000617
0.000621
0.000619
0.000617
0.000621
0.000621
0.000610
0.000609
0.000620
0.000617
0.000618
0.000624
0.000624
0.000617
0.000622
0.000620
0.000620
0.000621
0.000683
0.000622
0.000620
0.000618
0.000620
0.000616
0.000615
0.000616
0.000620
0.000614
0.000614
0.000611
0.000620
0.000628
0.000621
0.000614
0.000618
0.000613
0.000608
0.000621
0.000616
0.000618
0.000616
0.000618
0.000621
0.000619
0.000620
0.000619
0.000617
0.000615
0.000617
0.000622
0.000618
0.000618
0.000609
0.000614
0.000613
0.000619
0.000614
0.000617
0.000612
0.000623
0.000615
0.000621
0.000624
0.000627
0.000613
0.000618
0.000619
0.000618
0.000619
0.000619
0.000618
0.000613
0.000613
0.000618
0.000616
0.000616
0.000621
0.000617
0.000614
0.000623
0.000619
0.000621
0.000623
0.000622
0.000623
0.000618
0.000617
0.000618
0.000618
0.000622
0.000613
0.000617
0.000614
0.000619
0.000621
0.000613
0.000614
0.000617
0.000622
0.000614
0.000625
0.000619
0.000623
0.000613
0.000617
0.000626
0.000620
0.000613
0.000617
0.000621
0.000619
0.000613
0.000619
0.000622
0.000617
0.000625
0.000617
0.000619
0.000616
0.000615
0.000612
0.000625
0.000625
0.000616
0.000616
0.000621
0.000616
0.000623
0.000987
0.000680
0.000620
0.000621
0.000618
0.000628
0.000628
0.000625
0.000623
0.000615
0.000616
0.000616
0.000626
0.000616
0.000615
0.000622
0.000614
0.000621
0.000618
0.000622
0.000616
0.000623
0.000613
0.000619
0.000618
0.000620
0.000621
0.000621
0.000618
0.000619
0.000622
0.000620
0.000623
0.000623
0.000617
0.000622
0.000623
0.000620
0.000619
0.000625
0.000622
0.000620
0.000619
0.000621
0.000622
0.000619
0.000619
0.000622
0.000616
0.000613
0.000623
0.000625
0.000619
0.000624
0.000613
0.000618
0.000619
0.000618
0.000619
0.000620
0.000617
0.000625
0.000620
0.000622
0.000620
0.000612
0.000618
0.000621
0.000624
0.000614
0.000626
0.000621
0.000622
0.000613
0.000615
0.000621
0.000630
0.000614
0.000621
0.000613
0.000613
0.000619
0.000624
0.000619
0.000618
0.000617
0.000619
0.000621
0.000618
0.000627
0.000613
0.000618
0.000615
0.000620
0.000616
0.000614
0.001090
0.000618
0.000619
0.000619
0.000616
0.000618
0.000618
0.000624
0.000619
0.000619
0.000617
0.000618
0.000620
0.000616
0.000621
0.000620
0.000612
0.000610
0.000620
0.000622
0.000617
0.000614
0.000614
0.000614
0.000618
0.000628
0.000623
0.000624
0.000611
0.000624
0.000623
0.000619
0.000616
0.000623
0.000614
0.000622
0.000612
0.000616
0.000620
0.000617
0.000617
0.000626
0.000616
0.000616
0.000618
0.000615
0.000620
0.000613
0.000621
0.000618
0.000611
0.000619
0.000614
0.000619
0.000622
0.000620
0.000616
0.000627
0.000616
0.000621
0.000618
0.000616
0.000622
0.000612
0.000623
0.000621
0.000621
0.000617
0.000619
0.000615
0.000616
0.000622
0.000619
0.000613
0.000614
0.000617
0.000615
0.000626
0.000611
0.000615
0.000615
0.000613
0.000617
0.000615
0.000610
0.000619
0.000615
0.000614
0.000610
0.000618
0.000626
0.000606
0.000617
0.000615
0.000610
0.000617
0.000623
0.000620
0.000608
0.000628
0.000616
0.000622
0.000617
0.000621
0.000614
0.000623
0.000621
0.000613
0.000608
0.000617
0.000617
0.000615
0.000612
0.000617
0.000616
0.000619
0.000611
0.000617
0.000619
0.000614
0.000617
0.000618
0.000614
0.000619
0.000616
0.000618
0.000613
0.000617
0.000621
0.000611
0.000618
0.000615
0.000618
0.000611
0.000620
0.000623
0.000620
0.000617
0.000618
0.000614
0.000619
0.000617
0.000616
0.000618
0.000617
0.000613
0.000616
0.000619
0.000619
0.000618
0.000617
0.000614
0.000623
0.000613
0.000617
0.000615
0.000620
0.000613
0.000611
0.000615
0.000613
0.000615
0.000618
0.000618
0.000614
0.000616
0.000613
0.000611
0.000614
0.000617
0.000623
0.000610
0.000624
0.000616
0.000615
0.000623
0.000616
0.000608
0.000616
0.000620
0.000617
0.000621
0.000612
0.000616
0.000614
0.000615
0.000613
0.000625
0.000617
0.000612
0.000618
0.000616
0.000620
0.000627
0.000613
0.000615
0.000622
0.000619
0.000620
0.000622
0.000620
0.000612
0.000622
0.000611
0.000617
0.000614
0.000615
0.000618
0.000611
0.000617
0.000614
0.000619
0.000616
0.000611
0.000616
0.000618
0.000621
0.000616
0.000613
0.000620
0.000617
0.000621
0.000616
0.000613
0.000612
0.000617
0.000619
0.000613
0.000614
0.000611
0.000617
0.000613
0.000616
0.000613
0.000620
0.000620
0.000617
0.000613
0.000615
0.000620
0.000614
0.000619
0.000614
0.000619
0.000616
0.000627
0.000620
0.000617
0.000615
0.000615
0.000613
0.000619
0.000617
0.000619
0.000621
0.000621
0.000620
0.000619
0.000622
0.000611
0.000622
0.000622
0.000614
0.000626
0.000623
0.000613
0.000619
0.000616
0.000625
0.000611
0.000614
0.000627
0.000613
0.000615
0.000622
0.000617
0.000617
0.000617
0.000617
0.000620
0.000616
0.000618
0.000615
0.000618
0.000624
0.000615
0.000615
0.000613
0.000615
0.000615
0.000626
0.000618
0.000614
0.000624
0.000618
0.000614
0.000620
0.000618
0.000612
0.000617
0.000611
0.000611
0.000617
0.000619
0.000618
0.000609
0.000619
0.000620
0.000615
0.000611
0.000621
0.000618
0.000621
0.000613
0.000616
0.000617
0.000647
0.000615
0.000615
0.000613
0.000614
0.000608
0.000614
0.000615
