0.500863
0.646983
0.648040
0.650258
0.649921
0.652348
0.674187
0.673816
0.665525
0.656339
0.663515
0.650970
0.652348
0.660642
0.673140
0.657287
0.660774
0.656313
0.658698
0.645695
0.645662
0.685862
0.680034
0.668469
0.667718
0.664092
0.658245
0.654931
0.668893
0.667049
0.655889
0.653856
0.660329
0.652992
0.652375
0.642375
0.670332
0.668644
0.665956
0.659850
0.663239
0.664047
0.656486
0.664339
0.691615
0.676335
0.659050
0.661979
0.657587
0.658772
0.656467
0.687381
0.681377
0.678508
0.668956
0.650416
0.657791
0.653123
0.669526
0.677868
0.669124
0.666049
0.661363
0.658487
0.656030
0.653252
0.684803
0.676115
0.664415
0.660282
0.655387
0.654055
0.650006
0.658895
0.687163
0.672383
0.668124
0.667469
0.652124
0.659699
0.653816
0.660720
0.663915
0.657565
0.658584
0.661727
0.657209
0.649424
0.651119
0.700008
0.672933
0.671506
0.658008
0.627916
0.654780
0.649639
0.681500
0.684723
0.670098
0.660778
0.659961
0.660087
0.655094
0.641572
0.684338
0.661181
0.638030
0.657841
0.654187
0.643290
0.649868
0.670855
0.692142
0.671060
0.664160
0.666296
0.658367
0.663224
0.657151
0.700381
0.667080
0.659339
0.652151
0.654244
0.651492
0.645725
0.658984
0.681726
0.670928
0.651063
0.659458
0.660338
0.653377
0.655530
0.658374
0.656515
0.645625
0.649842
0.643446
0.645830
0.640183
0.658268
0.660763
0.664171
0.655271
0.661524
0.659763
0.633028
0.647950
0.676781
0.663967
0.659648
0.648358
0.641860
0.626014
0.648506
0.642830
0.689647
0.671125
0.659059
0.663114
0.661195
0.638621
0.654088
0.687377
0.683071
0.669083
0.667651
0.654744
0.659326
0.654702
0.654938
0.672062
0.680649
0.672375
0.663949
0.669004
0.660133
0.655569
0.666374
0.679092
0.668875
0.660052
0.654902
0.656233
0.646761
0.651380
0.672103
0.655473
0.654405
0.654479
0.647308
0.652040
0.648478
0.657696
0.681911
0.671622
0.658142
0.656818
0.656601
0.643733
0.647386
0.655108
0.672336
0.665172
0.656064
0.659588
0.660875
0.644420
0.649131
0.693912
0.673997
0.672441
0.662124
0.661631
0.652345
0.658952
0.675364
0.683298
0.676501
0.673787
0.674021
0.666549
0.668505
0.658406
0.685071
0.669388
0.666748
0.660654
0.653670
0.652831
0.651504
0.674305
0.679820
0.667503
0.656332
0.652616
0.647721
0.648149
0.651377
0.675318
0.666548
0.672924
0.663805
0.653231
0.658363
0.652998
0.660834
0.686612
0.649231
0.656524
0.658294
0.656818
0.652687
0.641763
0.664630
0.658329
0.636547
0.654810
0.655203
0.655674
0.649922
0.663871
0.678121
0.668771
0.664636
0.669660
0.660084
0.654974
0.655260
0.678241
0.662633
0.652385
0.659207
0.661065
0.649780
0.655457
0.653460
0.688292
0.663070
0.652620
0.656207
0.658783
0.656181
0.631269
0.685570
0.675220
0.661414
0.666547
0.656620
0.657710
0.652746
0.625148
0.686811
0.666938
0.653030
0.657215
0.659979
0.649241
0.643206
0.669071
0.678495
0.668802
0.658926
0.657378
0.654696
0.644022
0.654203
0.682049
0.672020
0.658489
0.655663
0.645287
0.651819
0.653884
0.659832
0.682747
0.666179
0.658745
0.631847
0.649379
0.649665
0.636095
0.671730
0.669634
0.667988
0.659555
0.662069
0.660645
0.648874
0.646620
0.690138
0.667247
0.664233
0.651706
0.659775
0.659629
0.649221
0.659908
0.687021
0.672609
0.667246
0.650677
0.654270
0.653002
0.649904
0.681946
0.672114
0.648179
0.661450
0.659298
0.658286
0.658172
0.641939
0.690106
0.660335
0.661729
0.660315
0.661540
0.653307
0.647717
0.673228
0.691571
0.680714
0.672166
0.660086
0.650262
0.654272
0.670369
0.675158
0.671988
0.657020
0.658764
0.660639
0.659456
0.644394
0.683239
0.688793
0.665420
0.651823
0.653513
0.659684
0.658887
0.660649
0.682617
0.671022
0.664298
0.657832
0.649708
0.648478
0.654498
0.674800
0.656675
0.664235
0.647544
0.644836
0.662440
0.662123
0.654630
0.675905
0.638348
0.664544
0.659049
0.669558
0.663923
0.658307
0.652651
0.671624
0.660458
0.658664
0.654268
0.657426
0.648375
0.656927
0.680443
0.661298
0.665029
0.658974
0.652750
0.655128
0.638763
0.660548
0.680222
0.669635
0.661187
0.652420
0.657863
0.645210
0.648563
0.666791
0.674554
0.663476
0.658013
0.650140
0.652990
0.652790
0.645745
0.708450
0.670287
0.656478
0.658708
0.642077
0.637830
0.649583
0.660875
0.658141
0.654440
0.655747
0.654977
0.653629
0.654390
0.647343
0.660040
0.656010
0.658410
0.656163
0.652020
0.642230
0.644474
0.668283
0.679376
0.648132
0.647597
0.655278
0.643553
0.651327
0.645376
0.653824
0.660616
0.654388
0.637958
0.650004
0.648031
0.644330
0.643173
0.678529
0.665048
0.664633
0.645835
0.653377
0.652241
0.647682
0.650571
0.680596
0.668996
0.666691
0.659468
0.651713
0.655767
0.641168
0.657038
0.659453
0.651832
0.659161
0.665635
0.657320
0.652580
0.631585
0.696548
0.657872
0.653240
0.649730
0.644852
0.654164
0.653574
0.651775
0.683479
0.670444
0.664891
0.642218
0.650638
0.649210
0.646978
0.666990
0.653901
0.660765
0.654253
0.656394
0.651342
0.642374
0.645593
0.669515
0.654689
0.650633
0.637208
0.637299
0.639182
0.637176
0.657596
0.665293
0.664192
0.651930
0.655732
0.653867
0.646555
0.643226
0.673407
0.662656
0.646269
0.652463
0.658852
0.646491
0.650993
0.664941
0.675153
0.670094
0.661714
0.642016
0.654045
0.647428
0.642816
0.661111
0.654974
0.636083
0.660007
0.650907
0.647881
0.643380
0.642387
0.684189
0.662464
0.655185
0.655400
0.652552
0.641556
0.645996
0.654354
0.665492
0.660238
0.655934
0.653714
0.655222
0.646978
0.646519
0.677585
0.665418
0.657419
0.659276
0.647165
0.650632
0.651712
0.651600
0.677167
0.658489
0.652243
0.656042
0.648485
0.641585
0.639172
0.668550
0.656096
0.661616
0.641446
0.650997
0.641366
0.641669
0.630462
0.669720
0.654486
0.656209
0.644324
0.646507
0.630730
0.644592
0.634285
0.682684
0.655662
0.652985
0.655282
0.652274
0.637414
0.635722
0.635775
0.664606
0.654635
0.659228
0.653259
0.643007
0.642376
0.651176
0.680307
0.676026
0.669099
0.655655
0.651328
0.641618
0.647622
0.644192
0.661692
0.655212
0.659466
0.661558
0.667968
0.660960
0.650971
0.663328
0.683936
0.658905
0.661960
0.650352
0.655830
0.653073
0.648072
0.672443
0.668907
0.651578
0.652820
0.646248
0.650631
0.645324
0.660790
0.676823
0.651308
0.647489
0.649439
0.638114
0.640378
0.647381
0.651300
0.671826
0.668749
0.652314
0.658510
0.653946
0.636214
0.650826
0.669162
0.661164
0.663080
0.651365
0.653940
0.648151
0.650091
0.658708
0.681473
0.665985
0.667292
0.658768
0.657241
0.655565
0.642507
0.671538
0.677667
0.675574
0.650968
0.636034
0.644997
0.653389
0.644006
0.702169
0.675629
0.664666
0.665731
0.654544
0.631566
0.651413
0.685590
0.666685
0.670077
0.658024
0.649251
0.639032
0.651224
0.650876
0.693590
0.674639
0.658448
0.660088
0.652651
0.649801
0.650919
0.670625
0.672245
0.660974
0.657480
0.657619
0.638943
0.649940
0.655647
0.694450
0.669782
0.670663
0.658576
0.673187
0.659048
0.659941
0.668966
0.667297
0.663836
0.663059
0.659354
0.645346
0.653712
0.652999
0.698172
0.671480
0.663747
0.663999
0.652990
0.655887
0.647415
0.659571
0.682882
0.667338
0.653943
0.657244
0.655857
0.646187
0.639500
0.673930
0.672000
0.650151
0.655686
0.641361
0.645213
0.653574
0.648374
0.672731
0.664207
0.661650
0.656609
0.656542
0.645860
0.630009
0.647212
0.677687
0.675047
0.663112
0.669808
0.670936
0.648869
0.657703
0.678144
0.675147
0.673036
0.666559
0.657873
0.650740
0.654389
0.679328
0.681992
0.673924
0.667349
0.664929
0.665335
0.660390
0.658898
0.686866
0.650033
0.660180
0.651831
0.659927
0.657385
0.654413
0.658863
0.678634
0.663601
0.655194
0.658152
0.658919
0.658476
0.651604
0.661641
0.666285
0.661364
0.657444
0.654897
0.644873
0.650858
0.658465
0.670091
0.653058
0.653262
0.670536
0.664717
0.655820
0.657120
0.686820
0.675469
0.664156
0.659572
0.659254
0.655077
0.640280
0.645997
0.689460
0.666994
0.663596
0.662751
0.659651
0.658272
0.652767
0.669968
0.676287
0.667465
0.662666
0.663371
0.637727
0.650471
0.647654
0.669156
0.673357
0.665794
0.656215
0.653136
0.655818
0.641887
0.666626
0.685456
0.665457
0.667145
0.642602
0.646956
0.651446
0.641570
0.680035
0.669222
0.665121
0.661135
0.660287
0.651851
0.652161
0.654964
0.691013
0.676783
0.667373
0.663904
0.658911
0.657126
0.640503
0.679409
0.673914
0.652982
0.656662
0.654651
0.648928
0.645487
0.651359
0.669187
0.662052
0.657119
0.652313
0.649091
0.648214
0.639011
0.658192
0.670688
0.641670
0.653677
0.647694
0.647658
0.650278
0.635281
0.696387
0.678780
0.671745
0.666128
0.656061
0.646604
0.653830
0.661507
0.672576
0.661529
0.658390
0.650029
0.663330
0.658281
0.651418
0.679877
0.680985
0.672386
0.665442
0.638099
0.653450
0.645943
0.658607
0.670420
0.666013
0.664208
0.642963
0.650055
0.651420
0.641765
0.669948
0.691982
0.673438
0.668552
0.646660
0.646991
0.652617
0.651324
0.684349
0.653465
0.658760
0.652800
0.655674
0.651748
0.654910
0.654110
0.671087
0.655281
0.654236
0.654034
0.633431
0.654283
0.650620
0.668121
0.661516
0.650438
0.648403
0.641990
0.653780
0.647306
0.639210
0.672227
0.631277
0.660385
0.654507
0.650275
0.651512
0.650602
0.660450
0.681896
0.692356
0.686827
0.691608
0.676079
0.671127
0.660446
0.698159
0.675907
0.661778
0.657223
0.646218
0.644587
0.646971
0.646757
0.658814
0.664836
0.646273
0.652454
0.643943
0.653441
0.638533
0.636197
0.658283
0.657177
0.652450
0.655974
0.645512
0.633977
0.645746
0.683322
0.655548
0.659693
0.642319
0.663575
0.648136
0.651960
0.666054
0.659738
0.655088
0.653617
0.649209
0.638554
0.646304
0.642752
0.672309
0.652119
0.652645
0.659112
0.633410
0.651024
0.650000
0.640870
0.690882
0.679489
0.668916
0.638235
0.648421
0.651298
0.645794
0.673061
0.671761
0.660856
0.657367
0.658733
0.648402
0.657308
0.649690
0.682143
0.667076
0.664556
0.666230
0.657062
0.655719
0.645568
0.660216
0.677976
0.655618
0.664738
0.658403
0.662114
0.657661
0.646005
0.666447
0.670806
0.660944
0.649030
0.643095
0.647922
0.649907
0.659813
0.680619
0.658680
0.660364
0.625112
0.652470
0.648245
0.645987
0.654523
0.671875
0.656322
0.654960
0.653918
0.644813
0.646995
0.641928
0.685790
0.630679
0.652963
0.655417
0.644988
0.649660
0.650578
0.657211
0.680348
0.664465
0.658696
0.645668
0.652216
0.649605
0.647777
0.680453
0.672130
0.659108
0.658237
0.671424
0.665526
0.662127
0.660880
0.686312
0.671252
0.658862
0.655826
0.654398
0.646436
0.643806
0.667336
0.682495
0.662972
0.657826
0.653658
0.652794
0.627298
0.648086
0.678099
0.676624
0.648590
0.647658
0.655635
0.649998
0.643086
0.675114
0.680877
0.666561
0.662677
0.658068
0.658851
0.645406
0.651348
0.676790
0.678202
0.662794
0.663519
0.660744
0.648904
0.646341
0.646086
0.688326
0.672030
0.657234
0.647368
0.660103
0.640639
0.651608
0.675010
0.682405
0.664052
0.651349
0.651522
0.652197
0.649960
0.640262
0.693020
0.678300
0.661479
0.661315
0.646715
0.651804
0.643798
0.660122
0.684987
0.675414
0.667056
0.629495
0.649912
0.646550
0.623369
0.688797
0.659339
0.656740
0.657751
0.641177
0.652090
0.649166
0.658325
0.684708
0.652767
0.658307
0.654732
0.650764
0.640507
0.650559
0.670664
0.671787
0.628389
0.649669
0.666597
0.655807
0.626228
0.649928
0.675560
0.666059
0.650889
0.654741
0.651627
0.645901
0.647875
0.658492
0.671902
0.653860
0.657250
0.654683
0.647669
0.651364
0.637541
0.650455
0.668791
0.660339
0.650234
0.656974
0.656809
0.638850
0.645965
0.686845
0.667247
0.664625
0.656479
0.654795
0.655889
0.628517
0.665158
0.677424
0.672827
0.641583
0.650256
0.644193
0.651852
0.651255
0.666283
0.666846
0.664386
0.655861
0.667215
0.657018
0.638003
0.653964
0.667097
0.653853
0.658215
0.655329
0.641456
0.641631
0.640904
0.668819
0.660807
0.657612
0.655899
0.649847
0.633884
0.652216
0.646066
0.664550
0.655947
0.624033
0.652265
0.641863
0.638331
0.643000
0.663709
0.675628
0.656652
0.657452
0.651223
0.655917
0.654209
0.644332
0.670148
0.667591
0.660180
0.645032
0.650171
0.645935
0.641867
0.651519
0.681315
0.663571
0.663579
0.647989
0.668756
0.659390
0.653177
0.662823
0.678170
0.676639
0.658568
0.649964
0.655716
0.655942
0.633436
0.677252
0.669607
0.645923
0.649274
0.656987
0.642755
0.652212
0.646115
0.682564
0.663302
0.651747
0.656713
0.648169
0.647395
0.642079
0.656424
0.670717
0.663968
0.659225
0.657781
0.647246
0.650866
0.644943
0.686247
0.658511
0.659239
0.655113
0.657821
0.652506
0.652708
0.665105
0.667137
0.667104
0.657169
0.659724
0.656055
0.657714
0.653276
0.673963
0.664597
0.672976
0.665798
0.646760
0.652659
0.646918
0.659309
0.680725
0.674894
0.674156
0.664314
0.666925
0.659350
0.658872
0.681810
0.673892
0.670715
0.658936
0.654524
0.650940
0.654092
0.640586
0.691558
0.666290
0.663691
0.662253
0.663878
0.659321
0.645002
0.681902
0.670057
0.657875
0.648844
0.656552
0.657439
0.649391
0.652393
0.689350
0.643237
0.656107
0.654679
0.669229
0.656354
0.658764
0.670423
0.678490
0.662682
0.658655
0.656727
0.657578
0.657842
0.657977
0.679814
0.675858
0.674912
0.670407
0.655448
0.644146
0.661434
0.673205
0.674029
0.672013
0.672833
0.665914
0.667004
0.661420
0.654898
0.695502
0.682965
0.676817
0.669759
0.664183
0.659708
0.656399
0.673866
0.688412
0.670745
0.662694
0.662895
0.652106
0.649183
0.651254
0.684948
0.675294
0.659209
0.649176
0.659816
0.661392
0.655910
0.667247
0.667584
0.674546
0.660217
0.656691
0.653857
0.653144
0.647991
0.676732
0.672740
0.659956
0.651578
0.654957
0.645377
0.643515
0.646783
0.663622
0.657181
0.658193
0.649061
0.652235
0.647617
0.640480
0.674316
0.665184
0.667759
0.655494
0.652302
0.647224
0.641678
0.649569
0.694057
0.677064
0.661664
0.657300
0.659624
0.657649
0.647748
0.671717
0.677601
0.662575
0.659867
0.664639
0.664400
0.656855
0.653534
0.696483
0.668609
0.659151
0.655116
0.655954
0.653192
0.643414
0.646698
0.674330
0.656256
0.645815
0.634297
0.647137
0.639276
0.633760
0.672394
0.676779
0.661293
0.653590
0.638381
0.643207
0.644618
0.631322
0.685979
0.662281
0.659220
0.642451
0.646503
0.637924
0.639842
0.643179
0.674982
0.653920
0.650403
0.649403
0.644413
0.630811
0.641467
0.655514
0.666995
0.651876
0.650530
0.636995
0.648411
0.644660
0.630441
0.667240
0.660235
0.649465
0.647091
0.636026
0.635813
0.640400
0.647234
0.649785
0.651678
0.646378
0.647481
0.632342
0.641390
0.640694
0.655474
0.674280
0.660693
0.647669
0.640468
0.647571
0.636922
0.629686
0.683055
0.665938
0.661618
0.660735
0.650509
0.653725
0.647603
0.658367
0.701010
0.681330
0.654527
0.664190
0.651519
0.653076
0.656655
0.660252
0.671792
0.660841
0.651909
0.668435
0.664383
0.659770
0.654217
0.687122
0.670701
0.660364
0.656927
0.650049
0.649352
0.651448
0.666825
0.674741
0.669449
0.657403
0.653225
0.644717
0.650552
0.645549
0.676228
0.664001
0.664252
0.651420
0.656642
0.653975
0.649734
0.652071
0.663701
0.658985
0.647597
0.649944
0.652271
0.652550
0.640081
0.658295
0.663243
0.658579
0.659754
0.657125
0.629483
0.647247
0.649378
0.674250
0.658765
0.660548
0.653541
0.665774
0.659759
0.653747
0.652045
0.679071
0.657747
0.666792
0.661952
0.650755
0.653467
0.646519
0.658383
0.659517
0.658781
0.626423
0.651508
0.643879
0.650965
0.659753
0.673140
0.655107
0.642443
0.654241
0.648770
0.639561
0.645953
0.652808
0.672588
0.650798
0.655661
0.643600
0.651269
0.653244
0.639018
0.682797
0.670251
0.667754
0.654080
0.658914
0.650656
0.653163
0.661600
0.676959
0.667411
0.666003
0.666029
0.663578
0.639876
0.647992
0.669178
0.676233
0.650786
0.653079
0.655297
0.652381
0.651046
0.648316
0.692121
0.671141
0.668454
0.660800
0.658696
0.650220
0.651622
0.666681
0.668538
0.652895
0.654369
0.654997
0.645692
0.642402
0.634285
0.694866
0.669650
0.671274
0.658379
0.661893
0.661860
0.653198
0.663238
0.685658
0.676237
0.664427
0.651754
0.655740
0.658768
0.633249
0.693980
0.671718
0.670143
0.656696
0.679878
0.651731
0.659813
0.651682
0.681723
0.645734
0.653041
0.652051
0.653879
0.648343
0.648078
0.669091
0.676735
0.671570
0.661507
0.668959
0.653271
0.659169
0.661022
0.690329
0.670137
0.654026
0.661473
0.656094
0.651944
0.657768
0.676518
0.654989
0.670674
0.655253
0.650005
0.655687
0.660115
0.648589
0.682024
0.658170
0.658294
0.661519
0.648248
0.658691
0.651663
0.659886
0.679576
0.665191
0.657477
0.661186
0.665253
0.649543
0.655501
0.681424
0.668753
0.670471
0.670256
0.661900
0.659856
0.658534
0.672765
0.681729
0.684031
0.651060
0.666066
0.660414
0.648659
0.653286
0.671337
0.664838
0.670358
0.665467
0.663446
0.655953
0.654725
0.655061
0.680910
0.662788
0.659810
0.655503
0.642920
0.652346
0.656626
0.683522
0.682487
0.676815
0.668761
0.668082
0.662025
0.660752
0.666971
0.690843
0.677536
0.673957
0.664708
0.656985
0.655791
0.655568
0.691161
0.691100
0.668629
0.661797
0.659203
0.656024
0.649413
0.652328
0.677241
0.659615
0.665013
0.654195
0.635640
0.650088
0.656207
0.686465
0.672184
0.661448
0.654962
0.657905
0.656389
0.653708
0.654250
0.687484
0.672428
0.667175
0.653817
0.651725
0.652468
0.650646
0.671492
0.682942
0.672527
0.666165
0.642093
0.651794
0.653927
0.661692
0.695006
0.666802
0.660604
0.659116
0.661437
0.658196
0.661764
0.665281
0.687476
0.679532
0.666028
0.661517
0.653564
0.654295
0.648217
0.687456
0.665358
0.662905
0.657500
0.656696
0.647551
0.647042
0.648930
0.684484
0.668058
0.658990
0.642555
0.645996
0.650869
0.650437
0.692981
0.676744
0.656719
0.634301
0.658679
0.654736
0.656017
0.650493
0.681727
0.664250
0.663256
0.648015
0.646840
0.656309
0.648319
0.664817
0.671497
0.670639
0.667175
0.674422
0.659479
0.663959
0.667255
0.676855
0.684364
0.671771
0.656593
0.662725
0.661250
0.657409
0.675092
0.694979
0.674060
0.666103
0.655238
0.660197
0.651483
0.664299
0.699755
0.673671
0.657986
0.648118
0.649241
0.645687
0.648509
0.671957
0.685405
0.674811
0.638309
0.659015
0.657003
0.654462
0.650828
0.689765
0.668632
0.660752
0.660942
0.653222
0.649580
0.643299
0.680463
0.662072
0.657379
0.645657
0.658667
0.646795
0.653320
0.639502
0.680073
0.663887
0.656205
0.659430
0.659429
0.655393
0.649723
0.670278
0.680027
0.662420
0.656650
0.653924
0.644908
0.648894
0.636726
0.684997
0.667759
0.655603
0.658742
0.643446
0.649451
0.643722
0.647871
0.668863
0.649695
0.641094
0.646867
0.649171
0.649756
0.649718
0.671859
0.663555
0.658441
0.647668
0.644009
0.650229
0.647869
0.646479
0.666002
0.668306
0.668675
0.645477
0.646515
0.647737
0.648983
0.649533
0.683938
0.673826
0.657024
0.663274
0.632281
0.648166
0.643658
0.661542
0.668634
0.665808
0.658412
0.658621
0.635939
0.646007
0.648396
0.692552
0.663685
0.651463
0.645060
0.647545
0.654091
0.652277
0.647733
0.671843
0.663171
0.660157
0.658760
0.657147
0.648509
0.628086
0.681835
0.667610
0.663224
0.649864
0.658073
0.639297
0.649106
0.651900
0.691296
0.667849
0.668421
0.662793
0.660212
0.658163
