0.021219
0.017086
0.016682
0.016513
0.016513
0.016538
0.016528
0.016580
0.016597
0.016526
0.016563
0.016518
0.016528
0.016553
0.016537
0.016520
0.016512
0.016499
0.016515
0.016554
0.016532
0.016507
0.016608
0.016618
0.016514
0.016557
0.016519
0.016520
0.016517
0.016528
0.016879
0.016641
0.016579
0.016533
0.016512
0.016663
0.016536
0.016580
0.016667
0.016535
0.016523
0.016501
0.016538
0.016576
0.016529
0.016562
0.016503
0.016515
0.016522
0.016568
0.016507
0.016523
0.016507
0.016612
0.016594
0.016549
0.016515
0.016525
0.016507
0.016500
0.016519
0.016575
0.016516
0.016530
0.016518
0.016497
0.016519
0.016631
0.017270
0.018809
0.017900
0.017647
0.017466
0.017608
0.017437
0.016892
0.016798
0.016727
0.016925
0.017063
0.016652
0.016644
0.016959
0.016678
0.016709
0.016665
0.016621
0.016647
0.016531
0.016506
0.016594
0.016571
0.016530
0.016564
0.016522
0.016586
0.016543
0.016677
0.016507
0.016542
0.016519
0.016530
0.016522
0.016697
0.016580
0.016496
0.016506
0.016523
0.016623
0.016599
0.016507
0.016596
0.016513
0.016514
0.016661
0.016562
0.016521
0.016517
0.016657
0.016547
0.016540
0.016560
0.016506
0.016525
0.016550
0.016520
0.016648
0.016591
0.016516
0.016518
0.016491
0.016503
0.016506
0.016557
0.016499
0.016524
0.016518
0.016517
0.016539
0.016527
0.016524
0.016598
0.016576
0.016582
0.016759
0.016572
0.016530
0.016509
0.016564
0.016700
0.016530
0.016572
0.016519
0.016517
0.016524
0.016583
0.016811
0.016605
0.016523
0.016507
0.016532
0.016607
0.016534
0.016547
0.016505
0.016528
0.016512
0.016525
0.016512
0.016556
0.016511
0.016583
0.016513
0.016518
0.016577
0.016713
0.016560
0.016522
0.016503
0.016583
0.016591
0.016554
0.016510
0.016497
0.016519
0.016541
0.016737
0.016549
0.016512
0.016523
0.016531
0.016519
0.016506
0.016568
0.016527
0.016567
0.016600
0.016523
0.016556
0.016564
0.016853
0.016905
0.016530
0.016524
0.016510
0.016558
0.016501
0.016523
0.016524
0.016516
0.016508
0.016558
0.016506
0.016513
0.016514
0.016623
0.016577
0.016575
0.016499
0.016507
0.016521
0.016534
0.016519
0.016513
0.016567
0.016510
0.016647
0.016524
0.016518
0.016553
0.016865
0.016665
0.016515
0.016506
0.016518
0.016516
0.016551
0.016501
0.016502
0.016522
0.016588
0.016527
0.016563
0.016515
0.016577
0.017089
0.016512
0.016522
0.016589
0.016502
0.016514
0.016542
0.016518
0.016507
0.016554
0.016512
0.016523
0.016523
0.016526
0.016526
0.016707
0.016514
0.016497
0.016635
0.016577
0.016570
0.016549
0.016517
0.016510
0.016523
0.016516
0.016525
0.016549
0.016519
0.016578
0.016555
0.016634
0.016538
0.016584
0.016520
0.016509
0.016519
0.016526
0.016511
0.016558
0.016496
0.016520
0.016529
0.016706
0.016717
0.016581
0.016526
0.016526
0.016538
0.016532
0.016542
0.016556
0.016510
0.016531
0.016509
0.016511
0.016591
0.016564
0.016536
0.016601
0.016528
0.016535
0.016527
0.016659
0.016525
0.016518
0.016509
0.016513
0.016518
0.016542
0.016521
0.016533
0.016507
0.016527
0.016630
0.016634
0.016527
0.016509
0.016521
0.016517
0.016541
0.016579
0.016522
0.016516
0.016506
0.016523
0.016517
0.016558
0.016520
0.016598
0.016566
0.016503
0.016580
0.016554
0.016533
0.016520
0.016527
0.016516
0.016510
0.016571
0.016513
0.016513
0.016524
0.016504
0.016693
0.016643
0.016529
0.016532
0.016528
0.016500
0.016503
0.016595
0.016520
0.016516
0.016519
0.016543
0.016502
0.016618
0.016572
0.016527
0.016504
0.016536
0.016517
0.016528
0.016561
0.018662
0.019024
0.017677
0.017424
0.017508
0.017486
0.017409
0.017271
0.017534
0.017400
0.017598
0.017364
0.017317
0.017368
0.017280
0.017363
0.017362
0.017314
0.017236
0.017267
0.017345
0.017379
0.017359
0.017251
0.017274
0.017253
0.017308
0.017392
0.017301
0.017264
0.017258
0.017302
0.017302
0.017301
0.017270
0.017323
0.017369
0.017264
0.017295
0.017319
0.017244
0.017206
0.017260
0.017265
0.017284
0.017113
0.016620
0.016573
0.016616
0.016626
0.016839
0.016646
0.016773
0.016600
0.016624
0.016683
0.016633
0.016647
0.016656
0.016584
0.016657
0.016695
0.016667
0.016638
0.016675
0.016722
0.016649
0.016656
0.016738
0.016711
0.016732
0.016711
0.016648
0.016632
0.016665
0.016631
0.016662
0.016581
0.016851
0.016629
0.016757
0.016614
0.016624
0.016574
0.016619
0.016696
0.016668
0.016650
0.016643
0.016572
0.016723
0.016623
0.016643
0.016618
0.016632
0.016647
0.016631
0.016663
0.016649
0.016626
0.016631
0.016580
0.016612
0.016646
0.016605
0.016664
0.016657
0.016592
0.016660
0.016729
0.016705
0.016792
0.016738
0.016657
0.016720
0.016710
0.016759
0.016767
0.016719
0.016602
0.016619
0.016648
0.016627
0.016639
0.016700
0.016575
0.016625
0.016618
0.016668
0.016652
0.016639
0.016565
0.016633
0.016604
0.016646
0.016621
0.016611
0.016649
0.016679
0.016727
0.016610
0.016646
0.016591
0.016590
0.016609
0.016727
0.016598
0.016682
0.016666
0.016580
0.016650
0.016654
0.016663
0.016782
0.016689
0.016584
0.016652
0.016684
0.016650
0.016764
0.016665
0.016602
0.016666
0.016652
0.016668
0.016689
0.016626
0.016560
0.016726
0.016690
0.016600
0.016768
0.016652
0.016600
0.016666
0.016659
0.016650
0.016681
0.016648
0.016588
0.016657
0.016655
0.016665
0.016780
0.016694
0.016601
0.016664
0.016668
0.016646
0.016700
0.016634
0.016570
0.016621
0.016610
0.016600
0.016658
0.016627
0.016573
0.016753
0.016633
0.016595
0.016676
0.016610
0.016587
0.016608
0.016706
0.016599
0.016686
0.016660
0.016596
0.016641
0.016647
0.016692
0.016682
0.016661
0.016567
0.016632
0.016604
0.016563
0.016654
0.016625
0.016567
0.016585
0.016621
0.016598
0.016651
0.016583
0.016699
0.016629
0.016603
0.016622
0.016664
0.016713
0.016608
0.016655
0.016639
0.016667
0.016772
0.016621
0.016611
0.016642
0.016626
0.016754
0.016693
0.016651
0.016618
0.016653
0.016621
0.016684
0.016699
0.016599
0.016606
0.016617
0.016565
0.016653
0.016665
0.016580
0.016693
0.016611
0.016590
0.016660
0.016675
0.016557
0.016639
0.016610
0.016676
0.016674
0.016667
0.016600
0.016645
0.016648
0.016644
0.016753
0.016648
0.016626
0.016629
0.016685
0.016550
0.016614
0.016655
0.016553
0.016660
0.016619
0.016587
0.016684
0.016649
0.016655
0.016621
0.016619
0.016568
0.016650
0.016673
0.016654
0.016688
0.016660
0.016585
0.016719
0.016705
0.017997
0.018844
0.017495
0.017526
0.017644
0.017372
0.017106
0.016983
0.016749
0.016769
0.017119
0.017077
0.017042
0.017004
0.016835
0.016613
0.016923
0.017035
0.016781
0.016727
0.016710
0.016650
0.016865
0.016815
0.016667
0.016687
0.016776
0.016768
0.016850
0.016745
0.016781
0.016659
0.016889
0.016718
0.016817
0.016751
0.016742
0.016647
0.016732
0.016760
0.016808
0.016701
0.016682
0.016598
0.016697
0.017203
0.017271
0.017263
0.017201
0.017242
0.017143
0.017263
0.017282
0.016895
0.016723
0.016602
0.016586
0.016625
0.016639
0.016558
0.016633
0.016704
0.016602
0.016613
0.016647
0.016554
0.016618
0.016649
0.016599
0.016650
0.016622
0.016567
0.016622
0.016608
0.016606
0.016673
0.016748
0.016608
0.016654
0.016839
0.016590
0.016622
0.016637
0.016587
0.016630
0.016615
0.016651
0.016609
0.016644
0.016562
0.016710
0.016635
0.016647
0.016624
0.016657
0.016584
0.016676
0.016658
0.016627
0.016648
0.016739
0.016567
0.016678
0.016655
0.016580
0.016742
0.016701
0.016583
0.016647
0.016642
0.016590
0.016640
0.016663
0.016566
0.016699
0.016653
0.016554
0.016621
0.016641
0.016642
0.016891
0.016652
0.016600
0.016647
0.016633
0.016614
0.016636
0.016625
0.016573
0.016648
0.016516
0.016537
0.016520
0.016497
0.016496
0.016608
0.016516
0.016511
0.016508
0.016533
0.016517
0.016500
0.016512
0.016506
0.016524
0.016530
0.016532
0.016550
0.016542
0.016550
0.016542
0.016526
0.016544
0.016534
0.016610
0.016513
0.016590
0.016520
0.016531
0.016506
0.016542
0.016524
0.016519
0.016504
0.016650
0.016587
0.016534
0.016524
0.016527
0.016583
0.016500
0.016642
0.016519
0.016520
0.016529
0.016806
0.016550
0.016538
0.016511
0.016602
0.016526
0.016531
0.016508
0.016589
0.016512
0.016524
0.016522
0.016523
0.016507
0.016525
0.016526
0.016522
0.016508
0.016558
0.016721
0.016554
0.016507
0.016537
0.016513
0.016502
0.016512
0.016525
0.016512
0.016519
0.016497
0.016513
0.016518
0.016580
0.016507
0.016614
0.016506
0.016525
0.016509
0.016514
0.016526
0.016597
0.016546
0.016550
0.016526
0.016521
0.016528
0.016506
0.016507
0.016519
0.016726
0.016528
0.016518
0.016524
0.016528
0.016706
0.016521
0.016638
0.016539
0.016537
0.016510
0.016505
0.016605
0.016625
0.016685
0.016691
0.016615
0.016607
0.016594
0.016603
0.016610
0.016605
0.016642
0.016648
0.016620
0.016672
0.016606
0.016621
0.016798
0.016754
0.016591
0.016601
0.016626
0.016612
0.016611
0.016613
0.016598
0.016607
0.016592
0.016630
0.016592
0.016613
0.016606
0.016650
0.016706
0.016629
0.016605
0.016616
0.016609
0.016630
0.016635
0.016606
0.016645
0.016613
0.016600
0.016597
0.016521
0.016509
0.016502
0.016581
0.016528
0.016531
0.016516
0.016507
0.016492
0.016515
0.016512
0.016523
0.016503
0.016527
0.016545
0.016606
0.016498
0.016592
0.016595
0.016590
0.017524
0.018802
0.017971
0.017794
0.017673
0.017422
0.017300
0.017292
0.017269
0.017506
0.017629
0.017494
0.017383
0.017293
0.017279
0.017301
0.017203
0.017223
0.017190
0.017214
0.017223
0.017239
0.016994
0.016520
0.016530
0.016545
0.016680
0.016570
0.016511
0.016531
0.016508
0.016518
0.016551
0.016511
0.016538
0.016530
0.016503
0.016524
0.016517
0.016509
0.016517
0.016594
0.016520
0.016523
0.016533
0.016506
0.016556
0.016608
0.016520
0.016513
0.016523
0.016526
0.016543
0.016513
0.016538
0.016523
0.016702
0.016604
0.016517
0.016510
0.016521
0.016509
0.016511
0.016524
0.016509
0.016512
0.016511
0.016537
0.016524
0.016520
0.016553
0.016654
0.016522
0.016513
0.016529
0.016504
0.016514
0.016560
0.016514
0.016506
0.016654
0.016546
0.016521
0.016530
0.016528
0.016639
0.016553
0.016575
0.016499
0.016512
0.016516
0.016497
0.016524
0.016503
0.016526
0.016520
0.016524
0.016522
0.016501
0.016511
0.016641
0.016560
0.016506
0.016535
0.016522
0.016532
0.016531
0.016524
0.016497
0.016511
0.016514
0.016530
0.016537
0.016518
0.016506
0.016651
0.016530
0.016514
0.016753
0.016623
0.016509
0.016521
0.016527
0.016527
0.016524
0.016557
0.016522
0.016707
0.016669
0.016606
0.016614
0.016515
0.016518
0.016557
0.016501
0.016530
0.016529
0.016529
0.016535
0.016521
0.016629
0.016525
0.016522
0.016554
0.016538
0.016603
0.016503
0.016576
0.016588
0.016520
0.016521
0.016523
0.016509
0.016510
0.016526
0.016521
0.016506
0.016519
0.016523
0.016527
0.016624
0.016530
0.016524
0.016523
0.016603
0.016518
0.016512
0.016517
0.016536
0.016511
0.016539
0.016513
0.016539
0.016518
0.016598
0.016515
0.016500
0.016526
0.016591
0.016528
0.016520
0.016530
0.016520
0.016525
0.016533
0.016522
0.016520
0.016553
0.016519
0.016642
0.016559
0.016515
0.016735
0.016644
0.016518
0.016509
0.016513
0.016521
0.016520
0.016514
0.016519
0.016561
0.016505
0.016523
0.016578
0.016500
0.016517
0.016512
0.016587
0.016506
0.016514
0.016514
0.016512
0.016503
0.016524
0.016518
0.016529
0.016510
0.016494
0.016616
0.016780
0.016588
0.016567
0.016507
0.016513
0.016531
0.016588
0.016526
0.016493
0.016515
0.016515
0.016520
0.016539
0.016522
0.016584
0.016511
0.016522
0.016517
0.016516
0.016570
0.016506
0.016494
0.016530
0.016521
0.016513
0.016513
0.016503
0.016521
0.016519
0.016641
0.016501
0.016517
0.016522
0.016521
0.016522
0.016510
0.016511
0.016506
0.016510
0.016526
0.016514
0.016524
0.016514
0.016771
0.016559
0.016510
0.016530
0.016500
0.016651
0.016523
0.016538
0.016511
0.016504
0.016521
0.016548
0.016542
0.016544
0.016529
0.016647
0.016520
0.016520
0.016523
0.016528
0.016507
0.016524
0.016508
0.016532
0.016528
0.016523
0.016539
0.016511
0.016510
0.016507
0.016583
0.016620
0.016539
0.016502
0.016506
0.016521
0.016539
0.016564
0.017704
0.018721
0.017726
0.017342
0.017048
0.017074
0.016788
0.016713
0.016673
0.016664
0.016760
0.016966
0.017210
0.017147
0.016688
0.017124
0.016883
0.017147
0.016707
0.016981
0.016901
0.017181
0.016872
0.017157
0.017028
0.017036
0.016659
0.016861
0.016884
0.016720
0.016733
0.016755
0.016727
0.016649
0.016932
0.016870
0.016904
0.016741
0.016765
0.016583
0.016671
0.016669
0.016579
0.016677
0.016662
0.016586
0.016892
0.016649
0.016606
0.016649
0.016718
0.016616
0.016698
0.016661
0.016592
0.016663
0.016637
0.016590
0.016747
0.016808
0.016603
0.016717
0.016719
0.016618
0.016695
0.016771
0.016589
0.016735
0.016741
0.016653
0.016698
0.016659
0.016587
0.016649
0.016756
0.016658
0.016660
0.016640
0.016587
0.016670
0.016847
0.016503
0.016590
0.016522
0.016533
0.016528
0.016524
0.016648
0.016519
0.016526
0.016504
0.016513
0.016576
0.016511
0.016500
0.016573
0.016523
0.016509
0.016513
0.016516
0.016544
0.016539
0.016501
0.016516
0.016595
0.016524
0.016623
0.016516
0.016535
0.016586
0.016556
0.016656
0.016522
0.016528
0.016528
0.016528
0.016515
0.016518
0.016506
0.016521
0.016591
0.016592
0.016593
0.016603
0.016692
0.016608
0.016649
0.016618
0.016642
0.016665
0.016701
0.016757
0.016869
0.016662
0.016611
0.016642
0.016646
0.016619
0.016640
0.016671
0.016629
0.016624
0.016588
0.016624
0.016668
0.016606
0.016624
0.016697
0.016649
0.016640
0.016623
0.016591
0.016616
0.016623
0.016668
0.016645
0.017624
0.016837
0.016617
0.016650
0.016645
0.016575
0.016612
0.016643
0.016582
0.016643
0.016609
0.016606
0.016717
0.016688
0.016588
0.016559
0.016516
0.016513
0.016548
0.016521
0.016515
0.016522
0.016526
0.016509
0.016599
0.016616
0.016623
0.016685
0.016612
0.016528
0.016671
0.016517
0.016502
0.016516
0.016527
0.016508
0.016500
0.016512
0.016556
0.016570
0.016540
0.016535
0.016604
0.016518
0.016501
0.016520
0.016531
0.016525
0.016520
0.016534
0.016529
0.016605
0.016591
0.016534
0.016534
0.016518
0.016514
0.016590
0.016517
0.016527
0.016510
0.016518
0.016511
0.016521
0.016518
0.016524
0.016518
0.016523
0.016521
0.016509
0.016580
0.016564
0.016588
0.016518
0.016532
0.016593
0.016508
0.016508
0.016501
0.016502
0.016509
0.016504
0.016524
0.016522
0.016537
0.016596
0.016597
0.016731
0.016630
0.016611
0.016618
0.016602
0.016535
0.016504
0.016514
0.016521
0.016516
0.016516
0.016529
0.016518
0.016533
0.016593
0.016527
0.016523
0.016531
0.016513
0.016504
0.016506
0.016509
0.016521
0.016533
0.016508
0.016578
0.016516
0.016516
0.016522
0.016596
0.016597
0.016519
0.016515
0.016519
0.016530
0.016526
0.016517
0.016516
0.016514
0.016510
0.016506
0.016509
0.016504
0.016516
0.016583
0.016533
0.016525
0.016528
0.016531
0.016507
0.016525
0.016522
0.016527
0.016514
0.016533
0.016529
0.016518
0.016605
0.018464
0.018277
0.017302
0.017038
0.017233
0.016617
0.016594
0.016532
0.016531
0.016554
0.016597
0.016668
0.016541
0.016651
0.016794
0.016798
0.016963
0.016836
0.016753
0.016741
0.016676
0.016585
0.016687
0.016719
0.016596
0.016679
0.016709
0.016708
0.016731
0.016539
0.016638
0.016521
0.016518
0.016519
0.016516
0.016611
0.016577
0.016620
0.016604
0.016545
0.016684
0.016632
0.016609
0.016760
0.016660
0.016615
0.016688
0.016641
0.016569
0.016658
0.016663
0.016589
0.016693
0.016758
0.016599
0.016665
0.016654
0.016604
0.016672
0.016694
0.016586
0.016735
0.016757
0.016594
0.016681
0.016628
0.016601
0.016623
0.016641
0.016599
0.016766
0.016696
0.016699
0.016629
0.016626
0.016572
0.016646
0.016628
0.016566
0.016627
0.016786
0.016562
0.016661
0.016639
0.016552
0.016658
0.016634
0.016648
0.016676
0.016636
0.016609
0.016692
0.016671
0.016617
0.016670
0.016630
0.016622
0.016661
0.016661
0.016624
0.016692
0.016659
0.016628
0.016520
0.016723
0.016621
0.016679
0.016616
0.016621
0.016678
0.016643
0.016608
0.016740
0.016622
0.016656
0.016728
0.016646
0.016630
0.016709
0.016666
0.016642
0.016729
0.016857
0.016620
0.016741
0.016701
0.016629
0.016721
0.016693
0.016657
0.016668
0.016504
0.016527
0.016581
0.016562
0.016521
0.016511
0.016516
0.016527
0.016609
0.016571
0.016531
0.016507
0.016542
0.016523
0.016515
0.016514
0.016678
0.016580
0.016508
0.016521
0.016521
0.016513
0.016527
0.016521
0.016512
0.016522
0.016515
0.016511
0.016515
0.016511
0.016528
0.016522
0.016611
0.016579
0.016513
0.016519
0.016512
0.016502
0.016532
0.016508
0.016508
0.016529
0.016527
0.016522
0.016516
0.016516
0.016500
0.016601
0.016517
0.016522
0.016504
0.016516
0.016643
0.016592
0.016538
0.016502
0.016510
0.016518
0.016520
0.016522
0.016526
0.016536
0.016626
0.016519
0.016517
0.016529
0.016515
0.016510
0.016510
0.016503
0.016516
0.016510
0.016507
0.016513
0.016520
0.016502
0.016598
0.016579
0.016523
0.016522
0.016511
0.016499
0.016512
0.016511
0.016551
0.016522
0.016515
0.016500
0.016534
0.016523
0.016523
0.016601
0.016524
0.016512
0.016534
0.016539
0.016506
0.016540
0.016507
0.016529
0.016521
0.016513
0.016513
0.016531
0.016517
0.016514
0.016599
0.016510
0.016515
0.016534
0.016521
0.016525
0.016515
0.016583
0.016520
0.016528
0.016517
0.016522
0.016536
0.016501
0.016533
0.016582
0.016525
0.016523
0.016525
0.016523
0.016520
0.016526
0.016519
0.016507
0.016523
0.016519
0.016568
0.016515
0.016520
0.016514
0.016589
0.016620
0.016519
0.016572
0.016721
0.016588
0.016504
0.016511
0.016517
0.016529
0.016519
0.016528
0.016506
0.016505
0.016526
0.016580
0.016539
0.016532
0.016522
0.016535
0.016542
0.016512
0.016501
0.016535
0.016539
0.016521
0.016520
0.016515
0.016530
0.016514
0.016617
0.016532
0.016523
0.016500
0.018139
0.018647
0.017558
0.017433
0.017759
0.017672
0.017071
0.017100
0.017103
0.017092
0.017271
0.017256
0.017178
0.017091
0.017112
0.017119
0.017183
0.017095
0.017159
0.017104
0.017159
0.017077
0.017136
0.017149
0.017160
0.017174
0.017159
0.017063
0.017095
0.017122
0.017083
0.017177
0.017170
0.017164
0.017163
0.017094
0.017129
0.017135
0.017170
0.017092
0.017152
0.017112
0.017031
0.017173
0.017188
0.017152
0.017149
0.017128
0.017155
0.017140
0.017177
0.017139
0.017126
0.017111
0.016674
0.016509
0.016514
0.016522
0.016519
0.016521
0.016536
0.016525
0.016514
0.016587
0.016523
0.016520
0.016520
0.016549
0.016589
0.016507
0.016522
0.016521
0.016533
0.016672
0.016586
0.016532
0.016518
0.016520
0.016592
0.016594
0.016513
0.016533
0.016636
0.016517
0.016537
0.016513
0.016642
0.016523
0.016520
0.016514
0.016533
0.016533
0.016531
0.016527
0.016533
0.016528
0.016520
0.016588
0.016518
0.016543
0.016531
0.016519
0.016520
0.016519
0.016510
0.016523
0.016519
0.016507
0.016520
0.016515
0.016527
0.016508
0.016595
0.016514
0.016536
0.016514
0.016516
0.016513
0.016523
0.016519
0.016522
0.016502
0.016508
0.016528
0.016604
0.016539
0.016534
0.016587
0.016506
