0.093437
0.096875
0.095116
0.095668
0.095906
0.095543
0.095625
0.096567
0.094086
0.094844
0.094539
0.089596
0.094671
0.092098
0.092698
0.093371
0.092791
0.093142
0.093559
0.093750
0.095216
0.094636
0.094420
0.094694
0.094056
0.094430
0.094134
0.094319
0.094486
0.114123
0.128945
0.121217
0.117467
0.114450
0.113834
0.110953
0.109877
0.108662
0.100399
0.102316
0.101953
0.103172
0.102603
0.102002
0.101677
0.099966
0.100067
0.099718
0.099813
0.100491
0.100080
0.100774
0.098241
0.099866
0.099305
0.098588
0.097627
0.096833
0.097398
0.094074
0.090005
0.093583
0.093574
0.094304
0.093333
0.092354
0.093904
0.094412
0.090590
0.087978
0.092753
0.093772
0.089847
0.093554
0.093362
0.092769
0.093248
0.093086
0.093205
0.126572
0.128736
0.119645
0.116688
0.110930
0.108588
0.109005
0.098810
0.100055
0.100693
0.098509
0.102631
0.102452
0.102224
0.101488
0.101188
0.098985
0.100362
0.099564
0.098726
0.099815
0.101916
0.100077
0.100071
0.099872
0.099737
0.100360
0.100555
0.102111
0.101013
0.099982
0.098553
0.097735
0.098846
0.096906
0.098583
0.097813
0.099217
0.098346
0.096988
0.097372
0.098111
0.092724
0.097154
0.096261
0.096501
0.097410
0.097452
0.097201
0.107826
0.135742
0.126077
0.121935
0.119592
0.118465
0.117142
0.112947
0.107029
0.106710
0.107516
0.106972
0.107472
0.106726
0.105836
0.105858
0.105604
0.104784
0.099975
0.096144
0.100118
0.098371
0.099446
0.100491
0.099488
0.099169
0.099426
0.100577
0.100230
0.092156
0.094795
0.095492
0.091359
0.095140
0.095465
0.097975
0.094313
0.092792
0.094480
0.095158
0.094526
0.095271
0.095165
0.095429
0.095679
0.095416
0.095386
0.094366
0.092183
0.129466
0.138551
0.122177
0.120061
0.117863
0.117025
0.113235
0.111820
0.110509
0.110401
0.109084
0.097418
0.098801
0.098903
0.096951
0.094526
0.094769
0.094765
0.088590
0.092707
0.092350
0.092482
0.094257
0.094274
0.090214
0.112880
0.107645
0.105966
0.104423
0.104360
0.103706
0.104466
0.102901
0.103584
0.097340
0.099920
0.100059
0.099417
0.099597
0.097445
0.096649
0.097654
0.097380
0.097119
0.097278
0.096549
0.097604
0.094935
0.097378
0.137255
0.139468
0.121516
0.117587
0.115446
0.113797
0.110724
0.110394
0.110482
0.108620
0.109321
0.109116
0.106494
0.104593
0.105831
0.105165
0.105707
0.104434
0.103891
0.101612
0.102246
0.103776
0.103752
0.101021
0.103391
0.102118
0.100542
0.101150
0.100834
0.101708
0.098831
0.100220
0.098535
0.099107
0.098935
0.097903
0.099361
0.097053
0.096507
0.096810
0.097497
0.098472
0.098972
0.098398
0.096010
0.097571
0.097342
0.108187
0.142926
0.137868
0.128525
0.124167
0.122222
0.121103
0.109218
0.105688
0.105715
0.106422
0.106052
0.105014
0.105268
0.103074
0.104038
0.104345
0.103986
0.102032
0.103798
0.103874
0.101479
0.103138
0.102492
0.094826
0.097387
0.099000
0.098804
0.098333
0.099239
0.097293
0.098936
0.097829
0.098201
0.097923
0.098106
0.098072
0.097987
0.097943
0.098526
0.098417
0.098247
0.098374
0.098231
0.095840
0.097586
0.098280
0.097556
0.119624
0.131439
0.117356
0.113238
0.112684
0.110970
0.104713
0.104468
0.096228
0.101215
0.095528
0.100341
0.100249
0.103835
0.101271
0.099680
0.099787
0.098982
0.098478
0.096361
0.097866
0.097048
0.095338
0.098615
0.098732
0.097496
0.097095
0.095211
0.097397
0.096979
0.096434
0.096333
0.094856
0.096613
0.098150
0.092125
0.092219
0.093129
0.088873
0.091086
0.089441
0.092653
0.092446
0.092137
0.091963
0.094587
0.090665
0.092385
0.092153
0.091782
0.088707
0.125839
0.131434
0.125918
0.120893
0.119514
0.118573
0.117353
0.106586
0.107023
0.104368
0.105542
0.107628
0.106148
0.106425
0.104163
0.104276
0.096978
0.099000
0.098494
0.098701
0.099262
0.098804
0.099213
0.099686
0.097662
0.093320
0.097576
0.099342
0.096897
0.098505
0.097890
0.098016
0.098233
0.098814
0.097532
0.098239
0.098542
0.099524
0.097767
0.098915
0.095346
0.098920
0.097669
0.097614
0.096538
0.098229
0.097425
0.098626
0.101951
0.142526
0.127398
0.123628
0.116475
0.113261
0.111742
0.111613
0.111336
0.110789
0.110201
0.108083
0.109440
0.107657
0.105533
0.105465
0.105625
0.105510
0.103932
0.106373
0.106323
0.106794
0.106285
0.102375
0.099568
0.099214
0.098389
0.099428
0.098986
0.099241
0.094675
0.098209
0.097805
0.099622
0.099864
0.098568
0.098534
0.097810
0.097724
0.097389
0.098024
0.099499
0.098830
0.100125
0.099164
0.098552
0.095649
0.092524
0.111944
0.136348
0.127881
0.122298
0.116179
0.105095
0.103992
0.091212
0.095252
0.094999
0.093627
0.092885
0.093066
0.098360
0.094680
0.097285
0.096975
0.103434
0.096237
0.099245
0.098499
0.098180
0.094120
0.097921
0.098199
0.099043
0.124006
0.116843
0.115036
0.111043
0.108875
0.105118
0.104244
0.097107
0.100222
0.100113
0.098449
0.100727
0.096058
0.099019
0.096710
0.099479
0.098542
0.098506
0.099066
0.099804
0.099509
0.098809
0.098718
0.128610
0.134692
0.127885
0.122642
0.121681
0.119573
0.119137
0.110241
0.110684
0.108637
0.109420
0.109957
0.109443
0.105698
0.106501
0.105294
0.104415
0.103937
0.103312
0.103887
0.103402
0.105025
0.104749
0.103543
0.102589
0.097598
0.102613
0.101311
0.101691
0.102566
0.101806
0.102156
0.102015
0.099863
0.098843
0.100432
0.098747
0.097667
0.095651
0.097523
0.097569
0.097582
0.096704
0.098758
0.097514
0.098483
0.099017
0.106305
0.124985
0.121070
0.116593
0.114779
0.113227
0.112016
0.103574
0.106200
0.105826
0.105437
0.106150
0.107364
0.105230
0.104776
0.104491
0.104103
0.100273
0.101743
0.103186
0.098754
0.101619
0.101409
0.101582
0.101426
0.100986
0.093273
0.094761
0.089430
0.094694
0.092672
0.092818
0.094823
0.094152
0.094344
0.092562
0.094479
0.094507
0.094382
0.092109
0.096633
0.096407
0.096785
0.095436
0.096609
0.096929
0.094192
0.092188
0.094677
0.095855
0.129497
0.116611
0.110298
0.107098
0.106903
0.105036
0.098513
0.100456
0.097984
0.099645
0.098697
0.099043
0.099197
0.100856
0.100023
0.096356
0.098941
0.095863
0.095539
0.095600
0.095121
0.095364
0.095753
0.096105
0.095978
0.096341
0.096572
0.095069
0.095807
0.089002
0.091709
0.092907
0.093843
0.090064
0.093071
0.091823
0.093500
0.093034
0.092675
0.091039
0.092366
0.093007
0.093568
0.093660
0.093515
0.091114
0.092291
0.093306
0.094121
0.092377
0.092898
0.096649
0.128921
0.121684
0.116760
0.106769
0.106216
0.104177
0.102761
0.102372
0.101773
0.101537
0.091264
0.097651
0.099348
0.093413
0.097901
0.095122
0.095957
0.096692
0.092497
0.090612
0.092563
0.093641
0.093085
0.092965
0.093190
0.093451
0.089020
0.093555
0.093250
0.095356
0.094685
0.090910
0.093643
0.091611
0.093460
0.093378
0.091700
0.093866
0.093023
0.096194
0.094147
0.094668
0.094084
0.095335
0.095012
0.094644
0.095063
0.094292
0.091287
0.094251
0.091871
0.123213
0.132544
0.127050
0.122838
0.120210
0.117896
0.108447
0.109781
0.109028
0.109273
0.109401
0.108241
0.108056
0.104523
0.105568
0.105319
0.105717
0.105179
0.104317
0.106266
0.105636
0.103035
0.104567
0.103945
0.103386
0.102362
0.103978
0.103326
0.102687
0.100929
0.102038
0.101769
0.099407
0.100370
0.100592
0.101520
0.100141
0.101495
0.097142
0.100671
0.098760
0.101593
0.098807
0.100570
0.100218
0.101353
0.098746
0.101793
0.125345
0.121038
0.115489
0.112030
0.111195
0.110696
0.110063
0.107321
0.105811
0.106609
0.106941
0.107458
0.103926
0.103002
0.102202
0.102728
0.102173
0.102297
0.101946
0.101919
0.103273
0.103369
0.103388
0.104991
0.116429
0.106895
0.107157
0.106222
0.103359
0.104732
0.104479
0.095752
0.099383
0.099197
0.098650
0.099515
0.100148
0.099331
0.100213
0.100903
0.098450
0.098316
0.099205
0.095117
0.098178
0.096580
0.096886
0.116537
0.137599
0.130280
0.115722
0.114746
0.114744
0.110387
0.122788
0.118178
0.116244
0.114681
0.108310
0.109592
0.105621
0.106200
0.105789
0.105948
0.102924
0.104385
0.101958
0.100547
0.099858
0.100623
0.101000
0.100187
0.096161
0.097447
0.096616
0.096639
0.097027
0.097271
0.096564
0.094821
0.095505
0.095538
0.096004
0.096027
0.096023
0.095571
0.095581
0.095459
0.096408
0.098697
0.092808
0.097395
0.096570
0.096732
0.097287
0.099372
0.138647
0.132031
0.125413
0.123118
0.112194
0.099554
0.105476
0.104558
0.089960
0.096232
0.095830
0.098235
0.100943
0.100382
0.099687
0.098053
0.098473
0.099666
0.099170
0.098216
0.098912
0.099013
0.097926
0.098137
0.097756
0.097787
0.097880
0.095977
0.095038
0.095171
0.089279
0.094792
0.093900
0.095602
0.096394
0.092937
0.096234
0.093543
0.096425
0.095036
0.096043
0.096748
0.096366
0.095490
0.095755
0.094288
0.095814
0.095805
0.094879
0.097686
0.129984
0.116742
0.113921
0.111794
0.108801
0.106322
0.106984
0.105652
0.105425
0.104780
0.104978
0.104951
0.103432
0.103769
0.102379
0.098428
0.100976
0.100934
0.100968
0.099688
0.099203
0.099748
0.100889
0.098816
0.099108
0.098483
0.095050
0.090170
0.093259
0.094319
0.094863
0.095044
0.095387
0.095259
0.095343
0.092375
0.095490
0.095109
0.095610
0.093473
0.094425
0.094067
0.095016
0.089998
0.094625
0.095408
0.091741
0.094541
0.095142
0.095597
0.126000
0.114392
0.111513
0.103396
0.107667
0.106308
0.105294
0.106806
0.102644
0.104813
0.103904
0.104842
0.105611
0.102625
0.095980
0.101215
0.098288
0.101393
0.098460
0.094970
0.096601
0.096679
0.096777
0.096438
0.097916
0.096838
0.097063
0.095962
0.095133
0.097197
0.093144
0.095405
0.096011
0.093086
0.096039
0.095306
0.091180
0.094447
0.097616
0.096427
0.095994
0.095855
0.095973
0.094845
0.095081
0.095544
0.094990
0.095585
0.095177
0.093445
0.124587
0.122899
0.124187
0.117087
0.115124
0.113717
0.113067
0.111965
0.109315
0.108312
0.106506
0.103744
0.108814
0.108212
0.107408
0.107653
0.099159
0.102037
0.101922
0.103640
0.103199
0.102482
0.102285
0.101721
0.101737
0.101617
0.100957
0.101421
0.100896
0.100709
0.100754
0.099173
0.099101
0.099638
0.100811
0.101429
0.095743
0.098999
0.099488
0.098934
0.098620
0.098216
0.098491
0.098891
0.098602
0.098628
0.098956
0.097415
0.131488
0.140782
0.132221
0.130981
0.126116
0.123807
0.122089
0.119873
0.105584
0.102508
0.105601
0.104330
0.104909
0.103741
0.102170
0.103361
0.101694
0.103216
0.103270
0.104762
0.104531
0.101732
0.103609
0.117974
0.109805
0.107587
0.106190
0.106023
0.105594
0.104870
0.104926
0.104969
0.104036
0.103105
0.103084
0.100872
0.101218
0.102211
0.093921
0.098590
0.095172
0.095391
0.091879
0.096011
0.096755
0.095823
0.095997
0.134589
0.117154
0.115547
0.112060
0.110393
0.107101
0.102348
0.105065
0.103324
0.096317
0.100893
0.102365
0.099382
0.095649
0.098100
0.098546
0.097106
0.089434
0.095122
0.095325
0.094291
0.093711
0.090121
0.094481
0.095147
0.091851
0.092371
0.092620
0.090463
0.093874
0.093092
0.090972
0.094360
0.091490
0.092560
0.093662
0.089656
0.092752
0.092905
0.090996
0.093154
0.093288
0.088727
0.093288
0.092885
0.093298
0.094585
0.090676
0.093192
0.092961
0.093156
0.118622
0.138259
0.122134
0.117568
0.114881
0.111834
0.111772
0.107556
0.107592
0.107216
0.107482
0.108071
0.108763
0.107934
0.107557
0.102181
0.095630
0.098306
0.099000
0.097736
0.098037
0.099454
0.099031
0.098027
0.099935
0.098956
0.099183
0.099029
0.104086
0.097479
0.095088
0.098568
0.098397
0.097108
0.097148
0.098856
0.097963
0.095049
0.097925
0.096648
0.098520
0.094668
0.096583
0.095952
0.096407
0.092131
0.096325
0.096548
0.096003
0.105711
0.130774
0.125034
0.120155
0.112159
0.109229
0.109969
0.100545
0.104342
0.100366
0.100054
0.101176
0.101596
0.100514
0.096090
0.097589
0.097064
0.091700
0.093094
0.095497
0.093855
0.095909
0.095584
0.095835
0.097978
0.096905
0.096329
0.096634
0.096747
0.097136
0.093322
0.096356
0.095447
0.096720
0.096620
0.096984
0.096944
0.096572
0.096784
0.097078
0.096896
0.091388
0.096543
0.096177
0.093287
0.096267
0.095901
0.096491
0.096225
0.095606
0.111891
0.134556
0.129560
0.124615
0.113560
0.112675
0.111114
0.110734
0.108799
0.109605
0.107962
0.109299
0.108621
0.100589
0.102182
0.102395
0.102745
0.100836
0.101628
0.100396
0.100956
0.100257
0.100399
0.100770
0.100279
0.100074
0.100214
0.100932
0.101817
0.100694
0.100013
0.099390
0.097715
0.099037
0.098469
0.098612
0.099138
0.100751
0.095255
0.099037
0.098295
0.098626
0.097351
0.097803
0.096920
0.096650
0.096013
0.095409
0.091100
0.145926
0.124562
0.118817
0.117725
0.114384
0.114568
0.113080
0.112806
0.109827
0.109823
0.110145
0.112005
0.110329
0.108812
0.107981
0.107331
0.107659
0.107079
0.105673
0.107359
0.107342
0.107235
0.106606
0.106935
0.106086
0.104446
0.105054
0.105033
0.102263
0.101917
0.096024
0.101343
0.099219
0.102119
0.100833
0.099973
0.099624
0.099614
0.099289
0.099371
0.099503
0.091137
0.096265
0.091529
0.095042
0.095244
0.095118
0.119376
0.131819
0.122408
0.116002
0.114798
0.106094
0.106186
0.106617
0.105729
0.105214
0.102193
0.106546
0.106758
0.101926
0.102184
0.100976
0.100866
0.099533
0.099949
0.099315
0.091993
0.098252
0.097292
0.098135
0.110779
0.126148
0.119389
0.117204
0.107726
0.105687
0.104147
0.103365
0.097802
0.100930
0.102256
0.102594
0.099488
0.100433
0.100607
0.098491
0.095137
0.097592
0.097222
0.097056
0.097100
0.097454
0.096688
0.096992
0.123114
0.117282
0.103294
0.102415
0.103436
0.100794
0.101115
0.100959
0.101297
0.101308
0.100436
0.100319
0.099933
0.099959
0.099929
0.097655
0.095754
0.095940
0.095964
0.090749
0.095048
0.094622
0.095012
0.096034
0.095815
0.095441
0.091234
0.095599
0.094692
0.094824
0.094641
0.094846
0.095799
0.095910
0.094362
0.094623
0.091197
0.094624
0.093309
0.091109
0.094024
0.093578
0.094110
0.093619
0.092498
0.094402
0.092797
0.092813
0.094307
0.093978
0.091314
0.118598
0.121868
0.118404
0.113800
0.113067
0.108677
0.109603
0.108077
0.108361
0.106604
0.107927
0.106955
0.108385
0.105672
0.105137
0.104490
0.101657
0.103382
0.102384
0.100838
0.101362
0.103504
0.103528
0.102736
0.101425
0.100150
0.094877
0.098842
0.097242
0.097267
0.096368
0.096543
0.096673
0.096089
0.096358
0.096086
0.094905
0.090468
0.094023
0.091951
0.094397
0.094106
0.095728
0.095343
0.092783
0.094035
0.094623
0.095228
0.094847
0.101863
0.130049
0.121807
0.118782
0.113758
0.112693
0.109607
0.106329
0.107712
0.104379
0.107435
0.106103
0.106888
0.106933
0.105637
0.105180
0.105170
0.101276
0.101475
0.101955
0.101417
0.100521
0.101848
0.101492
0.101335
0.096259
0.099224
0.101418
0.100202
0.097331
0.097364
0.098004
0.098315
0.098065
0.098727
0.095370
0.098530
0.097347
0.095411
0.098991
0.096886
0.097865
0.098252
0.098775
0.098498
0.097304
0.097610
0.097679
0.098172
0.120330
0.138240
0.129217
0.115424
0.115320
0.111017
0.111291
0.109935
0.108580
0.108904
0.109264
0.110433
0.110209
0.106700
0.106574
0.105016
0.105752
0.105550
0.104385
0.104694
0.102004
0.101870
0.101286
0.101452
0.100293
0.100421
0.099201
0.101317
0.100220
0.100920
0.100869
0.095375
0.091852
0.095992
0.101673
0.097796
0.100216
0.091668
0.095823
0.096304
0.097155
0.097305
0.094956
0.093389
0.095402
0.096479
0.097377
0.096851
0.110019
0.120334
0.117472
0.113559
0.106913
0.105109
0.103914
0.103388
0.104171
0.103387
0.107800
0.107713
0.105485
0.107853
0.103657
0.103950
0.103455
0.104273
0.098176
0.100130
0.102929
0.102169
0.102615
0.102757
0.102476
0.100371
0.101008
0.098927
0.095718
0.099530
0.098565
0.098043
0.099689
0.097775
0.099674
0.099697
0.101000
0.100759
0.099546
0.099247
0.099240
0.099187
0.098156
0.097692
0.099735
0.099141
0.097638
0.099028
0.099035
0.118723
0.118886
0.116259
0.110399
0.106769
0.107199
0.102388
0.104656
0.096890
0.097917
0.095171
0.097388
0.096581
0.101812
0.098395
0.101615
0.100639
0.105863
0.104311
0.101967
0.100903
0.101426
0.100214
0.099399
0.097494
0.110608
0.112402
0.101999
0.101529
0.102615
0.101640
0.101775
0.102772
0.095846
0.098195
0.096786
0.097129
0.094227
0.097034
0.094176
0.096250
0.096926
0.097951
0.098311
0.099147
0.098256
0.098142
0.097127
0.097268
0.111177
0.135563
0.134733
0.128483
0.125204
0.119648
0.115520
0.114377
0.112440
0.111302
0.108857
0.099918
0.102170
0.101184
0.101883
0.097294
0.098486
0.100834
0.098003
0.098294
0.096879
0.097124
0.099382
0.099053
0.098951
0.098403
0.098553
0.098942
0.097951
0.097334
0.097815
0.098282
0.096111
0.097247
0.097899
0.097177
0.097365
0.097056
0.095638
0.090324
0.093661
0.093850
0.096452
0.095857
0.096762
0.096860
0.095999
0.096079
0.096019
0.115726
0.126912
0.123129
0.118626
0.112942
0.113421
0.112439
0.110633
0.110413
0.109145
0.109100
0.108702
0.111071
0.109530
0.109112
0.106742
0.107002
0.105998
0.105035
0.106129
0.104513
0.104799
0.104253
0.103485
0.102946
0.101144
0.102683
0.101760
0.097943
0.097874
0.098208
0.098429
0.098122
0.097378
0.097341
0.097013
0.096735
0.096781
0.096395
0.096769
0.096922
0.096326
0.095130
0.093679
0.094117
0.095029
0.096210
0.095380
0.115867
0.140848
0.123369
0.116882
0.105664
0.105155
0.101380
0.103364
0.102455
0.101476
0.102305
0.102329
0.102276
0.105065
0.103511
0.102076
0.096859
0.100542
0.097338
0.097555
0.098386
0.098322
0.098668
0.099021
0.098940
0.099142
0.099512
0.098932
0.095742
0.098247
0.097323
0.098689
0.098072
0.098095
0.098461
0.098825
0.098363
0.098525
0.098366
0.098294
0.098221
0.098322
0.098298
0.098274
0.098523
0.098106
0.096738
0.092439
0.095466
0.099141
0.133554
0.117374
0.112856
0.111325
0.109491
0.108892
0.106982
0.107485
0.106435
0.105663
0.105295
0.105250
0.105483
0.099056
0.099504
0.097757
0.097481
0.098133
0.097727
0.098014
0.098598
0.097911
0.098101
0.098079
0.098062
0.098349
0.098069
0.097037
0.099629
0.097799
0.097918
0.096077
0.097639
0.093045
0.097039
0.097190
0.096455
0.099569
0.098126
0.097766
0.097294
0.097159
0.097749
0.097349
0.097526
0.095876
0.094097
0.096705
0.095883
0.125620
0.134819
0.125259
0.114628
0.103571
0.103662
0.105345
0.104548
0.103788
0.100819
0.100833
0.098421
0.102226
0.099777
0.100782
0.099889
0.097340
0.096528
0.095918
0.092097
0.098941
0.097588
0.097744
0.097555
0.097639
0.097065
0.096758
0.097073
0.096283
0.096412
0.095986
0.095646
0.096202
0.096001
0.090323
0.095715
0.097279
0.093971
0.095017
0.092956
0.093797
0.095179
0.095407
0.095147
0.095128
0.092068
0.094190
0.094949
0.094732
0.092346
0.105289
0.133814
0.124726
0.121194
0.119286
0.117435
0.110232
0.110157
0.104860
0.104015
0.103246
0.101514
0.102565
0.101835
0.101318
0.100705
0.101904
0.100879
0.100327
0.094925
0.098975
0.098946
0.099177
0.098916
0.098888
0.108478
0.108063
0.104662
0.103574
0.101270
0.102855
0.097501
0.096448
0.096998
0.095712
0.097112
0.097278
0.095964
0.096698
0.095071
0.095341
0.095702
0.095536
0.091407
0.095719
0.093271
0.095253
0.095991
0.095466
0.103036
0.128022
0.121217
0.117327
0.106991
0.106171
0.105134
0.101377
0.115064
0.108210
