0.000655
0.000561
0.000508
0.000509
0.000509
0.000516
0.000508
0.000489
0.000486
0.000486
0.000487
0.000485
0.000485
0.000489
0.000490
0.000466
0.000466
0.000466
0.000468
0.000467
0.000469
0.000467
0.000478
0.000446
0.000450
0.000448
0.000448
0.000450
0.000449
0.000448
0.000439
0.000442
0.000439
0.000417
0.000415
0.000416
0.000417
0.000415
0.000416
0.000416
0.000419
0.000416
0.000414
0.000402
0.000401
0.000402
0.000399
0.000401
0.000400
0.000400
0.000405
0.000406
0.000389
0.000387
0.000386
0.000386
0.000385
0.000386
0.000386
0.000387
0.000388
0.000391
0.000372
0.000373
0.000374
0.000372
0.000375
0.000375
0.000372
0.000374
0.000375
0.000376
0.000373
0.000360
0.000360
0.000360
0.000360
0.000363
0.000360
0.000360
0.000359
0.000361
0.000364
0.000369
0.000349
0.000351
0.000349
0.000351
0.000351
0.000350
0.000350
0.000351
0.000350
0.000350
0.000352
0.000352
0.000351
0.000356
0.000340
0.000338
0.000340
0.000340
0.000340
0.000339
0.000339
0.000361
0.000349
0.000350
0.000350
0.000352
0.000342
0.000340
0.000339
0.000341
0.000341
0.000340
0.000342
0.000364
0.000351
0.000349
0.000355
0.000330
0.000331
0.000330
0.000330
0.000329
0.000330
0.000329
0.000330
0.000366
0.000349
0.000351
0.000350
0.000330
0.000331
0.000329
0.000331
0.000328
0.000330
0.000331
0.000332
0.000367
0.000350
0.000331
0.000329
0.000331
0.000328
0.000330
0.000328
0.000330
0.000329
0.000330
0.000331
0.000330
0.000329
0.000329
0.000330
0.000330
0.000329
0.000330
0.000329
0.000332
0.000330
0.000330
0.000332
0.000365
0.000396
0.000387
0.000378
0.000364
0.000364
0.000362
0.000329
0.000329
0.000329
0.000331
0.000332
0.000329
0.000329
0.000331
0.000329
0.000329
0.000330
0.000332
0.000329
0.000330
0.000330
0.000330
0.000332
0.000331
0.000328
0.000328
0.000328
0.000330
0.000328
0.000330
0.000330
0.000329
0.000331
0.000330
0.000357
0.000351
0.000349
0.000355
0.000330
0.000328
0.000329
0.000330
0.000330
0.000329
0.000328
0.000330
0.000332
0.000330
0.000329
0.000330
0.000331
0.000330
0.000330
0.000329
0.000327
0.000330
0.000329
0.000329
0.000357
0.000350
0.000350
0.000357
0.000332
0.000328
0.000329
0.000330
0.000330
0.000328
0.000329
0.000329
0.000333
0.000329
0.000329
0.000332
0.000330
0.000329
0.000331
0.000329
0.000329
0.000330
0.000331
0.000330
0.000360
0.000350
0.000350
0.000356
0.000330
0.000330
0.000328
0.000329
0.000330
0.000329
0.000328
0.000329
0.000332
0.000330
0.000328
0.000331
0.000330
0.000328
0.000328
0.000329
0.000329
0.000329
0.000327
0.000328
0.000331
0.000331
0.000331
0.000329
0.000330
0.000329
0.000330
0.000330
0.000330
0.000331
0.000330
0.000329
0.000333
0.000329
0.000329
0.000329
0.000330
0.000330
0.000329
0.000331
0.000329
0.000332
0.000331
0.000328
0.000334
0.000328
0.000329
0.000327
0.000329
0.000330
0.000331
0.000330
0.000329
0.000328
0.000329
0.000330
0.000332
0.000329
0.000331
0.000329
0.000330
0.000328
0.000329
0.000329
0.000328
0.000329
0.000328
0.000330
0.000331
0.000330
0.000330
0.000331
0.000328
0.000329
0.000328
0.000329
0.000329
0.000330
0.000329
0.000330
0.000331
0.000329
0.000330
0.000328
0.000330
0.000330
0.000329
0.000329
0.000331
0.000330
0.000331
0.000329
0.000329
0.000330
0.000332
0.000331
0.000327
0.000330
0.000328
0.000330
0.000331
0.000324
0.000322
0.000323
0.000323
0.000331
0.000332
0.000329
0.000328
0.000330
0.000330
0.000332
0.000330
0.000329
0.000329
0.000329
0.000330
0.000330
0.000329
0.000331
0.000329
0.000330
0.000329
0.000330
0.000333
0.000327
0.000329
0.000330
0.000330
0.000332
0.000329
0.000328
0.000330
0.000327
0.000328
0.000328
0.000328
0.000330
0.000329
0.000329
0.000331
0.000333
0.000329
0.000329
0.000329
0.000330
0.000332
0.000329
0.000328
0.000329
0.000329
0.000331
0.000331
0.000331
0.000328
0.000330
0.000331
0.000328
0.000329
0.000330
0.000328
0.000329
0.000325
0.000323
0.000323
0.000325
0.000329
0.000330
0.000327
0.000329
0.000330
0.000330
0.000328
0.000329
0.000330
0.000329
0.000332
0.000330
0.000330
0.000330
0.000326
0.000329
0.000331
0.000330
0.000328
0.000330
0.000329
0.000330
0.000332
0.000328
0.000360
0.000341
0.000329
0.000328
0.000330
0.000329
0.000331
0.000329
0.000331
0.000330
0.000329
0.000332
0.000333
0.000328
0.000331
0.000329
0.000330
0.000331
0.000332
0.000331
0.000329
0.000330
0.000331
0.000331
0.000333
0.000329
0.000330
0.000331
0.000329
0.000330
0.000329
0.000331
0.000328
0.000330
0.000331
0.000330
0.000333
0.000329
0.000330
0.000329
0.000329
0.000330
0.000329
0.000330
0.000329
0.000329
0.000331
0.000330
0.000330
0.000328
0.000329
0.000332
0.000330
0.000330
0.000330
0.000329
0.000330
0.000328
0.000330
0.000331
0.000354
0.000349
0.000351
0.000357
0.000330
0.000328
0.000330
0.000331
0.000329
0.000329
0.000329
0.000332
0.000331
0.000330
0.000329
0.000328
0.000328
0.000329
0.000329
0.000328
0.000327
0.000330
0.000328
0.000331
0.000356
0.000350
0.000348
0.000349
0.000340
0.000330
0.000331
0.000329
0.000330
0.000329
0.000328
0.000329
0.000332
0.000329
0.000330
0.000330
0.000330
0.000329
0.000329
0.000330
0.000330
0.000329
0.000328
0.000331
0.000333
0.000331
0.000329
0.000329
0.000329
0.000331
0.000329
0.000328
0.000330
0.000330
0.000331
0.000331
0.000331
0.000331
0.000330
0.000329
0.000330
0.000327
0.000330
0.000330
0.000330
0.000327
0.000330
0.000329
0.000328
0.000329
0.000328
0.000330
0.000329
0.000330
0.000332
0.000329
0.000330
0.000321
0.000326
0.000323
0.000324
0.000348
0.000351
0.000349
0.000347
0.000330
0.000330
0.000330
0.000330
0.000331
0.000330
0.000329
0.000331
0.000328
0.000329
0.000328
0.000329
0.000331
0.000328
0.000330
0.000329
0.000331
0.000330
0.000330
0.000332
0.000330
0.000330
0.000328
0.000329
0.000328
0.000329
0.000329
0.000331
0.000331
0.000329
0.000331
0.000328
0.000331
0.000330
0.000328
0.000332
0.000330
0.000329
0.000329
0.000331
0.000329
0.000329
0.000329
0.000326
0.000331
0.000329
0.000354
0.000348
0.000351
0.000352
0.000358
0.000329
0.000329
0.000330
0.000329
0.000332
0.000329
0.000328
0.000328
0.000330
0.000327
0.000329
0.000329
0.000330
0.000331
0.000330
0.000329
0.000328
0.000333
0.000330
0.000329
0.000331
0.000330
0.000329
0.000330
0.000330
0.000330
0.000328
0.000329
0.000329
0.000330
0.000331
0.000329
0.000329
0.000329
0.000330
0.000330
0.000330
0.000330
0.000331
0.000330
0.000330
0.000333
0.000328
0.000329
0.000327
0.000328
0.000330
0.000331
0.000330
0.000330
0.000328
0.000330
0.000329
0.000333
0.000327
0.000331
0.000329
0.000330
0.000332
0.000331
0.000328
0.000330
0.000329
0.000330
0.000329
0.000331
0.000331
0.000327
0.000329
0.000330
0.000329
0.000329
0.000328
0.000329
0.000331
0.000327
0.000329
0.000333
0.000330
0.000330
0.000328
0.000329
0.000328
0.000330
0.000329
0.000330
0.000328
0.000331
0.000329
0.000332
0.000330
0.000327
0.000329
0.000330
0.000329
0.000330
0.000327
0.000332
0.000330
0.000329
0.000327
0.000330
0.000333
0.000330
0.000331
0.000331
0.000327
0.000331
0.000330
0.000330
0.000329
0.000329
0.000329
0.000329
0.000331
0.000329
0.000329
0.000329
0.000330
0.000330
0.000327
0.000328
0.000330
0.000330
0.000331
0.000330
0.000330
0.000331
0.000329
0.000328
0.000329
0.000328
0.000330
0.000330
0.000331
0.000331
0.000330
0.000328
0.000332
0.000329
0.000329
0.000329
0.000329
0.000331
0.000330
0.000329
0.000331
0.000329
0.000331
0.000329
0.000331
0.000329
0.000328
0.000331
0.000328
0.000328
0.000330
0.000329
0.000328
0.000327
0.000328
0.000329
0.000353
0.000350
0.000351
0.000359
0.000329
0.000330
0.000332
0.000328
0.000328
0.000330
0.000330
0.000329
0.000329
0.000329
0.000331
0.000329
0.000330
0.000328
0.000327
0.000331
0.000330
0.000331
0.000330
0.000329
0.000354
0.000351
0.000348
0.000349
0.000351
0.000350
0.000351
0.000330
0.000329
0.000329
0.000330
0.000329
0.000363
0.000350
0.000349
0.000355
0.000331
0.000331
0.000328
0.000329
0.000330
0.000330
0.000332
0.000328
0.000331
0.000327
0.000330
0.000329
0.000330
0.000331
0.000330
0.000329
0.000331
0.000331
0.000331
0.000330
0.000363
0.000350
0.000350
0.000354
0.000329
0.000329
0.000329
0.000331
0.000332
0.000331
0.000330
0.000329
0.000333
0.000329
0.000330
0.000331
0.000332
0.000328
0.000329
0.000330
0.000329
0.000331
0.000330
0.000330
0.000330
0.000329
0.000328
0.000329
0.000332
0.000330
0.000332
0.000332
0.000330
0.000330
0.000331
0.000332
0.000331
0.000329
0.000327
0.000330
0.000329
0.000330
0.000330
0.000331
0.000327
0.000329
0.000328
0.000328
0.000331
0.000330
0.000330
0.000329
0.000330
0.000329
0.000330
0.000330
0.000329
0.000329
0.000329
0.000330
0.000332
0.000331
0.000329
0.000331
0.000330
0.000329
0.000329
0.000331
0.000330
0.000329
0.000330
0.000329
0.000332
0.000329
0.000327
0.000330
0.000330
0.000330
0.000331
0.000328
0.000331
0.000329
0.000331
0.000329
0.000331
0.000327
0.000329
0.000329
0.000331
0.000330
0.000323
0.000322
0.000325
0.000324
0.000322
0.000324
0.000325
0.000328
0.000330
0.000330
0.000328
0.000330
0.000330
0.000330
0.000331
0.000331
0.000331
0.000331
0.000329
0.000333
0.000329
0.000330
0.000331
0.000329
0.000331
0.000329
0.000330
0.000331
0.000328
0.000331
0.000328
0.000332
0.000330
0.000329
0.000329
0.000330
0.000331
0.000331
0.000331
0.000330
0.000330
0.000331
0.000329
0.000332
0.000332
0.000331
0.000330
0.000330
0.000329
0.000328
0.000332
0.000331
0.000329
0.000332
0.000329
0.000332
0.000329
0.000330
0.000329
0.000330
0.000329
0.000328
0.000331
0.000330
0.000330
0.000329
0.000331
0.000333
0.000330
0.000329
0.000329
0.000330
0.000330
0.000328
0.000330
0.000330
0.000330
0.000328
0.000330
0.000330
0.000330
0.000329
0.000329
0.000330
0.000329
0.000330
0.000330
0.000329
0.000330
0.000329
0.000330
0.000332
0.000329
0.000330
0.000328
0.000329
0.000330
0.000330
0.000329
0.000326
0.000330
0.000328
0.000329
0.000331
0.000329
0.000330
0.000329
0.000329
0.000331
0.000330
0.000329
0.000330
0.000329
0.000329
0.000328
0.000329
0.000369
0.000351
0.000351
0.000349
0.000329
0.000329
0.000331
0.000330
0.000332
0.000330
0.000330
0.000332
0.000328
0.000330
0.000329
0.000329
0.000331
0.000332
0.000328
0.000331
0.000331
0.000331
0.000329
0.000331
0.000330
0.000330
0.000328
0.000330
0.000332
0.000331
0.000331
0.000330
0.000329
0.000331
0.000330
0.000332
0.000366
0.000349
0.000347
0.000345
0.000330
0.000330
0.000330
0.000329
0.000330
0.000329
0.000329
0.000331
0.000331
0.000330
0.000330
0.000329
0.000329
0.000330
0.000328
0.000329
0.000329
0.000329
0.000329
0.000330
0.000364
0.000349
0.000349
0.000349
0.000331
0.000328
0.000331
0.000328
0.000330
0.000329
0.000329
0.000350
0.000351
0.000350
0.000349
0.000344
0.000329
0.000328
0.000329
0.000328
0.000330
0.000331
0.000330
0.000329
0.000331
0.000330
0.000331
0.000329
0.000331
0.000329
0.000330
0.000331
0.000330
0.000329
0.000331
0.000332
0.000330
0.000331
0.000328
0.000328
0.000330
0.000328
0.000331
0.000330
0.000329
0.000327
0.000330
0.000328
0.000328
0.000329
0.000329
0.000330
0.000330
0.000328
0.000330
0.000329
0.000330
0.000330
0.000329
0.000331
0.000364
0.000338
0.000330
0.000329
0.000328
0.000329
0.000329
0.000331
0.000330
0.000330
0.000330
0.000330
0.000366
0.000337
0.000329
0.000329
0.000330
0.000328
0.000327
0.000330
0.000330
0.000329
0.000328
0.000328
0.000332
0.000332
0.000330
0.000330
0.000330
0.000330
0.000329
0.000330
0.000329
0.000330
0.000330
0.000329
0.000331
0.000331
0.000328
0.000329
0.000330
0.000331
0.000327
0.000328
0.000328
0.000329
0.000329
0.000328
0.000349
0.000330
0.000328
0.000329
0.000331
0.000330
0.000329
0.000329
0.000329
0.000330
0.000329
0.000331
0.000333
0.000329
0.000330
0.000331
0.000330
0.000329
0.000329
0.000331
0.000330
0.000328
0.000330
0.000331
0.000333
0.000330
0.000331
0.000328
0.000323
0.000324
0.000321
0.000324
0.000329
0.000329
0.000330
0.000329
0.000329
0.000329
0.000328
0.000329
0.000329
0.000329
0.000332
0.000331
0.000327
0.000330
0.000330
0.000332
0.000331
0.000329
0.000328
0.000330
0.000329
0.000331
0.000329
0.000332
0.000329
0.000329
0.000329
0.000329
0.000330
0.000328
0.000330
0.000330
0.000330
0.000330
0.000330
0.000331
0.000330
0.000331
0.000331
0.000330
0.000331
0.000331
0.000330
0.000332
0.000330
0.000329
0.000328
0.000330
0.000331
0.000330
0.000331
0.000329
0.000329
0.000332
0.000331
0.000330
0.000331
0.000330
0.000330
0.000330
0.000329
0.000331
0.000330
0.000329
0.000327
0.000331
0.000330
0.000332
0.000329
0.000331
0.000330
0.000331
0.000329
0.000331
0.000331
0.000329
0.000331
0.000330
0.000330
0.000327
0.000330
0.000330
0.000331
0.000330
0.000329
0.000332
0.000330
0.000330
0.000329
0.000331
0.000332
0.000331
0.000330
0.000328
0.000330
0.000331
0.000331
0.000332
0.000329
0.000330
0.000330
0.000331
0.000329
0.000328
0.000329
0.000351
0.000350
0.000350
0.000349
0.000350
0.000350
0.000352
0.000347
0.000332
0.000329
0.000328
0.000330
0.000329
0.000330
0.000331
0.000330
0.000330
0.000329
0.000330
0.000331
0.000331
0.000329
0.000331
0.000329
0.000330
0.000330
0.000328
0.000331
0.000328
0.000329
0.000328
0.000328
0.000358
0.000351
0.000350
0.000358
0.000331
0.000330
0.000327
0.000330
0.000329
0.000331
0.000329
0.000330
0.000330
0.000329
0.000328
0.000330
0.000327
0.000329
0.000329
0.000329
0.000331
0.000329
0.000330
0.000328
0.000359
0.000349
0.000348
0.000356
0.000329
0.000329
0.000328
0.000327
0.000329
0.000331
0.000330
0.000330
0.000332
0.000329
0.000328
0.000328
0.000330
0.000331
0.000328
0.000328
0.000330
0.000330
0.000330
0.000331
0.000329
0.000328
0.000330
0.000329
0.000330
0.000330
0.000330
0.000329
0.000328
0.000329
0.000331
0.000328
0.000333
0.000330
0.000330
0.000330
0.000330
0.000327
0.000329
0.000329
0.000329
0.000331
0.000329
0.000329
0.000330
0.000328
0.000330
0.000328
0.000329
0.000328
0.000331
0.000329
0.000329
0.000329
0.000331
0.000332
0.000330
0.000331
0.000327
0.000330
0.000330
0.000329
0.000329
0.000330
0.000330
0.000331
0.000332
0.000330
0.000332
0.000330
0.000329
0.000330
0.000328
0.000330
0.000330
0.000329
0.000330
0.000329
0.000330
0.000329
0.000331
0.000330
0.000330
0.000329
0.000332
0.000330
0.000332
0.000329
0.000327
0.000329
0.000330
0.000329
0.000329
0.000332
0.000332
0.000330
0.000329
0.000331
0.000328
0.000330
0.000329
0.000333
0.000330
0.000329
0.000328
0.000333
0.000328
0.000329
0.000331
0.000330
0.000329
0.000330
0.000329
0.000331
0.000328
0.000328
0.000331
0.000330
0.000329
0.000331
0.000327
0.000329
0.000329
0.000330
0.000330
0.000331
0.000329
0.000330
0.000329
0.000332
0.000330
0.000328
0.000329
0.000331
0.000329
0.000327
0.000330
0.000330
0.000329
0.000330
0.000331
0.000331
0.000329
0.000330
0.000331
0.000330
0.000330
0.000328
0.000330
0.000329
0.000329
0.000329
0.000329
0.000331
0.000330
0.000331
0.000328
0.000328
0.000329
0.000329
0.000329
0.000330
0.000330
0.000328
0.000329
0.000332
0.000330
0.000328
0.000328
0.000330
0.000329
0.000329
0.000330
0.000329
0.000329
0.000330
0.000328
0.000329
0.000331
0.000328
0.000330
0.000330
0.000331
0.000330
0.000329
0.000330
0.000330
0.000327
0.000328
0.000330
0.000339
0.000331
0.000331
0.000329
0.000330
0.000329
0.000329
0.000329
0.000329
0.000331
0.000329
0.000328
0.000333
0.000330
0.000330
0.000329
0.000329
0.000328
0.000329
0.000329
0.000332
0.000329
0.000329
0.000330
0.000330
0.000329
0.000330
0.000330
0.000331
0.000287
0.000331
0.000330
0.000329
0.000330
0.000328
0.000330
0.000323
0.000331
0.000329
0.000333
0.000330
0.000331
0.000329
0.000330
0.000330
0.000331
0.000330
0.000331
0.000333
0.000329
0.000330
0.000330
0.000329
0.000330
0.000332
0.000332
0.000329
0.000331
0.000331
0.000331
0.000332
0.000328
0.000330
0.000331
0.000329
0.000329
0.000332
0.000329
0.000330
0.000330
0.000329
0.000329
0.000331
0.000329
0.000329
0.000331
0.000330
0.000331
0.000329
0.000330
0.000330
0.000331
0.000330
0.000331
0.000332
0.000368
0.000329
0.000329
0.000331
0.000329
0.000329
0.000330
0.000329
0.000331
0.000330
0.000331
0.000330
0.000329
0.000329
0.000330
0.000330
0.000331
0.000329
0.000329
0.000328
0.000328
0.000330
0.000329
0.000329
0.000370
0.000350
0.000351
0.000350
0.000331
0.000330
0.000327
0.000330
0.000329
0.000331
0.000329
0.000333
0.000331
0.000330
0.000329
0.000330
0.000329
0.000331
0.000330
0.000330
0.000330
0.000328
0.000327
0.000331
0.000331
0.000329
0.000329
0.000331
0.000329
0.000330
0.000329
0.000330
0.000331
0.000331
0.000330
0.000329
0.000331
0.000329
0.000329
0.000326
0.000329
0.000330
0.000330
0.000331
0.000330
0.000331
0.000330
0.000328
0.000330
0.000331
0.000331
0.000329
0.000329
0.000329
0.000329
0.000331
0.000329
0.000330
0.000331
0.000329
0.000330
0.000329
0.000330
0.000329
0.000330
0.000330
0.000331
0.000329
0.000330
0.000330
0.000331
0.000330
0.000332
0.000329
0.000330
0.000329
0.000331
0.000328
0.000330
0.000329
0.000331
0.000330
0.000330
0.000328
0.000331
0.000331
0.000328
0.000329
0.000329
0.000327
0.000329
0.000329
0.000328
0.000329
0.000328
0.000330
0.000331
0.000329
0.000329
0.000328
0.000330
0.000330
0.000328
0.000327
0.000329
0.000327
0.000328
0.000331
0.000329
0.000329
0.000330
0.000330
0.000330
0.000329
0.000329
0.000330
0.000330
0.000328
0.000328
0.000329
0.000330
0.000327
0.000330
0.000329
0.000330
0.000330
0.000329
0.000330
0.000329
0.000330
0.000330
0.000330
0.000330
0.000331
0.000329
0.000327
0.000330
0.000328
0.000329
0.000327
0.000328
0.000328
0.000329
0.000331
0.000329
0.000331
0.000329
0.000331
0.000330
0.000331
0.000330
0.000331
0.000328
0.000330
0.000328
0.000329
0.000329
0.000330
0.000332
0.000329
0.000330
0.000328
0.000328
0.000330
0.000328
0.000327
0.000329
0.000331
0.000329
0.000330
0.000330
0.000331
0.000329
0.000327
0.000330
0.000330
0.000328
0.000329
0.000329
0.000329
0.000330
0.000328
0.000322
0.000321
0.000323
0.000322
0.000321
0.000321
0.000323
0.000325
0.000322
0.000322
0.000321
0.000321
0.000366
0.000363
0.000363
0.000329
0.000331
0.000331
0.000331
0.000330
0.000330
0.000328
0.000329
0.000332
0.000328
0.000331
0.000329
0.000329
0.000327
0.000331
0.000329
0.000329
0.000330
0.000329
0.000329
0.000333
0.000328
0.000329
0.000330
0.000328
0.000328
0.000330
0.000330
0.000329
0.000330
0.000329
0.000330
0.000329
0.000331
0.000333
0.000331
0.000328
0.000328
0.000333
0.000329
0.000328
0.000328
0.000331
0.000331
0.000330
0.000331
0.000329
0.000330
0.000330
0.000329
0.000331
0.000329
0.000330
0.000329
0.000329
0.000330
0.000331
0.000331
0.000329
0.000329
0.000330
0.000329
0.000327
0.000330
0.000330
0.000330
0.000330
0.000330
0.000330
