0.004049
0.003379
0.003251
0.003129
0.003042
0.002994
0.002941
0.002891
0.002833
0.002794
0.002779
0.002704
0.002728
0.002709
0.002664
0.002685
0.002679
0.002598
0.002681
0.002641
0.002605
0.002606
0.002606
0.002601
0.002608
0.002601
0.002599
0.002617
0.002601
0.002594
0.002614
0.002601
0.002601
0.002610
0.002634
0.002652
0.002613
0.002623
0.002695
0.002682
0.002633
0.002644
0.002650
0.002628
0.002648
0.002662
0.002602
0.002602
0.002604
0.002603
0.002616
0.002604
0.002611
0.002603
0.002603
0.002612
0.002614
0.002603
0.002598
0.002599
0.002601
0.002611
0.002609
0.002601
0.002611
0.002611
0.002602
0.002607
0.002659
0.002624
0.002653
0.002614
0.002624
0.002651
0.002678
0.002610
0.002672
0.002677
0.002605
0.002613
0.002603
0.002596
0.002606
0.002608
0.002609
0.002602
0.002606
0.002614
0.002619
0.002616
0.002616
0.002611
0.002610
0.002609
0.002615
0.002615
0.002604
0.002612
0.002606
0.002610
0.002612
0.002601
0.002605
0.002671
0.002666
0.002613
0.002610
0.002600
0.002604
0.002606
0.002610
0.002681
0.002610
0.002606
0.002677
0.002610
0.002614
0.002676
0.002615
0.002603
0.002611
0.002609
0.002604
0.002613
0.002605
0.002612
0.002610
0.002609
0.002610
0.002604
0.002606
0.002601
0.002599
0.002606
0.002604
0.002605
0.002608
0.002609
0.002603
0.002602
0.002607
0.002609
0.002599
0.002672
0.002609
0.002602
0.002605
0.002611
0.002606
0.002679
0.002606
0.002596
0.002681
0.002605
0.002598
0.002677
0.002601
0.002602
0.002609
0.002608
0.002602
0.002608
0.002609
0.002607
0.002607
0.002597
0.002603
0.002601
0.002605
0.002617
0.002609
0.002605
0.002606
0.002609
0.002612
0.002609
0.002602
0.002600
0.002598
0.002597
0.002608
0.002606
0.002599
0.002600
0.002603
0.002605
0.002601
0.002648
0.002622
0.002602
0.002645
0.002643
0.002604
0.002602
0.002604
0.002607
0.002605
0.002642
0.002646
0.002601
0.002601
0.002604
0.002651
0.002626
0.002610
0.002610
0.002603
0.002603
0.002608
0.002608
0.002675
0.002608
0.002609
0.002603
0.002601
0.002603
0.002610
0.002630
0.002639
0.002607
0.002597
0.002607
0.002615
0.002602
0.002606
0.002632
0.002652
0.002639
0.002630
0.002692
0.002648
0.002610
0.002611
0.002600
0.002607
0.002601
0.002650
0.002609
0.002606
0.002679
0.002634
0.002648
0.002608
0.002638
0.002654
0.002620
0.002612
0.002612
0.002603
0.002607
0.002617
0.002607
0.002607
0.002613
0.002605
0.002602
0.002604
0.002606
0.002605
0.002604
0.002608
0.002599
0.002605
0.002606
0.002679
0.002674
0.002621
0.002680
0.002606
0.002595
0.002605
0.002606
0.002606
0.002603
0.002608
0.002601
0.002597
0.002602
0.002598
0.002614
0.002607
0.002601
0.002604
0.002602
0.002605
0.002609
0.002606
0.002610
0.002605
0.002601
0.002601
0.002663
0.002615
0.002611
0.002609
0.002599
0.002606
0.002604
0.002598
0.002609
0.002603
0.002597
0.002678
0.002599
0.002608
0.002683
0.002608
0.002596
0.002607
0.002612
0.002598
0.002609
0.002595
0.002603
0.002608
0.002598
0.002599
0.002614
0.002601
0.002602
0.002604
0.002604
0.002600
0.002602
0.002600
0.002603
0.002633
0.002647
0.002605
0.002600
0.002594
0.002608
0.002598
0.002663
0.002621
0.002594
0.002605
0.002602
0.002605
0.002611
0.002657
0.002614
0.002600
0.002661
0.002617
0.002603
0.002642
0.002636
0.002602
0.002601
0.002598
0.002605
0.002636
0.002641
0.002609
0.002613
0.002610
0.002608
0.002606
0.002602
0.002599
0.002599
0.002603
0.002608
0.002602
0.002608
0.002603
0.002597
0.002606
0.002603
0.002595
0.002602
0.002608
0.002607
0.002611
0.002604
0.002606
0.002613
0.002629
0.002638
0.002607
0.002632
0.002664
0.002608
0.002597
0.002679
0.002623
0.002607
0.002603
0.002640
0.002599
0.002609
0.002602
0.002597
0.002616
0.002610
0.002605
0.002608
0.002601
0.002607
0.002610
0.002607
0.002601
0.002608
0.002614
0.002597
0.002601
0.002608
0.002603
0.002608
0.002602
0.002608
0.002613
0.002603
0.002616
0.002612
0.002701
0.002683
0.002665
0.002628
0.002719
0.002702
0.002625
0.002641
0.002714
0.002669
0.002615
0.002649
0.002622
0.002615
0.002611
0.002602
0.002606
0.002610
0.002600
0.002612
0.002602
0.002599
0.002609
0.002613
0.002597
0.002615
0.002612
0.002614
0.002609
0.002610
0.002608
0.002611
0.002603
0.002605
0.002606
0.002607
0.002614
0.002610
0.002603
0.002683
0.002614
0.002607
0.002684
0.002603
0.002605
0.002611
0.002598
0.002596
0.002603
0.002611
0.002607
0.002603
0.002604
0.002596
0.002608
0.002605
0.002604
0.002607
0.002605
0.002613
0.002607
0.002596
0.002608
0.002685
0.002599
0.002601
0.002610
0.002605
0.002604
0.002602
0.002599
0.002603
0.002605
0.002596
0.002598
0.002603
0.002609
0.002676
0.002606
0.002601
0.002681
0.002599
0.002610
0.002604
0.002607
0.002611
0.002613
0.002605
0.002610
0.002614
0.002599
0.002610
0.002609
0.002600
0.002607
0.002605
0.002594
0.002609
0.002603
0.002599
0.002607
0.002598
0.002606
0.002602
0.002599
0.002603
0.002604
0.002595
0.002609
0.002609
0.002609
0.002604
0.002604
0.002608
0.002615
0.002635
0.002646
0.002604
0.002633
0.002641
0.002599
0.002623
0.002657
0.002606
0.002603
0.002646
0.002761
0.002851
0.002772
0.002682
0.002647
0.002802
0.002836
0.002813
0.002701
0.002658
0.002659
0.002678
0.002749
0.002710
0.002632
0.002776
0.002707
0.002611
0.002731
0.002818
0.002597
0.002741
0.002732
0.002661
0.002727
0.002744
0.002705
0.002689
0.002725
0.002655
0.002798
0.002708
0.002498
0.002669
0.002787
0.002742
0.002686
0.002764
0.002747
0.002725
0.002707
0.002706
0.002700
0.002703
0.002713
0.002700
0.002703
0.002689
0.002707
0.002708
0.002712
0.002702
0.002706
0.002762
0.002703
0.002701
0.002761
0.002704
0.002709
0.002711
0.002703
0.002710
0.002680
0.002705
0.002728
0.002788
0.002771
0.002772
0.002741
0.002763
0.002756
0.002732
0.002765
0.002726
0.002754
0.002707
0.002725
0.002752
0.002752
0.002707
0.002706
0.002748
0.002721
0.002729
0.002755
0.002760
0.002696
0.002715
0.002724
0.002734
0.002702
0.002714
0.002730
0.002727
0.002706
0.002712
0.002765
0.002710
0.002736
0.002729
0.002740
0.002714
0.002702
0.002763
0.002709
0.002705
0.002707
0.002753
0.002715
0.002712
0.002757
0.002782
0.002715
0.002710
0.002753
0.002702
0.002712
0.002710
0.002755
0.002722
0.002752
0.002710
0.002762
0.002744
0.002725
0.002730
0.002735
0.002698
0.002703
0.002758
0.002661
0.002671
0.002738
0.002732
0.002712
0.002712
0.002732
0.002746
0.002710
0.002718
0.002775
0.002708
0.002711
0.002744
0.002733
0.002707
0.002692
0.002724
0.002739
0.002698
0.002706
0.002753
0.002711
0.002676
0.002747
0.002724
0.002698
0.002688
0.002745
0.002722
0.002706
0.002702
0.002772
0.002714
0.002707
0.002726
0.002754
0.002792
0.002742
0.002764
0.002706
0.002712
0.002715
0.002777
0.002723
0.002760
0.002744
0.002736
0.002760
0.002703
0.002749
0.002733
0.002710
0.002721
0.002744
0.002705
0.002709
0.002735
0.002739
0.002710
0.002708
0.002747
0.002728
0.002705
0.002710
0.002784
0.002704
0.002702
0.002750
0.002738
0.002705
0.002712
0.002741
0.002724
0.002704
0.002691
0.002790
0.002694
0.002721
0.002681
0.002794
0.002716
0.002685
0.002755
0.002728
0.002736
0.002704
0.002744
0.002706
0.002671
0.002726
0.002738
0.002712
0.002707
0.002744
0.002703
0.002713
0.002708
0.002769
0.002710
0.002666
0.002596
0.002682
0.002604
0.002607
0.002637
0.002644
0.002609
0.002603
0.002650
0.002664
0.002610
0.002609
0.002720
0.002612
0.002604
0.002601
0.002721
0.002619
0.002607
0.002646
0.002674
0.002611
0.002602
0.002627
0.002642
0.002601
0.002590
0.002639
0.002621
0.002596
0.002605
0.002657
0.002603
0.002606
0.002607
0.002697
0.002611
0.002610
0.002601
0.002685
0.002602
0.002606
0.002652
0.002647
0.002609
0.002610
0.002629
0.002672
0.002612
0.002605
0.002858
0.002777
0.002746
0.002610
0.002607
0.002611
0.002607
0.002633
0.002631
0.002604
0.002611
0.002610
0.002604
0.002609
0.002606
0.002607
0.002612
0.002599
0.002605
0.002639
0.002645
0.002678
0.002656
0.002650
0.002609
0.002677
0.002603
0.002605
0.002599
0.002601
0.002604
0.002607
0.002610
0.002610
0.002605
0.002612
0.002606
0.002611
0.002612
0.002608
0.002605
0.002609
0.002601
0.002609
0.002610
0.002611
0.002647
0.002615
0.002605
0.002640
0.002658
0.002613
0.002599
0.002607
0.002604
0.002603
0.002603
0.002649
0.002629
0.002613
0.002598
0.002683
0.002656
0.002618
0.002605
0.002612
0.002607
0.002612
0.002612
0.002649
0.002605
0.002601
0.002605
0.002608
0.002602
0.002604
0.002608
0.002594
0.002595
0.002598
0.002676
0.002600
0.002602
0.002597
0.002683
0.002612
0.002600
0.002603
0.002685
0.002603
0.002612
0.002606
0.002607
0.002601
0.002605
0.002607
0.002607
0.002606
0.002605
0.002603
0.002603
0.002610
0.002603
0.002608
0.002604
0.002604
0.002597
0.002669
0.002604
0.002594
0.002598
0.002608
0.002603
0.002603
0.002602
0.002710
0.002605
0.002606
0.002608
0.002679
0.002601
0.002598
0.002656
0.002606
0.002599
0.002605
0.002610
0.002592
0.002596
0.002612
0.002607
0.002604
0.002600
0.002597
0.002607
0.002605
0.002611
0.002612
0.002608
0.002612
0.002604
0.002597
0.002605
0.002608
0.002599
0.002601
0.002606
0.002608
0.002603
0.002613
0.002595
0.002605
0.002598
0.002609
0.002603
0.002597
0.002605
0.002673
0.002597
0.002603
0.002627
0.002649
0.002637
0.002657
0.002658
0.002626
0.002606
0.002600
0.002644
0.002614
0.002604
0.002609
0.002602
0.002603
0.002615
0.002608
0.002603
0.002607
0.002607
0.002602
0.002605
0.002599
0.002601
0.002604
0.002599
0.002600
0.002611
0.002611
0.002600
0.002611
0.002594
0.002595
0.002611
0.002598
0.002603
0.002684
0.002601
0.002610
0.002605
0.002675
0.002606
0.002604
0.002607
0.002685
0.002607
0.002614
0.002599
0.002600
0.002610
0.002688
0.002605
0.002598
0.002605
0.002591
0.002599
0.002600
0.002607
0.002604
0.002601
0.002595
0.002596
0.002776
0.002641
0.002606
0.002600
0.002600
0.002601
0.002607
0.002604
0.002597
0.002596
0.002603
0.002597
0.002597
0.002671
0.002601
0.002601
0.002673
0.002601
0.002599
0.002600
0.002610
0.002604
0.002609
0.002610
0.002605
0.002607
0.002602
0.002605
0.002678
0.002607
0.002608
0.002699
0.002634
0.002608
0.002603
0.002685
0.002608
0.002603
0.002603
0.002724
0.002602
0.002607
0.002610
0.002608
0.002678
0.002616
0.002604
0.002604
0.002602
0.002608
0.002608
0.002672
0.002606
0.002604
0.002673
0.002611
0.002606
0.002608
0.002611
0.002604
0.002607
0.002604
0.002597
0.002603
0.002596
0.002596
0.002604
0.002603
0.002599
0.002599
0.002606
0.002606
0.002601
0.002609
0.002604
0.002605
0.002596
0.002598
0.002601
0.002607
0.002607
0.002649
0.002681
0.002594
0.002605
0.002739
0.002649
0.002600
0.002596
0.002664
0.002604
0.002603
0.002705
0.002628
0.002662
0.002600
0.002699
0.002633
0.002604
0.002608
0.002707
0.002622
0.002599
0.002649
0.002689
0.002609
0.002610
0.002669
0.002658
0.002609
0.002613
0.002607
0.002603
0.002609
0.002611
0.002602
0.002602
0.002599
0.002598
0.002602
0.002608
0.002603
0.002604
0.002607
0.002606
0.002604
0.002619
0.002731
0.002600
0.002601
0.002673
0.002642
0.002610
0.002604
0.002602
0.002608
0.002612
0.002611
0.002610
0.002606
0.002608
0.002608
0.002713
0.002603
0.002611
0.002602
0.002597
0.002605
0.002603
0.002600
0.002606
0.002610
0.002599
0.002674
0.002624
0.002606
0.002606
0.002600
0.002607
0.002603
0.002598
0.002609
0.002605
0.002609
0.002600
0.002657
0.002624
0.002609
0.002648
0.002634
0.002605
0.002609
0.002596
0.002608
0.002611
0.002659
0.002638
0.002612
0.002611
0.002603
0.002606
0.002607
0.002610
0.002606
0.002609
0.002600
0.002599
0.002601
0.002604
0.002608
0.002603
0.002603
0.002636
0.002678
0.002608
0.002681
0.002650
0.002616
0.002608
0.002606
0.002609
0.002599
0.002611
0.002699
0.002643
0.002679
0.002638
0.002642
0.002608
0.002600
0.002602
0.002598
0.002611
0.002609
0.002604
0.002597
0.002611
0.002603
0.002598
0.002608
0.002602
0.002609
0.002604
0.002609
0.002597
0.002614
0.002606
0.002602
0.002611
0.002607
0.002605
0.002606
0.002601
0.002606
0.002604
0.002598
0.002601
0.002605
0.002607
0.002606
0.002604
0.002609
0.002678
0.002609
0.002602
0.002680
0.002609
0.002608
0.002612
0.002607
0.002599
0.002617
0.002606
0.002607
0.002609
0.002609
0.002599
0.002603
0.002605
0.002609
0.002639
0.002667
0.002600
0.002606
0.002671
0.002628
0.002612
0.002601
0.002724
0.002765
0.002608
0.002634
0.002712
0.002620
0.002611
0.002605
0.002610
0.002605
0.002606
0.002595
0.002676
0.002609
0.002607
0.002675
0.002606
0.002600
0.002607
0.002605
0.002612
0.002608
0.002604
0.002607
0.002599
0.002605
0.002601
0.002606
0.002605
0.002609
0.002611
0.002603
0.002600
0.002605
0.002600
0.002606
0.002606
0.002598
0.002608
0.002605
0.002605
0.002601
0.002606
0.002596
0.002602
0.002599
0.002612
0.002602
0.002600
0.002605
0.002662
0.002617
0.002610
0.002657
0.002623
0.002600
0.002600
0.002596
0.002608
0.002594
0.002597
0.002608
0.002613
0.002610
0.002603
0.002596
0.002595
0.002604
0.002602
0.002605
0.002606
0.002605
0.002595
0.002601
0.002596
0.002601
0.002602
0.002604
0.002601
0.002599
0.002605
0.002603
0.002608
0.002600
0.002633
0.002603
0.002592
0.002604
0.002608
0.002598
0.002600
0.002593
0.002645
0.002604
0.002595
0.002692
0.002605
0.002597
0.002601
0.002604
0.002604
0.002604
0.002600
0.002600
0.002595
0.002596
0.002595
0.002602
0.002602
0.002596
0.002733
0.002607
0.002603
0.002605
0.002608
0.002595
0.002600
0.002595
0.002597
0.002598
0.002605
0.002608
0.002600
0.002600
0.002603
0.002599
0.002592
0.002636
0.002610
0.002605
0.002659
0.002608
0.002612
0.002607
0.002600
0.002603
0.002605
0.002599
0.002599
0.002602
0.002596
0.002602
0.002606
0.002603
0.002599
0.002604
0.002602
0.002604
0.002602
0.002611
0.002606
0.002606
0.002595
0.002595
0.002606
0.002609
0.002601
0.002604
0.002633
0.002709
0.002603
0.002605
0.002605
0.002604
0.002605
0.002597
0.002605
0.002604
0.002605
0.002641
0.002601
0.002601
0.002597
0.002611
0.002608
0.002599
0.002596
0.002609
0.002599
0.002607
0.002597
0.002595
0.002599
0.002596
0.002607
0.002600
0.002600
0.002608
0.002607
0.002672
0.002619
0.002598
0.002602
0.002607
0.002604
0.002598
0.002604
0.002597
0.002603
0.002604
0.002601
0.002593
0.002604
0.002610
0.002596
0.002607
0.002601
0.002654
0.002608
0.002603
0.002625
0.002610
0.002603
0.002606
0.002601
0.002603
0.002605
0.002601
0.002599
0.002604
0.002611
0.002594
0.002603
0.002605
0.002600
0.002600
0.002609
0.002601
0.002616
0.002606
0.002599
0.002598
0.002591
0.002605
0.002599
0.002591
0.002605
0.002598
0.002602
0.002612
0.002600
0.002602
0.002625
0.002609
0.002595
0.002652
0.002598
0.002606
0.002606
0.002599
0.002606
0.002602
0.002600
0.002609
0.002598
0.002597
0.002607
0.002608
0.002605
0.002604
0.002603
0.002598
0.002603
0.002597
0.002606
0.002600
0.002602
0.002594
0.002603
0.002607
0.002596
0.002599
0.002600
0.002603
0.002601
0.002594
0.002630
0.002606
0.002603
0.002607
0.002628
0.002606
0.002599
0.002678
0.002668
0.002601
0.002601
0.002617
0.002614
0.002601
0.002590
0.002607
0.002605
0.002608
0.002603
0.002595
0.002599
0.002601
0.002600
0.002598
0.002603
0.002603
0.002594
0.002606
0.002611
0.002606
0.002608
0.002601
0.002602
0.002601
0.002593
0.002607
0.002596
0.002600
0.002646
0.002631
0.002598
0.002604
0.002596
0.002599
0.002599
0.002605
0.002644
0.002597
0.002598
0.002612
0.002599
0.002603
0.002604
0.002605
0.002599
0.002606
0.002603
0.002606
0.002599
0.002596
0.002598
0.002600
0.002606
0.002602
0.002604
0.002598
0.002598
0.002603
0.002600
0.002608
0.002601
0.002601
0.002607
0.002606
0.002605
0.002612
0.002610
0.002610
0.002608
0.002603
0.002607
0.002603
0.002614
0.002609
0.002648
0.002601
0.002599
0.002600
0.002603
0.002606
0.002607
0.002607
0.002610
0.002612
0.002600
0.002602
0.002611
0.002607
0.002604
0.002614
0.002605
0.002638
0.002657
0.002597
0.002603
0.002602
0.002602
0.002603
0.002600
0.002601
0.002609
0.002607
0.002602
0.002609
0.002603
0.002611
0.002604
0.002611
0.002610
0.002607
0.002608
0.002614
0.002618
0.002644
0.002610
0.002610
0.002609
0.002607
0.002608
0.002600
0.002605
0.002604
0.002609
0.002608
0.002652
0.002613
0.002604
0.002603
0.002608
0.002601
0.002608
0.002610
0.002667
0.002608
0.002607
0.002606
0.002610
0.002609
0.002608
0.002594
0.002656
0.002612
0.002607
0.002608
0.002607
0.002599
0.002604
0.002599
0.002632
0.002609
0.002600
0.002673
0.002612
0.002605
0.002613
0.002670
0.002607
0.002606
0.002607
0.002604
0.002603
0.002683
0.002615
0.002651
0.002614
0.002597
0.002680
0.002622
0.002607
0.002606
0.002601
0.002600
0.002600
0.002604
0.002612
0.002605
0.002607
0.002599
0.002612
0.002596
0.002613
0.002607
0.002601
0.002608
0.002606
0.002639
0.002647
0.002610
0.002599
0.002666
0.002627
0.002607
0.002610
0.002600
0.002606
0.002605
0.002613
0.002600
0.002607
0.002603
0.002607
0.002602
0.002602
0.002604
0.002598
0.002606
0.002602
0.002603
0.002606
0.002609
0.002597
0.002596
0.002601
0.002610
0.002598
0.002604
0.002598
0.002601
0.002607
0.002610
0.002606
0.002606
0.002606
0.002612
0.002666
0.002617
0.002606
0.002643
0.002619
0.002604
0.002598
0.002598
0.002612
0.002604
0.002603
0.002609
0.002607
0.002600
0.002608
0.002612
0.002610
0.002609
0.002610
0.002608
0.002611
0.002599
0.002599
0.002609
0.002600
0.002605
0.002608
0.002599
0.002607
0.002609
0.002606
0.002605
0.002680
0.002599
0.002603
0.002607
0.002607
0.002611
0.002603
0.002611
0.002603
0.002612
0.002640
0.002607
0.002607
0.002606
0.002613
0.002605
0.002613
0.002603
0.002601
0.002605
0.002611
0.002601
0.002603
0.002647
0.002643
0.002607
0.002605
0.002596
0.002601
0.002612
0.002609
0.002608
0.002607
0.002597
0.002600
0.002608
0.002598
0.002600
0.002600
0.002613
0.002618
0.002595
0.002603
0.002606
0.002604
0.002607
0.002608
0.002605
0.002652
0.002611
0.002599
0.002608
0.002605
0.002605
0.002617
0.002605
0.002594
0.002610
0.002598
0.002599
0.002607
0.002608
0.002610
0.002611
0.002609
0.002600
0.002600
0.002592
0.002602
0.002599
0.002601
0.002609
0.002611
0.002600
0.002605
0.002610
0.002602
0.002602
0.002606
0.002589
0.002605
0.002591
0.002605
0.002681
0.002598
0.002607
0.002637
0.002658
0.002606
0.002603
0.002597
0.002606
0.002601
0.002597
0.002601
0.002609
0.002601
0.002608
0.002609
0.002609
0.002602
0.002598
0.002591
0.002607
0.002596
0.002596
0.002597
0.002601
0.002602
0.002603
0.002599
0.002608
0.002605
0.002608
0.002605
0.002610
0.002609
0.002695
0.002657
0.002605
0.002607
0.002674
0.002632
0.002601
0.002607
0.002640
0.002611
0.002630
0.002619
0.002621
0.002605
0.002610
0.002608
0.002607
0.002604
0.002606
0.002611
0.002608
0.002608
0.002598
0.002606
0.002604
0.002596
0.002600
0.002598
0.002596
