0.004008
0.002213
0.002112
0.002086
0.001984
0.001999
0.001901
0.001878
0.001849
0.001859
0.001846
0.001861
0.001844
0.001839
0.001835
0.001842
0.001844
0.001847
0.001842
0.001818
0.001843
0.001829
0.001844
0.001832
0.001840
0.001836
0.001836
0.001843
0.001836
0.001846
0.001834
0.001830
0.001830
0.001835
0.001831
0.001835
0.001832
0.001859
0.002147
0.001842
0.001840
0.001842
0.001841
0.001835
0.001839
0.001839
0.001832
0.001827
0.001837
0.001824
0.001853
0.001826
0.001848
0.001837
0.001833
0.001824
0.001827
0.001833
0.001824
0.001824
0.001818
0.001829
0.001829
0.001834
0.001821
0.001824
0.001829
0.001824
0.001837
0.001827
0.001826
0.001827
0.001839
0.001829
0.001832
0.001831
0.001824
0.001829
0.001824
0.001829
0.001824
0.001826
0.001824
0.001828
0.001827
0.001837
0.001837
0.001836
0.001820
0.001819
0.001818
0.001823
0.001833
0.001825
0.001840
0.001833
0.001841
0.001834
0.001848
0.001833
0.001828
0.001827
0.001823
0.001821
0.001821
0.001829
0.001813
0.001820
0.001817
0.001830
0.001817
0.001823
0.001816
0.001840
0.001826
0.001826
0.001829
0.001821
0.001832
0.001824
0.001828
0.001828
0.001824
0.001823
0.001826
0.001836
0.001822
0.001822
0.001819
0.001821
0.001814
0.001830
0.001822
0.001833
0.001826
0.001826
0.001821
0.001831
0.001820
0.001815
0.001828
0.001822
0.001824
0.001829
0.001837
0.001813
0.001812
0.001816
0.001824
0.001821
0.001820
0.001827
0.001822
0.001821
0.001813
0.001827
0.001810
0.001814
0.001821
0.001823
0.001827
0.001820
0.001828
0.001825
0.001828
0.001825
0.001820
0.001819
0.001824
0.001828
0.001862
0.001828
0.001814
0.001828
0.001819
0.001878
0.001818
0.001822
0.001817
0.001829
0.001819
0.001831
0.001822
0.001818
0.001829
0.001828
0.001831
0.001818
0.001826
0.001817
0.001823
0.001824
0.001825
0.001828
0.001816
0.001823
0.001819
0.001816
0.001815
0.001829
0.001818
0.001831
0.001814
0.001829
0.001819
0.001813
0.001815
0.001818
0.001824
0.001821
0.001828
0.001820
0.001835
0.001819
0.001832
0.001822
0.001821
0.001832
0.001825
0.001823
0.001825
0.001831
0.001824
0.001835
0.001819
0.001823
0.001818
0.001815
0.001812
0.001821
0.001821
0.001820
0.001824
0.001821
0.001822
0.001825
0.001824
0.001818
0.001817
0.001826
0.001826
0.001815
0.001824
0.001823
0.001814
0.001828
0.001816
0.001831
0.001812
0.001818
0.001826
0.001815
0.001870
0.001823
0.001822
0.001819
0.001830
0.001821
0.001824
0.001822
0.001834
0.001822
0.001822
0.001820
0.001819
0.001827
0.001823
0.001833
0.001820
0.001820
0.001817
0.001825
0.001820
0.001828
0.001827
0.001821
0.001823
0.001818
0.001817
0.001819
0.001825
0.001817
0.001829
0.001833
0.001822
0.001884
0.001827
0.001817
0.001819
0.001833
0.001850
0.001830
0.001816
0.001840
0.001815
0.001824
0.001820
0.001817
0.001816
0.001820
0.001827
0.001820
0.001821
0.001830
0.001819
0.001813
0.001823
0.001813
0.001821
0.001821
0.001825
0.001825
0.001819
0.001844
0.005651
0.001842
0.001831
0.001842
0.001823
0.001822
0.001826
0.001827
0.001820
0.001816
0.001828
0.001824
0.001827
0.001824
0.001826
0.001817
0.001824
0.001817
0.001829
0.001829
0.001815
0.001824
0.001818
0.001830
0.001823
0.001830
0.001822
0.001832
0.001819
0.001819
0.001819
0.001823
0.001828
0.001826
0.001831
0.001812
0.001828
0.001811
0.001821
0.001827
0.001821
0.001829
0.001829
0.001817
0.001818
0.001835
0.001826
0.001837
0.001827
0.001823
0.001822
0.001821
0.001830
0.001828
0.001828
0.001820
0.001830
0.001828
0.001830
0.001817
0.001823
0.001814
0.001827
0.001824
0.001819
0.001826
0.001827
0.001832
0.001823
0.001834
0.001825
0.001833
0.001822
0.001823
0.001826
0.001820
0.001825
0.001827
0.001832
0.001823
0.001832
0.001831
0.001829
0.001820
0.001832
0.001825
0.001832
0.001820
0.001823
0.001829
0.001825
0.001826
0.001830
0.001829
0.001811
0.001822
0.001811
0.001819
0.001827
0.001819
0.001826
0.001822
0.001825
0.001822
0.001824
0.001818
0.001820
0.001820
0.001822
0.001824
0.001829
0.001821
0.001820
0.001829
0.001823
0.001834
0.001816
0.001829
0.001818
0.001819
0.001832
0.001833
0.001827
0.001818
0.001820
0.001822
0.001825
0.001828
0.001834
0.001812
0.001829
0.001818
0.001829
0.001819
0.001818
0.001818
0.001821
0.001827
0.001825
0.001829
0.001826
0.001824
0.001824
0.001825
0.001816
0.001821
0.001819
0.001825
0.001835
0.001825
0.001843
0.001821
0.001831
0.001819
0.001826
0.001833
0.001824
0.001814
0.001815
0.001826
0.001822
0.001827
0.001818
0.001829
0.001814
0.001830
0.001817
0.001821
0.001824
0.001818
0.001826
0.001821
0.001835
0.001834
0.001835
0.001818
0.001828
0.001820
0.001827
0.001824
0.001823
0.001818
0.001823
0.001817
0.001812
0.001812
0.001817
0.001818
0.001821
0.001821
0.001826
0.001823
0.001824
0.001825
0.001840
0.001818
0.001831
0.001826
0.001834
0.001825
0.001813
0.001826
0.001824
0.001827
0.001829
0.001829
0.001824
0.001827
0.001829
0.001833
0.001825
0.001829
0.001814
0.001827
0.001828
0.001823
0.001819
0.001827
0.001823
0.001817
0.001822
0.001820
0.001830
0.001816
0.001815
0.001832
0.001825
0.001838
0.001814
0.001839
0.001826
0.001830
0.001815
0.001867
0.001931
0.001832
0.001830
0.001824
0.001821
0.001821
0.001820
0.001827
0.001866
0.001824
0.001827
0.001814
0.001825
0.001818
0.001822
0.001827
0.001826
0.001825
0.001822
0.001829
0.001819
0.001827
0.001819
0.001823
0.001820
0.001825
0.001825
0.001826
0.001839
0.001823
0.001842
0.001831
0.001833
0.001820
0.001827
0.001823
0.001825
0.001819
0.001817
0.001821
0.001822
0.001826
0.001817
0.001821
0.001821
0.001828
0.001823
0.001825
0.001822
0.001823
0.001824
0.001828
0.001835
0.001829
0.001829
0.001832
0.001849
0.001822
0.001832
0.001810
0.001824
0.001824
0.001821
0.001832
0.001825
0.001820
0.001817
0.001833
0.001819
0.001831
0.001816
0.001828
0.001808
0.001814
0.001815
0.001821
0.001820
0.001811
0.001816
0.001811
0.001825
0.001817
0.001826
0.001917
0.001821
0.001822
0.001818
0.001828
0.001821
0.001823
0.001818
0.001818
0.001814
0.001830
0.001823
0.001822
0.001827
0.001821
0.001823
0.001815
0.001824
0.001821
0.001826
0.001820
0.001821
0.001820
0.001811
0.001814
0.001817
0.001817
0.001822
0.001825
0.001819
0.001820
0.001808
0.001821
0.001813
0.001821
0.001816
0.001824
0.001823
0.001812
0.001824
0.001815
0.001826
0.001810
0.001825
0.001813
0.001812
0.001818
0.001826
0.001820
0.001823
0.001829
0.001828
0.001832
0.001818
0.001821
0.001808
0.001826
0.001818
0.001813
0.001820
0.001816
0.001820
0.001820
0.001824
0.001822
0.001818
0.001807
0.001820
0.001819
0.001820
0.001832
0.001834
0.001823
0.001820
0.001824
0.001814
0.001821
0.001817
0.001818
0.001818
0.001819
0.001823
0.001826
0.001831
0.001826
0.001819
0.001819
0.001821
0.001811
0.001825
0.001818
0.001815
0.001820
0.001808
0.001816
0.001824
0.001823
0.001814
0.001826
0.001813
0.001826
0.001819
0.001818
0.001820
0.001812
0.001833
0.001821
0.001825
0.001824
0.001827
0.001819
0.001825
0.001814
0.001811
0.001814
0.001812
0.001821
0.001810
0.001824
0.001808
0.001823
0.001809
0.001822
0.001825
0.001823
0.001824
0.001818
0.001827
0.001824
0.001832
0.001835
0.001825
0.001823
0.001829
0.001823
0.001831
0.001812
0.001821
0.001815
0.001820
0.001818
0.001820
0.001826
0.001822
0.001825
0.001822
0.001824
0.001820
0.001820
0.001829
0.001822
0.001823
0.001813
0.001823
0.001815
0.001832
0.001808
0.001830
0.001817
0.001826
0.001827
0.001819
0.001834
0.001816
0.001828
0.001817
0.001820
0.001818
0.001832
0.001819
0.001828
0.001821
0.001819
0.005667
0.004656
0.001827
0.001824
0.001824
0.001842
0.001829
0.001824
0.001822
0.001831
0.001828
0.001832
0.001820
0.001822
0.001824
0.001820
0.001824
0.001825
0.001822
0.001831
0.001833
0.001816
0.001841
0.001814
0.001820
0.001827
0.001827
0.001821
0.001819
0.001816
0.001818
0.001831
0.001824
0.001838
0.001829
0.001832
0.001830
0.001819
0.001828
0.001818
0.001824
0.001824
0.001822
0.001807
0.001837
0.001819
0.001824
0.001819
0.001827
0.001817
0.001823
0.001828
0.001816
0.001826
0.001816
0.001818
0.001815
0.001825
0.001824
0.001825
0.001819
0.001819
0.001820
0.001814
0.001834
0.001822
0.001818
0.001814
0.001823
0.001818
0.001821
0.001830
0.001846
0.001825
0.001814
0.001825
0.001828
0.001840
0.001819
0.001828
0.001822
0.001821
0.001824
0.001824
0.001826
0.001818
0.001831
0.001823
0.001825
0.001822
0.001837
0.001816
0.001815
0.001820
0.001832
0.001814
0.001833
0.001835
0.001823
0.001828
0.001819
0.001828
0.001818
0.001828
0.001826
0.001823
0.001820
0.001830
0.001814
0.001814
0.001815
0.001809
0.001824
0.001815
0.001826
0.001823
0.001821
0.001822
0.001817
0.001824
0.001824
0.001823
0.001831
0.001822
0.001811
0.001825
0.001816
0.001818
0.001823
0.001816
0.001817
0.001818
0.001828
0.001811
0.001827
0.001814
0.001830
0.001826
0.001825
0.001825
0.001834
0.001818
0.001820
0.001820
0.001816
0.001820
0.001826
0.001818
0.001821
0.001832
0.001820
0.001824
0.001821
0.001822
0.001836
0.001818
0.001816
0.001823
0.001822
0.001819
0.001836
0.001819
0.001818
0.001824
0.001823
0.001824
0.001820
0.001823
0.001822
0.001829
0.001826
0.001829
0.001817
0.001818
0.001820
0.001819
0.001820
0.001813
0.001820
0.001815
0.001823
0.001819
0.001822
0.001816
0.001814
0.001820
0.001814
0.001822
0.001811
0.001824
0.001818
0.001821
0.001818
0.001823
0.001822
0.001810
0.001832
0.001815
0.001821
0.001818
0.001822
0.001815
0.001824
0.001828
0.001825
0.001817
0.001840
0.001815
0.001826
0.001822
0.001822
0.001821
0.001816
0.001826
0.001814
0.001822
0.001811
0.001827
0.001821
0.001818
0.001821
0.001812
0.001831
0.001822
0.001843
0.001826
0.001834
0.001823
0.001834
0.001822
0.001818
0.001827
0.001821
0.001818
0.001817
0.001826
0.001827
0.001820
0.001817
0.001825
0.001820
0.001818
0.001819
0.001819
0.001826
0.001815
0.001820
0.001818
0.001824
0.001815
0.001826
0.001815
0.001820
0.001816
0.001820
0.001809
0.001810
0.001820
0.001815
0.001820
0.001810
0.001832
0.001827
0.001821
0.001830
0.001821
0.001821
0.001817
0.001830
0.001816
0.001819
0.001813
0.001819
0.001812
0.001821
0.001816
0.001819
0.001814
0.001818
0.001816
0.001831
0.001825
0.001816
0.001823
0.001809
0.001819
0.001819
0.001823
0.005411
0.002400
0.001943
0.001835
0.001833
0.001830
0.001834
0.001831
0.001841
0.001819
0.001848
0.001827
0.001838
0.001845
0.001830
0.001828
0.001834
0.001827
0.001831
0.001829
0.001820
0.001832
0.001831
0.001825
0.001846
0.001828
0.001831
0.001817
0.001821
0.001826
0.001832
0.001818
0.001833
0.001817
0.001830
0.001818
0.001824
0.001831
0.001832
0.001836
0.001830
0.001831
0.001821
0.001829
0.001823
0.001837
0.001830
0.001838
0.001854
0.001836
0.001834
0.001822
0.001836
0.001834
0.001830
0.001826
0.001842
0.001831
0.001839
0.002208
0.001843
0.001830
0.001825
0.001833
0.001848
0.001843
0.001831
0.001838
0.001832
0.001838
0.001838
0.001837
0.001832
0.001840
0.001832
0.001839
0.001838
0.001835
0.001869
0.001848
0.001839
0.001828
0.001840
0.001824
0.001819
0.001825
0.001823
0.001826
0.001827
0.001834
0.001836
0.001831
0.001823
0.001832
0.001821
0.001848
0.001820
0.001830
0.001824
0.001844
0.001831
0.001828
0.001828
0.001832
0.001833
0.001818
0.001831
0.001823
0.001840
0.001846
0.001850
0.001828
0.001824
0.001830
0.001836
0.001830
0.001827
0.001835
0.001825
0.001839
0.001834
0.001843
0.001849
0.001831
0.001835
0.001834
0.001833
0.001829
0.001838
0.001823
0.001838
0.001821
0.001838
0.001823
0.001825
0.001853
0.001847
0.001831
0.001820
0.001818
0.001817
0.001827
0.001827
0.001834
0.001823
0.001830
0.001819
0.001831
0.001851
0.001845
0.001837
0.001822
0.001823
0.001819
0.001832
0.001818
0.001825
0.001823
0.001824
0.001823
0.001826
0.001825
0.001823
0.001829
0.001826
0.001831
0.001825
0.001832
0.001820
0.001830
0.001824
0.001826
0.001823
0.001833
0.001860
0.001841
0.001831
0.001827
0.001837
0.001828
0.001828
0.001817
0.001822
0.001828
0.001847
0.001830
0.001827
0.001822
0.001835
0.002055
0.001844
0.001836
0.001824
0.001836
0.001824
0.001838
0.001827
0.001833
0.001833
0.001833
0.001843
0.001830
0.001838
0.001829
0.001827
0.001820
0.001831
0.001831
0.001829
0.001834
0.001828
0.001833
0.001831
0.001839
0.001831
0.001836
0.001828
0.001836
0.001829
0.001851
0.001834
0.001834
0.001828
0.001830
0.001831
0.001828
0.001834
0.001822
0.001832
0.001821
0.001833
0.001828
0.001827
0.001830
0.001830
0.001838
0.001853
0.001828
0.001823
0.001837
0.001829
0.001840
0.001833
0.001827
0.001830
0.001832
0.001828
0.001833
0.001838
0.001825
0.001843
0.001857
0.001859
0.001842
0.001855
0.001832
0.001829
0.001836
0.001830
0.001831
0.001829
0.001823
0.001832
0.001832
0.001826
0.001848
0.001826
0.001828
0.001827
0.001820
0.001825
0.001822
0.001824
0.001820
0.001827
0.001820
0.001833
0.001820
0.001840
0.001817
0.001816
0.001824
0.001829
0.001827
0.001832
0.001838
0.001841
0.001826
0.001822
0.001832
0.001843
0.001854
0.001829
0.001839
0.001831
0.001828
0.001830
0.001828
0.001834
0.001829
0.001837
0.001825
0.001837
0.001828
0.001822
0.001826
0.001835
0.001826
0.001823
0.001822
0.001821
0.001826
0.001829
0.001827
0.001817
0.001833
0.001818
0.001825
0.001832
0.001820
0.001836
0.001846
0.001857
0.001818
0.001830
0.001827
0.001831
0.001823
0.001825
0.001822
0.001814
0.001833
0.001821
0.001824
0.001818
0.001831
0.001814
0.001836
0.001815
0.001824
0.001826
0.001820
0.001821
0.001823
0.001831
0.001816
0.001828
0.001823
0.010897
0.006942
0.001884
0.001959
0.002094
0.001870
0.001838
0.001838
0.002565
0.002113
0.002231
0.001841
0.001844
0.001871
0.001828
0.001861
0.001853
0.001859
0.001833
0.001848
0.001835
0.001832
0.001837
0.001830
0.001841
0.001836
0.001851
0.001836
0.009234
0.017014
0.005170
0.010811
0.007501
0.001847
0.001843
0.001844
0.001843
0.001851
0.001829
0.001846
0.001845
0.001849
0.001840
0.001852
0.001845
0.001845
0.001847
0.001843
0.001839
0.001842
0.001850
0.001838
0.001836
0.001836
0.001843
0.001837
0.001845
0.001836
0.001843
0.001840
0.001841
0.001840
0.001840
0.001851
0.001843
0.002310
0.005015
0.002254
0.001847
0.001847
0.001842
0.001839
0.001841
0.001843
0.001842
0.001841
0.001846
0.001849
0.001849
0.001845
0.001851
0.001845
0.001848
0.001843
0.001843
0.001839
0.001845
0.001848
0.001848
0.001857
0.001851
0.001857
0.001860
0.001862
0.001842
0.001854
0.001855
0.001872
0.002284
0.001847
0.001835
0.001841
0.001844
0.001835
0.001844
0.001846
0.001842
0.001834
0.001850
0.001846
0.001853
0.001844
0.001852
0.001865
0.001861
0.001840
0.001844
0.001836
0.001834
0.001842
0.001844
0.001854
0.001835
0.001842
0.001835
0.001840
0.001852
0.001846
0.001843
0.001834
0.001844
0.001848
0.001845
0.001842
0.001851
0.001838
0.001840
0.001835
0.001860
0.001844
0.001835
0.001840
0.001846
0.001845
0.001834
0.001861
0.001852
0.001847
0.001841
0.001848
0.001850
0.001862
0.001864
0.001834
0.001832
0.001828
0.001838
0.001839
0.001849
0.001837
0.001844
0.001835
0.001836
0.001830
0.001840
0.001834
0.001837
0.001851
0.001853
0.001835
0.001831
0.001844
0.001835
0.001837
0.001837
0.001840
0.001866
0.001845
0.001839
0.001834
0.001839
0.001837
0.001857
0.001837
0.001844
0.001838
0.001845
0.001833
0.001848
0.001834
0.001869
0.001833
0.001840
0.001833
0.001837
0.001836
0.001850
0.001866
0.001840
0.001851
0.001829
0.001844
0.001843
0.001852
0.001853
0.001837
0.001841
0.001868
0.001842
0.001843
0.001914
0.001844
0.001856
0.001858
0.001858
0.001850
0.001843
0.001834
0.001848
0.001841
0.001838
0.001847
0.001872
0.001847
0.001846
0.001847
0.001847
0.001852
0.001838
0.001859
0.001835
0.001843
0.001831
0.001831
0.001833
0.001841
0.001846
0.001847
0.001844
0.001834
0.001842
0.001835
0.001850
0.001837
0.001842
0.001832
0.001843
0.001837
0.001838
0.001842
0.001838
0.001841
0.001836
0.001841
0.001827
0.001847
0.001831
0.001843
0.001830
0.001833
0.001832
0.001825
0.001835
0.001834
0.001842
0.001841
0.001836
0.001860
0.001836
0.001835
0.001837
0.001843
0.001838
0.001835
0.001852
0.001867
0.001851
0.001955
0.001825
0.001853
0.001846
0.001848
0.001833
0.001855
0.001829
0.001846
0.001833
0.001825
0.001833
0.001831
0.001844
0.001837
0.001839
0.001831
0.001846
0.001833
0.001838
0.001840
0.001837
0.001840
0.001828
0.001834
0.001832
0.001834
0.001834
0.001841
0.001830
0.001847
0.001852
0.001827
0.001829
0.001828
0.001841
0.001856
0.001856
0.001868
0.001835
0.001829
0.001838
0.001828
0.001836
0.001834
0.001846
0.001848
0.001829
0.001840
0.001832
0.001844
0.001835
0.001844
0.001849
0.001864
0.001841
0.001854
0.001839
0.001834
0.001835
0.001832
0.001869
0.001856
0.001865
0.001866
0.001849
0.001834
0.001842
0.001843
0.001845
0.001837
0.001832
0.001837
0.001844
0.001844
0.001842
0.001839
0.001834
0.001837
0.001839
0.001840
0.001831
0.001835
0.001829
0.001833
0.001835
0.001834
0.001832
0.001834
0.001833
0.001830
0.001836
0.001830
0.001836
0.001835
0.001857
0.001849
0.001841
0.001838
0.001833
0.001830
0.001829
0.001842
0.001828
0.001846
0.001831
0.001842
0.001832
0.001826
0.001834
0.001836
0.001838
0.001830
0.001846
0.001843
0.001843
0.001831
0.001837
0.001833
0.001838
0.001857
0.001856
0.001834
0.001829
0.001842
0.001840
0.001842
0.001841
0.001843
0.001843
0.001833
0.001831
0.001839
0.001842
0.001833
0.001845
0.001856
0.001836
0.001838
0.001846
0.001853
0.001841
0.001837
0.001845
0.001839
0.001841
0.001833
0.001834
0.001840
0.001836
0.001837
0.001839
0.001857
0.001837
0.001850
0.001835
0.001841
0.001838
0.001842
0.001837
0.001835
0.001855
0.001852
0.001842
0.001837
0.001848
0.001832
0.001846
0.001838
0.001842
0.001837
0.001853
0.001850
0.001836
0.001838
0.001837
0.001833
0.001837
0.001852
0.001843
0.001853
0.001840
0.001847
0.001837
0.001846
0.001839
0.001844
0.001837
0.001840
0.001838
0.001845
0.001838
0.001834
0.001851
0.001841
0.001846
0.001832
0.001847
0.001838
0.001837
0.001849
0.001839
0.001835
0.001847
0.001845
0.001835
0.001840
0.001852
0.001850
0.001840
0.001838
0.001833
0.001836
0.001843
0.001838
0.001847
0.001850
0.001848
0.001839
0.001842
0.001863
0.001862
0.001844
0.001845
0.001848
0.001864
0.001841
0.001835
0.001832
0.001833
0.001847
0.001828
0.001845
0.001835
0.001837
0.001831
0.001838
0.001843
0.001841
0.001841
0.001842
0.001845
0.001839
0.001855
0.001827
0.001844
0.001836
0.001852
0.001836
0.001840
0.001837
0.001831
0.001844
0.001832
0.001844
0.001833
0.001845
0.001852
0.001845
0.001836
0.001836
0.001840
0.001845
0.001829
0.001835
0.001841
0.001840
0.001832
0.001842
0.001840
0.001833
0.001846
0.001843
0.001853
0.001844
0.001847
0.001848
0.001861
0.001852
0.001834
0.001846
0.001838
0.001841
