0.129863
0.113357
0.113145
0.112631
0.113197
0.112863
0.112709
0.113241
0.113228
0.112902
0.112414
0.112264
0.112497
0.113086
0.124026
0.130585
0.116406
0.143775
0.148233
0.148224
0.148395
0.148499
0.147689
0.148320
0.147615
0.147321
0.148022
0.148356
0.158470
0.126299
0.110535
0.110185
0.110340
0.109888
0.110025
0.109920
0.110725
0.109683
0.109871
0.109442
0.110246
0.110096
0.110030
0.110066
0.110361
0.110294
0.110618
0.109817
0.109471
0.109316
0.109971
0.110222
0.110031
0.110573
0.115851
0.123201
0.130545
0.127293
0.124597
0.123850
0.123085
0.123774
0.123499
0.123208
0.123201
0.123594
0.123710
0.123448
0.125056
0.124365
0.124382
0.123717
0.124488
0.124416
0.123384
0.123241
0.122773
0.122983
0.123070
0.123427
0.123021
0.123506
0.122779
0.123271
0.123199
0.123080
0.123402
0.123061
0.123687
0.124249
0.123351
0.123424
0.123093
0.122865
0.123439
0.123195
0.125601
0.131225
0.128989
0.128667
0.126270
0.124215
0.125020
0.124778
0.124678
0.124550
0.124759
0.125230
0.124447
0.124317
0.125445
0.124378
0.124107
0.124168
0.125068
0.124961
0.124830
0.124261
0.124820
0.124272
0.125084
0.124810
0.124523
0.124953
0.124454
0.124463
0.124236
0.124682
0.124408
0.124905
0.124826
0.125970
0.124459
0.124430
0.124838
0.124651
0.128115
0.132504
0.130142
0.129380
0.129671
0.129902
0.128940
0.124262
0.123916
0.124480
0.124064
0.123866
0.124408
0.124171
0.124378
0.124275
0.123995
0.124194
0.124126
0.124125
0.124353
0.124100
0.124519
0.123153
0.110786
0.111096
0.111036
0.110607
0.110730
0.110797
0.111023
0.111355
0.111624
0.110087
0.111120
0.110558
0.111116
0.110602
0.112058
0.110634
0.110939
0.110901
0.114032
0.116248
0.115305
0.114083
0.114153
0.114054
0.114623
0.111709
0.110726
0.110933
0.111252
0.111086
0.110882
0.110953
0.110639
0.110736
0.110470
0.110598
0.110423
0.110480
0.110869
0.110962
0.110698
0.110963
0.111112
0.111616
0.110667
0.110210
0.110763
0.110617
0.110691
0.110683
0.111249
0.110030
0.111041
0.110673
0.110061
0.110384
0.110924
0.110645
0.110545
0.110363
0.111536
0.111051
0.110495
0.115455
0.115218
0.114292
0.113043
0.112076
0.112295
0.112139
0.119990
0.124386
0.124101
0.124009
0.123677
0.122939
0.123308
0.123218
0.123574
0.123522
0.123164
0.123890
0.123919
0.123724
0.124377
0.124529
0.124993
0.124532
0.124442
0.124185
0.124291
0.124201
0.124171
0.124215
0.124524
0.124279
0.124172
0.124805
0.124157
0.124193
0.124348
0.124261
0.124545
0.125266
0.131502
0.129686
0.127040
0.125869
0.125809
0.125296
0.126256
0.124262
0.124213
0.124006
0.123872
0.125444
0.124565
0.124868
0.125004
0.124540
0.124074
0.125204
0.124182
0.124785
0.124899
0.124586
0.125049
0.124335
0.124966
0.124368
0.125143
0.124641
0.124721
0.124837
0.125225
0.124571
0.124589
0.124569
0.124764
0.124327
0.124614
0.124920
0.125034
0.124243
0.129049
0.116208
0.115955
0.115272
0.109517
0.110123
0.110068
0.110026
0.110332
0.110267
0.110049
0.109837
0.110587
0.110620
0.110388
0.111237
0.110853
0.111147
0.110806
0.111045
0.110423
0.110265
0.109929
0.109811
0.110381
0.109987
0.110837
0.110728
0.110954
0.111065
0.110565
0.110401
0.109304
0.111052
0.111097
0.111011
0.111221
0.110993
0.111504
0.111110
0.110041
0.110956
0.110348
0.111030
0.110645
0.117926
0.113965
0.113396
0.113272
0.110562
0.110695
0.110840
0.110950
0.111126
0.110572
0.111467
0.110950
0.111456
0.110860
0.110213
0.110983
0.111027
0.110999
0.111113
0.111314
0.111307
0.110514
0.110655
0.110697
0.110685
0.111880
0.111390
0.111161
0.111220
0.110576
0.110321
0.110728
0.111472
0.111764
0.111644
0.111262
0.110912
0.110732
0.111434
0.110468
0.110530
0.110318
0.111024
0.110782
0.110910
0.117784
0.114646
0.114562
0.114737
0.112795
0.112217
0.112213
0.112023
0.112565
0.111603
0.111000
0.110455
0.109705
0.110145
0.110438
0.110083
0.110300
0.110230
0.110436
0.110555
0.109855
0.111389
0.110083
0.110196
0.110330
0.109659
0.109916
0.110749
0.110550
0.110545
0.109729
0.109875
0.109990
0.111139
0.110069
0.109799
0.111081
0.111268
0.111618
0.110688
0.111545
0.111158
0.111624
0.111231
0.110276
0.117042
0.115582
0.115789
0.113908
0.112996
0.112977
0.113053
0.111477
0.111381
0.111146
0.111824
0.111506
0.111848
0.110994
0.111245
0.111870
0.111144
0.110962
0.111088
0.111188
0.110868
0.110568
0.111022
0.111022
0.110746
0.111178
0.110976
0.110737
0.110117
0.110631
0.111053
0.110867
0.110534
0.111503
0.111175
0.110927
0.110881
0.111344
0.111396
0.111097
0.111302
0.111573
0.110969
0.110672
0.110668
0.118763
0.113571
0.111998
0.111207
0.111219
0.110561
0.110823
0.111392
0.110287
0.110703
0.110734
0.110885
0.110478
0.110328
0.110159
0.111076
0.110737
0.110740
0.110618
0.110233
0.110055
0.111050
0.110777
0.110721
0.110183
0.111348
0.111443
0.110833
0.110773
0.110584
0.109836
0.111026
0.110451
0.111138
0.110596
0.110771
0.110879
0.110900
0.110932
0.110626
0.110023
0.109458
0.110347
0.110785
0.110529
0.120073
0.117370
0.115515
0.115139
0.115164
0.114778
0.114897
0.113765
0.111106
0.111092
0.112280
0.111382
0.110652
0.111202
0.110245
0.110975
0.109894
0.110480
0.111101
0.111329
0.110599
0.110591
0.110144
0.110264
0.110742
0.109063
0.109646
0.109244
0.109778
0.109715
0.109623
0.110691
0.109912
0.110327
0.109737
0.109805
0.110144
0.109631
0.110084
0.109802
0.109903
0.109832
0.109949
0.109852
0.110402
0.119823
0.115981
0.114989
0.114550
0.111368
0.110308
0.111095
0.110964
0.111059
0.111104
0.111272
0.110161
0.110168
0.110741
0.110604
0.110348
0.110782
0.110500
0.110806
0.110940
0.110601
0.110216
0.110280
0.110878
0.111256
0.111095
0.110191
0.110720
0.110584
0.110950
0.110054
0.110769
0.110291
0.111500
0.111125
0.110655
0.110310
0.110094
0.110331
0.110302
0.111052
0.110414
0.110562
0.110312
0.110866
0.118330
0.115294
0.114482
0.113897
0.113685
0.112863
0.111603
0.110215
0.111212
0.111037
0.110791
0.110689
0.110625
0.112210
0.110599
0.111380
0.110950
0.110426
0.110962
0.110480
0.110506
0.110682
0.110664
0.111102
0.110800
0.111252
0.109634
0.110119
0.110004
0.110022
0.109154
0.110737
0.110856
0.110467
0.111073
0.111055
0.109998
0.110921
0.110203
0.110840
0.110133
0.109962
0.111046
0.110845
0.110654
0.117011
0.114972
0.113206
0.112619
0.112182
0.112583
0.113485
0.112722
0.110701
0.111109
0.110494
0.110407
0.111038
0.111117
0.111089
0.111266
0.110636
0.110937
0.110641
0.110504
0.111147
0.110391
0.110539
0.110950
0.110782
0.110883
0.110801
0.110925
0.111591
0.110863
0.110508
0.110650
0.110559
0.110626
0.111132
0.110420
0.110684
0.110233
0.110722
0.111214
0.110974
0.111058
0.110498
0.110995
0.112288
0.116921
0.113508
0.111399
0.112004
0.111064
0.110890
0.110073
0.110799
0.110039
0.111062
0.110568
0.110923
0.111214
0.110425
0.110492
0.110889
0.110898
0.112482
0.110979
0.111330
0.110375
0.110814
0.110071
0.110990
0.111487
0.111117
0.111240
0.110704
0.111115
0.110433
0.110598
0.110915
0.111061
0.110639
0.111230
0.111189
0.110418
0.110624
0.110771
0.110703
0.110871
0.110601
0.111291
0.111022
0.112094
0.118309
0.116766
0.115708
0.115610
0.115192
0.113661
0.111295
0.111388
0.110797
0.110795
0.111099
0.110847
0.111071
0.110943
0.110853
0.110490
0.109942
0.110303
0.110653
0.110454
0.110412
0.110831
0.110915
0.111301
0.110398
0.111060
0.110600
0.110978
0.110950
0.110970
0.110174
0.110731
0.110463
0.111463
0.110886
0.110289
0.110753
0.110552
0.110636
0.111007
0.110971
0.110934
0.111338
0.111019
0.114320
0.117165
0.116774
0.115289
0.115401
0.114959
0.115020
0.113868
0.111221
0.111164
0.111187
0.111173
0.111209
0.109905
0.110317
0.111109
0.110411
0.111205
0.110770
0.111207
0.110812
0.112243
0.110792
0.110929
0.110619
0.111079
0.110373
0.110878
0.111059
0.110850
0.110666
0.110448
0.110301
0.111116
0.111159
0.110921
0.110495
0.111342
0.110953
0.111020
0.110301
0.111015
0.110606
0.111014
0.111072
0.115883
0.116092
0.115875
0.114816
0.114697
0.114272
0.114597
0.114477
0.114719
0.111410
0.110482
0.110275
0.111259
0.111167
0.111197
0.110538
0.110700
0.110368
0.110983
0.111608
0.109741
0.110683
0.110565
0.111741
0.110434
0.110816
0.111565
0.111190
0.110698
0.111088
0.110899
0.110816
0.110537
0.110947
0.110939
0.110131
0.110056
0.111030
0.111252
0.110353
0.110900
0.110995
0.110970
0.111735
0.110707
0.119013
0.114633
0.113579
0.114152
0.113284
0.110462
0.109968
0.110686
0.110260
0.110869
0.109790
0.111426
0.111150
0.110874
0.110815
0.110933
0.112065
0.111337
0.110844
0.111212
0.110797
0.110301
0.110517
0.110615
0.111058
0.112915
0.111600
0.109969
0.110195
0.110426
0.110746
0.110945
0.110512
0.110407
0.110995
0.110131
0.110249
0.110098
0.110685
0.110618
0.110630
0.110332
0.111012
0.110475
0.109898
0.117694
0.113829
0.112283
0.111897
0.110693
0.111362
0.111817
0.111434
0.111971
0.110788
0.111069
0.111187
0.111349
0.111176
0.111291
0.111430
0.110828
0.111342
0.110677
0.111191
0.110993
0.111090
0.110239
0.110891
0.111149
0.111017
0.111194
0.111066
0.110493
0.110753
0.110490
0.111312
0.111403
0.111046
0.111573
0.110784
0.110920
0.110501
0.111888
0.111280
0.111009
0.110918
0.111291
0.111132
0.111305
0.118156
0.114811
0.113205
0.112236
0.112320
0.112520
0.112546
0.111422
0.111003
0.110895
0.111046
0.110769
0.110707
0.110795
0.110288
0.110644
0.110965
0.110361
0.110763
0.111024
0.110207
0.110496
0.110036
0.110147
0.110840
0.110366
0.110800
0.110439
0.111352
0.109958
0.110668
0.109810
0.109811
0.110142
0.111132
0.110720
0.109663
0.109892
0.110286
0.110928
0.110367
0.110554
0.110135
0.110216
0.110635
0.117460
0.114158
0.112021
0.111822
0.111269
0.111135
0.111289
0.111689
0.111892
0.111265
0.110447
0.111105
0.111104
0.111519
0.111519
0.111533
0.111448
0.111105
0.111480
0.111211
0.111095
0.111168
0.111607
0.111491
0.111156
0.110578
0.111231
0.110727
0.111378
0.111046
0.110319
0.111118
0.111236
0.111312
0.111545
0.111791
0.110674
0.110402
0.110956
0.110660
0.111178
0.110652
0.110539
0.111828
0.111253
0.118199
0.114087
0.115132
0.113497
0.113057
0.114161
0.112266
0.111251
0.110838
0.110442
0.111279
0.111642
0.110840
0.110876
0.110233
0.111278
0.110483
0.110954
0.111195
0.111817
0.111346
0.110858
0.111101
0.110569
0.111309
0.111315
0.110642
0.110742
0.111014
0.111316
0.111349
0.111012
0.112063
0.111033
0.111584
0.110697
0.111346
0.111128
0.111049
0.110984
0.110576
0.110990
0.111548
0.110864
0.112676
0.118430
0.112936
0.113514
0.112033
0.111191
0.111056
0.110771
0.111115
0.111627
0.111366
0.111247
0.111430
0.111471
0.110949
0.110850
0.110994
0.111012
0.111361
0.111293
0.110889
0.111161
0.111602
0.111065
0.111145
0.110527
0.111648
0.110917
0.110916
0.111030
0.111238
0.110630
0.111142
0.111119
0.110789
0.111131
0.110661
0.110916
0.110418
0.110911
0.110657
0.111238
0.110692
0.110665
0.110705
0.114824
0.117046
0.114428
0.114219
0.114916
0.115175
0.112314
0.111038
0.110988
0.110504
0.110877
0.111531
0.111528
0.110950
0.110994
0.111409
0.111891
0.111288
0.111833
0.110443
0.110943
0.110869
0.111394
0.110353
0.110980
0.111443
0.111407
0.111367
0.111858
0.111219
0.111713
0.110870
0.110656
0.110909
0.111116
0.110758
0.112122
0.111113
0.110941
0.111585
0.111244
0.110983
0.111235
0.111491
0.110874
0.115724
0.114614
0.113843
0.112817
0.111548
0.110991
0.111027
0.111693
0.111539
0.110710
0.111156
0.111353
0.111738
0.111127
0.111317
0.111439
0.111046
0.111170
0.110743
0.111403
0.111288
0.111373
0.110172
0.111154
0.111109
0.111108
0.110852
0.111186
0.111263
0.110656
0.110634
0.110488
0.110770
0.111061
0.111276
0.111595
0.110754
0.111258
0.111335
0.111136
0.110763
0.111190
0.111435
0.111202
0.111404
0.117309
0.116989
0.114985
0.113848
0.113586
0.112995
0.112772
0.111448
0.110757
0.110698
0.110507
0.110627
0.111182
0.111248
0.110824
0.110712
0.110605
0.110639
0.110272
0.111410
0.111193
0.110949
0.110720
0.111307
0.111086
0.110943
0.110924
0.110102
0.111255
0.110839
0.111091
0.110629
0.110987
0.110913
0.111107
0.110714
0.111071
0.111334
0.110359
0.111593
0.111275
0.110651
0.110850
0.110881
0.110440
0.117825
0.114351
0.113337
0.113991
0.111672
0.112233
0.110746
0.110381
0.110421
0.110660
0.111120
0.110566
0.111106
0.110454
0.110774
0.110205
0.110427
0.110888
0.110585
0.110975
0.110453
0.110670
0.110441
0.110696
0.110776
0.110350
0.110018
0.110215
0.110736
0.110935
0.110712
0.110677
0.110492
0.110799
0.110473
0.110839
0.110612
0.110015
0.110639
0.110623
0.110645
0.110437
0.111057
0.110601
0.110721
0.117567
0.115886
0.114254
0.113664
0.113321
0.113296
0.113747
0.112106
0.110370
0.110084
0.110495
0.109949
0.111550
0.110386
0.110604
0.110986
0.111044
0.111340
0.110790
0.110973
0.111422
0.110840
0.110741
0.110546
0.110907
0.111026
0.110921
0.111018
0.110857
0.110753
0.110040
0.111023
0.110785
0.111024
0.111316
0.111224
0.111262
0.111604
0.111468
0.110455
0.111033
0.111174
0.110903
0.112207
0.110686
0.117490
0.114161
0.112342
0.111216
0.110490
0.110912
0.111358
0.110903
0.110407
0.110645
0.111212
0.111566
0.111184
0.110573
0.111044
0.110741
0.110389
0.110846
0.110187
0.110628
0.109736
0.110600
0.110444
0.109912
0.110469
0.111410
0.109916
0.111016
0.110682
0.109942
0.110895
0.110181
0.110572
0.111014
0.111075
0.110621
0.110872
0.110544
0.110475
0.110559
0.110456
0.110551
0.110466
0.110452
0.110768
0.118161
0.113468
0.113974
0.112558
0.112153
0.111270
0.111249
0.111418
0.111027
0.110826
0.110716
0.111000
0.111048
0.111081
0.110936
0.111100
0.111633
0.110487
0.110239
0.110728
0.110872
0.110393
0.110393
0.110022
0.110815
0.111235
0.111172
0.110623
0.110730
0.110574
0.110786
0.110850
0.110550
0.111537
0.110500
0.109811
0.109866
0.109589
0.109991
0.109998
0.109349
0.109985
0.110211
0.109418
0.109880
0.116233
0.112967
0.112974
0.111979
0.111027
0.110777
0.111329
0.111188
0.111288
0.111383
0.110892
0.111571
0.111160
0.110536
0.111125
0.110747
0.110582
0.110291
0.110989
0.110837
0.110617
0.111057
0.110109
0.110187
0.110684
0.110692
0.111316
0.110742
0.109852
0.110993
0.110601
0.110319
0.109861
0.111004
0.110142
0.110913
0.110588
0.110416
0.111400
0.110630
0.110759
0.110120
0.110890
0.110787
0.110480
0.116900
0.113732
0.114151
0.112479
0.112303
0.111782
0.112667
0.110495
0.109954
0.110203
0.110369
0.110313
0.110958
0.110822
0.111001
0.110584
0.110785
0.110561
0.110265
0.111365
0.111274
0.111644
0.111036
0.110765
0.110531
0.111123
0.110715
0.111474
0.110922
0.110532
0.110659
0.110902
0.110468
0.110704
0.110925
0.110442
0.111189
0.111207
0.111555
0.110649
0.110858
0.110536
0.111371
0.110970
0.110446
0.117022
0.115686
0.115130
0.114910
0.114360
0.116100
0.114949
0.112818
0.111425
0.111440
0.110764
0.111056
0.111611
0.111042
0.110862
0.111239
0.111124
0.110629
0.111399
0.111039
0.110745
0.110383
0.110062
0.111291
0.110659
0.110810
0.109876
0.110466
0.111251
0.110828
0.110990
0.110287
0.110957
0.110799
0.111068
0.110811
0.110772
0.110776
0.110854
0.110320
0.110948
0.110171
0.110973
0.110786
0.110877
0.117559
0.113259
0.112202
0.112858
0.112268
0.112625
0.112950
0.110587
0.110545
0.110343
0.110738
0.110935
0.110163
0.110683
0.110272
0.110727
0.110639
0.111093
0.110967
0.111238
0.110891
0.110758
0.111112
0.110568
0.111278
0.111402
0.111451
0.110804
0.110502
0.111080
0.110711
0.110358
0.111219
0.111124
0.110733
0.110281
0.110308
0.110454
0.110612
0.110732
0.110741
0.110745
0.110822
0.110461
0.111228
0.117469
0.115498
0.115297
0.113328
0.110052
0.110215
0.109980
0.110272
0.109952
0.115893
0.124407
0.124478
0.124760
0.124358
0.123983
0.124410
0.123749
0.123730
0.124008
0.123632
0.124097
0.124052
0.124352
0.124018
0.124447
0.124033
0.123838
0.124031
0.123673
0.123678
0.123723
0.124376
0.123891
0.124548
0.123970
0.123560
0.123843
0.123942
0.123681
0.123896
0.123677
0.130759
0.126293
0.125059
0.124881
0.124616
0.124639
0.124358
0.124346
0.123985
0.123922
0.123979
0.124252
0.124211
0.124190
0.124639
0.124206
0.124337
0.124531
0.123990
0.124297
0.124409
0.124654
0.124377
0.123964
0.124760
0.124352
0.124437
0.124447
0.124488
0.124315
0.124217
0.124076
0.124497
0.124129
0.124175
0.124211
0.124306
0.124218
0.124568
0.124404
0.130829
0.128252
0.127380
0.125962
0.125470
0.125509
0.125412
0.124309
0.123273
0.123913
0.123848
0.124389
0.123855
0.123958
0.123932
0.123977
0.123655
0.123888
0.123714
0.123276
0.124001
0.123299
0.123952
0.123966
0.123433
0.124031
0.124147
0.123713
0.123480
0.123928
0.124016
0.123581
0.123013
0.123166
0.123627
0.123172
0.123162
0.123909
0.124113
0.123138
0.129320
0.129954
0.128631
0.127221
0.126198
0.125677
0.125592
0.124444
0.124040
0.124660
0.124367
0.124768
0.124390
0.124366
0.125168
0.124242
0.124666
0.124877
0.124204
0.124110
0.124243
0.124397
0.125137
0.124180
0.124268
0.124344
0.124046
0.124189
0.124431
0.124217
0.124444
0.124329
0.124128
0.124690
0.124365
0.124847
0.124326
0.124447
0.124768
0.124596
0.129425
0.131239
0.130722
0.129350
0.129394
0.128257
0.123299
0.123792
0.123439
0.123687
0.123882
0.123729
0.123782
0.123564
0.123650
0.124356
0.124204
0.123156
0.124164
0.123499
0.123308
0.123835
0.123455
0.122890
0.123823
0.123545
0.122799
0.123391
0.124067
0.124009
0.123430
0.123877
0.123868
0.123569
0.123420
0.123966
0.123312
0.122987
0.123772
0.123668
0.127299
0.129590
0.127450
0.124854
0.124186
0.124407
0.125227
0.124440
0.124269
0.124421
0.124377
0.125118
0.124480
0.124384
0.124696
0.125014
0.124816
0.125039
0.124557
0.124057
0.124610
0.124556
0.124953
0.124747
0.124867
0.124203
0.124173
0.123860
0.124880
0.124266
0.124762
0.124925
0.124347
0.124632
0.124525
0.124229
0.124612
0.124977
0.125184
0.125133
0.128757
0.131823
0.131409
0.129675
0.128594
0.124800
0.125297
0.124491
0.124538
0.124071
0.124688
0.124338
0.124181
0.124667
0.125322
0.124125
0.124008
0.123847
0.125431
0.123938
0.123738
0.124064
0.123833
0.124107
0.124336
0.124417
0.124351
0.123985
0.123797
0.124110
0.124598
0.123972
0.123862
0.124641
0.124039
0.123738
0.124033
0.123702
0.124045
0.123814
0.126985
0.131304
0.131763
0.130590
0.129927
0.130848
0.131529
0.130926
0.127474
0.123913
0.123006
0.123443
0.123812
0.123109
0.124119
0.123809
0.123442
0.123320
0.123227
0.124044
0.123450
0.123419
0.124128
0.123885
0.123688
0.123560
0.123212
0.123791
0.123554
0.123391
0.123874
0.123293
0.123094
0.123397
0.123703
0.123115
0.123020
0.122704
0.123982
0.123242
0.127287
0.128502
0.125900
0.124041
0.123571
0.123311
0.123605
0.123349
0.124370
0.125279
0.125098
0.124550
0.123322
0.123227
0.124190
0.123469
0.123428
0.123468
0.124247
0.124400
0.124131
0.124873
0.125962
0.124781
0.124030
0.124652
0.124497
