0.001389
0.001005
0.001004
0.000827
0.000572
0.000583
0.000565
0.000564
0.000565
0.000564
0.000580
0.000536
0.000540
0.000538
0.000539
0.000539
0.000538
0.000545
0.000537
0.000523
0.000521
0.000522
0.000522
0.000518
0.000520
0.000537
0.000483
0.000490
0.000484
0.000480
0.000485
0.000484
0.000480
0.000492
0.000471
0.000467
0.000465
0.000470
0.000468
0.000467
0.000468
0.000469
0.000486
0.000456
0.000455
0.000450
0.000449
0.000452
0.000456
0.000454
0.000464
0.000454
0.000438
0.000439
0.000436
0.000437
0.000441
0.000440
0.000443
0.000444
0.000440
0.000442
0.000443
0.000427
0.000427
0.000425
0.000425
0.000425
0.000425
0.000460
0.000436
0.000447
0.000443
0.000442
0.000440
0.000444
0.000427
0.000449
0.000444
0.000440
0.000439
0.000441
0.000439
0.000438
0.000439
0.000436
0.000427
0.000453
0.000440
0.000438
0.000442
0.000423
0.000427
0.000423
0.000426
0.000425
0.000450
0.000440
0.000441
0.000438
0.000424
0.000426
0.000450
0.000441
0.000437
0.000443
0.000441
0.000442
0.000442
0.000426
0.000428
0.000428
0.000424
0.000428
0.000449
0.000441
0.000442
0.000444
0.000425
0.000426
0.000426
0.000427
0.000427
0.000429
0.000458
0.000439
0.000441
0.000440
0.000440
0.000441
0.000445
0.000442
0.000429
0.000457
0.000438
0.000447
0.000425
0.000426
0.000424
0.000423
0.000429
0.000428
0.000449
0.000438
0.000451
0.000427
0.000428
0.000451
0.000439
0.000439
0.000442
0.000443
0.000435
0.000439
0.000438
0.000427
0.000430
0.000426
0.000427
0.000424
0.000448
0.000441
0.000441
0.000444
0.000425
0.000430
0.000427
0.000428
0.000428
0.000446
0.000443
0.000438
0.000437
0.000437
0.000441
0.000439
0.000445
0.000426
0.000446
0.000439
0.000440
0.000445
0.000426
0.000422
0.000427
0.000429
0.000427
0.000430
0.000454
0.000442
0.000448
0.000430
0.000426
0.000423
0.000448
0.000439
0.000437
0.000443
0.000439
0.000440
0.000434
0.000426
0.000426
0.000427
0.000425
0.000430
0.000448
0.000441
0.000439
0.000437
0.000425
0.000428
0.000425
0.000427
0.000426
0.000468
0.000441
0.000439
0.000438
0.000441
0.000439
0.000441
0.000429
0.000430
0.000444
0.000439
0.000438
0.000442
0.000426
0.000428
0.000427
0.000426
0.000426
0.000427
0.000457
0.000440
0.000443
0.000427
0.000430
0.000447
0.000440
0.000442
0.000441
0.000439
0.000440
0.000447
0.000426
0.000426
0.000428
0.000426
0.000427
0.000426
0.000453
0.000438
0.000435
0.000438
0.000425
0.000428
0.000429
0.000424
0.000426
0.000449
0.000437
0.000441
0.000443
0.000444
0.000438
0.000437
0.000447
0.000427
0.000447
0.000440
0.000442
0.000444
0.000425
0.000427
0.000427
0.000426
0.000428
0.000445
0.000439
0.000441
0.000445
0.000426
0.000427
0.000425
0.000426
0.000453
0.000436
0.000440
0.000437
0.000447
0.000426
0.000426
0.000424
0.000428
0.000427
0.000424
0.000462
0.000440
0.000439
0.000435
0.000427
0.000430
0.000426
0.000426
0.000429
0.000454
0.000440
0.000437
0.000456
0.000440
0.000438
0.000447
0.000425
0.000426
0.000447
0.000440
0.000441
0.000439
0.000427
0.000423
0.000427
0.000425
0.000425
0.000449
0.000440
0.000441
0.000444
0.000426
0.000425
0.000428
0.000427
0.000428
0.000444
0.000440
0.000440
0.000448
0.000428
0.000426
0.000424
0.000423
0.000426
0.000427
0.000451
0.000440
0.000440
0.000436
0.000427
0.000423
0.000426
0.000426
0.000423
0.000449
0.000439
0.000438
0.000438
0.000437
0.000440
0.000440
0.000446
0.000422
0.000446
0.000441
0.000440
0.000442
0.000427
0.000426
0.000427
0.000428
0.000424
0.000448
0.000441
0.000438
0.000442
0.000426
0.000425
0.000426
0.000427
0.000452
0.000441
0.000439
0.000435
0.000443
0.000424
0.000426
0.000423
0.000425
0.000425
0.000425
0.000454
0.000438
0.000441
0.000443
0.000425
0.000426
0.000426
0.000426
0.000424
0.000450
0.000438
0.000439
0.000440
0.000448
0.000438
0.000440
0.000439
0.000426
0.000447
0.000437
0.000434
0.000441
0.000424
0.000427
0.000423
0.000429
0.000422
0.000449
0.000438
0.000441
0.000443
0.000427
0.000425
0.000444
0.000440
0.000437
0.000442
0.000452
0.000437
0.000447
0.000424
0.000425
0.000425
0.000426
0.000428
0.000424
0.000453
0.000437
0.000447
0.000424
0.000423
0.000425
0.000427
0.000427
0.000424
0.000453
0.000437
0.000439
0.000458
0.000438
0.000439
0.000435
0.000425
0.000426
0.000450
0.000440
0.000440
0.000439
0.000421
0.000422
0.000425
0.000425
0.000427
0.000451
0.000439
0.000442
0.000443
0.000427
0.000427
0.000425
0.000430
0.000426
0.000456
0.000438
0.000442
0.000444
0.000425
0.000424
0.000452
0.000438
0.000448
0.000425
0.000455
0.000438
0.000446
0.000423
0.000424
0.000426
0.000425
0.000424
0.000426
0.000455
0.000439
0.000440
0.000437
0.000444
0.000441
0.000439
0.000441
0.000427
0.000452
0.000440
0.000440
0.000439
0.000424
0.000421
0.000426
0.000422
0.000423
0.000449
0.000442
0.000438
0.000438
0.000423
0.000426
0.000422
0.000427
0.000454
0.000441
0.000447
0.000438
0.000443
0.000429
0.000425
0.000426
0.000425
0.000425
0.000422
0.000458
0.000437
0.000444
0.000427
0.000426
0.000426
0.000427
0.000424
0.000423
0.000454
0.000441
0.000461
0.000446
0.000434
0.000434
0.000442
0.000426
0.000424
0.000449
0.000438
0.000440
0.000437
0.000426
0.000425
0.000427
0.000421
0.000426
0.000447
0.000441
0.000436
0.000439
0.000425
0.000425
0.000422
0.000425
0.000424
0.000447
0.000438
0.000441
0.000442
0.000427
0.000428
0.000427
0.000420
0.000425
0.000426
0.000455
0.000444
0.000448
0.000428
0.000425
0.000426
0.000428
0.000423
0.000423
0.000453
0.000437
0.000443
0.000462
0.000438
0.000447
0.000427
0.000426
0.000425
0.000454
0.000444
0.000439
0.000438
0.000427
0.000425
0.000422
0.000424
0.000423
0.000449
0.000440
0.000436
0.000442
0.000426
0.000429
0.000424
0.000428
0.000440
0.000440
0.000439
0.000441
0.000441
0.000427
0.000428
0.000425
0.000426
0.000424
0.000422
0.000449
0.000440
0.000451
0.000426
0.000424
0.000425
0.000423
0.000426
0.000424
0.000451
0.000434
0.000437
0.000438
0.000444
0.000441
0.000434
0.000441
0.000439
0.000441
0.000439
0.000440
0.000439
0.000424
0.000426
0.000428
0.000426
0.000424
0.000448
0.000438
0.000438
0.000440
0.000427
0.000425
0.000422
0.000426
0.000454
0.000530
0.000444
0.000446
0.000462
0.000418
0.000413
0.000418
0.000417
0.000419
0.000418
0.000452
0.000432
0.000438
0.000419
0.000423
0.000419
0.000417
0.000417
0.000418
0.000446
0.000428
0.000435
0.000448
0.000432
0.000431
0.000442
0.000418
0.000421
0.000439
0.000430
0.000431
0.000434
0.000421
0.000422
0.000418
0.000419
0.000421
0.000419
0.000448
0.000434
0.000439
0.000415
0.000416
0.000419
0.000417
0.000417
0.000421
0.000450
0.000429
0.000429
0.000428
0.000419
0.000418
0.000419
0.000415
0.000420
0.000442
0.000430
0.000436
0.000438
0.000418
0.000418
0.000419
0.000418
0.000419
0.000419
0.000448
0.000436
0.000435
0.000435
0.000433
0.000435
0.000420
0.000416
0.000419
0.000448
0.000433
0.000432
0.000435
0.000419
0.000419
0.000419
0.000416
0.000420
0.000437
0.000432
0.000432
0.000439
0.000419
0.000414
0.000418
0.000421
0.000443
0.000431
0.000434
0.000433
0.000443
0.000417
0.000414
0.000419
0.000419
0.000419
0.000419
0.000447
0.000433
0.000432
0.000437
0.000419
0.000421
0.000417
0.000421
0.000420
0.000423
0.000447
0.000432
0.000441
0.000439
0.000431
0.000435
0.000435
0.000422
0.000419
0.000451
0.000434
0.000444
0.000417
0.000420
0.000418
0.000419
0.000419
0.000417
0.000445
0.000432
0.000432
0.000437
0.000422
0.000419
0.000420
0.000416
0.000421
0.000444
0.000431
0.000428
0.000437
0.000420
0.000423
0.000418
0.000416
0.000418
0.000419
0.000445
0.000431
0.000434
0.000429
0.000420
0.000421
0.000414
0.000417
0.000419
0.000439
0.000429
0.000435
0.000431
0.000431
0.000435
0.000433
0.000417
0.000419
0.000416
0.000450
0.000435
0.000441
0.000421
0.000416
0.000421
0.000420
0.000420
0.000423
0.000450
0.000432
0.000429
0.000431
0.000421
0.000421
0.000418
0.000419
0.000437
0.000434
0.000436
0.000430
0.000439
0.000413
0.000419
0.000419
0.000419
0.000418
0.000421
0.000448
0.000433
0.000441
0.000418
0.000417
0.000417
0.000416
0.000419
0.000418
0.000442
0.000431
0.000433
0.000433
0.000438
0.000431
0.000432
0.000436
0.000417
0.000438
0.000430
0.000433
0.000434
0.000416
0.000420
0.000421
0.000422
0.000421
0.000421
0.000452
0.000427
0.000443
0.000416
0.000419
0.000420
0.000420
0.000446
0.000437
0.000441
0.000432
0.000431
0.000435
0.000419
0.000415
0.000421
0.000416
0.000419
0.000442
0.000432
0.000430
0.000438
0.000418
0.000415
0.000418
0.000421
0.000416
0.000418
0.000448
0.000433
0.000441
0.000448
0.000431
0.000432
0.000432
0.000421
0.000418
0.000444
0.000429
0.000432
0.000434
0.000421
0.000423
0.000419
0.000418
0.000421
0.000438
0.000432
0.000432
0.000436
0.000420
0.000417
0.000420
0.000419
0.000420
0.000439
0.000434
0.000431
0.000441
0.000419
0.000424
0.000416
0.000420
0.000422
0.000418
0.000444
0.000430
0.000435
0.000435
0.000420
0.000418
0.000419
0.000419
0.000421
0.000436
0.000433
0.000432
0.000429
0.000431
0.000430
0.000431
0.000432
0.000430
0.000418
0.000449
0.000429
0.000444
0.000419
0.000419
0.000419
0.000424
0.000420
0.000419
0.000442
0.000429
0.000433
0.000433
0.000420
0.000444
0.000435
0.000432
0.000435
0.000431
0.000432
0.000432
0.000432
0.000421
0.000420
0.000420
0.000420
0.000418
0.000419
0.000450
0.000436
0.000441
0.000417
0.000418
0.000417
0.000418
0.000419
0.000419
0.000442
0.000431
0.000434
0.000432
0.000434
0.000429
0.000431
0.000432
0.000419
0.000442
0.000433
0.000433
0.000437
0.000416
0.000421
0.000422
0.000421
0.000421
0.000418
0.000451
0.000431
0.000443
0.000420
0.000422
0.000422
0.000444
0.000432
0.000431
0.000440
0.000435
0.000432
0.000436
0.000421
0.000418
0.000416
0.000419
0.000419
0.000440
0.000432
0.000432
0.000434
0.000418
0.000422
0.000422
0.000419
0.000419
0.000441
0.000435
0.000434
0.000433
0.000430
0.000432
0.000439
0.000421
0.000419
0.000415
0.000443
0.000433
0.000429
0.000435
0.000422
0.000418
0.000419
0.000421
0.000420
0.000439
0.000432
0.000431
0.000438
0.000418
0.000421
0.000446
0.000435
0.000435
0.000431
0.000436
0.000435
0.000437
0.000419
0.000419
0.000419
0.000421
0.000421
0.000419
0.000446
0.000431
0.000433
0.000429
0.000418
0.000420
0.000416
0.000418
0.000417
0.000443
0.000433
0.000429
0.000429
0.000430
0.000433
0.000432
0.000443
0.000417
0.000423
0.000449
0.000430
0.000442
0.000421
0.000417
0.000420
0.000422
0.000421
0.000418
0.000441
0.000431
0.000432
0.000436
0.000420
0.000418
0.000417
0.000441
0.000431
0.000435
0.000436
0.000426
0.000439
0.000417
0.000419
0.000426
0.000420
0.000418
0.000416
0.000450
0.000434
0.000440
0.000418
0.000418
0.000420
0.000419
0.000418
0.000419
0.000444
0.000431
0.000431
0.000429
0.000432
0.000431
0.000442
0.000420
0.000421
0.000440
0.000432
0.000430
0.000437
0.000420
0.000420
0.000418
0.000416
0.000418
0.000419
0.000445
0.000435
0.000441
0.000420
0.000420
0.000419
0.000449
0.000432
0.000429
0.000435
0.000430
0.000433
0.000433
0.000414
0.000418
0.000418
0.000420
0.000420
0.000453
0.000431
0.000432
0.000439
0.000420
0.000418
0.000417
0.000420
0.000416
0.000421
0.000448
0.000432
0.000434
0.000430
0.000439
0.000435
0.000433
0.000438
0.000418
0.000445
0.000432
0.000432
0.000432
0.000422
0.000421
0.000421
0.000419
0.000421
0.000439
0.000432
0.000429
0.000437
0.000422
0.000420
0.000419
0.000420
0.000444
0.000434
0.000433
0.000432
0.000438
0.000418
0.000419
0.000421
0.000419
0.000418
0.000420
0.000445
0.000433
0.000431
0.000433
0.000418
0.000422
0.000417
0.000419
0.000417
0.000443
0.000433
0.000430
0.000438
0.000440
0.000435
0.000429
0.000437
0.000420
0.000416
0.000451
0.000428
0.000440
0.000418
0.000420
0.000417
0.000419
0.000418
0.000416
0.000442
0.000430
0.000430
0.000434
0.000416
0.000416
0.000419
0.000428
0.000421
0.000438
0.000430
0.000430
0.000437
0.000420
0.000417
0.000422
0.000416
0.000420
0.000419
0.000447
0.000432
0.000433
0.000433
0.000420
0.000417
0.000420
0.000419
0.000417
0.000438
0.000430
0.000432
0.000455
0.000432
0.000431
0.000434
0.000420
0.000421
0.000436
0.000429
0.000434
0.000440
0.000419
0.000420
0.000416
0.000417
0.000420
0.000419
0.000444
0.000431
0.000428
0.000433
0.000416
0.000420
0.000417
0.000418
0.000437
0.000434
0.000434
0.000432
0.000436
0.000418
0.000421
0.000419
0.000419
0.000419
0.000420
0.000451
0.000433
0.000438
0.000415
0.000420
0.000417
0.000424
0.000418
0.000416
0.000442
0.000430
0.000434
0.000445
0.000437
0.000437
0.000430
0.000439
0.000420
0.000441
0.000432
0.000433
0.000434
0.000416
0.000419
0.000420
0.000419
0.000420
0.000417
0.000448
0.000429
0.000439
0.000420
0.000416
0.000421
0.000418
0.000440
0.000434
0.000440
0.000431
0.000432
0.000429
0.000417
0.000420
0.000417
0.000418
0.000419
0.000437
0.000435
0.000432
0.000436
0.000420
0.000418
0.000418
0.000419
0.000414
0.000416
0.000451
0.000431
0.000441
0.000441
0.000429
0.000437
0.000437
0.000420
0.000421
0.000452
0.000431
0.000430
0.000428
0.000417
0.000419
0.000419
0.000420
0.000421
0.000441
0.000432
0.000431
0.000436
0.000415
0.000417
0.000417
0.000422
0.000419
0.000437
0.000437
0.000430
0.000440
0.000420
0.000420
0.000420
0.000421
0.000420
0.000419
0.000446
0.000434
0.000431
0.000435
0.000420
0.000418
0.000417
0.000417
0.000418
0.000442
0.000433
0.000431
0.000433
0.000430
0.000447
0.000416
0.000419
0.000416
0.000417
0.000451
0.000430
0.000442
0.000416
0.000418
0.000422
0.000418
0.000419
0.000416
0.000444
0.000433
0.000432
0.000436
0.000422
0.000417
0.000421
0.000419
0.000442
0.000437
0.000430
0.000429
0.000436
0.000418
0.000421
0.000422
0.000419
0.000418
0.000420
0.000447
0.000432
0.000432
0.000429
0.000418
0.000420
0.000419
0.000421
0.000417
0.000439
0.000435
0.000435
0.000436
0.000442
0.000432
0.000433
0.000433
0.000418
0.000440
0.000434
0.000433
0.000438
0.000416
0.000417
0.000419
0.000417
0.000421
0.000421
0.000446
0.000430
0.000432
0.000435
0.000419
0.000416
0.000421
0.000426
0.000416
0.000445
0.000430
0.000432
0.000430
0.000420
0.000421
0.000417
0.000423
0.000417
0.000421
0.000449
0.000433
0.000443
0.000418
0.000418
0.000420
0.000418
0.000423
0.000416
0.000446
0.000431
0.000431
0.000460
0.000432
0.000441
0.000416
0.000419
0.000419
0.000440
0.000430
0.000430
0.000432
0.000419
0.000419
0.000419
0.000420
0.000422
0.000418
0.000449
0.000433
0.000439
0.000422
0.000420
0.000419
0.000415
0.000417
0.000448
0.000437
0.000433
0.000432
0.000435
0.000420
0.000418
0.000419
0.000418
0.000418
0.000450
0.000434
0.000434
0.000437
0.000415
0.000418
0.000419
0.000418
0.000423
0.000419
0.000451
0.000434
0.000441
0.000419
0.000441
0.000426
0.000432
0.000432
0.000421
0.000443
0.000433
0.000434
0.000436
0.000419
0.000418
0.000421
0.000417
0.000421
0.000440
0.000432
0.000431
0.000434
0.000420
0.000420
0.000417
0.000434
0.000429
0.000431
0.000435
0.000432
0.000441
0.000419
0.000420
0.000421
0.000418
0.000419
0.000420
0.000445
0.000428
0.000433
0.000431
0.000418
0.000420
0.000420
0.000417
0.000417
0.000437
0.000433
0.000431
0.000435
0.000447
0.000433
0.000442
0.000419
0.000421
0.000422
0.000446
0.000435
0.000430
0.000432
0.000431
0.000430
0.000420
0.000418
0.000421
0.000452
0.000432
0.000433
0.000433
0.000422
0.000419
0.000422
0.000419
0.000418
0.000449
0.000439
0.000434
0.000437
0.000421
0.000422
0.000417
0.000420
0.000419
0.000420
0.000454
0.000433
0.000439
0.000419
0.000418
0.000421
0.000421
0.000418
0.000418
0.000446
0.000434
0.000429
0.000432
0.000438
0.000430
0.000432
0.000441
0.000417
0.000447
0.000429
0.000434
0.000436
0.000417
0.000419
0.000420
0.000420
0.000417
0.000418
0.000452
0.000432
0.000442
0.000424
0.000432
0.000431
0.000432
0.000431
0.000433
0.000434
0.000429
0.000429
0.000434
0.000423
0.000418
0.000418
0.000416
0.000417
0.000446
0.000434
0.000431
0.000433
0.000421
0.000419
0.000420
0.000421
0.000418
0.000418
0.000452
0.000434
0.000434
0.000432
0.000433
0.000430
0.000438
0.000420
0.000419
0.000450
0.000432
0.000432
0.000432
0.000420
0.000419
0.000421
0.000422
0.000424
0.000440
0.000433
0.000436
0.000438
0.000419
0.000418
0.000421
0.000452
0.000431
0.000435
0.000434
0.000432
0.000439
0.000417
0.000418
0.000419
0.000419
0.000418
0.000417
0.000448
0.000434
0.000432
0.000429
0.000419
0.000417
0.000418
0.000420
0.000417
0.000443
0.000429
0.000430
0.000429
0.000434
0.000434
0.000436
0.000419
0.000419
0.000439
0.000431
0.000433
0.000439
0.000416
0.000420
0.000417
0.000421
0.000420
0.000420
0.000451
0.000435
0.000433
0.000432
0.000418
0.000437
0.000435
0.000430
0.000432
0.000432
0.000431
0.000431
0.000433
0.000422
0.000420
0.000417
0.000419
0.000420
0.000422
0.000450
0.000433
0.000437
0.000418
0.000420
0.000417
0.000418
0.000420
0.000417
0.000447
0.000434
0.000442
0.000433
0.000433
0.000431
0.000432
0.000437
0.000419
0.000441
0.000427
0.000430
0.000435
0.000421
0.000415
0.000419
0.000419
0.000419
0.000420
0.000449
0.000434
0.000437
0.000420
0.000438
0.000433
0.000431
0.000431
0.000434
0.000432
0.000433
0.000445
0.000420
0.000418
0.000419
0.000420
0.000419
0.000420
0.000442
0.000429
0.000429
0.000432
0.000420
0.000417
0.000416
0.000417
0.000420
0.000427
0.000449
0.000436
0.000436
0.000445
0.000432
0.000431
0.000437
0.000418
0.000419
0.000451
0.000430
0.000441
0.000421
0.000420
0.000420
0.000420
0.000420
0.000420
0.000444
0.000433
0.000432
0.000433
0.000420
0.000422
0.000439
0.000428
0.000433
0.000441
0.000429
0.000436
0.000438
0.000419
0.000418
0.000421
0.000421
0.000420
0.000420
0.000451
0.000433
0.000432
0.000433
0.000421
0.000417
0.000422
0.000418
0.000417
0.000447
0.000434
0.000428
0.000443
0.000432
0.000438
0.000418
0.000417
0.000418
0.000441
0.000431
0.000435
0.000437
0.000420
0.000418
0.000421
0.000420
0.000422
0.000421
0.000447
0.000430
0.000426
0.000431
0.000417
0.000443
0.000432
0.000433
0.000431
0.000443
0.000432
0.000431
0.000434
0.000421
0.000418
0.000422
0.000419
0.000418
0.000447
0.000434
0.000429
0.000438
0.000420
0.000419
0.000418
0.000416
0.000417
0.000417
0.000445
0.000431
0.000435
0.000433
0.000430
0.000428
0.000438
0.000420
0.000421
0.000443
0.000433
0.000435
0.000434
0.000419
0.000420
0.000415
0.000417
0.000420
0.000442
0.000429
0.000432
0.000440
0.000415
0.000421
0.000421
0.000443
0.000429
0.000438
0.000435
0.000433
0.000442
0.000419
0.000418
0.000419
0.000420
0.000419
0.000417
0.000444
0.000433
0.000432
0.000431
0.000418
0.000420
0.000415
0.000416
0.000418
0.000437
0.000434
0.000431
0.000428
0.000432
0.000434
0.000433
0.000432
0.000432
0.000431
0.000446
0.000431
0.000443
0.000420
0.000418
0.000420
0.000417
0.000419
