0.002005
0.001447
0.001441
0.001389
0.001386
0.001365
0.001307
0.001316
0.001294
0.001270
0.001263
0.001221
0.001172
0.001183
0.001182
0.001135
0.001136
0.001133
0.001122
0.001091
0.001098
0.001105
0.001082
0.001064
0.001062
0.001067
0.001061
0.001030
0.001050
0.001041
0.001035
0.001031
0.001029
0.001034
0.001021
0.001000
0.001005
0.001051
0.000996
0.000993
0.001031
0.001078
0.000986
0.000970
0.000971
0.001054
0.001029
0.001031
0.001055
0.001050
0.000988
0.000970
0.000995
0.001028
0.000986
0.000971
0.000999
0.001031
0.000986
0.000980
0.001046
0.001035
0.000971
0.000970
0.001005
0.001049
0.000974
0.000975
0.000998
0.000993
0.000972
0.000972
0.001048
0.000992
0.000976
0.000975
0.001041
0.000997
0.000974
0.000976
0.000990
0.001015
0.000974
0.000959
0.001028
0.000985
0.000955
0.000951
0.000958
0.001007
0.000961
0.000955
0.000957
0.000954
0.000952
0.000958
0.000951
0.000960
0.000953
0.000956
0.000956
0.000960
0.000952
0.000943
0.000956
0.000959
0.000956
0.000958
0.000955
0.000964
0.000955
0.000957
0.000957
0.000957
0.000960
0.000957
0.000955
0.000959
0.000957
0.000952
0.000953
0.000953
0.000955
0.000957
0.000955
0.000958
0.000958
0.000953
0.000957
0.000973
0.001014
0.000987
0.000955
0.000953
0.000963
0.000955
0.000951
0.000955
0.000956
0.000953
0.000953
0.000959
0.000952
0.000966
0.000955
0.000959
0.000959
0.000963
0.000956
0.000958
0.000951
0.000958
0.000957
0.000963
0.000954
0.000961
0.000957
0.000952
0.000953
0.000980
0.000955
0.000954
0.000954
0.000954
0.000961
0.000951
0.000956
0.000953
0.000954
0.000952
0.000952
0.000954
0.000967
0.000958
0.000958
0.000955
0.000955
0.000959
0.000959
0.000957
0.000958
0.000960
0.000957
0.000956
0.000950
0.000947
0.000956
0.000957
0.000953
0.000953
0.000959
0.001036
0.000984
0.000947
0.000950
0.000949
0.000944
0.000944
0.000948
0.000953
0.000945
0.000962
0.000953
0.000943
0.000947
0.000952
0.000947
0.000953
0.000948
0.000950
0.001024
0.000977
0.000948
0.000952
0.000946
0.000951
0.000943
0.000950
0.000952
0.000945
0.000950
0.000948
0.000948
0.000946
0.000949
0.000945
0.000950
0.000946
0.000944
0.000943
0.000954
0.000952
0.000950
0.000948
0.000947
0.000949
0.000949
0.000947
0.000954
0.000952
0.000948
0.000948
0.000941
0.000999
0.000992
0.000952
0.000945
0.000956
0.000950
0.000952
0.000947
0.000943
0.000945
0.000952
0.000945
0.000949
0.001006
0.000983
0.000955
0.000947
0.000947
0.000951
0.000946
0.000945
0.000948
0.000951
0.000950
0.000945
0.000976
0.001014
0.001001
0.000951
0.000953
0.000950
0.000952
0.000958
0.000953
0.000945
0.000954
0.000949
0.000951
0.000949
0.000952
0.000951
0.000948
0.000958
0.000943
0.000948
0.000949
0.000950
0.000950
0.000942
0.000950
0.000951
0.000938
0.000946
0.000946
0.000947
0.000955
0.000952
0.000950
0.000942
0.000944
0.000948
0.000952
0.000950
0.000951
0.000950
0.000949
0.000948
0.000948
0.000949
0.000945
0.000956
0.000945
0.000952
0.000951
0.000943
0.000944
0.000951
0.000946
0.000946
0.000953
0.000947
0.000945
0.000945
0.000949
0.000948
0.000951
0.000954
0.000950
0.000947
0.000948
0.000945
0.000951
0.000949
0.000953
0.000948
0.000951
0.000947
0.000950
0.000951
0.000949
0.000944
0.000949
0.000947
0.000948
0.000949
0.000950
0.000945
0.000947
0.000950
0.000954
0.000947
0.000943
0.000948
0.000955
0.000951
0.000944
0.000945
0.000946
0.000950
0.000951
0.000945
0.000949
0.000955
0.000952
0.000949
0.000944
0.000950
0.000948
0.000952
0.000949
0.000949
0.000951
0.000941
0.000950
0.000943
0.000948
0.000949
0.000947
0.000946
0.000946
0.000942
0.000949
0.000946
0.000945
0.000947
0.000944
0.000947
0.000953
0.000948
0.000952
0.000950
0.000947
0.000953
0.000947
0.000952
0.000947
0.000947
0.000945
0.000949
0.000949
0.000955
0.000948
0.000944
0.000949
0.000945
0.000951
0.000947
0.000952
0.000952
0.000945
0.000949
0.000952
0.000950
0.000953
0.000953
0.000952
0.000953
0.000956
0.000946
0.000945
0.000942
0.000957
0.000948
0.000952
0.000956
0.000952
0.000948
0.000950
0.000941
0.000947
0.000950
0.000952
0.000950
0.000950
0.000950
0.000949
0.000945
0.000945
0.000955
0.000951
0.000954
0.000949
0.000951
0.000949
0.000950
0.000945
0.000948
0.000948
0.000950
0.000950
0.000949
0.000945
0.000944
0.000964
0.000964
0.000964
0.000949
0.000953
0.000948
0.000949
0.000946
0.000949
0.000941
0.000950
0.000949
0.000947
0.000940
0.000948
0.000949
0.000950
0.000943
0.000945
0.000943
0.000950
0.000949
0.000952
0.000977
0.000945
0.000946
0.000951
0.000953
0.000948
0.000957
0.000950
0.000952
0.000948
0.000949
0.000949
0.000953
0.000952
0.000949
0.000943
0.000951
0.000949
0.000953
0.000950
0.000952
0.000950
0.000943
0.000945
0.000948
0.000949
0.000940
0.000950
0.000946
0.000950
0.000952
0.000952
0.000947
0.000950
0.000950
0.000952
0.000948
0.000944
0.000948
0.000943
0.000947
0.000953
0.000949
0.000950
0.000946
0.000947
0.000952
0.000950
0.001008
0.001005
0.000962
0.000949
0.000947
0.000946
0.000949
0.000948
0.000944
0.000951
0.000949
0.001017
0.000975
0.000945
0.000948
0.000957
0.000947
0.000947
0.000950
0.000948
0.000949
0.000949
0.000952
0.000951
0.000946
0.000945
0.000948
0.000956
0.000946
0.000945
0.000943
0.000952
0.000954
0.000953
0.000947
0.000953
0.000955
0.000947
0.000947
0.000951
0.000948
0.000952
0.000942
0.000950
0.000948
0.000947
0.000961
0.001026
0.000991
0.000949
0.000944
0.000975
0.001014
0.001001
0.000966
0.000950
0.000951
0.000947
0.000950
0.000951
0.000949
0.000992
0.001005
0.001008
0.000947
0.000949
0.000946
0.000945
0.000946
0.000947
0.000943
0.000950
0.001012
0.001007
0.000998
0.000947
0.000949
0.000951
0.000951
0.000944
0.000942
0.000953
0.000948
0.000945
0.000951
0.000953
0.000954
0.000948
0.000947
0.000954
0.000957
0.000949
0.000948
0.000952
0.000951
0.000949
0.000957
0.000944
0.000950
0.000947
0.000949
0.000950
0.000952
0.000945
0.000952
0.000948
0.000954
0.000949
0.000945
0.000945
0.000953
0.000946
0.000945
0.000945
0.000945
0.000952
0.000953
0.000945
0.000946
0.000952
0.000950
0.000949
0.000950
0.000949
0.000944
0.000947
0.000952
0.000943
0.000950
0.000950
0.000953
0.000949
0.000949
0.000943
0.000948
0.000953
0.000950
0.000950
0.000947
0.000953
0.000956
0.000946
0.000946
0.000945
0.000949
0.000954
0.000950
0.000948
0.000949
0.000954
0.000946
0.000945
0.000947
0.000950
0.000947
0.000947
0.000972
0.001031
0.001001
0.000951
0.000954
0.000962
0.000956
0.000954
0.000953
0.000956
0.000946
0.000995
0.001016
0.000957
0.000960
0.000952
0.000955
0.000953
0.000959
0.000954
0.000956
0.000961
0.001013
0.000991
0.000952
0.000954
0.000959
0.000954
0.000951
0.000952
0.000958
0.000985
0.000958
0.000959
0.000956
0.000959
0.000959
0.000952
0.000956
0.000960
0.000954
0.000955
0.000949
0.000953
0.000953
0.000950
0.000958
0.000959
0.000960
0.000958
0.000950
0.000958
0.000956
0.000960
0.000954
0.000960
0.000957
0.000952
0.000955
0.000954
0.000955
0.000956
0.000957
0.000950
0.000954
0.000959
0.000960
0.000954
0.000962
0.000950
0.000955
0.000961
0.000961
0.000958
0.000952
0.000963
0.000953
0.000955
0.000956
0.000952
0.000961
0.000958
0.000957
0.000957
0.000954
0.000959
0.000953
0.000953
0.000957
0.000957
0.000959
0.000955
0.000958
0.000956
0.000955
0.000959
0.000952
0.000959
0.000956
0.000959
0.000954
0.001032
0.000998
0.000950
0.000955
0.000960
0.000955
0.000955
0.000952
0.000955
0.000957
0.000957
0.000956
0.000956
0.000961
0.000956
0.000953
0.000956
0.000956
0.000952
0.000958
0.000952
0.000954
0.000953
0.000956
0.000950
0.000960
0.000959
0.000954
0.000960
0.000957
0.000956
0.000959
0.000951
0.000959
0.000956
0.000962
0.000953
0.000953
0.000959
0.000957
0.000954
0.000955
0.000957
0.000959
0.000952
0.000959
0.000956
0.000955
0.000955
0.000962
0.000957
0.000953
0.000957
0.000962
0.000950
0.000961
0.000956
0.000955
0.000955
0.000958
0.000957
0.000954
0.000953
0.000958
0.000955
0.000956
0.000955
0.000958
0.000954
0.000955
0.000953
0.000955
0.000951
0.000951
0.000954
0.000956
0.000953
0.000955
0.000955
0.000959
0.000956
0.000957
0.000961
0.000952
0.000957
0.000955
0.000957
0.000950
0.000961
0.000950
0.000953
0.000953
0.000958
0.000954
0.000960
0.000956
0.000958
0.000953
0.000958
0.000956
0.000957
0.000951
0.000956
0.000960
0.000958
0.000960
0.000956
0.000955
0.000959
0.000960
0.000961
0.000951
0.000959
0.000954
0.000952
0.000951
0.000959
0.000958
0.000952
0.000958
0.000963
0.000954
0.000959
0.000955
0.000952
0.000952
0.000959
0.000973
0.000970
0.000976
0.000973
0.000969
0.000974
0.000972
0.000974
0.000971
0.000973
0.000972
0.000975
0.000972
0.000975
0.000973
0.000972
0.000964
0.000968
0.000967
0.000974
0.000973
0.000970
0.000975
0.000978
0.000972
0.000971
0.000972
0.000976
0.000970
0.000972
0.000974
0.000974
0.000971
0.000976
0.000972
0.000975
0.000971
0.000972
0.000970
0.000974
0.000972
0.000975
0.000970
0.000972
0.000978
0.000972
0.000970
0.000974
0.000970
0.000973
0.000968
0.000973
0.000977
0.000972
0.000971
0.000974
0.000972
0.000971
0.000973
0.000970
0.000975
0.000974
0.000973
0.000970
0.000980
0.000972
0.000972
0.000975
0.000974
0.000975
0.000976
0.000973
0.000976
0.000976
0.000969
0.000973
0.000971
0.000976
0.000977
0.000969
0.000974
0.000971
0.000975
0.000974
0.000974
0.000977
0.000972
0.000961
0.000959
0.000956
0.000959
0.000957
0.000958
0.000958
0.000962
0.000958
0.000957
0.000960
0.000957
0.000950
0.000958
0.000954
0.000954
0.000959
0.000960
0.000958
0.000956
0.000963
0.000963
0.000959
0.000954
0.000955
0.000962
0.000961
0.000960
0.000952
0.000957
0.000956
0.000962
0.000956
0.000955
0.000954
0.000961
0.000967
0.000958
0.000957
0.000954
0.001025
0.001010
0.000988
0.000958
0.000958
0.000958
0.000958
0.000956
0.000956
0.000959
0.000958
0.001010
0.000955
0.000957
0.000961
0.000956
0.000955
0.000955
0.000956
0.000955
0.000963
0.000959
0.000956
0.000961
0.000954
0.000959
0.000956
0.000954
0.000956
0.000959
0.000955
0.000955
0.000959
0.000959
0.000960
0.000955
0.000958
0.000958
0.000957
0.000957
0.000954
0.000958
0.000963
0.000963
0.000961
0.000962
0.000958
0.000960
0.000962
0.000956
0.000953
0.000953
0.000961
0.000956
0.000959
0.000962
0.000956
0.000954
0.000961
0.000956
0.000959
0.000951
0.000962
0.000957
0.000961
0.000965
0.000960
0.000960
0.000959
0.000960
0.000953
0.000958
0.000956
0.000956
0.000954
0.000959
0.000957
0.000958
0.000957
0.000962
0.000958
0.000952
0.000957
0.000960
0.000957
0.000961
0.000961
0.000996
0.001001
0.000970
0.000950
0.000949
0.000947
0.001025
0.000976
0.000951
0.000950
0.000947
0.000946
0.000948
0.000947
0.000955
0.000947
0.000972
0.001010
0.000965
0.000948
0.000951
0.000946
0.000952
0.000953
0.000949
0.000955
0.000951
0.000991
0.001008
0.000951
0.000948
0.000950
0.000951
0.000958
0.000944
0.000948
0.000945
0.001018
0.000992
0.000952
0.000950
0.000952
0.000951
0.000947
0.000951
0.000947
0.000952
0.000945
0.000947
0.000975
0.001010
0.000991
0.000953
0.000949
0.000949
0.000950
0.000946
0.000952
0.000959
0.000951
0.000947
0.000950
0.000955
0.000952
0.000946
0.000951
0.000948
0.000953
0.000950
0.000953
0.000948
0.000947
0.000950
0.000948
0.000955
0.000952
0.000954
0.000947
0.000954
0.000954
0.000953
0.000952
0.000953
0.000950
0.000951
0.000940
0.000955
0.000953
0.000954
0.000951
0.000947
0.000946
0.000951
0.000951
0.000948
0.000953
0.000949
0.000951
0.000945
0.000953
0.000951
0.000952
0.000945
0.000945
0.000956
0.000954
0.000949
0.000952
0.000958
0.000950
0.000946
0.000954
0.000950
0.000954
0.000955
0.000948
0.000949
0.000949
0.000950
0.000945
0.000949
0.000953
0.000947
0.000950
0.000948
0.000954
0.000948
0.000950
0.001047
0.001043
0.001007
0.001005
0.001013
0.000952
0.000948
0.000946
0.000954
0.000952
0.000956
0.000959
0.000954
0.000954
0.001006
0.001000
0.000947
0.000952
0.000950
0.000948
0.000953
0.000951
0.000955
0.000954
0.001028
0.000983
0.000953
0.001028
0.000976
0.000950
0.000952
0.000947
0.000950
0.000951
0.000987
0.001018
0.000952
0.000958
0.000944
0.000952
0.000953
0.001003
0.001012
0.000953
0.001009
0.001015
0.000983
0.000953
0.000943
0.000953
0.000949
0.000949
0.000946
0.000948
0.000970
0.001008
0.000970
0.000946
0.000947
0.000947
0.000952
0.000946
0.000950
0.000944
0.000945
0.000987
0.001012
0.000949
0.000949
0.000944
0.000950
0.000950
0.000947
0.000949
0.000948
0.000951
0.001004
0.000986
0.000949
0.000950
0.000946
0.000951
0.000952
0.000954
0.000944
0.000947
0.000953
0.001015
0.000978
0.000953
0.000951
0.000948
0.000947
0.000950
0.000950
0.000947
0.000979
0.001007
0.000956
0.000954
0.000957
0.000948
0.000948
0.000953
0.000955
0.000952
0.001001
0.001019
0.000998
0.000954
0.000940
0.000950
0.000955
0.000954
0.000945
0.000951
0.000949
0.000945
0.001005
0.000985
0.000945
0.000949
0.000953
0.000947
0.000948
0.000946
0.000955
0.000971
0.001005
0.000963
0.000957
0.000944
0.000945
0.000950
0.000949
0.000941
0.000947
0.000943
0.000989
0.001008
0.000949
0.000943
0.000946
0.000949
0.000940
0.000950
0.000952
0.000950
0.001012
0.001004
0.000983
0.000951
0.000947
0.000951
0.000949
0.000950
0.000946
0.000949
0.000946
0.000950
0.001020
0.000973
0.000946
0.000957
0.000953
0.000949
0.000950
0.000948
0.000949
0.000971
0.001015
0.000946
0.000955
0.000953
0.000947
0.000953
0.000949
0.000951
0.000952
0.000945
0.000996
0.001000
0.000957
0.000951
0.000951
0.000945
0.000948
0.000944
0.000948
0.000942
0.000946
0.001004
0.000990
0.000947
0.000948
0.000946
0.000948
0.000945
0.000947
0.000950
0.000961
0.001006
0.000975
0.000949
0.000943
0.000945
0.000943
0.000949
0.000946
0.000956
0.000947
0.000974
0.001014
0.000954
0.000949
0.000947
0.000947
0.000952
0.000946
0.000946
0.000947
0.000954
0.000992
0.001005
0.000950
0.000949
0.000952
0.000950
0.000958
0.000951
0.000949
0.000948
0.001017
0.000977
0.000954
0.000948
0.000947
0.000943
0.000950
0.000946
0.000948
0.000948
0.000968
0.001006
0.000967
0.000952
0.000949
0.000952
0.000949
0.000942
0.000947
0.000955
0.000999
0.001011
0.001009
0.000956
0.000946
0.000945
0.000947
0.000950
0.000952
0.000950
0.000949
0.000948
0.001004
0.000985
0.000949
0.000949
0.000949
0.000947
0.000952
0.000951
0.000947
0.000965
0.001001
0.000970
0.000954
0.000954
0.000948
0.000946
0.000952
0.000947
0.000945
0.000948
0.000979
0.001013
0.000956
0.000949
0.000950
0.000942
0.000945
0.000945
0.000951
0.000952
0.000948
0.000996
0.001001
0.001020
0.000990
0.000944
0.000946
0.000952
0.000950
0.000947
0.000951
0.001012
0.000972
0.000950
0.000947
0.000943
0.000947
0.000952
0.000946
0.000951
0.000946
0.000974
0.001005
0.000961
0.000956
0.000949
0.000949
0.000948
0.000945
0.000949
0.000956
0.000949
0.000992
0.001007
0.000946
0.000953
0.000946
0.000947
0.000949
0.000946
0.000946
0.000954
0.001005
0.000986
0.000950
0.000952
0.000945
0.000954
0.000947
0.000954
0.000949
0.000949
0.000967
0.001000
0.000980
0.000954
0.000947
0.000956
0.000950
0.000946
0.000948
0.000951
0.000997
0.001002
0.001010
0.000948
0.000948
0.000942
0.000947
0.000946
0.000952
0.000950
0.000948
0.000949
0.000997
0.000999
0.000949
0.000944
0.000955
0.000952
0.000940
0.000950
0.000950
0.000944
0.001023
0.000980
0.000953
0.000946
0.000943
0.000951
0.000947
0.000944
0.000946
0.000952
0.000970
0.001008
0.000961
0.000948
0.000947
0.000950
0.000955
0.000949
0.000947
0.000951
0.000947
0.000993
0.000996
0.000954
0.000951
0.000954
0.000946
0.000953
0.000943
0.000953
0.000947
0.001022
0.001012
0.001001
0.000967
0.000951
0.000947
0.000951
0.000943
0.000942
0.000990
0.001008
0.001022
0.000954
0.001003
0.000991
0.000952
0.000951
0.000949
0.000948
0.000955
0.001010
0.001036
0.001029
0.000949
0.000947
0.000951
0.000944
0.000951
0.000951
0.000942
0.000980
0.001011
0.001006
0.000972
0.000950
0.000953
0.000948
0.000953
0.000946
0.000941
0.000954
0.000986
0.001015
0.000949
0.000952
0.000942
0.000949
0.000944
0.000949
0.000945
0.000946
0.001018
0.001003
0.000991
0.000953
0.000945
0.000944
0.000948
0.000954
0.000948
0.000949
0.000950
0.000950
0.001017
0.000978
0.000951
0.000952
0.000953
0.000948
0.000951
0.000946
0.000958
0.000973
0.001017
0.000954
0.000954
0.000956
0.000952
0.000956
0.000953
0.000950
0.000950
0.000952
0.000998
0.001006
0.000952
0.000956
0.000949
0.000948
0.000948
0.000946
0.000949
0.000942
0.000950
0.001011
0.000987
0.000951
0.000950
0.000949
0.000950
0.000947
0.000948
0.000947
0.000964
0.001007
0.000966
0.000948
0.000951
0.000951
0.000947
0.000945
0.000947
0.000948
0.000947
0.000986
0.001010
0.000950
0.000946
0.000951
0.000950
0.000948
0.000953
0.000945
0.000950
0.000955
0.001000
0.000994
0.000948
0.000949
0.000954
0.000947
0.000953
0.000941
0.000956
0.000951
0.001020
0.000979
0.000951
0.000953
0.000951
0.000948
0.000948
0.000944
0.001012
0.001002
0.000983
0.001010
0.000947
0.000948
0.000950
0.001029
0.001024
0.000948
0.000951
0.000988
0.001016
0.001017
0.000981
0.000952
0.000942
0.000949
0.000942
0.000952
0.000944
0.000950
0.000949
0.000970
0.001006
0.000966
0.000949
0.000957
0.000951
0.000944
0.000943
0.000944
0.000948
0.000977
0.001014
0.000948
0.000947
0.000951
0.000954
0.000946
0.000951
0.000949
0.000946
0.000948
0.001006
0.000990
0.000948
0.000963
0.000948
0.000947
0.000948
0.000941
0.000947
0.000948
0.000946
0.001012
0.000983
0.000944
0.000944
0.000946
0.000945
0.000950
0.000952
0.000950
0.000970
0.001007
0.000965
0.000952
0.000944
0.000951
0.000946
0.000948
0.000952
0.000951
0.000953
0.000987
0.001010
0.000949
0.000944
0.000947
0.000946
0.000948
0.000951
0.000952
0.000947
0.000950
0.000999
0.000992
0.000951
0.000947
0.000948
0.000954
0.000945
0.000951
0.000953
0.000967
0.001008
0.000975
0.000956
0.000942
0.000948
0.000952
0.000942
0.000948
0.000952
0.000941
0.000976
0.001015
0.000948
0.000941
0.000945
0.000948
0.000949
0.000950
0.000953
0.000943
0.001010
0.000997
0.000996
0.000952
0.000946
0.000948
0.000950
0.000949
0.000944
0.000945
0.000951
0.000946
0.001005
0.000983
0.000956
0.000943
0.000950
0.000947
0.000946
0.000945
0.000944
0.000968
0.001008
0.000968
0.000952
0.000947
0.000948
0.000943
0.000950
0.000948
0.000948
0.000951
0.000985
0.001013
0.000948
0.000947
0.000960
0.000952
0.000946
0.000950
0.000947
0.000952
0.000951
0.000997
0.000998
0.000945
0.000952
0.000951
0.000956
0.000951
0.000946
0.000951
0.000948
0.001015
0.000978
0.000950
0.000947
0.000948
0.000953
0.000953
0.000949
0.000946
0.000955
0.000976
0.001003
0.000965
0.000951
0.000951
0.000951
0.000944
0.000953
0.000950
0.000951
0.000952
0.000998
0.001002
0.000950
0.000950
0.000953
