0.001110
0.000130
0.000128
0.000129
0.000128
0.000129
0.000128
0.000128
0.000129
0.000130
0.000128
0.000129
0.000129
0.000129
0.000129
0.000129
0.000128
0.000129
0.000129
0.000128
0.000134
0.000128
0.000128
0.000129
0.000128
0.000129
0.000129
0.000130
0.000128
0.000129
0.000128
0.000128
0.000128
0.000128
0.000129
0.000129
0.000128
0.000130
0.000130
0.000129
0.000130
0.000128
0.000129
0.000129
0.000128
0.000129
0.000128
0.000128
0.000130
0.000128
0.000136
0.000129
0.000129
0.000128
0.000129
0.000128
0.000129
0.000130
0.000128
0.000129
0.000129
0.000129
0.000129
0.000128
0.000129
0.000128
0.000129
0.000129
0.000128
0.000128
0.000130
0.000128
0.000129
0.000129
0.000129
0.000129
0.000130
0.000128
0.000130
0.000129
0.000129
0.000131
0.000130
0.000129
0.000129
0.000132
0.000130
0.000129
0.000128
0.000129
0.000128
0.000130
0.000130
0.000128
0.000128
0.000129
0.000130
0.000129
0.000130
0.000128
0.000129
0.000128
0.000129
0.000129
0.000130
0.000131
0.000128
0.000128
0.000128
0.000129
0.000128
0.000129
0.000131
0.000129
0.000128
0.000128
0.000129
0.000129
0.000130
0.000129
0.000128
0.000128
0.000129
0.000128
0.000129
0.000129
0.000128
0.000129
0.000127
0.000128
0.000128
0.000129
0.000128
0.000129
0.000129
0.000128
0.000127
0.000128
0.000129
0.000128
0.000129
0.000130
0.000128
0.000135
0.000211
0.000129
0.000129
0.000127
0.000128
0.000129
0.000128
0.000130
0.000129
0.000128
0.000129
0.000128
0.000128
0.000128
0.000129
0.000130
0.000129
0.000181
0.000129
0.000129
0.000128
0.000129
0.000129
0.000129
0.000129
0.000129
0.000128
0.000127
0.000129
0.000132
0.000128
0.000128
0.000128
0.000128
0.000129
0.000129
0.000128
0.000128
0.000129
0.000129
0.000129
0.000128
0.000130
0.000130
0.000127
0.000129
0.000128
0.000128
0.000128
0.000130
0.000130
0.000129
0.000128
0.000128
0.000129
0.000128
0.000129
0.000128
0.000127
0.000129
0.000133
0.000127
0.000129
0.000128
0.000128
0.000129
0.000128
0.000128
0.000128
0.000130
0.000129
0.000129
0.000128
0.000127
0.000129
0.000129
0.000128
0.000128
0.000128
0.000129
0.000128
0.000128
0.000130
0.000128
0.000128
0.000129
0.000129
0.000129
0.000129
0.000128
0.000128
0.000134
0.000129
0.000130
0.000129
0.000128
0.000129
0.000129
0.000128
0.000130
0.000130
0.000128
0.000127
0.000129
0.000127
0.000129
0.000130
0.000129
0.000129
0.000129
0.000128
0.000128
0.000128
0.000131
0.000128
0.000129
0.000129
0.000130
0.000129
0.000129
0.000128
0.000129
0.000133
0.000128
0.000130
0.000129
0.000128
0.000129
0.000128
0.000128
0.000128
0.000129
0.000129
0.000129
0.000128
0.000129
0.000128
0.000128
0.000129
0.000128
0.000129
0.000128
0.000129
0.000128
0.000129
0.000129
0.000128
0.000129
0.000128
0.000128
0.000130
0.000129
0.000128
0.000132
0.000128
0.000128
0.000129
0.000128
0.000129
0.000130
0.000130
0.000129
0.000127
0.000129
0.000130
0.000129
0.000129
0.000129
0.000129
0.000128
0.000128
0.000130
0.000129
0.000128
0.000128
0.000129
0.000128
0.000128
0.000128
0.000129
0.000129
0.000129
0.000129
0.000129
0.000132
0.000129
0.000128
0.000128
0.000128
0.000128
0.000129
0.000129
0.000128
0.000129
0.000128
0.000129
0.000128
0.000129
0.000128
0.000129
0.000129
0.000129
0.000130
0.000128
0.000128
0.000128
0.000130
0.000129
0.000130
0.000129
0.000129
0.000129
0.000130
0.000128
0.000129
0.000132
0.000129
0.000128
0.000130
0.000128
0.000130
0.000128
0.000128
0.000129
0.000130
0.000129
0.000129
0.000128
0.000129
0.000130
0.000130
0.000129
0.000129
0.000128
0.000130
0.000130
0.000129
0.000128
0.000128
0.000128
0.000130
0.000129
0.000128
0.000130
0.000130
0.000129
0.000133
0.000129
0.000129
0.000128
0.000129
0.000129
0.000129
0.000129
0.000128
0.000129
0.000129
0.000129
0.000129
0.000129
0.000129
0.000129
0.000129
0.000130
0.000130
0.000129
0.000129
0.000129
0.000129
0.000128
0.000128
0.000131
0.000128
0.000130
0.000128
0.000128
0.000148
0.000129
0.000129
0.000129
0.000129
0.000129
0.000127
0.000129
0.000128
0.000128
0.000128
0.000127
0.000130
0.000128
0.000127
0.000128
0.000127
0.000127
0.000128
0.000129
0.000129
0.000128
0.000130
0.000129
0.000128
0.000128
0.000128
0.000128
0.000129
0.000129
0.000128
0.000132
0.000128
0.000128
0.000129
0.000128
0.000129
0.000129
0.000129
0.000128
0.000131
0.000129
0.000129
0.000128
0.000128
0.000130
0.000129
0.000129
0.000128
0.000129
0.000128
0.000128
0.000128
0.000128
0.000128
0.000129
0.000128
0.000130
0.000129
0.000129
0.000128
0.000128
0.000134
0.000128
0.000128
0.000129
0.000128
0.000129
0.000129
0.000128
0.000149
0.000130
0.000129
0.000129
0.000129
0.000128
0.000129
0.000128
0.000128
0.000128
0.000129
0.000129
0.000129
0.000128
0.000129
0.000129
0.000128
0.000129
0.000129
0.000129
0.000128
0.000128
0.000128
0.000131
0.000130
0.000129
0.000128
0.000128
0.000127
0.000128
0.000128
0.000128
0.000128
0.000128
0.000128
0.000128
0.000128
0.000128
0.000129
0.000128
0.000129
0.000129
0.000129
0.000129
0.000129
0.000128
0.000129
0.000129
0.000128
0.000129
0.000128
0.000128
0.000129
0.000128
0.000131
0.000128
0.000129
0.000129
0.000128
0.000130
0.000129
0.000129
0.000129
0.000129
0.000129
0.000129
0.000128
0.000129
0.000130
0.000129
0.000129
0.000129
0.000129
0.000129
0.000128
0.000128
0.000128
0.000130
0.000128
0.000129
0.000129
0.000129
0.000128
0.000130
0.000129
0.000133
0.000128
0.000128
0.000129
0.000128
0.000128
0.000128
0.000128
0.000128
0.000128
0.000130
0.000129
0.000128
0.000127
0.000129
0.000129
0.000128
0.000129
0.000129
0.000127
0.000129
0.000128
0.000129
0.000129
0.000129
0.000128
0.000129
0.000128
0.000129
0.000128
0.000129
0.000133
0.000128
0.000127
0.000129
0.000129
0.000129
0.000129
0.000129
0.000128
0.000128
0.000129
0.000129
0.000128
0.000129
0.000128
0.000128
0.000128
0.000128
0.000128
0.000128
0.000128
0.000128
0.000128
0.000129
0.000129
0.000127
0.000128
0.000128
0.000129
0.000127
0.000130
0.000131
0.000129
0.000129
0.000129
0.000128
0.000127
0.000128
0.000129
0.000130
0.000128
0.000131
0.000129
0.000130
0.000128
0.000129
0.000129
0.000129
0.000128
0.000129
0.000128
0.000128
0.000128
0.000128
0.000128
0.000128
0.000129
0.000128
0.000129
0.000128
0.000129
0.000127
0.000133
0.000129
0.000128
0.000129
0.000130
0.000129
0.000129
0.000128
0.000128
0.000129
0.000129
0.000128
0.000129
0.000129
0.000128
0.000129
0.000129
0.000129
0.000130
0.000129
0.000128
0.000127
0.000129
0.000130
0.000129
0.000129
0.000129
0.000129
0.000129
0.000130
0.000130
0.000136
0.000129
0.000129
0.000130
0.000129
0.000127
0.000130
0.000130
0.000130
0.000129
0.000129
0.000130
0.000130
0.000129
0.000129
0.000129
0.000128
0.000129
0.000129
0.000128
0.000131
0.000129
0.000129
0.000128
0.000128
0.000129
0.000149
0.000130
0.000129
0.000129
0.000131
0.000129
0.000130
0.000128
0.000129
0.000129
0.000129
0.000130
0.000129
0.000130
0.000129
0.000129
0.000129
0.000129
0.000127
0.000129
0.000129
0.000129
0.000129
0.000129
0.000128
0.000128
0.000129
0.000129
0.000128
0.000129
0.000128
0.000128
0.000128
0.000128
0.000128
0.000133
0.000128
0.000128
0.000128
0.000128
0.000129
0.000130
0.000128
0.000129
0.000127
0.000130
0.000128
0.000129
0.000129
0.000129
0.000129
0.000128
0.000130
0.000129
0.000130
0.000130
0.000128
0.000128
0.000130
0.000130
0.000129
0.000128
0.000128
0.000128
0.000129
0.000129
0.000134
0.000128
0.000128
0.000128
0.000129
0.000129
0.000129
0.000130
0.000129
0.000128
0.000130
0.000129
0.000129
0.000128
0.000128
0.000129
0.000130
0.000129
0.000129
0.000130
0.000128
0.000129
0.000128
0.000129
0.000129
0.000129
0.000129
0.000129
0.000129
0.000129
0.000128
0.000132
0.000130
0.000129
0.000128
0.000128
0.000129
0.000129
0.000129
0.000128
0.000130
0.000129
0.000130
0.000129
0.000128
0.000128
0.000129
0.000129
0.000128
0.000129
0.000129
0.000129
0.000129
0.000128
0.000129
0.000129
0.000129
0.000129
0.000129
0.000128
0.000129
0.000129
0.000132
0.000130
0.000129
0.000130
0.000129
0.000128
0.000129
0.000127
0.000128
0.000129
0.000129
0.000130
0.000128
0.000129
0.000131
0.000130
0.000130
0.000130
0.000129
0.000130
0.000130
0.000129
0.000130
0.000130
0.000129
0.000128
0.000129
0.000129
0.000129
0.000129
0.000128
0.000132
0.000128
0.000129
0.000128
0.000130
0.000130
0.000129
0.000130
0.000129
0.000129
0.000129
0.000128
0.000129
0.000129
0.000128
0.000129
0.000130
0.000130
0.000129
0.000128
0.000130
0.000129
0.000128
0.000129
0.000129
0.000129
0.000129
0.000130
0.000128
0.000128
0.000132
0.000128
0.000129
0.000130
0.000127
0.000129
0.000129
0.000130
0.000128
0.000128
0.000129
0.000129
0.000128
0.000129
0.000128
0.000129
0.003511
0.000568
0.007097
0.001967
0.002484
0.002346
0.000932
0.000129
0.000128
0.000128
0.000130
0.000127
0.000128
0.000128
0.000128
0.000129
0.000173
0.000129
0.000131
0.000129
0.000129
0.000128
0.000129
0.000129
0.000128
0.000129
0.000129
0.000148
0.000130
0.000128
0.000133
0.000128
0.000130
0.000130
0.000129
0.000129
0.000128
0.000128
0.000130
0.000130
0.000128
0.000128
0.000129
0.000130
0.000129
0.000128
0.000128
0.000129
0.000129
0.000128
0.000129
0.000130
0.000128
0.000129
0.000129
0.000130
0.000128
0.000128
0.000130
0.000129
0.000128
0.000132
0.000288
0.000129
0.000128
0.000128
0.000128
0.000129
0.000129
0.000159
0.000129
0.000687
0.000129
0.000128
0.000129
0.000128
0.000128
0.000128
0.000128
0.000128
0.000129
0.000129
0.000128
0.000130
0.000129
0.000130
0.000135
0.000693
0.000129
0.000128
0.000128
0.000128
0.000129
0.000130
0.000129
0.000129
0.000129
0.000159
0.000128
0.000129
0.000127
0.000129
0.000129
0.000129
0.000129
0.000128
0.000128
0.000128
0.000130
0.000130
0.000129
0.000129
0.000128
0.000135
0.001027
0.000129
0.000129
0.000130
0.000129
0.000129
0.000129
0.000133
0.000130
0.000129
0.000130
0.000129
0.000129
0.000129
0.000129
0.000129
0.000128
0.000130
0.000128
0.000129
0.000128
0.000129
0.000134
0.001086
0.000129
0.000129
0.000128
0.000129
0.000129
0.000129
0.000128
0.000129
0.000129
0.000128
0.000129
0.000129
0.000130
0.000128
0.000130
0.000129
0.000138
0.000129
0.000128
0.000129
0.000129
0.000128
0.000135
0.000129
0.000129
0.000130
0.000129
0.000131
0.000130
0.000129
0.000128
0.000129
0.000129
0.000128
0.000141
0.000130
0.000130
0.000130
0.000171
0.000131
0.009038
0.005039
0.000128
0.000130
0.000128
0.005189
0.000340
0.000129
0.000128
0.000129
0.000128
0.000129
0.000128
0.000128
0.000132
0.000128
0.000128
0.000130
0.000129
0.000133
0.000129
0.000128
0.000128
0.000129
0.000129
0.000129
0.000129
0.000129
0.000130
0.000129
0.000129
0.000129
0.000129
0.000128
0.000129
0.000128
0.000129
0.000128
0.000129
0.000151
0.000129
0.000129
0.000129
0.000129
0.000130
0.000129
0.000129
0.000129
0.000129
0.000130
0.000131
0.000128
0.000128
0.000129
0.000128
0.000128
0.000129
0.000128
0.000129
0.000129
0.000129
0.000130
0.000130
0.000129
0.000132
0.000130
0.000130
0.000129
0.000130
0.000129
0.000128
0.000128
0.000129
0.000129
0.000128
0.000129
0.000128
0.000128
0.000129
0.000128
0.000128
0.000133
0.000128
0.000130
0.000129
0.000128
0.000130
0.000128
0.000128
0.000144
0.000130
0.000129
0.000128
0.000132
0.000129
0.000128
0.000127
0.000129
0.000129
0.000128
0.000128
0.000128
0.000129
0.000129
0.000129
0.000128
0.000128
0.000129
0.000129
0.000128
0.000131
0.000129
0.000130
0.000128
0.000128
0.000129
0.000129
0.000130
0.000128
0.000129
0.000129
0.000128
0.000128
0.000129
0.000131
0.000128
0.000129
0.000128
0.000129
0.000129
0.000129
0.000128
0.000128
0.000127
0.000128
0.000129
0.000130
0.000129
0.000128
0.000129
0.000129
0.000128
0.000131
0.000128
0.000127
0.000129
0.000129
0.000129
0.000127
0.000127
0.000129
0.000129
0.000128
0.000128
0.000129
0.000130
0.000129
0.000129
0.000129
0.000129
0.000128
0.000129
0.000129
0.000131
0.000129
0.000129
0.000129
0.000129
0.000129
0.000129
0.000127
0.000128
0.000130
0.000133
0.000145
0.000129
0.000128
0.000127
0.000129
0.000129
0.000129
0.000129
0.000129
0.000129
0.000129
0.000128
0.000129
0.000129
0.000129
0.000128
0.000128
0.000128
0.000128
0.000129
0.000129
0.000129
0.000128
0.000133
0.000128
0.000129
0.000129
0.000130
0.000129
0.000128
0.000132
0.000188
0.000130
0.000129
0.000129
0.000128
0.000129
0.000129
0.000131
0.000130
0.000130
0.000129
0.000128
0.000130
0.000128
0.000128
0.000129
0.000128
0.000129
0.000128
0.000128
0.000128
0.000128
0.000128
0.000130
0.000130
0.000133
0.000130
0.000127
0.000129
0.000129
0.000133
0.000129
0.000129
0.000129
0.000129
0.000130
0.000129
0.000129
0.000128
0.000129
0.000130
0.000128
0.000127
0.000128
0.000129
0.000128
0.000129
0.000129
0.000128
0.000128
0.000150
0.000129
0.000129
0.000130
0.000130
0.000128
0.000128
0.000129
0.000130
0.000128
0.000133
0.000128
0.000130
0.000129
0.000129
0.000129
0.000130
0.000130
0.000128
0.000129
0.000127
0.000129
0.000129
0.000129
0.000128
0.000136
0.000128
0.000128
0.000128
0.000129
0.000128
0.000128
0.000129
0.000128
0.000128
0.000127
0.000129
0.000129
0.000129
0.000129
0.000128
0.000131
0.000129
0.000127
0.000128
0.000129
0.000129
0.000129
0.000129
0.000129
0.000138
0.000129
0.000128
0.000129
0.000127
0.000128
0.000129
0.000130
0.000130
0.000128
0.000128
0.000130
0.000129
0.000129
0.000129
0.000129
0.000128
0.000128
0.000128
0.000130
0.000128
0.000128
0.000131
0.000129
0.000128
0.000141
0.000130
0.000128
0.000130
0.000128
0.000129
0.000128
0.000128
0.000128
0.000129
0.000128
0.000128
0.000130
0.000127
0.000128
0.000128
0.000128
0.000128
0.000130
0.000128
0.000128
0.000129
0.000130
0.000130
0.000129
0.000149
0.000130
0.000129
0.000132
0.000129
0.000129
0.000129
0.000130
0.000128
0.000129
0.000128
0.000128
0.000127
0.000127
0.000128
0.000129
0.000129
0.000129
0.000129
0.000129
0.000129
0.000128
0.000128
0.000963
0.000129
0.000130
0.000128
0.000132
0.000129
0.000130
0.000128
0.000130
0.000129
0.000128
0.000128
0.000129
0.000129
0.000128
0.000128
0.000128
0.000128
0.000129
0.000130
0.000128
0.000129
0.000129
0.000129
0.000128
0.000128
0.000129
0.000129
0.000129
0.000136
0.000128
0.000128
0.000129
0.000129
0.000130
0.000132
0.000128
0.000130
0.000128
0.000129
0.000130
0.000128
0.000129
0.000128
0.000129
0.000131
0.000128
0.000128
0.000129
0.000130
0.000128
0.000130
0.000129
0.000128
0.000128
0.000129
0.000130
0.000129
0.000130
0.000129
0.000128
0.000128
0.000128
0.000129
0.000128
0.000128
0.000131
0.000657
0.000129
0.000130
0.000128
0.000129
0.000130
0.000129
0.000129
0.000128
0.000130
0.000127
0.000128
0.000129
0.000130
0.000130
0.000129
0.000132
0.000130
0.000129
0.000129
0.000128
0.000128
0.000129
0.000129
0.000129
0.000129
0.000133
0.000130
0.000129
0.000128
0.000129
0.000130
0.000129
0.000128
0.000128
0.000127
0.000130
0.000129
0.000128
0.000129
0.000128
0.000129
0.000129
0.000129
0.000129
0.000128
0.000129
0.000129
0.000127
0.000128
0.000128
0.000129
0.000128
0.000127
0.000128
0.000129
0.000128
0.000131
0.000128
0.000128
0.000128
0.000129
0.000128
0.000129
0.000129
0.000129
0.000129
0.000130
0.000128
0.000129
0.000129
0.000129
0.000129
0.000128
0.000128
0.000127
0.000128
0.000128
0.000129
0.000129
0.000128
0.000129
0.000128
0.000129
0.000128
0.000128
0.000128
0.000132
0.000131
0.000129
0.000129
0.000133
0.000130
0.000128
0.000129
0.000130
0.000129
0.000128
0.000130
0.000129
0.000129
0.000128
0.000128
0.000129
0.000128
0.000128
0.000129
0.000128
0.000129
0.000128
0.000129
0.000128
0.000128
0.000128
0.000128
0.000129
0.000146
0.000128
0.000133
0.000128
0.000129
0.000131
0.000131
0.000129
0.000128
0.000128
0.000128
0.000128
0.000128
0.000129
0.000127
0.000129
0.000128
0.000129
0.000129
0.000128
0.000129
0.000129
0.000128
0.000129
0.000129
0.000137
0.000130
0.000129
0.000129
0.000129
0.000129
0.000127
0.000128
0.001020
0.000129
0.000129
0.000129
0.000130
0.000128
0.000130
0.000128
0.000128
0.000128
0.000149
0.000128
0.000129
0.000130
0.000128
0.000129
0.000128
0.000129
0.000129
0.000128
0.000129
0.000129
0.000130
0.000129
0.000133
0.000128
0.000128
0.000129
0.000131
0.000128
0.000128
0.000130
0.000128
0.000128
0.000128
0.000139
0.000129
0.000127
0.000129
0.000129
0.000130
0.000130
0.000128
0.000130
0.000128
0.000129
0.000129
0.000128
0.000129
0.000130
0.000129
0.000128
0.000129
0.000129
0.000129
0.000133
0.000129
0.000128
0.000129
0.000128
0.000133
0.000129
0.000129
0.000129
0.000128
0.000129
0.000130
0.000129
0.000130
0.000127
0.000130
0.000127
0.000129
0.000129
0.000129
0.000130
0.000130
0.000130
0.000129
0.000129
0.000128
0.000130
0.000129
0.000130
0.000129
0.000134
0.000132
0.000129
0.000127
0.000128
0.000129
0.000130
0.000128
0.000129
0.000128
0.000129
0.000128
0.000129
0.000130
0.000129
0.000129
0.000128
0.000128
0.000128
0.000130
0.000130
0.000129
0.000129
0.000128
0.000130
0.000145
0.000128
0.000128
0.000129
0.000128
0.000127
0.000134
0.000131
0.000130
0.000129
0.000130
0.000128
0.000130
0.000129
0.000129
0.000128
0.000130
0.000129
0.000129
0.000128
0.000129
0.000128
0.000130
0.000129
0.000129
0.000133
0.000129
0.000129
0.000129
0.000128
0.000129
0.000128
0.000129
0.000128
0.000128
0.000129
0.000128
0.000132
0.000129
0.000129
0.000129
0.000128
0.000129
0.000129
0.000129
0.000128
0.000133
0.000129
0.000129
0.000130
0.000144
0.000130
0.000130
0.000128
0.000130
0.000129
0.000128
0.000129
0.000129
0.000129
0.000129
0.000128
0.000129
0.000129
0.000130
0.000129
0.000127
0.000128
0.000133
0.000129
0.000129
0.000129
0.000129
0.000130
0.000129
0.000133
0.000129
0.000129
0.000130
0.000128
0.000128
0.000130
0.000129
0.000129
0.000129
0.000129
0.000128
0.000129
0.000129
0.000129
0.000129
0.000129
0.000130
0.000129
0.000128
0.000129
0.000129
0.000129
0.000129
0.000132
0.000137
0.000892
0.000130
0.000128
0.000129
0.000129
0.000130
0.000128
0.000130
0.000129
0.000128
0.000130
0.000129
0.000129
0.000129
0.000129
0.000129
0.000130
0.000128
0.000128
0.000130
0.000129
0.000129
0.000132
0.000129
0.000130
0.000130
0.000128
0.000129
0.000129
0.000129
0.000128
0.000128
0.000129
0.000130
0.000128
0.000130
0.000128
0.000129
0.000132
0.000128
0.000129
0.004741
0.000129
0.000130
0.000130
0.000128
0.000128
0.000129
0.000129
0.000133
0.000132
0.000130
0.000129
0.000128
0.000128
0.000129
0.000129
0.000128
0.000129
0.000277
0.000129
0.000129
0.000128
0.000128
0.000128
0.000128
0.000128
0.000128
0.000129
0.000128
0.000128
0.000129
0.000129
0.000129
0.000128
0.000129
0.000129
0.000128
0.000133
0.000129
0.000128
0.000128
0.000129
0.000129
0.000129
0.000129
0.000129
