0.003404
0.002613
0.002484
0.002471
0.002464
0.002445
0.002430
0.002478
0.002472
0.002455
0.002454
0.002461
0.002474
0.002432
0.002440
0.002459
0.002442
0.002468
0.002448
0.002470
0.002481
0.002405
0.002466
0.002446
0.002475
0.002465
0.002432
0.002505
0.002579
0.002445
0.002409
0.002437
0.002467
0.002407
0.002399
0.002404
0.002490
0.002414
0.002408
0.002406
0.002469
0.002434
0.002398
0.002402
0.002481
0.002422
0.002401
0.002396
0.002459
0.002444
0.002400
0.002408
0.002446
0.002464
0.002439
0.002431
0.002462
0.002442
0.002467
0.002446
0.002468
0.002471
0.002410
0.002402
0.002431
0.002470
0.002405
0.002405
0.002401
0.002473
0.002405
0.002402
0.002427
0.002479
0.002403
0.002400
0.002406
0.002481
0.002422
0.002405
0.002403
0.002459
0.002445
0.002400
0.002406
0.002467
0.002426
0.002398
0.002403
0.002455
0.002451
0.002403
0.002406
0.002433
0.002471
0.002430
0.002439
0.002456
0.002475
0.002464
0.002432
0.002431
0.002478
0.002397
0.002463
0.002400
0.002460
0.002462
0.002398
0.002397
0.002468
0.002501
0.002469
0.002406
0.002466
0.002469
0.002402
0.002403
0.002447
0.002427
0.002402
0.002401
0.002421
0.002448
0.002399
0.002407
0.002433
0.002457
0.002468
0.002434
0.002403
0.002503
0.002419
0.002405
0.002401
0.002465
0.002421
0.002443
0.002447
0.002477
0.002460
0.002432
0.002465
0.002472
0.002438
0.002433
0.002468
0.002517
0.002448
0.002405
0.002431
0.002472
0.002425
0.002441
0.002454
0.002511
0.002465
0.002476
0.002430
0.002476
0.002428
0.002398
0.002397
0.002490
0.002411
0.002397
0.002407
0.002470
0.002434
0.002407
0.002403
0.002452
0.002454
0.002401
0.002403
0.002426
0.002462
0.002432
0.002457
0.002468
0.002463
0.002462
0.002435
0.002425
0.002473
0.002397
0.002463
0.002402
0.002465
0.002401
0.002399
0.002395
0.002460
0.002399
0.002401
0.002402
0.002439
0.002420
0.002399
0.002408
0.002428
0.002437
0.002404
0.002400
0.002437
0.002431
0.002399
0.002403
0.002400
0.002464
0.002402
0.002398
0.002406
0.002464
0.002402
0.002403
0.002397
0.002484
0.002395
0.002403
0.002433
0.002473
0.002405
0.002398
0.002466
0.002490
0.002419
0.002402
0.002406
0.002482
0.002437
0.002399
0.002404
0.002481
0.002418
0.002401
0.002403
0.002460
0.002445
0.002401
0.002402
0.002442
0.002462
0.002407
0.002400
0.002454
0.002445
0.002399
0.002401
0.002429
0.002465
0.002397
0.002398
0.002403
0.002494
0.002406
0.002405
0.002430
0.002480
0.002418
0.002463
0.002431
0.002490
0.002476
0.002401
0.002464
0.002433
0.002423
0.002404
0.002398
0.002448
0.002419
0.002400
0.002405
0.002424
0.002435
0.002401
0.002397
0.002400
0.002467
0.002401
0.002407
0.002420
0.002449
0.002403
0.002399
0.002401
0.002462
0.002400
0.002399
0.002398
0.002454
0.002409
0.002399
0.002403
0.002461
0.002402
0.002397
0.002402
0.002444
0.002436
0.002404
0.002401
0.002476
0.002441
0.002402
0.002471
0.002447
0.002454
0.002403
0.002399
0.002460
0.002445
0.002395
0.002400
0.002437
0.002467
0.002409
0.002397
0.002421
0.002471
0.002405
0.002425
0.002475
0.002468
0.002402
0.002404
0.002404
0.002493
0.002405
0.002466
0.002427
0.002480
0.002455
0.002481
0.002418
0.002498
0.002421
0.002444
0.002404
0.002475
0.002436
0.002455
0.002416
0.002490
0.002472
0.002448
0.002465
0.002444
0.002445
0.002402
0.002396
0.002422
0.002440
0.002397
0.002405
0.002399
0.002466
0.002402
0.002396
0.002400
0.002456
0.002462
0.002401
0.002403
0.002464
0.002400
0.002404
0.002399
0.002448
0.002418
0.002400
0.002402
0.002431
0.002434
0.002401
0.002399
0.002470
0.002427
0.002398
0.002399
0.002420
0.002457
0.002405
0.002399
0.002462
0.002461
0.002464
0.002403
0.002420
0.002476
0.002473
0.002399
0.002436
0.002457
0.002399
0.002398
0.002416
0.002481
0.002401
0.002399
0.002404
0.002466
0.002401
0.002403
0.002398
0.002489
0.002411
0.002401
0.002397
0.002470
0.002433
0.002399
0.002406
0.002447
0.003704
0.002447
0.002431
0.002472
0.002405
0.002409
0.002407
0.002488
0.002428
0.002471
0.002425
0.002481
0.002481
0.002418
0.002470
0.002457
0.002457
0.002410
0.002402
0.002502
0.002441
0.002402
0.002470
0.002422
0.002450
0.002405
0.002405
0.002436
0.002442
0.002406
0.002408
0.002403
0.002467
0.002404
0.002403
0.002405
0.002463
0.002408
0.002405
0.002405
0.002454
0.002416
0.002406
0.002404
0.002462
0.002408
0.002402
0.002406
0.002443
0.002435
0.002404
0.002402
0.002483
0.002481
0.002431
0.002406
0.002469
0.002432
0.002402
0.002402
0.002458
0.002449
0.002403
0.002406
0.002433
0.002468
0.002402
0.002403
0.002450
0.002453
0.002403
0.002406
0.002430
0.002475
0.002406
0.002405
0.002405
0.002486
0.002419
0.002404
0.002407
0.002472
0.002405
0.002405
0.002400
0.002484
0.002422
0.002402
0.002403
0.002462
0.002450
0.002451
0.002421
0.002467
0.002494
0.002438
0.002465
0.002426
0.002441
0.002408
0.002402
0.002408
0.002467
0.002402
0.002402
0.002401
0.002471
0.002405
0.002406
0.002406
0.002464
0.002404
0.002403
0.002406
0.002456
0.002416
0.002447
0.002480
0.002483
0.002436
0.002404
0.002406
0.002455
0.002414
0.002401
0.002400
0.002435
0.002440
0.002398
0.002408
0.002399
0.002467
0.002408
0.002405
0.002466
0.002437
0.002405
0.002403
0.002402
0.002468
0.002399
0.002406
0.002404
0.002463
0.002406
0.002407
0.002397
0.002445
0.002425
0.002402
0.002407
0.002462
0.002401
0.002397
0.002402
0.002434
0.002430
0.002401
0.002397
0.002399
0.002493
0.002497
0.002402
0.002427
0.002434
0.002408
0.002403
0.002401
0.002463
0.002402
0.002403
0.002399
0.002468
0.002407
0.002410
0.002439
0.002457
0.002466
0.002406
0.002397
0.002468
0.002398
0.002405
0.002411
0.002446
0.002420
0.002406
0.002402
0.002429
0.002439
0.002400
0.002402
0.002439
0.002431
0.002400
0.002409
0.002420
0.002451
0.002403
0.002402
0.002410
0.002467
0.002404
0.002405
0.002403
0.002470
0.002402
0.002404
0.002404
0.002460
0.002401
0.002398
0.002402
0.002448
0.002429
0.002402
0.002397
0.002492
0.002483
0.002403
0.002410
0.002486
0.002419
0.002409
0.002400
0.002467
0.002439
0.002400
0.002404
0.002439
0.002460
0.002407
0.002402
0.002461
0.002457
0.002404
0.002403
0.002436
0.002463
0.002404
0.002406
0.002420
0.002478
0.002402
0.002405
0.002429
0.002474
0.002404
0.002406
0.002469
0.002956
0.002870
0.002858
0.002900
0.002911
0.002921
0.002895
0.002919
0.002922
0.002860
0.002941
0.002879
0.002858
0.002885
0.002930
0.002853
0.002857
0.002921
0.002890
0.002850
0.002899
0.002913
0.002855
0.002857
0.002940
0.002878
0.002857
0.002886
0.002932
0.002859
0.002858
0.002955
0.002854
0.002858
0.002908
0.002912
0.002855
0.002857
0.002949
0.002877
0.002913
0.002927
0.002913
0.002882
0.002937
0.002954
0.002855
0.002855
0.002925
0.002899
0.002858
0.002863
0.002966
0.002859
0.002855
0.002943
0.002883
0.002889
0.002958
0.002930
0.002858
0.002845
0.002930
0.002886
0.002855
0.002902
0.002914
0.002852
0.002846
0.002944
0.002853
0.002848
0.002881
0.002919
0.002922
0.002880
0.002932
0.002913
0.002892
0.002925
0.002901
0.002848
0.002851
0.002945
0.002913
0.002912
0.002913
0.002872
0.002851
0.002881
0.002914
0.002849
0.002850
0.002930
0.002890
0.002859
0.002877
0.002938
0.002849
0.002921
0.002959
0.002858
0.002859
0.002896
0.002916
0.002850
0.002849
0.002924
0.002876
0.002916
0.002907
0.002913
0.002879
0.002912
0.002951
0.002858
0.002845
0.002905
0.002914
0.002858
0.002857
0.002924
0.002861
0.002855
0.002926
0.002890
0.002854
0.002874
0.002942
0.002857
0.002853
0.002913
0.002907
0.002845
0.002883
0.002924
0.002861
0.002855
0.002931
0.002885
0.002856
0.002875
0.002953
0.002960
0.002880
0.002961
0.002912
0.002884
0.002940
0.002915
0.002860
0.002859
0.002938
0.002860
0.002849
0.002883
0.002881
0.002849
0.002865
0.002936
0.002851
0.002850
0.002906
0.002903
0.002862
0.002859
0.002946
0.002855
0.002862
0.002929
0.002877
0.002848
0.002878
0.002938
0.002851
0.002850
0.002905
0.002892
0.002911
0.002899
0.002942
0.002916
0.002911
0.002902
0.002887
0.002946
0.002968
0.003081
0.003087
0.003121
0.003090
0.003011
0.002975
0.003009
0.002977
0.003063
0.002991
0.002989
0.002983
0.002978
0.002982
0.002994
0.003012
0.002996
0.002985
0.002997
0.002973
0.002994
0.002961
0.002977
0.003010
0.002938
0.002941
0.002983
0.002961
0.002957
0.002972
0.002942
0.003003
0.002907
0.002956
0.002924
0.002958
0.002954
0.002960
0.002900
0.002950
0.002951
0.002920
0.002864
0.002930
0.002890
0.002855
0.002910
0.002910
0.002857
0.002863
0.002955
0.002917
0.002925
0.002914
0.002916
0.002894
0.002923
0.002967
0.002936
0.002937
0.002953
0.002942
0.002925
0.002925
0.002915
0.002882
0.002877
0.002928
0.002884
0.002865
0.002877
0.002921
0.002953
0.002883
0.002925
0.002924
0.002927
0.002890
0.002914
0.002874
0.002896
0.002847
0.002849
0.002854
0.002857
0.002859
0.002859
0.002860
0.002857
0.002856
0.002862
0.002861
0.002921
0.002865
0.002879
0.002894
0.002860
0.002902
0.002872
0.002850
0.002851
0.002858
0.002846
0.002861
0.002855
0.002855
0.002850
0.002848
0.002856
0.002845
0.002853
0.002860
0.002854
0.002861
0.002857
0.002856
0.002854
0.002862
0.002850
0.002851
0.002848
0.002861
0.002860
0.002855
0.002940
0.002877
0.002874
0.002912
0.002863
0.002883
0.002939
0.002854
0.002919
0.002914
0.002898
0.002847
0.002888
0.002917
0.002848
0.002847
0.002918
0.002891
0.002846
0.002876
0.002911
0.002853
0.002862
0.002946
0.002867
0.002857
0.002900
0.002926
0.002859
0.002865
0.002938
0.002884
0.002850
0.002906
0.002897
0.002844
0.002845
0.002943
0.002880
0.002916
0.002927
0.002959
0.002885
0.002920
0.002924
0.002867
0.002860
0.002895
0.002890
0.002859
0.002865
0.002927
0.002865
0.002860
0.002880
0.002905
0.002858
0.002861
0.002918
0.002862
0.002841
0.002887
0.002874
0.002845
0.002845
0.002910
0.002864
0.002860
0.002924
0.002865
0.002851
0.002857
0.002939
0.002855
0.002848
0.002944
0.002872
0.002880
0.002913
0.002927
0.002863
0.002859
0.002961
0.002865
0.002862
0.002934
0.002904
0.002863
0.002864
0.002928
0.002859
0.002849
0.002908
0.002881
0.002850
0.002858
0.002942
0.002863
0.002860
0.002906
0.002900
0.002849
0.002847
0.002906
0.002847
0.002849
0.002914
0.002907
0.002925
0.002900
0.002944
0.002975
0.002888
0.002892
0.002880
0.002916
0.002862
0.002924
0.002857
0.002865
0.002906
0.002872
0.002849
0.002856
0.002946
0.002907
0.002861
0.002927
0.002919
0.002865
0.002943
0.002910
0.002845
0.002860
0.002906
0.002857
0.002863
0.002886
0.002875
0.002842
0.002850
0.003021
0.002916
0.002900
0.002939
0.002946
0.002871
0.002924
0.002983
0.002970
0.002874
0.002960
0.002926
0.002863
0.002895
0.002910
0.002845
0.002844
0.002934
0.002882
0.002863
0.002915
0.002897
0.002861
0.002859
0.002955
0.002853
0.002860
0.002897
0.002908
0.002958
0.004089
0.003273
0.002852
0.002885
0.002947
0.002893
0.002891
0.002952
0.002962
0.002884
0.002901
0.002925
0.002862
0.002864
0.002917
0.002875
0.002866
0.002861
0.002927
0.002863
0.002858
0.002921
0.002860
0.002863
0.002878
0.002909
0.002864
0.002861
0.002917
0.002861
0.002852
0.002860
0.002927
0.002867
0.002863
0.002920
0.002850
0.002859
0.002881
0.002917
0.002859
0.002894
0.002955
0.002925
0.002854
0.002939
0.002878
0.002861
0.002887
0.002932
0.002860
0.002861
0.002925
0.002891
0.002863
0.002893
0.002901
0.002852
0.002846
0.002942
0.002877
0.002851
0.002874
0.002918
0.002860
0.002863
0.002962
0.002862
0.002865
0.002912
0.002915
0.002858
0.002860
0.002947
0.002865
0.002927
0.002929
0.002926
0.002886
0.002938
0.002944
0.002852
0.002848
0.002919
0.002889
0.002844
0.002847
0.002960
0.002867
0.002862
0.002940
0.002880
0.002856
0.002892
0.002924
0.002849
0.002843
0.002911
0.002887
0.002846
0.002887
0.002907
0.002849
0.002844
0.002932
0.002868
0.002852
0.002872
0.002928
0.002898
0.002866
0.002974
0.002914
0.002883
0.002872
0.002932
0.002862
0.002862
0.002905
0.002875
0.002864
0.002888
0.002884
0.002849
0.002848
0.002909
0.002847
0.002848
0.002844
0.002914
0.002863
0.002863
0.002947
0.002896
0.002864
0.002916
0.002949
0.002949
0.002903
0.002948
0.002915
0.002913
0.002911
0.002879
0.002854
0.002915
0.002937
0.002902
0.002865
0.002944
0.002866
0.002862
0.002889
0.002898
0.002859
0.002865
0.002962
0.002860
0.002862
0.002911
0.002909
0.002861
0.002860
0.002947
0.002876
0.002930
0.002950
0.002975
0.002964
0.003013
0.002942
0.002902
0.002879
0.002967
0.002949
0.002862
0.002885
0.002923
0.002854
0.002857
0.002967
0.002925
0.002863
0.002890
0.002897
0.002864
0.002862
0.002922
0.002867
0.002848
0.002889
0.002872
0.002848
0.002849
0.002918
0.002846
0.002849
0.002880
0.002889
0.002849
0.002847
0.002908
0.002846
0.002858
0.002904
0.002885
0.002857
0.002862
0.002909
0.002848
0.002857
0.002870
0.002893
0.002855
0.002895
0.002912
0.002852
0.002849
0.002939
0.002865
0.002850
0.002881
0.002917
0.002850
0.002852
0.002919
0.002879
0.002850
0.002876
0.002910
0.002859
0.002851
0.002939
0.002858
0.002859
0.002892
0.002943
0.002890
0.002862
0.002933
0.002875
0.002850
0.002912
0.002902
0.002857
0.002844
0.002946
0.002876
0.002923
0.002927
0.002961
0.002883
0.002916
0.002952
0.002854
0.002856
0.002895
0.002932
0.002872
0.002848
0.002923
0.002859
0.002857
0.002875
0.002887
0.002860
0.002857
0.002916
0.002848
0.002853
0.002890
0.002880
0.002865
0.002844
0.002911
0.002845
0.002845
0.002910
0.002849
0.002844
0.002856
0.002942
0.002861
0.002853
0.002945
0.002878
0.002856
0.002886
0.002926
0.002862
0.002857
0.002965
0.002873
0.002854
0.002904
0.002907
0.002860
0.002858
0.002943
0.002872
0.002857
0.002912
0.002883
0.002848
0.002847
0.002959
0.002858
0.002860
0.002896
0.002895
0.002859
0.002847
0.002913
0.002917
0.002855
0.002922
0.002900
0.002916
0.002966
0.002937
0.002919
0.002918
0.002891
0.002888
0.002917
0.002848
0.002915
0.002856
0.002987
0.002926
0.002860
0.002848
0.002849
0.002913
0.002842
0.002847
0.002911
0.002846
0.002941
0.002879
0.002904
0.002857
0.002860
0.002956
0.002860
0.002861
0.002900
0.002890
0.002858
0.002849
0.002937
0.002850
0.002846
0.002926
0.002936
0.002867
0.002848
0.002919
0.002851
0.002860
0.002937
0.002886
0.002860
0.002887
0.002936
0.002863
0.002848
0.002916
0.002889
0.002851
0.002892
0.002908
0.002858
0.002861
0.002929
0.002873
0.002851
0.002877
0.002920
0.002861
0.002858
0.002959
0.002860
0.002861
0.002889
0.002916
0.002923
0.002884
0.002953
0.002929
0.002892
0.002903
0.002908
0.002862
0.002866
0.002922
0.002860
0.002862
0.002869
0.002898
0.002861
0.002860
0.002920
0.002862
0.002861
0.002898
0.002887
0.002860
0.002862
0.002918
0.002851
0.002846
0.002912
0.002871
0.002863
0.002859
0.002917
0.002850
0.002854
0.002887
0.002893
0.002858
0.002899
0.002941
0.002894
0.002848
0.002918
0.002883
0.002852
0.002850
0.002965
0.002873
0.002860
0.002928
0.002940
0.002912
0.002884
0.002965
0.002859
0.002860
0.002925
0.002865
0.002853
0.002900
0.002882
0.002858
0.002864
0.002922
0.002864
0.002857
0.002885
0.002957
0.002857
0.002925
0.002953
0.002863
0.002858
0.002953
0.002952
0.002864
0.002879
0.002940
0.002926
0.002896
0.002948
0.002924
0.002871
0.002858
0.002937
0.002917
0.002897
0.002941
0.002925
0.002933
0.002898
0.002876
0.002883
0.002898
0.002918
0.002850
0.002860
0.002884
0.002897
0.002860
0.002860
0.002908
0.002848
0.002859
0.002892
0.002898
0.002845
0.002890
0.002923
0.002850
0.002856
0.002916
0.002848
0.002850
0.002901
0.002917
0.002849
0.002862
0.002927
0.002868
0.002849
0.002875
0.002926
0.002849
0.002950
0.002953
0.002845
0.002846
0.002893
0.002904
0.002842
0.002849
0.002929
0.002864
0.002847
0.002911
0.002891
0.002846
0.002850
0.002955
0.002892
0.002903
0.002920
0.002962
0.002883
0.002851
0.002937
0.002851
0.002843
0.002878
0.002880
0.002845
0.002848
0.002913
0.002853
0.002854
0.002907
0.002875
0.002846
0.002854
0.002916
0.002869
0.002856
0.002893
0.002890
0.002862
0.002856
0.002926
0.002861
0.002846
0.002899
0.002864
0.002858
0.002853
0.002933
0.002860
0.002858
0.002956
0.002891
0.002864
0.002905
0.002904
0.002863
0.002853
0.002960
0.002859
0.002858
0.002893
0.002914
0.002846
0.002851
0.002953
0.002861
0.002858
0.002899
0.002895
0.002848
0.002847
0.002957
0.002860
0.002852
0.002929
0.002891
0.002856
0.002879
0.002937
0.002853
0.002860
0.002921
0.002945
0.002934
0.002902
0.002910
0.002921
0.002861
0.002946
0.002867
0.002851
0.002970
0.003071
0.002917
0.002867
0.002946
0.002875
0.002847
0.002911
0.002893
0.002845
0.002849
0.002949
0.002852
0.002846
0.002891
0.002906
0.002841
0.002873
0.002930
0.002848
0.002840
0.002913
0.002899
0.002856
0.002860
0.002964
0.002888
0.002892
0.002957
0.002926
0.002895
0.002900
0.002937
0.002857
0.002851
0.002893
0.002891
0.002858
0.002854
0.002928
0.002860
0.002858
0.002902
0.002931
0.002849
0.002845
0.002916
0.002850
0.002844
0.002913
0.002862
0.002858
0.002857
0.002921
0.002924
0.002860
0.002921
0.002851
0.002860
0.002846
0.002910
0.002911
0.002878
0.002938
0.002927
0.002908
0.002940
0.002922
0.002920
0.002858
0.002948
0.002914
0.002861
0.002947
0.002871
0.002879
0.002939
0.002941
0.002913
0.002852
0.002923
0.002874
0.002849
0.002913
0.002909
0.002859
0.002865
0.002958
0.002858
0.002863
0.002891
0.002913
0.002848
0.002922
0.002949
0.002891
0.002904
0.002937
0.002930
0.002878
0.002933
0.002943
0.002888
0.002891
0.002911
0.002889
0.002860
0.002899
0.002921
0.002862
0.002847
0.002932
0.002867
0.002852
0.002877
0.002925
0.002850
0.002845
0.002956
0.002864
0.002855
0.002904
0.002915
0.002859
0.002854
0.002944
0.002873
0.002860
0.002890
0.002915
0.002917
0.002884
0.002942
0.002919
0.002909
0.002932
0.002904
0.002860
0.002862
0.002946
0.002851
0.002858
0.002937
0.002875
0.002861
0.002884
0.002930
0.002853
0.002860
0.002921
0.002891
0.002849
0.002902
0.002912
0.002862
0.002863
0.002943
0.002900
0.002851
0.002880
0.002939
0.002915
0.002849
0.002958
0.002870
0.002922
0.002919
0.002941
0.002883
0.002911
0.002957
0.002864
0.002858
0.002904
0.002884
0.002857
0.002889
0.002930
0.002860
0.002855
0.002927
0.002894
0.002854
0.002859
0.002950
0.002848
0.002846
0.002934
0.002875
0.002851
0.002888
0.002926
0.002860
0.002857
0.002927
0.002891
0.002861
0.002909
0.002930
0.002909
0.002998
0.002998
0.002930
0.002909
0.002948
0.002905
0.002910
0.002846
0.002914
0.002848
0.002863
0.002933
0.002885
0.002861
0.002882
0.002937
0.002851
0.002861
0.002920
0.002896
0.002926
0.002903
0.002952
0.002911
0.002863
0.002946
0.002940
0.002850
0.002891
0.002926
0.002855
0.002862
0.002964
0.002879
0.002927
0.002927
0.002941
0.002883
0.002913
0.002962
0.002863
0.002861
0.002911
0.002879
0.002845
0.002918
0.002924
0.002850
0.002845
0.002941
0.002885
