0.007305
0.005743
0.005567
0.005760
0.005713
0.005507
0.005504
0.005590
0.005471
0.005435
0.005465
0.005469
0.005434
0.005466
0.005452
0.005425
0.005480
0.005442
0.005448
0.005455
0.005441
0.005538
0.005531
0.005431
0.005470
0.005461
0.005532
0.005493
0.005510
0.005450
0.005461
0.005412
0.005571
0.005457
0.005434
0.005484
0.005427
0.005601
0.005447
0.005430
0.005633
0.005438
0.005409
0.005480
0.005431
0.005404
0.005498
0.005497
0.005489
0.005530
0.005493
0.005500
0.005436
0.005407
0.005478
0.005410
0.005444
0.005460
0.005418
0.005445
0.005454
0.005429
0.005685
0.005430
0.005423
0.005486
0.005523
0.005439
0.005442
0.005417
0.005441
0.005430
0.005415
0.005476
0.005437
0.005428
0.005549
0.005513
0.005448
0.005447
0.005422
0.005449
0.005435
0.005430
0.005500
0.005464
0.005413
0.005487
0.005432
0.005456
0.005448
0.005396
0.005482
0.005454
0.005443
0.005478
0.005505
0.005428
0.005495
0.005424
0.005439
0.005507
0.005402
0.005605
0.005420
0.005410
0.005458
0.005489
0.005458
0.005468
0.005416
0.005459
0.005579
0.005425
0.005571
0.005432
0.005413
0.005475
0.005415
0.005432
0.005437
0.005506
0.005685
0.005556
0.005535
0.005473
0.005498
0.005432
0.005446
0.005416
0.005453
0.005454
0.005425
0.005449
0.005496
0.005409
0.005463
0.005417
0.005424
0.005519
0.005406
0.005620
0.005434
0.005403
0.005454
0.005426
0.005412
0.005490
0.005414
0.005473
0.005664
0.005572
0.005645
0.006264
0.006059
0.005815
0.005641
0.005777
0.005626
0.005579
0.005462
0.005500
0.005556
0.005427
0.005662
0.005481
0.005670
0.005579
0.005538
0.005553
0.005661
0.005472
0.005472
0.005425
0.005464
0.005451
0.005449
0.005491
0.005481
0.005663
0.005449
0.005558
0.005464
0.008031
0.006162
0.005485
0.005425
0.005375
0.005408
0.005375
0.005346
0.005387
0.005359
0.005340
0.005383
0.005367
0.005330
0.005429
0.005422
0.005507
0.005596
0.005424
0.005554
0.005512
0.005426
0.005381
0.005358
0.005537
0.005411
0.005513
0.005374
0.005375
0.005398
0.005369
0.005372
0.005345
0.005372
0.005363
0.005376
0.005367
0.005366
0.005371
0.005440
0.005363
0.005294
0.005313
0.005370
0.005341
0.005368
0.005385
0.005404
0.005295
0.005278
0.005275
0.005273
0.005418
0.005276
0.005275
0.005339
0.005271
0.005370
0.005384
0.005275
0.005270
0.005279
0.005272
0.005275
0.005357
0.005277
0.005284
0.005257
0.005274
0.005271
0.005275
0.005268
0.005277
0.005267
0.005336
0.005423
0.005324
0.005335
0.005339
0.005272
0.005272
0.005268
0.005264
0.005273
0.005262
0.005274
0.005262
0.005244
0.005274
0.005262
0.005285
0.005410
0.005263
0.005338
0.005298
0.005311
0.005349
0.005412
0.005361
0.005249
0.005253
0.005264
0.005251
0.005287
0.005255
0.005258
0.005262
0.005256
0.005254
0.005367
0.005366
0.005269
0.005351
0.005331
0.005283
0.005420
0.005269
0.005249
0.005247
0.005262
0.005254
0.005247
0.005301
0.005279
0.005484
0.005393
0.005354
0.005260
0.005254
0.005245
0.005262
0.005329
0.005312
0.005269
0.005385
0.005287
0.005328
0.005490
0.005398
0.005432
0.005273
0.005257
0.005257
0.005259
0.005279
0.005264
0.005258
0.005341
0.005264
0.005296
0.005360
0.005329
0.005364
0.005309
0.005333
0.005296
0.005353
0.005262
0.005251
0.005345
0.005255
0.005259
0.005281
0.005382
0.005489
0.005472
0.005494
0.005504
0.005399
0.005253
0.005332
0.005327
0.005339
0.005271
0.005265
0.005260
0.005257
0.005259
0.005302
0.005353
0.005292
0.005455
0.005372
0.005330
0.005275
0.005334
0.005267
0.005320
0.005303
0.005303
0.005339
0.005336
0.005256
0.005262
0.005269
0.005248
0.005264
0.005251
0.005264
0.005259
0.005263
0.005261
0.005412
0.005416
0.005406
0.005334
0.005322
0.005416
0.005259
0.005335
0.005268
0.005256
0.005247
0.005336
0.005491
0.005510
0.005502
0.005514
0.005423
0.005283
0.005268
0.005283
0.005266
0.005269
0.005295
0.005322
0.005333
0.005366
0.005323
0.005307
0.005293
0.005433
0.005269
0.005263
0.005337
0.005411
0.005279
0.005436
0.005275
0.005269
0.005259
0.005256
0.005252
0.005343
0.005276
0.005329
0.005333
0.005347
0.005275
0.005264
0.005327
0.005281
0.005369
0.005262
0.005358
0.005261
0.005261
0.005416
0.005362
0.005266
0.005267
0.005267
0.005343
0.005365
0.005427
0.005523
0.005273
0.005263
0.005330
0.005371
0.005357
0.005508
0.005453
0.005432
0.005495
0.005586
0.005500
0.005431
0.005355
0.005502
0.005455
0.005344
0.005328
0.005423
0.005326
0.005269
0.005271
0.005354
0.005255
0.005251
0.005261
0.005265
0.005256
0.005261
0.005250
0.005413
0.005391
0.005499
0.005350
0.005312
0.005315
0.005340
0.005406
0.005269
0.005251
0.005267
0.005251
0.005259
0.005265
0.005262
0.005345
0.005368
0.005494
0.005493
0.005395
0.005502
0.005434
0.005367
0.005414
0.005266
0.005339
0.005352
0.005287
0.005342
0.005259
0.005268
0.005267
0.005258
0.005258
0.005261
0.005272
0.005262
0.005261
0.005270
0.005263
0.005265
0.005264
0.005320
0.005294
0.005298
0.005322
0.005287
0.005253
0.005250
0.005264
0.005271
0.005340
0.005259
0.005265
0.005260
0.005370
0.005493
0.005352
0.005286
0.005351
0.005269
0.005369
0.005561
0.005424
0.005345
0.005266
0.005258
0.005335
0.005273
0.005330
0.005317
0.005291
0.005305
0.005302
0.005327
0.005274
0.005368
0.005500
0.005510
0.005553
0.008453
0.006352
0.005522
0.005509
0.005323
0.005317
0.005284
0.005283
0.005296
0.005267
0.005458
0.005391
0.005367
0.005508
0.005457
0.005479
0.005390
0.005558
0.005329
0.005429
0.005339
0.005270
0.005272
0.005279
0.005265
0.005269
0.005259
0.005269
0.005276
0.005266
0.005347
0.005506
0.005357
0.005277
0.005266
0.005326
0.005478
0.005342
0.005381
0.005479
0.005517
0.005350
0.005265
0.005267
0.005336
0.005259
0.005446
0.005315
0.005275
0.005271
0.005281
0.005263
0.005284
0.005258
0.005277
0.005336
0.005355
0.005262
0.005331
0.005268
0.005269
0.005499
0.005433
0.005488
0.005356
0.005271
0.005328
0.005375
0.005353
0.005345
0.005510
0.005345
0.005292
0.005389
0.005292
0.005329
0.005308
0.005290
0.005257
0.005267
0.005255
0.005329
0.005258
0.005316
0.005299
0.005325
0.005285
0.005263
0.005267
0.005267
0.005259
0.005261
0.005332
0.005286
0.005348
0.005323
0.005294
0.005260
0.005454
0.005386
0.005492
0.005340
0.005340
0.005359
0.005268
0.005272
0.005271
0.005271
0.005261
0.005310
0.005523
0.005344
0.005327
0.005336
0.005259
0.005318
0.005324
0.005259
0.005262
0.005268
0.005265
0.005259
0.005260
0.005252
0.005252
0.005246
0.005258
0.005259
0.005319
0.005353
0.005497
0.005546
0.005283
0.005346
0.005360
0.005258
0.005254
0.005318
0.005347
0.005256
0.005282
0.005257
0.005319
0.005362
0.005267
0.005256
0.005265
0.005264
0.005259
0.005363
0.005414
0.005377
0.005339
0.005259
0.005257
0.005270
0.005425
0.005347
0.005326
0.005333
0.005264
0.005243
0.005318
0.005266
0.005329
0.005365
0.005268
0.005271
0.005334
0.005319
0.005271
0.005375
0.005274
0.005325
0.005359
0.005251
0.005330
0.005274
0.005306
0.005261
0.005284
0.005304
0.005270
0.005272
0.005460
0.005352
0.005305
0.005291
0.005320
0.005301
0.005353
0.005264
0.005251
0.005264
0.005265
0.005390
0.005506
0.005349
0.005250
0.005249
0.005357
0.005397
0.005339
0.005260
0.005266
0.005325
0.005275
0.005359
0.005333
0.005265
0.005324
0.005260
0.005288
0.005272
0.005252
0.005272
0.005265
0.005271
0.005338
0.005516
0.005338
0.005269
0.005339
0.005267
0.005494
0.005280
0.005348
0.005320
0.005270
0.005270
0.005266
0.005270
0.005291
0.005268
0.005435
0.005390
0.005304
0.005376
0.005368
0.005263
0.005298
0.005434
0.005359
0.005270
0.005331
0.005373
0.005269
0.005434
0.005267
0.005269
0.005266
0.005266
0.005256
0.005269
0.005262
0.005256
0.005264
0.005272
0.005255
0.005328
0.005268
0.005258
0.005333
0.005308
0.005266
0.005327
0.005328
0.005314
0.005332
0.005272
0.005324
0.005324
0.005257
0.005269
0.005273
0.005252
0.005296
0.005520
0.005507
0.005359
0.005277
0.005328
0.005560
0.005306
0.005362
0.005266
0.005271
0.005264
0.005267
0.005262
0.005261
0.005256
0.005265
0.005254
0.005257
0.005263
0.005329
0.005269
0.005258
0.005299
0.005275
0.005314
0.005310
0.005285
0.005249
0.005252
0.005260
0.005252
0.005267
0.005533
0.005326
0.005324
0.005348
0.005274
0.005323
0.005293
0.005330
0.005273
0.005325
0.005298
0.005577
0.005343
0.005425
0.005535
0.005435
0.005257
0.005269
0.005321
0.005303
0.005348
0.005263
0.005265
0.005264
0.005255
0.005261
0.005266
0.005258
0.005434
0.005390
0.005405
0.005568
0.005360
0.005266
0.005270
0.005464
0.005343
0.005261
0.005269
0.005270
0.005257
0.005268
0.005257
0.005261
0.005310
0.005294
0.005341
0.005332
0.005327
0.005263
0.005357
0.005364
0.005449
0.005329
0.005264
0.005261
0.005266
0.005266
0.005271
0.005274
0.005259
0.005252
0.005268
0.005271
0.005321
0.005265
0.005299
0.005278
0.005339
0.005308
0.005348
0.005324
0.005269
0.005259
0.005253
0.005258
0.005257
0.005262
0.005267
0.005263
0.005281
0.005264
0.005316
0.005281
0.005450
0.005300
0.005325
0.005296
0.005337
0.005260
0.005267
0.005297
0.005356
0.005435
0.005364
0.005254
0.005267
0.005467
0.005416
0.005293
0.005308
0.005268
0.005262
0.005316
0.005267
0.005328
0.005321
0.005332
0.005268
0.005267
0.005257
0.005341
0.005416
0.005414
0.005436
0.005430
0.005411
0.005471
0.005267
0.005260
0.005274
0.005358
0.005402
0.005299
0.005458
0.005330
0.005325
0.005261
0.005272
0.005274
0.005262
0.005261
0.005260
0.005267
0.005260
0.005255
0.005290
0.005500
0.005353
0.005266
0.005401
0.005568
0.005336
0.005267
0.005357
0.005279
0.005302
0.005324
0.005252
0.005272
0.005368
0.005459
0.005489
0.005351
0.005265
0.005253
0.005257
0.005268
0.005286
0.005375
0.005334
0.005565
0.005279
0.005307
0.005317
0.005260
0.005250
0.005258
0.005255
0.005267
0.005261
0.005259
0.005265
0.005255
0.005295
0.005424
0.005275
0.005264
0.005437
0.005349
0.005398
0.005390
0.005280
0.005329
0.005331
0.005271
0.005263
0.005269
0.005251
0.005368
0.005435
0.005270
0.005361
0.005263
0.005266
0.005361
0.005266
0.005314
0.005268
0.005331
0.005322
0.005271
0.005333
0.005262
0.005253
0.005268
0.005258
0.005259
0.005255
0.005256
0.005389
0.005352
0.005396
0.005352
0.005259
0.005268
0.005325
0.005351
0.005336
0.005327
0.005278
0.005466
0.006047
0.005868
0.005790
0.005626
0.005826
0.005582
0.005497
0.005637
0.005723
0.005482
0.005444
0.005462
0.005372
0.005544
0.005497
0.005505
0.005529
0.005481
0.005604
0.005382
0.005381
0.005369
0.005389
0.005341
0.005361
0.005391
0.005512
0.005465
0.005476
0.005421
0.005371
0.005354
0.005339
0.005379
0.005368
0.005351
0.005383
0.005340
0.005337
0.005388
0.005353
0.005337
0.005402
0.005384
0.005576
0.005582
0.005561
0.005470
0.005439
0.005335
0.005387
0.005362
0.005339
0.005384
0.005449
0.005429
0.005392
0.005331
0.005384
0.005407
0.005481
0.005363
0.005366
0.005401
0.005426
0.005351
0.005269
0.005284
0.005310
0.005330
0.005311
0.005312
0.005467
0.005542
0.005450
0.005555
0.005460
0.005521
0.005479
0.005277
0.005270
0.005272
0.005262
0.005268
0.005324
0.005362
0.005329
0.005289
0.005327
0.005331
0.005257
0.005264
0.005268
0.005348
0.005510
0.005357
0.005277
0.005263
0.005273
0.005285
0.005359
0.005267
0.005269
0.005487
0.005421
0.005330
0.005368
0.005279
0.005417
0.005477
0.005499
0.005418
0.005367
0.005364
0.005270
0.005275
0.005267
0.005339
0.005268
0.005260
0.007422
0.005726
0.005451
0.005439
0.005304
0.005321
0.005336
0.005494
0.005397
0.005329
0.005302
0.005307
0.005360
0.005292
0.005493
0.005405
0.005268
0.005255
0.005290
0.005297
0.005257
0.005341
0.005472
0.005483
0.005490
0.005409
0.005330
0.005503
0.005502
0.005293
0.005294
0.005313
0.005348
0.005420
0.005340
0.005257
0.005260
0.005260
0.005260
0.005281
0.005386
0.005282
0.005443
0.005536
0.005402
0.005333
0.005322
0.005326
0.005250
0.005247
0.005250
0.005257
0.005257
0.005252
0.005253
0.005242
0.005250
0.005251
0.005254
0.005313
0.005247
0.005412
0.005558
0.005330
0.005324
0.005265
0.005255
0.005249
0.005262
0.005298
0.005259
0.005269
0.005260
0.005261
0.005261
0.005255
0.005327
0.005261
0.005382
0.005252
0.005336
0.005311
0.005319
0.005253
0.005323
0.005252
0.005292
0.005278
0.005305
0.005238
0.005383
0.005486
0.005378
0.005358
0.005496
0.005339
0.005256
0.005302
0.005288
0.005273
0.005322
0.005318
0.005362
0.005326
0.005417
0.005378
0.005251
0.005254
0.005438
0.005486
0.005458
0.005483
0.005370
0.005355
0.005549
0.005286
0.005296
0.005300
0.005266
0.005303
0.005320
0.005247
0.005374
0.005376
0.005290
0.005260
0.005265
0.005240
0.005356
0.005290
0.005270
0.005266
0.005275
0.005238
0.005284
0.005277
0.005317
0.005310
0.005273
0.005302
0.005255
0.005279
0.005273
0.005297
0.005332
0.005395
0.005263
0.005360
0.005358
0.005335
0.005245
0.005239
0.005244
0.005306
0.005249
0.005302
0.005317
0.005263
0.005320
0.005339
0.005494
0.005266
0.005247
0.005274
0.005241
0.005250
0.005242
0.005241
0.005326
0.005347
0.005389
0.005242
0.005296
0.005234
0.005340
0.005478
0.005324
0.005306
0.005250
0.005248
0.005238
0.005367
0.005409
0.005481
0.005258
0.005236
0.005248
0.005265
0.005483
0.005486
0.005491
0.005545
0.005308
0.005269
0.005320
0.005323
0.005248
0.005243
0.005252
0.005251
0.005486
0.005488
0.005412
0.005486
0.005503
0.005478
0.005557
0.005240
0.005241
0.005258
0.005284
0.005485
0.005269
0.005309
0.005497
0.005255
0.005344
0.005247
0.005385
0.005501
0.005316
0.005247
0.005237
0.005241
0.005243
0.005244
0.005239
0.005242
0.005339
0.005265
0.005297
0.005288
0.005314
0.005261
0.005251
0.005241
0.005237
0.005436
0.005470
0.005322
0.005243
0.005415
0.005323
0.005251
0.005337
0.005481
0.005479
0.005545
0.005596
0.005293
0.005314
0.005274
0.005351
0.005246
0.005250
0.005252
0.005244
0.005253
0.005284
0.005371
0.005544
0.005336
0.005326
0.005243
0.005246
0.005251
0.005303
0.005298
0.005260
0.005297
0.005289
0.005270
0.005342
0.005255
0.005242
0.005375
0.005349
0.005339
0.005390
0.005312
0.005295
0.005245
0.005253
0.005238
0.005237
0.005315
0.005308
0.005243
0.005350
0.005286
0.005250
0.005367
0.005370
0.005410
0.005330
0.005234
0.005319
0.005403
0.005243
0.005424
0.005344
0.005334
0.005361
0.005263
0.005288
0.005321
0.005353
0.005359
0.005319
0.005261
0.005243
0.005252
0.005241
0.005249
0.005248
0.005316
0.005235
0.005242
0.005248
0.005558
0.005308
0.005249
0.005350
0.005436
0.005316
0.005355
0.005328
0.005320
0.005367
0.005336
0.005408
0.005549
0.005447
0.005465
0.005360
0.005321
0.005337
0.005353
0.005302
0.005431
0.005378
0.005335
0.005341
0.005342
0.005302
0.005353
0.005345
0.005314
0.005348
0.005343
0.005299
0.005341
0.005376
0.005417
0.005411
0.005336
0.005309
0.005367
0.005345
0.005350
0.005346
0.005335
0.005306
0.005353
0.005329
0.005301
0.005366
0.005341
0.005316
0.005340
0.005523
0.005315
0.005351
0.005327
0.005313
0.005369
0.005347
0.005302
0.005365
0.005330
0.005337
0.005351
0.005385
0.005301
0.005357
0.005419
0.005313
0.005356
0.005343
0.005305
0.005370
0.005324
0.005303
0.005365
0.005393
0.005312
0.005369
0.005311
0.005463
0.005504
0.005408
0.005406
0.005396
0.005483
0.005604
0.005525
0.005556
0.005614
0.005545
0.005569
0.005570
0.005393
0.005347
0.005336
0.005317
0.005419
0.005345
0.005555
0.005468
0.005380
0.005330
0.005360
0.005298
0.005328
0.005346
0.005305
0.005325
0.005356
0.005306
0.005327
0.005332
0.005312
0.005518
0.005430
0.005305
0.005342
0.005351
0.005311
0.005342
0.005336
0.005315
0.005336
0.005346
0.005351
0.005355
0.005342
0.005311
0.005335
0.005451
0.005476
0.005426
0.005430
0.005470
0.005442
0.005328
0.005306
0.005357
0.005339
0.005393
0.005454
0.005317
0.005304
0.005388
0.005312
0.005315
0.005372
0.005356
0.005309
0.005379
0.005428
0.005411
0.005395
0.005399
0.005517
0.005476
0.005316
0.005350
0.005335
0.005310
0.005343
0.005342
0.005299
0.005337
0.005338
0.005312
0.005484
0.005434
0.005527
0.005620
0.005469
0.005575
0.005560
0.005493
0.005424
0.005401
0.005535
0.005454
0.005312
0.005311
0.005400
0.005541
0.005573
0.005576
0.005542
0.005529
0.005424
0.005345
0.005623
0.005534
0.005421
0.005347
0.005321
0.005337
0.005338
0.005309
0.005334
0.005399
0.005314
0.005407
0.005361
0.005303
0.005353
0.005350
0.005297
0.005345
0.005365
0.005309
0.005353
0.005326
0.005344
0.005342
0.005361
0.005391
0.005368
0.005450
0.005419
0.005660
0.005400
0.005313
0.005370
0.005293
0.005329
0.005367
0.005403
0.005342
0.005347
0.005313
0.005342
0.005348
0.005333
0.005332
0.005380
0.005409
0.005383
0.005338
0.005449
0.005437
0.005350
0.005310
0.005366
0.005335
0.005407
0.005488
0.005598
0.005541
0.005627
0.005418
0.005521
0.005422
0.005320
0.005342
0.005346
0.005307
0.005338
0.005459
0.005403
0.005442
0.005333
0.005309
0.005386
0.005406
0.005319
0.005361
0.005344
0.005324
0.005372
0.005313
0.005346
0.005479
0.005543
0.005439
0.005432
0.005302
0.005341
0.005341
0.005505
0.005460
0.005574
0.005394
0.005549
0.005545
0.005570
0.005430
0.005312
0.005339
0.005434
0.005398
0.005447
0.005426
0.005314
0.005352
0.005339
0.005312
0.005351
0.005327
0.005306
0.005349
0.005344
0.005303
0.005341
0.005356
0.005338
0.005363
0.005342
0.005319
0.005372
0.005335
0.005519
0.005631
0.005392
0.005517
0.005429
0.005312
0.005357
0.005411
0.005402
0.005337
0.005452
0.005386
0.005333
0.005333
0.005308
0.005363
0.005383
0.005488
0.005451
0.005439
0.005394
0.005367
0.005306
0.005303
0.005364
0.005312
0.005308
0.005361
0.005415
0.005572
0.005423
0.005308
0.005343
0.005367
0.005308
0.005327
0.005341
0.005316
0.005339
0.005349
0.005302
0.005328
0.005359
0.005301
0.005520
0.005425
0.005336
0.005345
0.005338
0.005305
0.005355
0.005358
0.005471
0.005519
0.005366
0.005548
0.005456
0.005316
0.005313
0.005399
0.005302
0.005318
0.005478
0.005399
0.005338
0.005344
0.005308
0.005356
0.005507
0.005415
0.005345
0.005462
0.005533
0.005602
0.005407
0.005306
0.005383
0.005473
0.005391
0.005364
0.005321
0.005337
0.005356
0.005313
0.005341
0.005367
0.005341
0.005335
0.005398
0.005485
0.005471
0.005372
0.005328
0.005464
0.005583
0.005550
0.005469
0.005409
0.005569
0.005509
0.005524
0.005438
0.005586
0.005559
0.005451
0.005302
0.005427
0.005560
0.005408
0.005337
0.005382
0.005558
0.005581
0.005439
0.005320
0.005609
0.005553
0.005579
0.005507
0.005380
0.005341
0.005335
0.005299
0.005358
0.005370
0.005419
0.005551
0.005561
0.005529
0.005537
0.005505
0.005428
0.005339
0.005308
0.005361
0.005345
0.005500
0.005477
0.005336
0.005309
0.005357
0.005329
0.005323
0.005508
0.005418
0.005321
0.005412
0.005311
0.005315
0.005380
0.005317
0.005313
0.005481
0.005406
0.005345
0.005352
0.005311
0.005347
0.005571
0.005435
0.005428
0.005461
0.005381
0.005347
