0.005752
0.003825
0.003760
0.003712
0.003634
0.003634
0.003624
0.003619
0.003613
0.003625
0.003627
0.003621
0.003609
0.003611
0.003613
0.003661
0.003674
0.003665
0.003667
0.003654
0.003664
0.003601
0.003601
0.003649
0.003608
0.003599
0.003600
0.003591
0.003595
0.003600
0.003593
0.003601
0.003601
0.003615
0.003602
0.003598
0.003630
0.003599
0.003611
0.003609
0.003592
0.003601
0.003602
0.003637
0.003652
0.003654
0.003653
0.003656
0.003595
0.003607
0.003632
0.003600
0.003612
0.003604
0.003586
0.003586
0.003596
0.003623
0.003591
0.003596
0.003606
0.003595
0.003595
0.003588
0.003586
0.003619
0.003606
0.003649
0.003657
0.003649
0.003653
0.003653
0.003653
0.003667
0.003658
0.003642
0.003646
0.003639
0.003646
0.003594
0.003598
0.003587
0.003647
0.003638
0.003644
0.003657
0.003589
0.003585
0.003594
0.003592
0.003596
0.003660
0.003650
0.003655
0.003603
0.003580
0.003599
0.003587
0.003604
0.003597
0.003651
0.003660
0.003645
0.003647
0.003643
0.003656
0.003596
0.003574
0.003644
0.003596
0.003587
0.003638
0.003651
0.003659
0.003646
0.003611
0.003642
0.003655
0.003663
0.003658
0.003596
0.003590
0.003597
0.003596
0.003588
0.003595
0.003592
0.003601
0.003594
0.003582
0.003594
0.003643
0.003654
0.003635
0.003587
0.003590
0.003597
0.003595
0.003591
0.003628
0.003643
0.003640
0.003642
0.003641
0.003632
0.003634
0.003642
0.003640
0.003651
0.003588
0.003627
0.003643
0.003637
0.003641
0.003636
0.003641
0.003596
0.003636
0.003649
0.003647
0.003595
0.003577
0.003646
0.003656
0.003642
0.003646
0.003593
0.003590
0.003588
0.003597
0.003586
0.003587
0.003580
0.003619
0.003584
0.003610
0.003659
0.003655
0.003657
0.003599
0.003594
0.003593
0.003589
0.003629
0.003590
0.003593
0.003659
0.003653
0.003654
0.003619
0.003645
0.003648
0.003640
0.003642
0.003657
0.003656
0.003648
0.003639
0.003590
0.003619
0.003589
0.003593
0.003586
0.003585
0.003589
0.003643
0.003647
0.003650
0.003648
0.003584
0.003577
0.003633
0.003594
0.003585
0.003591
0.003591
0.003605
0.003628
0.003584
0.003592
0.003607
0.003608
0.003596
0.003573
0.003578
0.003606
0.003645
0.003581
0.003632
0.003643
0.003646
0.003609
0.003638
0.003591
0.003586
0.003585
0.003591
0.003623
0.003643
0.003645
0.003616
0.003640
0.003586
0.003596
0.003573
0.003633
0.003613
0.003584
0.003592
0.003591
0.003593
0.003643
0.003657
0.003649
0.003604
0.003588
0.003589
0.003590
0.003592
0.003585
0.003578
0.003587
0.003587
0.003648
0.003600
0.003587
0.003586
0.003584
0.003628
0.003650
0.003652
0.003585
0.003599
0.003583
0.003592
0.003574
0.003583
0.003578
0.009480
0.003960
0.003649
0.003600
0.003557
0.003571
0.003615
0.003549
0.003532
0.003540
0.003599
0.003597
0.003588
0.003589
0.003525
0.003585
0.003533
0.003563
0.003591
0.003598
0.003520
0.003523
0.003517
0.003514
0.003519
0.003519
0.003518
0.003520
0.003520
0.003509
0.003510
0.003519
0.003519
0.003517
0.003585
0.003510
0.003507
0.003521
0.003501
0.003510
0.003513
0.003511
0.003514
0.003511
0.003507
0.003510
0.003504
0.003501
0.003567
0.003580
0.003527
0.003570
0.003566
0.003565
0.003514
0.003516
0.003548
0.003574
0.003514
0.003561
0.003555
0.003577
0.003573
0.003580
0.003571
0.003567
0.003570
0.003578
0.003571
0.003574
0.003582
0.003584
0.003517
0.003510
0.003555
0.003583
0.003518
0.003575
0.003581
0.003510
0.003516
0.003517
0.003508
0.003513
0.003531
0.003517
0.003560
0.003568
0.003509
0.003519
0.003515
0.003541
0.003574
0.003507
0.003540
0.003574
0.003578
0.003588
0.003590
0.003516
0.003505
0.003517
0.003522
0.003555
0.003557
0.003577
0.003572
0.003527
0.003568
0.003510
0.003511
0.003511
0.003515
0.003512
0.003518
0.003523
0.003569
0.003555
0.003516
0.003519
0.003519
0.003504
0.003514
0.003507
0.003504
0.003511
0.003566
0.003575
0.003512
0.003512
0.003507
0.003505
0.003501
0.003506
0.003528
0.003519
0.003519
0.003519
0.003573
0.003580
0.003574
0.003581
0.003578
0.003572
0.003508
0.003516
0.003522
0.003512
0.003514
0.003514
0.003564
0.003576
0.003580
0.003577
0.003579
0.003600
0.003575
0.003522
0.003571
0.003510
0.003510
0.003510
0.003513
0.003578
0.003579
0.003579
0.003579
0.003572
0.003572
0.003572
0.003514
0.003516
0.003524
0.003513
0.003508
0.003510
0.003510
0.003518
0.003524
0.003512
0.003583
0.003570
0.003569
0.003506
0.003563
0.003568
0.003561
0.003561
0.003579
0.003582
0.003569
0.003587
0.003565
0.003511
0.003522
0.003577
0.003569
0.003574
0.003573
0.003572
0.003570
0.003580
0.003577
0.003574
0.003573
0.003569
0.003569
0.003574
0.003572
0.003577
0.003540
0.003509
0.003509
0.003510
0.003542
0.003574
0.003505
0.003560
0.003541
0.003578
0.003577
0.003518
0.003516
0.003578
0.003565
0.003514
0.003526
0.003553
0.003581
0.003576
0.003578
0.003564
0.003572
0.003582
0.003565
0.003577
0.003577
0.003505
0.003576
0.003507
0.003512
0.003542
0.003580
0.003554
0.003572
0.003506
0.003555
0.003567
0.003561
0.003583
0.003568
0.003617
0.003576
0.003509
0.003513
0.003577
0.003512
0.003518
0.003516
0.003509
0.003513
0.003516
0.003523
0.003509
0.003516
0.003512
0.003510
0.003514
0.003503
0.003519
0.003516
0.003519
0.003559
0.003577
0.003555
0.003564
0.003548
0.003576
0.003574
0.003580
0.004206
0.003656
0.003576
0.003589
0.003521
0.003519
0.003510
0.003564
0.003582
0.003589
0.003579
0.003589
0.003509
0.003516
0.003519
0.003552
0.003577
0.003582
0.003585
0.003596
0.003516
0.003537
0.003525
0.003528
0.003512
0.003569
0.003586
0.003573
0.003581
0.003589
0.003540
0.003579
0.003586
0.003578
0.003579
0.003571
0.003513
0.003510
0.003514
0.003511
0.003515
0.003555
0.003581
0.003574
0.003508
0.003527
0.003581
0.003515
0.003529
0.003529
0.003577
0.003516
0.003575
0.003583
0.003576
0.003572
0.003586
0.003566
0.003511
0.003530
0.003510
0.003507
0.003512
0.003504
0.003511
0.003518
0.003566
0.003566
0.003573
0.003571
0.003551
0.003569
0.003582
0.003589
0.003524
0.003506
0.003507
0.003504
0.003498
0.003618
0.003518
0.003511
0.003510
0.003510
0.003520
0.003575
0.003570
0.003571
0.003514
0.003519
0.003513
0.003572
0.003587
0.003580
0.003577
0.003509
0.003566
0.003525
0.003522
0.003513
0.003501
0.003575
0.003576
0.003513
0.003514
0.003513
0.003523
0.003526
0.003522
0.003512
0.003521
0.003514
0.003519
0.003513
0.003515
0.003521
0.003511
0.003591
0.003594
0.003584
0.003585
0.003519
0.003505
0.003554
0.003591
0.003515
0.003521
0.003533
0.003553
0.003531
0.003563
0.003583
0.003588
0.003586
0.003514
0.003512
0.003519
0.003525
0.003527
0.003517
0.003520
0.003514
0.003516
0.003524
0.003514
0.003511
0.003509
0.003569
0.003572
0.003519
0.003509
0.003521
0.003511
0.003514
0.003535
0.003580
0.003576
0.003573
0.003573
0.003574
0.003578
0.003584
0.003577
0.003570
0.003512
0.003505
0.003503
0.003552
0.003516
0.003557
0.003569
0.003510
0.003503
0.003567
0.003570
0.003533
0.003503
0.003518
0.003508
0.003511
0.003516
0.003510
0.003502
0.003512
0.003574
0.003579
0.003583
0.003581
0.003573
0.003502
0.003512
0.003569
0.003515
0.003505
0.003511
0.003507
0.003513
0.003525
0.003528
0.003570
0.003513
0.003509
0.003508
0.003521
0.003516
0.003527
0.003527
0.003505
0.003506
0.003510
0.003513
0.003503
0.003505
0.003559
0.003496
0.003507
0.003497
0.003500
0.003566
0.003560
0.003571
0.003494
0.003503
0.003566
0.003563
0.003558
0.003494
0.003536
0.003572
0.003568
0.003572
0.003511
0.003511
0.003564
0.003573
0.003561
0.003570
0.003570
0.003570
0.003511
0.003507
0.003567
0.003586
0.003572
0.003679
0.003731
0.003709
0.003635
0.003549
0.003556
0.003576
0.003641
0.003621
0.003621
0.003539
0.003551
0.003598
0.003699
0.003643
0.003627
0.003652
0.003622
0.003612
0.003605
0.003604
0.003542
0.003554
0.003561
0.003549
0.003551
0.003543
0.003552
0.003544
0.003544
0.003542
0.003550
0.003608
0.003613
0.003619
0.003618
0.003538
0.003535
0.003604
0.003600
0.003605
0.003586
0.003603
0.003609
0.003599
0.003616
0.003535
0.003544
0.003608
0.003613
0.003609
0.003605
0.003613
0.003617
0.003599
0.003617
0.003596
0.003614
0.003620
0.003605
0.003544
0.003606
0.003615
0.003546
0.003539
0.003548
0.003540
0.003543
0.003536
0.003546
0.003536
0.003537
0.003533
0.003535
0.003543
0.003544
0.003536
0.003531
0.003548
0.003553
0.003617
0.003551
0.003541
0.003555
0.003552
0.003554
0.003541
0.003549
0.003554
0.003559
0.003547
0.003548
0.003549
0.003534
0.003569
0.003602
0.003550
0.003548
0.003608
0.003614
0.003578
0.003595
0.003540
0.003547
0.003561
0.003530
0.003527
0.003576
0.003577
0.003519
0.003512
0.003514
0.003504
0.003508
0.003518
0.003562
0.003513
0.003510
0.003551
0.003584
0.003527
0.003589
0.003524
0.003574
0.003535
0.003517
0.003526
0.003577
0.003557
0.003573
0.003579
0.003577
0.003512
0.003513
0.003521
0.003513
0.003516
0.003508
0.003507
0.003513
0.003507
0.003584
0.003580
0.003513
0.003508
0.003515
0.003575
0.003579
0.003566
0.003542
0.003577
0.003581
0.003566
0.003579
0.003581
0.003583
0.003532
0.003512
0.003508
0.003523
0.003523
0.003520
0.003521
0.003510
0.003507
0.003503
0.003502
0.003520
0.003502
0.003517
0.003510
0.003520
0.003514
0.003509
0.003513
0.003504
0.003508
0.003513
0.003513
0.003504
0.003510
0.003507
0.003561
0.003510
0.003519
0.003534
0.003573
0.003574
0.003508
0.003507
0.003502
0.003514
0.003505
0.003527
0.003579
0.003567
0.003575
0.003535
0.003511
0.003504
0.003494
0.003506
0.003510
0.003504
0.003502
0.003569
0.003579
0.003575
0.003498
0.003500
0.003508
0.003526
0.003577
0.003564
0.003571
0.003608
0.003587
0.003598
0.003627
0.003626
0.003619
0.003623
0.003570
0.003557
0.003565
0.003551
0.003552
0.003553
0.003562
0.003571
0.003643
0.003578
0.003554
0.003565
0.003563
0.003553
0.003565
0.003564
0.003625
0.003627
0.003632
0.003620
0.003630
0.003574
0.003558
0.003574
0.003620
0.003612
0.003633
0.003562
0.003564
0.003586
0.003573
0.003565
0.003574
0.003559
0.003556
0.003561
0.003569
0.003561
0.003572
0.003570
0.003618
0.003630
0.003633
0.003628
0.003626
0.003628
0.003633
0.003563
0.003561
0.003614
0.003623
0.003629
0.003551
0.003566
0.003558
0.003565
0.003604
0.003579
0.003620
0.003622
0.003589
0.003571
0.003612
0.003567
0.003608
0.003559
0.003592
0.003632
0.003616
0.003634
0.003618
0.003626
0.003626
0.003555
0.003553
0.003561
0.003618
0.003629
0.003624
0.003628
0.003612
0.003517
0.003511
0.003516
0.003503
0.003515
0.003539
0.003573
0.003571
0.003570
0.003579
0.003521
0.003501
0.003504
0.003515
0.003508
0.003566
0.005034
0.004549
0.003612
0.003581
0.003569
0.003562
0.003565
0.003559
0.003554
0.003603
0.003607
0.003605
0.003612
0.003574
0.003540
0.003533
0.003543
0.003554
0.003536
0.003545
0.003542
0.003539
0.003541
0.003540
0.003529
0.003535
0.003535
0.003537
0.003525
0.003533
0.003527
0.003524
0.003533
0.003523
0.003523
0.003528
0.003525
0.003535
0.003528
0.003534
0.003528
0.003533
0.003529
0.003536
0.003532
0.003595
0.003534
0.003530
0.003539
0.003551
0.003600
0.003593
0.003597
0.003535
0.003521
0.003570
0.003592
0.003534
0.003535
0.003531
0.003585
0.003591
0.003602
0.003519
0.003529
0.003531
0.003537
0.003555
0.003610
0.003595
0.003529
0.003537
0.003525
0.003519
0.003529
0.003532
0.003598
0.003534
0.003524
0.003541
0.003589
0.003600
0.003552
0.003538
0.003539
0.003535
0.003528
0.003525
0.003530
0.003544
0.003587
0.003560
0.003536
0.003554
0.003594
0.003590
0.003589
0.003596
0.003592
0.003592
0.003586
0.003600
0.003605
0.003582
0.003590
0.003590
0.003587
0.003550
0.003528
0.003513
0.003520
0.003524
0.003525
0.003519
0.003548
0.003585
0.003578
0.003591
0.003521
0.003565
0.003557
0.003590
0.003593
0.003593
0.003555
0.003583
0.003591
0.003590
0.003582
0.003588
0.003588
0.003526
0.003549
0.003558
0.003523
0.003525
0.003522
0.003520
0.003522
0.003525
0.003522
0.003537
0.003578
0.003585
0.003586
0.003586
0.003581
0.003521
0.003518
0.003522
0.003521
0.003571
0.003583
0.003589
0.003581
0.003540
0.003590
0.003570
0.003526
0.003587
0.003589
0.003528
0.003521
0.003519
0.003587
0.003570
0.003588
0.003583
0.003593
0.003518
0.003531
0.003530
0.003526
0.003806
0.003516
0.003508
0.003522
0.003572
0.003520
0.003522
0.003513
0.003528
0.003522
0.003531
0.003527
0.003536
0.003523
0.003537
0.003561
0.003529
0.003548
0.003517
0.003562
0.003522
0.003528
0.003530
0.003528
0.003521
0.003526
0.003518
0.003568
0.003591
0.003576
0.003599
0.003518
0.003521
0.003519
0.003520
0.003523
0.003517
0.003523
0.003523
0.003524
0.003549
0.003587
0.003587
0.003579
0.003591
0.003562
0.003596
0.003587
0.003584
0.003601
0.003578
0.003590
0.003593
0.003585
0.003516
0.003532
0.003560
0.003572
0.003582
0.003576
0.003582
0.003559
0.003551
0.003558
0.003582
0.003585
0.003526
0.003519
0.003518
0.003526
0.003524
0.003523
0.003530
0.003523
0.003564
0.003584
0.003584
0.003511
0.003520
0.003522
0.003519
0.003516
0.003511
0.003519
0.003519
0.003529
0.003523
0.003520
0.003575
0.003586
0.003592
0.003590
0.003550
0.003559
0.003527
0.003559
0.003517
0.003526
0.003529
0.003598
0.003546
0.003581
0.003578
0.003578
0.003519
0.003518
0.003519
0.003513
0.003591
0.003508
0.003517
0.003521
0.003526
0.003531
0.003524
0.003518
0.003548
0.003584
0.003584
0.003579
0.003585
0.003521
0.003515
0.003525
0.003504
0.003571
0.003582
0.003585
0.003520
0.003522
0.003526
0.003532
0.003513
0.003571
0.003523
0.003527
0.003521
0.003522
0.003526
0.003557
0.003585
0.003593
0.003588
0.003594
0.003600
0.003590
0.003593
0.003600
0.003531
0.003565
0.003601
0.003577
0.003596
0.003567
0.003535
0.003580
0.003581
0.003585
0.003592
0.003595
0.003588
0.003587
0.003523
0.003537
0.003597
0.003587
0.003583
0.003529
0.003517
0.003576
0.003578
0.003540
0.003528
0.003550
0.003594
0.003591
0.003588
0.003548
0.003520
0.003515
0.003517
0.003519
0.003574
0.003581
0.003585
0.003572
0.003588
0.003586
0.003581
0.003503
0.003575
0.003591
0.003597
0.003588
0.003590
0.003565
0.003528
0.003575
0.003588
0.003598
0.003590
0.003597
0.003581
0.003580
0.003586
0.003574
0.003586
0.003525
0.003524
0.003522
0.003531
0.003519
0.003592
0.003581
0.003596
0.003577
0.003582
0.003586
0.003586
0.003591
0.003588
0.003592
0.003527
0.003528
0.003517
0.003520
0.003527
0.003583
0.003524
0.003524
0.003527
0.003529
0.003553
0.003594
0.003525
0.003517
0.003524
0.003524
0.003528
0.003526
0.003516
0.003575
0.003523
0.003510
0.003522
0.003523
0.003516
0.003575
0.003591
0.003586
0.003553
0.003520
0.003526
0.003519
0.003589
0.003591
0.003522
0.003568
0.003593
0.003600
0.003609
0.003530
0.003533
0.003527
0.003529
0.003533
0.003534
0.003582
0.003560
0.003530
0.003519
0.003586
0.003553
0.003532
0.003538
0.003533
0.003594
0.003597
0.003591
0.003588
0.003593
0.003597
0.003584
0.003584
0.003528
0.003517
0.003546
0.003593
0.003597
0.003594
0.003595
0.003597
0.003597
0.003596
0.003598
0.003596
0.003559
0.003533
0.003593
0.003591
0.003592
0.003592
0.003588
0.003570
0.003566
0.003521
0.003530
0.003511
0.003521
0.003522
0.003525
0.003517
0.003530
0.003522
0.003521
0.003531
0.003512
0.003521
0.003546
0.003524
0.003516
0.003527
0.003514
0.003533
0.003564
0.003517
0.003517
0.003520
0.003516
0.003519
0.003513
0.003522
0.003524
0.003518
0.003515
0.003516
0.003523
0.003580
0.003581
0.003577
0.003579
0.003534
0.003517
0.003593
0.003589
0.003540
0.003516
0.003515
0.003556
0.003598
0.003586
0.003588
0.003596
0.003597
0.003540
0.003531
0.003581
0.003529
0.003523
0.003528
0.003528
0.003581
0.003585
0.003531
0.003521
0.003531
0.003529
0.003526
0.003531
0.003585
0.003591
0.003593
0.003542
0.003537
0.003540
0.003595
0.003595
0.003584
0.003554
0.003532
0.003600
0.003601
0.003598
0.003586
0.003585
0.003582
0.003589
0.003582
0.003590
0.004416
0.003595
0.003577
0.003561
0.003554
0.003561
0.003556
0.003561
0.003561
0.003556
0.003546
0.003546
0.003608
0.003552
0.003551
0.003619
0.003573
0.003621
0.003549
0.003536
0.003549
0.003556
0.003551
0.003541
0.003556
0.003536
0.003601
0.003570
0.003527
0.003537
0.003543
0.003550
0.003579
0.003599
0.003604
0.003609
0.003611
0.003607
0.003606
0.003604
0.003600
0.003615
0.003608
0.003610
0.003608
0.003613
0.003615
0.003606
0.003596
0.003560
0.003604
0.003610
0.003602
0.003608
0.003611
0.003608
0.003571
0.003536
0.003557
0.003603
0.003533
0.003549
0.003535
0.003540
0.003606
0.003540
0.003537
0.003570
0.003600
0.003534
0.003591
0.003601
0.003598
0.003606
0.003601
0.003608
0.003577
0.003541
0.003541
0.003544
0.003544
0.003536
0.003548
0.003542
0.003549
0.003545
0.003535
0.003555
0.003535
0.003540
0.003571
0.003593
0.003598
0.003601
0.003598
0.003594
0.003527
0.003566
0.003595
0.003526
0.003531
0.003527
0.003527
0.003536
0.003563
0.003602
0.003595
0.003602
0.003533
0.003539
0.003588
0.003599
0.003607
0.003606
0.003520
0.003533
0.003575
0.003543
0.003535
0.003582
0.003583
0.003602
0.003601
0.003605
0.003566
0.003583
0.003604
0.003599
0.003608
0.003544
0.003531
0.003537
0.003592
0.003600
0.003602
0.003539
0.003529
0.003566
0.003549
0.003548
0.003603
0.003608
0.003592
0.003533
0.003534
0.003576
0.003603
0.003542
0.003531
0.003534
0.003537
0.003535
0.003532
0.003601
0.003543
0.003599
0.003602
0.003577
0.003602
0.003559
0.003532
0.003605
0.003536
0.003559
0.003546
0.003610
0.003547
0.003603
0.003607
0.003611
0.003536
0.003537
0.003543
0.003608
0.003616
0.003575
0.003556
0.003625
0.003584
0.003609
0.003537
0.003547
0.003548
0.003544
0.003546
0.003558
0.003626
0.003616
0.003606
0.003613
0.003611
0.003570
0.003558
0.003577
0.003618
0.003619
0.003611
0.003618
0.003616
0.003545
0.003538
0.003547
0.003592
0.003617
0.003613
0.003606
0.003584
0.003611
0.003601
0.003619
0.003614
0.003617
0.003620
0.003550
0.003554
0.003560
0.003586
0.003535
0.003554
0.003558
0.003552
0.003551
0.003597
0.003621
0.003623
0.003619
0.003624
0.003623
0.003618
0.003616
0.003620
0.003617
0.003615
0.003619
0.003623
0.003626
0.003616
0.003619
0.003617
0.003613
0.003629
0.003626
0.003634
0.003624
0.003615
0.003605
0.003609
0.003610
0.003607
0.003544
0.003547
0.003609
0.003557
0.003578
0.003582
0.003609
0.003612
0.003607
0.003537
0.003539
0.003554
0.003606
0.003573
0.003598
0.003599
0.003549
0.003541
0.003543
0.003531
0.003597
0.003602
0.003609
0.003609
0.003608
0.003551
0.003540
0.003605
0.003606
0.003612
0.003605
0.003604
0.003608
0.003538
0.003541
0.003544
0.003536
0.003532
0.003520
0.003598
0.003580
0.003603
0.003599
0.003600
0.003602
0.003609
0.003608
0.003603
0.003577
0.003542
0.003545
0.003543
0.003541
0.003541
0.003540
0.003537
0.003536
0.003603
0.003611
0.003610
0.003610
0.003611
0.003608
0.003592
0.003536
0.003552
0.003544
0.003599
