0.017614
0.009301
0.009026
0.009034
0.008960
0.009020
0.009023
0.009056
0.009036
0.009026
0.009039
0.009045
0.009044
0.009035
0.009037
0.009012
0.009037
0.009037
0.009045
0.009076
0.009025
0.009036
0.009056
0.013578
0.009032
0.009048
0.009062
0.009049
0.009035
0.009033
0.009050
0.009047
0.009043
0.009051
0.008950
0.011728
0.008924
0.008921
0.008892
0.008928
0.008899
0.008891
0.008941
0.008929
0.008945
0.008928
0.008933
0.008928
0.012955
0.008907
0.008938
0.008925
0.008954
0.008924
0.008902
0.008891
0.008892
0.008975
0.008897
0.008896
0.008935
0.008925
0.008945
0.008922
0.008887
0.008929
0.008929
0.008899
0.008908
0.008935
0.008928
0.008902
0.008922
0.008910
0.008927
0.011913
0.008906
0.008928
0.008887
0.008906
0.008877
0.008917
0.008903
0.008912
0.008915
0.008914
0.008885
0.008918
0.008901
0.008921
0.008887
0.008915
0.008918
0.008917
0.008919
0.008921
0.008963
0.008927
0.008896
0.008923
0.008948
0.008932
0.008951
0.008966
0.008928
0.008931
0.008936
0.008950
0.008916
0.008975
0.008945
0.008938
0.008906
0.008937
0.008956
0.008939
0.008895
0.008917
0.008945
0.008916
0.008923
0.008896
0.008919
0.008939
0.008929
0.008931
0.008941
0.012656
0.008928
0.008925
0.008922
0.008935
0.008927
0.008926
0.008915
0.008924
0.008935
0.008922
0.008934
0.008894
0.008930
0.008902
0.008924
0.008941
0.008902
0.008914
0.008929
0.008889
0.008906
0.008916
0.008905
0.008907
0.008930
0.008945
0.008931
0.008928
0.008950
0.008946
0.011767
0.013967
0.008933
0.008928
0.008914
0.011632
0.008968
0.008912
0.013642
0.008910
0.008927
0.008942
0.008945
0.012710
0.008916
0.008897
0.008924
0.008924
0.008928
0.008910
0.008903
0.008964
0.008937
0.008934
0.008968
0.009766
0.008960
0.008913
0.008955
0.008947
0.008975
0.008960
0.008890
0.008941
0.008947
0.008907
0.008941
0.008944
0.008948
0.008969
0.008914
0.008900
0.008917
0.008991
0.008946
0.015228
0.009013
0.008981
0.008953
0.008964
0.008962
0.008979
0.008924
0.008971
0.008972
0.008963
0.008952
0.008981
0.008971
0.008979
0.026423
0.017867
0.009134
0.009127
0.009116
0.009157
0.009106
0.009144
0.009138
0.009085
0.009115
0.009162
0.009073
0.009105
0.009119
0.009178
0.009112
0.009108
0.009093
0.009095
0.009059
0.010412
0.009133
0.009088
0.009121
0.009122
0.009084
0.009115
0.009113
0.009112
0.009150
0.009084
0.009111
0.009064
0.009114
0.009102
0.009117
0.009063
0.009110
0.009298
0.009142
0.009154
0.009126
0.009147
0.009086
0.009093
0.009074
0.009125
0.009089
0.009114
0.009089
0.009157
0.009125
0.009117
0.009112
0.009087
0.009135
0.009183
0.009052
0.009135
0.009147
0.009119
0.009128
0.009126
0.009125
0.009128
0.009087
0.009105
0.009111
0.009095
0.009124
0.009164
0.009130
0.009156
0.009183
0.009155
0.009107
0.009133
0.009167
0.009054
0.009155
0.009098
0.009122
0.009147
0.009108
0.009132
0.009144
0.009104
0.009068
0.009093
0.009076
0.009089
0.009104
0.009117
0.009134
0.009117
0.009115
0.009081
0.009133
0.009172
0.009120
0.014203
0.009077
0.009082
0.009105
0.009079
0.009064
0.009104
0.009102
0.009072
0.009072
0.009081
0.009093
0.009068
0.009071
0.009063
0.009072
0.009110
0.009073
0.009084
0.009071
0.009121
0.009093
0.009487
0.014120
0.014156
0.018065
0.014183
0.014601
0.016032
0.016666
0.014178
0.015418
0.013844
0.013751
0.009075
0.009119
0.009162
0.009144
0.009115
0.009108
0.009134
0.009091
0.009096
0.009145
0.009105
0.009102
0.009119
0.009166
0.009095
0.009125
0.009125
0.009115
0.009113
0.009108
0.009096
0.009120
0.009099
0.009094
0.009103
0.016737
0.010969
0.013836
0.011259
0.018650
0.014159
0.014163
0.014137
0.014060
0.014131
0.014120
0.014072
0.014138
0.014081
0.017092
0.014143
0.017783
0.014091
0.015852
0.016146
0.014142
0.016638
0.015346
0.014096
0.013718
0.009134
0.009072
0.014169
0.009078
0.009120
0.014151
0.009037
0.009103
0.014252
0.009246
0.009231
0.009244
0.009191
0.009243
0.009240
0.009259
0.009219
0.009242
0.014314
0.009263
0.009246
0.009229
0.009250
0.009285
0.009157
0.009262
0.009236
0.009233
0.009256
0.009250
0.014339
0.014253
0.009230
0.009238
0.009249
0.009205
0.009237
0.009272
0.009219
0.009250
0.009227
0.009239
0.009229
0.009211
0.009272
0.009221
0.009215
0.009267
0.009236
0.009232
0.009236
0.009195
0.009257
0.009170
0.009266
0.009237
0.009278
0.009252
0.009260
0.009237
0.009234
0.009209
0.009238
0.009253
0.009262
0.009249
0.009245
0.009189
0.009227
0.009226
0.008790
0.008848
0.008799
0.008816
0.008871
0.008838
0.008840
0.008842
0.008809
0.008825
0.008764
0.008816
0.008818
0.008796
0.008826
0.008810
0.008837
0.008812
0.008789
0.008837
0.008742
0.008837
0.008832
0.008825
0.008831
0.008782
0.008822
0.008826
0.008840
0.008788
0.008762
0.008835
0.008822
0.008796
0.008796
0.008844
0.008847
0.008825
0.008843
0.008812
0.008812
0.008819
0.008812
0.008822
0.008785
0.008812
0.008819
0.008831
0.008815
0.008790
0.008830
0.008839
0.008814
0.008807
0.008788
0.008830
0.008805
0.008793
0.008814
0.008811
0.008817
0.008853
0.008812
0.008826
0.008599
0.008606
0.008601
0.008602
0.008573
0.008616
0.008617
0.008557
0.008539
0.008570
0.008580
0.008536
0.008619
0.008568
0.008541
0.008630
0.008566
0.008532
0.008638
0.008616
0.009127
0.013618
0.013648
0.008544
0.013577
0.008567
0.010379
0.014671
0.013686
0.011288
0.008604
0.011487
0.010120
0.010041
0.009614
0.010064
0.010019
0.010083
0.010014
0.009793
0.013976
0.008964
0.018949
0.014364
0.009345
0.019325
0.014356
0.009328
0.009409
0.009427
0.009405
0.009413
0.009435
0.009431
0.009422
0.009410
0.009400
0.009408
0.009380
0.009356
0.009423
0.009408
0.009404
0.009402
0.014481
0.009378
0.009384
0.009405
0.009374
0.009388
0.009440
0.009292
0.012100
0.009118
0.010817
0.009135
0.009155
0.009169
0.009181
0.009183
0.009162
0.009149
0.009171
0.009195
0.009274
0.017793
0.024553
0.009505
0.009361
0.009448
0.009388
0.009397
0.009430
0.009444
0.009350
0.009370
0.009328
0.009379
0.011566
0.009384
0.009391
0.009434
0.009350
0.009338
0.009362
0.009352
0.009384
0.009385
0.009380
0.009422
0.009345
0.009395
0.009352
0.009356
0.009371
0.013955
0.011022
0.009318
0.009333
0.009355
0.009341
0.009357
0.009375
0.009391
0.009325
0.009321
0.009369
0.009398
0.009332
0.009340
0.009373
0.009303
0.009306
0.009346
0.009375
0.009376
0.009338
0.014367
0.009365
0.009340
0.009417
0.009372
0.009343
0.009372
0.009399
0.009313
0.009455
0.009364
0.009335
0.009369
0.009363
0.009309
0.014510
0.009360
0.009355
0.009356
0.009325
0.009379
0.009370
0.009326
0.009426
0.009465
0.009311
0.009364
0.009384
0.009333
0.009422
0.009450
0.009404
0.009376
0.009341
0.009392
0.009383
0.014383
0.010813
0.009417
0.009448
0.009322
0.009360
0.009338
0.009343
0.009345
0.009365
0.009345
0.009337
0.009459
0.009349
0.009384
0.009349
0.009338
0.009338
0.009371
0.009323
0.009366
0.009382
0.009350
0.009357
0.009382
0.009349
0.009339
0.009394
0.009399
0.009392
0.009358
0.009345
0.009345
0.009412
0.009352
0.009362
0.009409
0.009323
0.009357
0.009331
0.009354
0.009377
0.009349
0.009337
0.009439
0.009373
0.009341
0.009336
0.009354
0.009328
0.009355
0.009391
0.009381
0.009333
0.009365
0.009399
0.009407
0.009361
0.009338
0.009348
0.009352
0.009390
0.009366
0.009372
0.009388
0.009399
0.009378
0.009346
0.009376
0.009384
0.009368
0.009408
0.009328
0.009399
0.009361
0.009355
0.009448
0.009358
0.009331
0.009390
0.009434
0.009392
0.009355
0.009403
0.009390
0.009406
0.009343
0.009358
0.009398
0.009378
0.009377
0.009392
0.009338
0.009356
0.009382
0.009352
0.009354
0.009416
0.009414
0.009363
0.009376
0.009404
0.009377
0.009351
0.009374
0.009370
0.009378
0.009423
0.009417
0.009384
0.009424
0.009468
0.009395
0.009398
0.009503
0.014444
0.009400
0.009408
0.009476
0.009439
0.009519
0.009407
0.009381
0.009379
0.009411
0.009434
0.009494
0.009424
0.009361
0.009424
0.009371
0.009353
0.009408
0.009413
0.009409
0.009439
0.009396
0.009404
0.009432
0.009413
0.009384
0.009418
0.009384
0.009414
0.009375
0.009386
0.009455
0.009372
0.009349
0.009409
0.009401
0.009425
0.009453
0.009431
0.009407
0.009419
0.009395
0.009400
0.009418
0.009374
0.009408
0.009397
0.009420
0.009395
0.009639
0.009361
0.009341
0.009401
0.009428
0.009446
0.009377
0.009459
0.009515
0.009399
0.009419
0.009413
0.009401
0.010948
0.014716
0.009963
0.014717
0.014691
0.014337
0.009625
0.009665
0.009651
0.009752
0.009776
0.009580
0.009590
0.009574
0.009604
0.009578
0.009590
0.011275
0.009593
0.009559
0.009591
0.009619
0.009576
0.009609
0.009543
0.009617
0.009667
0.009623
0.009625
0.009579
0.009596
0.009619
0.009638
0.009608
0.015439
0.014589
0.009594
0.009608
0.009595
0.009617
0.009564
0.009621
0.009602
0.009586
0.009566
0.009742
0.009712
0.009559
0.009593
0.009606
0.009579
0.009609
0.009543
0.009555
0.009594
0.009604
0.009595
0.009591
0.009594
0.009588
0.009592
0.009533
0.014117
0.009377
0.009390
0.009255
0.009298
0.009377
0.009268
0.009404
0.009425
0.009379
0.009438
0.012978
0.009391
0.009330
0.009347
0.014173
0.009042
0.009049
0.009033
0.009062
0.009060
0.009054
0.009034
0.009024
0.009050
0.009077
0.009076
0.009042
0.009142
0.009072
0.009117
0.009086
0.009044
0.009086
0.009071
0.009077
0.009047
0.009059
0.009091
0.009089
0.009107
0.009078
0.009094
0.009053
0.009053
0.009062
0.009067
0.009057
0.009050
0.009062
0.009040
0.009034
0.009057
0.009068
0.009046
0.009091
0.009065
0.009045
0.009046
0.009085
0.009053
0.009043
0.009038
0.009039
0.009063
0.009050
0.009108
0.009050
0.009082
0.009068
0.009065
0.009051
0.009073
0.009057
0.009071
0.009052
0.009043
0.009063
0.009060
0.009102
0.009052
0.009034
0.009060
0.009077
0.009045
0.009021
0.009289
0.009063
0.009075
0.009033
0.009089
0.009377
0.009112
0.009064
0.009029
0.009046
0.009096
0.009056
0.009052
0.009046
0.009021
0.009078
0.009042
0.009051
0.009050
0.009061
0.009040
0.009071
0.009057
0.009140
0.009054
0.009076
0.009045
0.009087
0.009056
0.009062
0.009051
0.009073
0.009049
0.009012
0.009066
0.009069
0.009061
0.010883
0.009080
0.009050
0.009048
0.009046
0.009059
0.009057
0.009057
0.009061
0.009095
0.009047
0.009312
0.009086
0.009046
0.009052
0.009016
0.009060
0.009048
0.009052
0.009068
0.009055
0.009059
0.009054
0.009079
0.009064
0.009056
0.009061
0.009061
0.009048
0.009092
0.009075
0.009039
0.009050
0.009054
0.009040
0.009051
0.009061
0.009080
0.009054
0.009047
0.009044
0.009049
0.009051
0.009101
0.009037
0.009058
0.009057
0.009074
0.009066
0.009069
0.009041
0.009067
0.009059
0.009038
0.009040
0.009049
0.009047
0.009056
0.009070
0.009062
0.009037
0.009056
0.009027
0.009040
0.009106
0.009067
0.009069
0.009079
0.009042
0.009075
0.009051
0.009079
0.009078
0.009046
0.009060
0.009068
0.009050
0.009083
0.009064
0.009045
0.009080
0.009057
0.009070
0.009070
0.009042
0.009056
0.009038
0.009121
0.009062
0.009060
0.009048
0.009058
0.009045
0.009044
0.009048
0.009049
0.009051
0.009051
0.009050
0.009042
0.009055
0.009066
0.009045
0.009072
0.009065
0.009072
0.009082
0.009064
0.009049
0.009036
0.009035
0.009038
0.009076
0.009051
0.009059
0.009047
0.009053
0.009072
0.009049
0.009052
0.009044
0.009049
0.009038
0.009076
0.009037
0.009072
0.009058
0.009049
0.009034
0.009082
0.009077
0.009052
0.009086
0.009096
0.009084
0.009128
0.009046
0.009064
0.009090
0.009066
0.009047
0.009067
0.009044
0.009052
0.009050
0.009036
0.009066
0.009046
0.009092
0.009069
0.009061
0.009022
0.009029
0.009090
0.009056
0.009050
0.009037
0.009043
0.009050
0.009022
0.009045
0.009053
0.009037
0.009028
0.009030
0.009079
0.009057
0.009053
0.009035
0.009032
0.009032
0.009033
0.009078
0.009045
0.009057
0.009068
0.009040
0.009029
0.009028
0.009056
0.009047
0.009018
0.009048
0.009056
0.009033
0.009038
0.009080
0.009058
0.009090
0.009064
0.009037
0.009089
0.009054
0.009056
0.009095
0.009069
0.009028
0.009056
0.009059
0.009056
0.009081
0.009052
0.009052
0.009070
0.009050
0.009053
0.009064
0.009065
0.009070
0.009054
0.009052
0.009024
0.009061
0.009055
0.009061
0.009026
0.009032
0.009068
0.009031
0.009096
0.009061
0.009044
0.009049
0.011814
0.008859
0.008870
0.008788
0.008885
0.008821
0.008871
0.008794
0.008811
0.008826
0.008856
0.008836
0.008882
0.008872
0.008879
0.008822
0.008861
0.008801
0.008816
0.008822
0.008814
0.008869
0.008859
0.008841
0.008846
0.008795
0.008789
0.008791
0.008824
0.008819
0.008855
0.008899
0.008843
0.008830
0.008793
0.008865
0.008808
0.008882
0.008836
0.008795
0.008868
0.008840
0.008801
0.008829
0.008814
0.008834
0.008802
0.008860
0.008808
0.008870
0.008829
0.008827
0.008801
0.008819
0.008816
0.008799
0.008817
0.008815
0.008839
0.008851
0.009329
0.010251
0.009872
0.009893
0.009869
0.009859
0.009850
0.009869
0.009876
0.009840
0.009804
0.009817
0.009812
0.009948
0.009808
0.009825
0.009800
0.009790
0.009897
0.009824
0.009792
0.009792
0.009920
0.009806
0.009811
0.008946
0.008954
0.008967
0.008952
0.008883
0.008892
0.008956
0.008931
0.008908
0.008914
0.008949
0.008898
0.008938
0.008919
0.008937
0.008959
0.008893
0.008877
0.008847
0.008913
0.008897
0.008923
0.008866
0.008904
0.008873
0.008860
0.008854
0.008846
0.008914
0.008897
0.008896
0.008914
0.008902
0.008950
0.008876
0.008948
0.008896
0.008841
0.008945
0.008950
0.008920
0.008915
0.008916
0.008955
0.008899
0.008892
0.008918
0.008928
0.008963
0.009514
0.014159
0.009010
0.009243
0.012190
0.009097
0.009845
0.015596
0.010154
0.010225
0.010202
0.015189
0.010104
0.010071
0.010100
0.010079
0.010036
0.010105
0.010053
0.010090
0.010110
0.010097
0.010115
0.010074
0.010091
0.009968
0.014584
0.009805
0.009726
0.009759
0.009741
0.009792
0.009754
0.009744
0.009887
0.009779
0.009784
0.009745
0.009783
0.009695
0.009778
0.009739
0.009783
0.014777
0.014713
0.014360
0.020372
0.009166
0.009054
0.009115
0.009119
0.009056
0.009110
0.009194
0.009198
0.009100
0.009157
0.009144
0.009142
0.009153
0.009168
0.009314
0.009202
0.009202
0.009188
0.009322
0.009263
0.009165
0.009240
0.009184
0.009197
0.011730
0.009388
0.009293
0.013834
0.009334
0.009221
0.009226
0.009278
0.009306
0.009246
0.009233
0.009377
0.009268
0.009240
0.009225
0.009194
0.009286
0.009224
0.009177
0.009199
0.009267
0.009235
0.009215
0.009263
0.009245
0.009204
0.009333
0.009335
0.009249
0.009291
0.009350
0.009233
0.009255
0.009299
0.009223
0.009315
0.009301
0.009189
0.009264
0.009315
0.009262
0.009219
0.009311
0.009392
0.009251
0.009250
0.009227
0.014286
0.014390
0.014370
0.014289
0.014301
0.018829
0.014374
0.014341
0.009313
0.009254
0.009277
0.009262
0.009251
0.009219
0.009243
0.009251
0.009318
0.009309
0.009267
0.009237
0.009281
0.009263
0.009306
0.009309
0.009260
0.009300
0.009322
0.009231
0.014394
0.019352
0.014089
0.009508
0.009488
0.009501
0.009503
0.014543
0.009606
0.009575
0.009520
0.009548
0.009611
0.009553
0.009501
0.009534
0.009544
0.009549
0.009530
0.016239
0.009544
0.009507
0.009457
0.009473
0.009457
0.009429
0.009492
0.009445
0.009432
0.009547
0.009566
0.009468
0.009518
0.009437
0.009481
0.009491
0.009443
0.009499
0.009472
0.009472
0.009485
0.009470
0.009449
0.009477
0.009527
0.009515
0.009428
0.009477
0.009508
0.009523
0.009537
0.009477
0.009465
0.009508
0.009480
0.009476
0.009480
0.009462
0.009505
0.009472
0.009506
0.009486
0.009468
0.009483
0.009494
0.009503
0.009490
0.009499
0.009532
0.009508
0.009529
0.009500
0.009484
0.009502
0.009580
0.009507
0.009510
0.009544
0.009476
0.009531
0.009522
0.009478
0.009496
0.009409
0.009510
0.009534
0.009535
0.009541
0.009491
0.009520
0.009524
0.009503
0.009540
0.009507
0.009469
0.009508
0.009518
0.009498
0.009488
0.009476
0.009559
0.009495
0.009517
0.009501
0.009457
0.009475
0.009533
0.009480
0.009516
0.009542
0.009565
0.009492
0.009486
0.009503
0.009511
0.009512
0.009500
0.009485
0.009512
0.009535
0.009522
0.009565
0.009505
0.009526
0.009537
0.009504
0.009514
0.009548
0.009472
0.009514
0.009492
0.009480
0.009514
0.009530
0.009531
0.009494
0.012772
0.009312
0.009303
0.009336
0.009401
0.009369
0.009326
0.009398
0.009325
0.009314
0.009396
0.009479
0.009324
0.009414
0.009325
0.009354
0.009398
0.009325
0.009420
0.009307
0.009336
0.009329
0.009416
0.009319
0.009341
0.009330
0.009387
0.009316
0.009399
0.009332
0.009356
0.009475
0.009405
0.009342
0.009401
0.009345
0.009309
0.009356
0.009432
0.009322
0.009385
0.009307
0.009332
0.009388
0.009327
0.009303
0.009310
0.009340
0.009416
0.009412
0.009432
0.009323
0.009352
0.009334
0.009384
0.009387
0.009477
0.009428
0.009412
0.009432
0.009355
0.009327
0.009339
0.009375
0.009342
0.009339
0.009388
0.009335
0.009380
0.009384
0.009353
0.009391
0.009333
0.009342
0.009400
0.009302
0.009349
0.009375
0.009338
0.009344
0.009428
0.009358
0.009383
0.009328
0.009348
0.009347
0.009412
0.009340
0.009390
0.009334
0.009417
0.009308
0.009323
0.009402
0.009338
0.009462
0.009376
0.009448
0.009329
0.009445
0.009316
0.009318
0.009429
0.009340
0.009372
0.009337
0.009339
0.009416
0.009345
0.009375
0.009336
0.009321
0.009436
0.009344
0.009402
0.009324
0.009455
0.009403
0.009491
0.009529
0.009507
0.009319
0.009331
0.009325
0.009380
0.009338
0.009319
0.009342
0.009404
0.009323
0.009348
0.009442
0.014388
0.009340
0.009347
0.009350
0.009380
0.009321
0.009298
0.009326
0.009298
0.009365
0.009414
0.009295
0.009340
0.009348
0.009342
0.009355
0.009347
0.009264
0.009326
0.009333
0.009330
0.009330
0.009326
0.009346
0.014464
0.014476
0.014463
0.009497
0.014567
0.014814
0.018258
0.018579
0.010472
0.010376
0.010376
0.010351
0.010339
0.010322
0.010330
0.010425
0.010305
0.010356
0.010304
0.010319
0.010325
0.010300
0.010314
0.010250
0.010587
0.009382
0.009235
0.009250
0.009288
0.009237
0.009194
0.012135
0.009524
0.009548
0.009490
0.014556
0.009477
0.009519
0.009578
0.009586
0.009559
0.009723
0.009775
0.009738
0.009792
0.009769
0.009795
0.009743
0.009715
0.009726
0.009736
0.009745
0.009773
0.009756
0.009760
0.009693
0.009770
0.009703
0.009800
0.009733
0.009737
0.009734
0.009741
0.009827
0.009703
0.009717
0.009678
0.009748
0.009759
0.012076
0.015140
0.013850
0.010132
0.010188
0.017821
0.015149
0.010069
0.010036
0.010077
0.010307
0.009828
0.009797
0.017363
0.024994
0.009909
0.013544
0.019124
0.014964
0.015035
0.014851
0.014876
0.014847
0.014879
0.014671
0.014942
0.017150
0.014901
0.015015
0.019786
0.015153
0.010183
0.010147
0.015236
0.010164
0.018880
0.019585
0.012446
0.016764
0.015221
0.018779
0.015958
0.015115
0.016102
0.014733
0.018644
0.019416
0.015146
0.015601
0.016191
0.015289
0.010293
0.010200
0.010204
0.010222
0.010152
0.010260
0.010199
0.010187
0.010168
0.010186
0.010193
0.010196
0.010209
