0.034670
0.029089
0.029019
0.028987
0.028715
0.028954
0.028769
0.028966
0.029085
0.029233
0.028983
0.029046
0.028770
0.028976
0.029059
0.028861
0.028951
0.029089
0.028955
0.029055
0.029205
0.028839
0.029184
0.029000
0.029125
0.029168
0.028934
0.028947
0.029163
0.029138
0.029159
0.029145
0.029046
0.029058
0.029028
0.029047
0.028950
0.029050
0.029098
0.029196
0.029117
0.029068
0.028841
0.029017
0.029140
0.029224
0.029351
0.029042
0.029124
0.029279
0.028987
0.028960
0.029021
0.028980
0.028846
0.029198
0.029424
0.028966
0.029080
0.029237
0.029243
0.028985
0.029406
0.028956
0.029149
0.029188
0.029245
0.028851
0.028937
0.033210
0.032084
0.031146
0.032056
0.031696
0.031458
0.031621
0.031090
0.031041
0.030779
0.030683
0.030661
0.030800
0.030776
0.030654
0.030838
0.030887
0.030752
0.030578
0.030880
0.030649
0.030694
0.030806
0.030527
0.029854
0.030927
0.030768
0.029585
0.029265
0.029867
0.029449
0.029276
0.029146
0.029306
0.029160
0.029409
0.029539
0.029474
0.029205
0.029605
0.029353
0.029308
0.029191
0.029231
0.029672
0.029203
0.029244
0.029014
0.029092
0.029186
0.029011
0.029113
0.029083
0.029058
0.029008
0.029215
0.029001
0.029229
0.028979
0.029071
0.029278
0.029229
0.029240
0.029110
0.029418
0.029274
0.029054
0.029229
0.028961
0.029320
0.029184
0.029492
0.029266
0.029031
0.029282
0.029208
0.029514
0.029291
0.029610
0.029347
0.029406
0.029308
0.029316
0.029354
0.029045
0.029024
0.029497
0.029446
0.029099
0.029242
0.029175
0.029042
0.029221
0.029140
0.029193
0.029160
0.029182
0.029258
0.029459
0.029143
0.029045
0.029325
0.029304
0.029249
0.029401
0.029333
0.029394
0.029052
0.029333
0.029257
0.029336
0.029251
0.029472
0.029181
0.029233
0.029211
0.029062
0.029287
0.029118
0.029051
0.029294
0.029148
0.029230
0.029120
0.029591
0.029465
0.029205
0.029291
0.029384
0.029201
0.029302
0.029369
0.029262
0.029552
0.029270
0.029149
0.029505
0.029139
0.029071
0.028999
0.029186
0.029231
0.029207
0.029208
0.029459
0.029432
0.029312
0.029113
0.029268
0.029090
0.029285
0.029181
0.029268
0.029235
0.029316
0.029069
0.029368
0.029377
0.029101
0.029312
0.029780
0.029090
0.029299
0.029041
0.029256
0.029449
0.029244
0.029386
0.029238
0.031862
0.032769
0.031754
0.031504
0.030037
0.029859
0.030243
0.030469
0.029504
0.030113
0.029734
0.029798
0.029399
0.029332
0.029331
0.029381
0.029440
0.029744
0.029439
0.029259
0.029276
0.029458
0.029509
0.029485
0.029498
0.029405
0.029681
0.029583
0.029553
0.029303
0.029274
0.029385
0.029712
0.029413
0.029412
0.029462
0.029473
0.029466
0.029360
0.029396
0.029172
0.029290
0.029690
0.029642
0.029253
0.029581
0.029367
0.029269
0.029262
0.029150
0.029347
0.029433
0.029402
0.029378
0.029282
0.029275
0.029130
0.029194
0.029338
0.029431
0.029571
0.029500
0.029403
0.029299
0.029308
0.029131
0.029626
0.029235
0.029215
0.029261
0.028988
0.029112
0.029366
0.029112
0.029203
0.029181
0.029208
0.029461
0.029120
0.029345
0.029191
0.028995
0.029163
0.029074
0.029299
0.029148
0.029066
0.029023
0.031080
0.030530
0.029909
0.029692
0.029565
0.029421
0.029472
0.029653
0.029427
0.029514
0.029493
0.029408
0.029279
0.029806
0.029574
0.029479
0.029294
0.029105
0.029495
0.029443
0.029275
0.029703
0.029459
0.029628
0.029512
0.029464
0.029364
0.029374
0.029354
0.029377
0.029382
0.029355
0.029358
0.029494
0.029388
0.029228
0.029135
0.029158
0.029337
0.029596
0.029329
0.029340
0.029592
0.029162
0.029053
0.029278
0.029458
0.029505
0.029244
0.029530
0.029317
0.029204
0.029296
0.029436
0.029260
0.029365
0.029181
0.029455
0.029325
0.029142
0.029245
0.029418
0.029366
0.029418
0.029291
0.029198
0.029218
0.029227
0.029217
0.029001
0.029191
0.029125
0.029082
0.029205
0.029187
0.029330
0.029331
0.029040
0.029066
0.029028
0.029422
0.029656
0.033217
0.032144
0.032216
0.031285
0.030932
0.030789
0.031105
0.030919
0.030980
0.030791
0.030644
0.030519
0.030704
0.030967
0.031147
0.030633
0.030617
0.030680
0.030930
0.030636
0.030730
0.030840
0.030875
0.030718
0.030859
0.030913
0.029377
0.029150
0.029554
0.029639
0.029805
0.029247
0.029573
0.029222
0.029243
0.029391
0.029311
0.029085
0.029431
0.029345
0.029320
0.029522
0.029431
0.029400
0.029836
0.029295
0.029601
0.029956
0.029647
0.029729
0.029235
0.029228
0.029354
0.029504
0.029289
0.029669
0.029233
0.029574
0.029454
0.029349
0.029439
0.029542
0.029660
0.029882
0.029531
0.029489
0.029716
0.029458
0.029256
0.029213
0.029291
0.029228
0.029203
0.029119
0.029428
0.029495
0.029509
0.029324
0.029321
0.029618
0.029551
0.029383
0.029255
0.029300
0.029043
0.029215
0.029069
0.029196
0.029477
0.029140
0.029365
0.029276
0.029462
0.029093
0.029048
0.029250
0.029393
0.029365
0.029289
0.029167
0.029346
0.029690
0.029112
0.029328
0.029451
0.029426
0.029164
0.029456
0.029476
0.029267
0.029137
0.029253
0.029581
0.029529
0.029140
0.029233
0.029175
0.029244
0.029284
0.029537
0.029268
0.029423
0.029355
0.029065
0.029554
0.029218
0.029294
0.029114
0.029214
0.029210
0.029264
0.029312
0.029374
0.029513
0.029499
0.029511
0.029268
0.029150
0.029219
0.029147
0.029213
0.029330
0.029196
0.029187
0.029533
0.029328
0.029084
0.029379
0.029291
0.029064
0.029065
0.029316
0.029199
0.029132
0.029388
0.029258
0.029215
0.029340
0.029196
0.029581
0.029476
0.029401
0.029283
0.029508
0.029249
0.029105
0.029189
0.029698
0.029480
0.034037
0.031746
0.032282
0.031523
0.031149
0.031366
0.031127
0.030971
0.030853
0.030961
0.030953
0.030611
0.030854
0.030894
0.030893
0.030088
0.029368
0.029373
0.029697
0.029572
0.029752
0.029461
0.029682
0.029148
0.029278
0.029476
0.029572
0.029364
0.029581
0.029341
0.029098
0.029299
0.029265
0.029274
0.029731
0.029390
0.029331
0.029110
0.029085
0.029225
0.029703
0.029380
0.029570
0.029561
0.029583
0.029464
0.029293
0.029370
0.029366
0.029278
0.029155
0.029303
0.029164
0.029333
0.029333
0.029220
0.029284
0.029317
0.029853
0.029433
0.029411
0.029149
0.029213
0.029062
0.029491
0.029201
0.029066
0.029272
0.029587
0.029414
0.029269
0.029142
0.029199
0.029113
0.029455
0.029012
0.029120
0.029257
0.029151
0.029077
0.029223
0.029199
0.029303
0.029246
0.029156
0.029323
0.029203
0.029214
0.029113
0.029108
0.029004
0.028953
0.029260
0.029101
0.029268
0.028994
0.029238
0.029194
0.029297
0.029250
0.029132
0.028945
0.029158
0.029477
0.029104
0.029330
0.029148
0.029262
0.028946
0.029263
0.029269
0.029416
0.029164
0.029361
0.029208
0.028936
0.028943
0.029266
0.029023
0.029164
0.029070
0.029157
0.029211
0.028955
0.029140
0.029137
0.029004
0.029186
0.028964
0.029084
0.029064
0.029175
0.029370
0.029018
0.029221
0.028997
0.029428
0.029505
0.029115
0.029042
0.028934
0.029320
0.029013
0.028938
0.029335
0.029180
0.029196
0.029109
0.029106
0.029085
0.029015
0.029024
0.029133
0.029335
0.029130
0.029135
0.029258
0.029123
0.029084
0.029152
0.029132
0.029188
0.029102
0.029141
0.029111
0.029225
0.029119
0.029272
0.029461
0.030141
0.033668
0.033201
0.031589
0.031035
0.031151
0.030895
0.030850
0.030873
0.030868
0.030667
0.030803
0.030911
0.030645
0.030823
0.030712
0.030793
0.030594
0.030814
0.030934
0.030881
0.030752
0.028528
0.026931
0.026969
0.027098
0.027165
0.026980
0.026885
0.026932
0.026940
0.026454
0.025934
0.025820
0.026035
0.025770
0.025845
0.026167
0.025919
0.025930
0.025867
0.025882
0.026134
0.026334
0.025969
0.025977
0.025872
0.026090
0.026012
0.025906
0.025870
0.025879
0.025800
0.025981
0.025879
0.025787
0.025847
0.025786
0.025804
0.025818
0.025845
0.025850
0.025912
0.025814
0.025843
0.025911
0.025758
0.025757
0.025715
0.025778
0.025728
0.025787
0.025870
0.025857
0.025776
0.025766
0.026103
0.025814
0.025855
0.025784
0.025715
0.025857
0.026001
0.025970
0.025853
0.025811
0.025803
0.025736
0.025812
0.025678
0.025762
0.025822
0.025731
0.025758
0.025751
0.025784
0.025743
0.025724
0.025742
0.025744
0.025899
0.025775
0.025924
0.025769
0.025725
0.025753
0.025719
0.025784
0.025770
0.025808
0.025936
0.025831
0.026012
0.025863
0.025841
0.026156
0.025796
0.025763
0.025818
0.025859
0.025804
0.025806
0.025956
0.025819
0.025774
0.025899
0.025825
0.025783
0.025734
0.025931
0.025790
0.025742
0.025710
0.025778
0.025882
0.025765
0.025765
0.025735
0.025926
0.025834
0.025835
0.025812
0.025766
0.025928
0.025813
0.025822
0.025759
0.025810
0.025962
0.025839
0.025764
0.025741
0.025825
0.025762
0.026103
0.025852
0.025695
0.025883
0.025860
0.025909
0.025875
0.026027
0.025903
0.025821
0.025766
0.025821
0.025724
0.025886
0.025795
0.025760
0.025741
0.025743
0.025784
0.025755
0.025761
0.025718
0.025801
0.025776
0.025633
0.025805
0.025881
0.025820
0.025796
0.025763
0.025635
0.025736
0.025929
0.025810
0.025745
0.027617
0.029727
0.027921
0.027599
0.027059
0.026251
0.026300
0.026509
0.026609
0.026244
0.026120
0.026055
0.025994
0.026128
0.025958
0.025996
0.025899
0.025920
0.025807
0.025915
0.025772
0.025922
0.025890
0.025895
0.025799
0.026022
0.025967
0.025925
0.025916
0.026017
0.025830
0.025932
0.025850
0.025845
0.025980
0.025768
0.025786
0.025761
0.025834
0.025806
0.025756
0.025787
0.025801
0.026197
0.026012
0.025852
0.025663
0.026026
0.026358
0.026124
0.025825
0.026054
0.026083
0.026079
0.025963
0.025850
0.025821
0.025972
0.025869
0.025824
0.025872
0.025880
0.025926
0.026153
0.025979
0.025883
0.025815
0.025919
0.026051
0.025913
0.025866
0.025876
0.026037
0.025892
0.025905
0.025851
0.025964
0.025959
0.025865
0.025923
0.025936
0.025979
0.026353
0.025865
0.025935
0.025919
0.025850
0.026016
0.025962
0.025868
0.026204
0.026140
0.025922
0.025835
0.025976
0.025891
0.025879
0.025899
0.025946
0.026017
0.026043
0.025892
0.025827
0.025792
0.025844
0.025899
0.025916
0.025975
0.026042
0.025922
0.026004
0.025973
0.026053
0.026125
0.025868
0.025851
0.025892
0.025953
0.025956
0.026154
0.026223
0.025912
0.025843
0.025843
0.026044
0.025930
0.026234
0.025962
0.025897
0.025993
0.025895
0.025873
0.025771
0.025798
0.025895
0.025852
0.025945
0.025873
0.026066
0.025900
0.025870
0.025857
0.025981
0.025898
0.025987
0.025908
0.025884
0.026512
0.026511
0.025960
0.025897
0.025944
0.025966
0.025972
0.025915
0.025834
0.025815
0.025836
0.025887
0.026316
0.025996
0.026006
0.026105
0.025923
0.025952
0.025967
0.026036
0.026196
0.025967
0.025893
0.025839
0.025764
0.025764
0.025811
0.025821
0.025761
0.025975
0.025888
0.025841
0.025745
0.025761
0.025826
0.025880
0.025768
0.025841
0.026126
0.026101
0.025936
0.025901
0.025808
0.025806
0.025879
0.026593
0.030056
0.028412
0.028538
0.027967
0.027527
0.027603
0.027257
0.027323
0.027292
0.027248
0.027412
0.027273
0.027109
0.027131
0.027058
0.027001
0.027016
0.026967
0.026957
0.026905
0.027054
0.026975
0.026922
0.027023
0.026912
0.026822
0.027014
0.027077
0.026982
0.027105
0.026939
0.026818
0.025938
0.026128
0.025814
0.025873
0.025873
0.025845
0.025967
0.025881
0.025832
0.025809
0.026139
0.025841
0.025775
0.025859
0.025813
0.026007
0.025965
0.026221
0.026140
0.026020
0.025944
0.025866
0.026037
0.026014
0.025860
0.026040
0.025848
0.025879
0.025923
0.025854
0.025967
0.025915
0.025835
0.025883
0.026088
0.025916
0.026083
0.025962
0.026000
0.025944
0.025900
0.025903
0.025912
0.025959
0.026078
0.025851
0.025936
0.026160
0.026152
0.026300
0.025978
0.025920
0.025969
0.026188
0.026073
0.025913
0.025875
0.025900
0.025929
0.025863
0.025846
0.025954
0.025847
0.026119
0.025929
0.025928
0.025798
0.025891
0.025822
0.025896
0.025862
0.025834
0.026718
0.026441
0.026063
0.025923
0.025841
0.025901
0.025959
0.025883
0.025975
0.025869
0.025948
0.025756
0.025771
0.025891
0.025977
0.025938
0.026289
0.026060
0.025938
0.025903
0.026019
0.025848
0.026008
0.026021
0.025990
0.025878
0.025907
0.025836
0.025843
0.026087
0.025944
0.025911
0.025939
0.025881
0.025822
0.026112
0.025914
0.025829
0.025961
0.025921
0.025875
0.026026
0.025855
0.025809
0.025867
0.025868
0.025898
0.025941
0.025863
0.025810
0.025815
0.025835
0.025866
0.025872
0.025931
0.026283
0.025897
0.026099
0.026027
0.025972
0.025890
0.025954
0.025887
0.025860
0.025787
0.025799
0.025754
0.025906
0.025890
0.025860
0.025856
0.025808
0.025804
0.025817
0.025826
0.025866
0.026010
0.025980
0.025868
0.025835
0.025895
0.025864
0.025921
0.025819
0.025912
0.026014
0.026420
0.030931
0.028636
0.028300
0.027473
0.026290
0.028614
0.028067
0.027440
0.026872
0.026742
0.026380
0.026498
0.026513
0.026289
0.026264
0.026137
0.026200
0.026374
0.026110
0.026184
0.026196
0.026132
0.026277
0.026158
0.026270
0.026446
0.026123
0.025845
0.026105
0.026002
0.026157
0.025876
0.025952
0.025872
0.025870
0.025851
0.025872
0.025870
0.025885
0.025923
0.025984
0.025856
0.025818
0.025787
0.025832
0.026462
0.026181
0.026373
0.026016
0.025883
0.026330
0.026040
0.026022
0.025923
0.025935
0.026098
0.025999
0.025850
0.026000
0.025950
0.025865
0.025823
0.025908
0.025931
0.025956
0.025868
0.025994
0.026418
0.026204
0.026050
0.026067
0.025942
0.025902
0.025969
0.025941
0.026008
0.025901
0.025757
0.025767
0.025859
0.025867
0.025927
0.025983
0.026431
0.026055
0.025822
0.026021
0.025991
0.025914
0.026008
0.025947
0.025850
0.025862
0.025879
0.025865
0.025844
0.025891
0.025790
0.025869
0.027410
0.026623
0.026352
0.026085
0.025969
0.026032
0.025997
0.025948
0.026457
0.026084
0.026124
0.026010
0.025964
0.025967
0.025952
0.026748
0.026140
0.025934
0.025949
0.025893
0.025920
0.025915
0.025911
0.026294
0.026164
0.026129
0.026019
0.025942
0.026055
0.025928
0.025923
0.025977
0.025907
0.025857
0.025936
0.025923
0.025913
0.025941
0.025962
0.025959
0.025917
0.025965
0.025890
0.025862
0.026010
0.025945
0.025917
0.025929
0.025939
0.025942
0.026074
0.025818
0.025877
0.025882
0.025791
0.025858
0.025767
0.025924
0.025823
0.025826
0.025787
0.025832
0.026116
0.025812
0.025963
0.025901
0.025789
0.025960
0.025797
0.025838
0.025831
0.025849
0.025829
0.025756
0.025781
0.025829
0.025862
0.025859
0.025745
0.025818
0.025863
0.025845
0.025731
0.025767
0.025874
0.025943
0.025817
0.025856
0.025823
0.025793
0.025824
0.025900
0.028392
0.029400
0.027856
0.028044
0.027210
0.026692
0.027128
0.027390
0.027383
0.026986
0.026835
0.026528
0.026501
0.026353
0.026698
0.026102
0.026016
0.025959
0.025944
0.026026
0.025958
0.026075
0.026040
0.025994
0.025978
0.025986
0.025908
0.025890
0.026007
0.025874
0.025926
0.025998
0.025994
0.026018
0.026026
0.026418
0.026141
0.026564
0.026237
0.026121
0.026319
0.026501
0.026235
0.026383
0.026244
0.026796
0.026280
0.026546
0.026550
0.026354
0.026089
0.026516
0.025924
0.025916
0.026265
0.026156
0.025982
0.025948
0.025913
0.026092
0.026159
0.026187
0.025977
0.025980
0.025929
0.026056
0.025963
0.025909
0.025955
0.026275
0.026226
0.026240
0.025972
0.026060
0.025875
0.025823
0.025991
0.026056
0.026138
0.025894
0.025930
0.025950
0.025986
0.026274
0.026110
0.026453
0.026454
0.026118
0.026107
0.026214
0.026101
0.026166
0.026101
0.026034
0.026201
0.026031
0.026127
0.026155
0.026030
0.026180
0.026065
0.026117
0.026208
0.026086
0.026141
0.026346
0.026410
0.026140
0.026085
0.026104
0.026183
0.026030
0.026103
0.026096
0.026015
0.026177
0.026016
0.026266
0.026127
0.025997
0.026079
0.026001
0.026114
0.026111
0.026376
0.026450
0.026219
0.026145
0.026203
0.026166
0.026079
0.026126
0.025966
0.026112
0.025976
0.026006
0.026207
0.026114
0.026144
0.026031
0.026092
0.026097
0.026074
0.026205
0.026123
0.026112
0.026286
0.026087
0.026168
0.026092
0.026034
0.026160
0.026076
0.026051
0.026056
0.026163
0.026193
0.026012
0.026026
0.026186
0.026104
0.026076
0.026570
0.026355
0.026196
0.026055
0.026071
0.026179
0.026073
0.026130
0.026078
0.026166
0.026094
0.026047
0.026152
0.026194
0.026105
0.026055
0.026074
0.026218
0.026368
0.026218
0.026705
0.026206
0.026067
0.026104
0.026051
0.026160
0.026063
0.026000
0.026193
0.029178
0.029501
0.028474
0.027634
0.027515
0.026886
0.027302
0.027195
0.027130
0.026916
0.026688
0.026302
0.026391
0.026220
0.026396
0.026200
0.026227
0.026220
0.026297
0.026329
0.026172
0.026237
0.026351
0.026145
0.026259
0.026484
0.026199
0.026247
0.026132
0.026205
0.026290
0.026085
0.026136
0.026177
0.026065
0.026147
0.026208
0.026114
0.026151
0.026044
0.026211
0.026215
0.026086
0.026116
0.026046
0.026160
0.026273
0.026396
0.026894
0.026229
0.026304
0.026171
0.026032
0.025928
0.025927
0.025875
0.025920
0.025930
0.026058
0.025901
0.025897
0.025859
0.025985
0.025971
0.025982
0.025823
0.026077
0.026058
0.026054
0.025969
0.025916
0.025833
0.025905
0.025846
0.025778
0.025904
0.026149
0.025907
0.025927
0.025989
0.025868
0.025923
0.026003
0.025896
0.025870
0.025979
0.026073
0.026343
0.025902
0.025949
0.025825
0.025865
0.025936
0.025892
0.025934
0.026013
0.025879
0.025809
0.025841
0.025855
0.025828
0.025910
0.025905
0.025837
0.025931
0.025913
0.025899
0.025955
0.025929
0.025909
0.025819
0.025857
0.025848
0.025874
0.025869
0.025791
0.025849
0.025845
0.025937
0.025931
0.025907
0.025844
0.025863
0.025849
0.026002
0.026403
0.025918
0.025871
0.025807
0.025860
0.025925
0.025911
0.025960
0.025962
0.025829
0.025830
0.025844
0.025876
0.025837
0.025872
0.025892
0.025821
0.025831
0.025813
0.026097
0.025917
0.025903
0.025905
0.026265
0.026160
0.025931
0.025794
0.025994
0.025896
0.025869
0.025856
0.025894
0.025926
0.025880
0.025845
0.025987
0.026319
0.026112
0.026128
0.026307
0.025936
0.025877
0.025855
0.025853
0.025955
0.025869
0.025961
0.025855
0.025748
0.025906
0.025823
0.025860
0.025805
0.025838
0.025873
0.025838
0.025803
0.025820
0.025751
0.025985
0.025818
0.025856
0.025839
0.025830
0.025845
0.025807
0.026797
0.030208
0.028821
0.028790
0.028241
0.027714
0.027435
0.027964
0.027641
0.027447
0.027795
0.027746
0.027273
0.027225
0.027021
0.026983
0.027080
0.027143
0.027142
0.027086
0.027019
0.027077
0.027114
0.027049
0.027112
0.027165
0.027112
0.027039
0.027210
0.027047
0.026183
0.026181
0.026069
0.026219
0.026226
0.026117
0.026307
0.026186
0.026064
0.026129
0.026139
0.026234
0.026185
0.026127
0.026142
0.026207
0.026366
0.026288
0.026255
0.026488
0.026690
0.026297
0.026599
0.026206
0.026154
0.026243
0.026183
0.026117
0.026194
0.026084
0.026112
0.026079
0.026166
0.026168
0.026106
0.026250
0.026075
0.026153
0.026323
0.026092
0.026111
0.026176
0.026107
0.026139
0.026174
0.026088
0.026192
0.026069
0.026252
0.026173
0.026141
0.026157
0.026077
0.026152
0.026123
0.026295
0.026279
0.026145
0.026442
0.026137
0.026163
0.026296
0.026184
0.026131
0.026167
0.026041
0.026167
0.026257
0.026053
0.026122
0.026151
0.026187
0.026089
0.025933
0.026225
0.026241
0.026017
0.026101
