0.020817
0.012764
0.012575
0.012649
0.012627
0.012702
0.012629
0.012527
0.012455
0.012687
0.012563
0.012741
0.012626
0.012522
0.012519
0.012539
0.012499
0.012616
0.012526
0.012584
0.012620
0.012533
0.012484
0.012621
0.012583
0.012581
0.012633
0.012607
0.012568
0.012517
0.012952
0.012597
0.012675
0.012704
0.012637
0.012608
0.012507
0.012553
0.012581
0.012560
0.012530
0.012611
0.012616
0.012553
0.012593
0.012609
0.012527
0.012669
0.012615
0.012603
0.012594
0.012654
0.012517
0.012661
0.012566
0.012653
0.012717
0.012648
0.012593
0.012493
0.012709
0.012623
0.012583
0.012607
0.012617
0.012615
0.012639
0.012649
0.012562
0.012591
0.012595
0.012648
0.012659
0.012606
0.012665
0.012607
0.012629
0.012619
0.012598
0.014537
0.012835
0.012570
0.012455
0.012523
0.012454
0.012537
0.012549
0.012509
0.012553
0.012525
0.012487
0.012533
0.012541
0.012555
0.012500
0.012521
0.012458
0.012497
0.012479
0.012548
0.012555
0.012513
0.012443
0.012581
0.012617
0.012519
0.012531
0.012490
0.012565
0.012540
0.012521
0.012471
0.012491
0.012493
0.012499
0.012566
0.012509
0.012523
0.012483
0.012480
0.012391
0.012432
0.012493
0.012504
0.012542
0.012561
0.012538
0.012578
0.012493
0.012506
0.012432
0.012527
0.012543
0.012571
0.012580
0.012540
0.012556
0.012503
0.012541
0.012541
0.012541
0.012571
0.012530
0.012485
0.012413
0.012400
0.012475
0.012493
0.012555
0.012540
0.012505
0.012495
0.012472
0.012500
0.012505
0.012503
0.012581
0.012443
0.012592
0.031309
0.012554
0.012486
0.012407
0.012375
0.012424
0.012406
0.012446
0.012530
0.012435
0.012426
0.012456
0.012439
0.012479
0.012424
0.012315
0.012481
0.012364
0.012437
0.012415
0.012396
0.012437
0.012418
0.012410
0.012449
0.012469
0.012493
0.012464
0.012403
0.012442
0.012434
0.012442
0.012412
0.012393
0.012428
0.012405
0.012469
0.012399
0.012436
0.012468
0.012378
0.012372
0.012524
0.012462
0.012425
0.012424
0.012402
0.012456
0.012489
0.012424
0.012394
0.012452
0.012426
0.012489
0.012448
0.012465
0.012388
0.012367
0.012345
0.012471
0.012481
0.012385
0.012459
0.014658
0.012416
0.012425
0.012398
0.012372
0.012358
0.012427
0.012445
0.012356
0.012402
0.012427
0.012420
0.012432
0.012496
0.012379
0.012482
0.012378
0.012458
0.012397
0.012353
0.012438
0.012420
0.012424
0.012402
0.012375
0.012415
0.012425
0.012369
0.012411
0.012391
0.012433
0.012463
0.012449
0.012390
0.012451
0.012452
0.012356
0.012390
0.012396
0.012379
0.012391
0.012395
0.012422
0.012436
0.012359
0.012486
0.012387
0.012398
0.012475
0.012424
0.012450
0.012472
0.012491
0.012357
0.012515
0.012359
0.012402
0.012424
0.012385
0.012366
0.012402
0.012488
0.012442
0.012421
0.012382
0.012436
0.012434
0.012340
0.012505
0.012492
0.012403
0.012435
0.012395
0.012418
0.012454
0.012438
0.012425
0.012453
0.012461
0.012445
0.012439
0.012431
0.012399
0.012429
0.012421
0.012411
0.012430
0.012442
0.012401
0.012410
0.012412
0.012445
0.012475
0.012359
0.012498
0.012387
0.012415
0.012420
0.012427
0.012378
0.012418
0.012416
0.012425
0.012474
0.012439
0.012463
0.012429
0.013624
0.012557
0.012452
0.012461
0.012471
0.012500
0.012479
0.012404
0.012396
0.012415
0.012440
0.012451
0.012412
0.012481
0.012503
0.012472
0.012436
0.012437
0.012406
0.012351
0.012463
0.012451
0.012445
0.012384
0.012446
0.012443
0.012442
0.012394
0.012495
0.012383
0.012462
0.012441
0.012422
0.012453
0.012454
0.012442
0.012392
0.012447
0.012418
0.012441
0.012495
0.012448
0.012472
0.012433
0.012436
0.012508
0.012421
0.012399
0.012373
0.012445
0.012434
0.012498
0.012426
0.012406
0.012435
0.012444
0.012420
0.012468
0.012469
0.012454
0.012398
0.012420
0.012400
0.012501
0.012427
0.012408
0.012442
0.012492
0.012481
0.012421
0.012449
0.012397
0.012454
0.012472
0.012393
0.012441
0.012457
0.012476
0.012395
0.012410
0.012464
0.012405
0.012451
0.012384
0.012419
0.012493
0.012411
0.012478
0.012453
0.012458
0.012446
0.012302
0.012487
0.012383
0.012440
0.012500
0.012471
0.012381
0.012411
0.012509
0.012679
0.012609
0.012171
0.012149
0.012359
0.012260
0.012222
0.012200
0.012216
0.012190
0.012187
0.012154
0.012133
0.012181
0.012199
0.012243
0.012199
0.012288
0.012050
0.012080
0.012227
0.012250
0.012178
0.012041
0.012185
0.012228
0.012261
0.012202
0.012224
0.012210
0.012136
0.012208
0.012184
0.012174
0.012135
0.012102
0.012135
0.012184
0.012129
0.012263
0.012157
0.012067
0.012197
0.012223
0.012072
0.012186
0.012133
0.012234
0.012256
0.012180
0.012188
0.012345
0.012203
0.012151
0.012227
0.012132
0.012207
0.012118
0.012145
0.012119
0.012233
0.012015
0.017567
0.022410
0.012132
0.012086
0.012028
0.012004
0.012126
0.012083
0.012126
0.012094
0.012047
0.012166
0.012033
0.012115
0.012070
0.012125
0.012166
0.012205
0.012052
0.012118
0.012142
0.012037
0.012116
0.012181
0.012069
0.012084
0.012098
0.012075
0.012104
0.012145
0.012082
0.011971
0.012142
0.011992
0.012079
0.012132
0.012053
0.012137
0.012042
0.012016
0.012098
0.012177
0.012110
0.012085
0.012129
0.012169
0.012071
0.012156
0.012129
0.012084
0.012139
0.012164
0.012030
0.012039
0.012173
0.012140
0.012104
0.012056
0.012043
0.012086
0.012067
0.012125
0.012087
0.012121
0.012089
0.012165
0.012062
0.012172
0.012093
0.012133
0.012117
0.012140
0.012123
0.012115
0.012149
0.012006
0.012122
0.012130
0.012114
0.012071
0.012113
0.012043
0.012114
0.012124
0.012015
0.012089
0.012144
0.012161
0.012108
0.012171
0.012121
0.012047
0.011996
0.012116
0.012056
0.012090
0.012114
0.012121
0.012008
0.012071
0.012098
0.012132
0.012045
0.012127
0.012092
0.012073
0.012098
0.012129
0.012061
0.012100
0.012132
0.012153
0.012087
0.012085
0.012109
0.012044
0.012029
0.012035
0.012141
0.012040
0.012028
0.012109
0.012101
0.012130
0.012114
0.012034
0.012117
0.012152
0.011999
0.012024
0.012193
0.012071
0.012106
0.012142
0.012116
0.012100
0.012164
0.012053
0.012096
0.012065
0.012190
0.012108
0.012096
0.012020
0.012115
0.012145
0.012117
0.012115
0.012177
0.012114
0.012141
0.012116
0.012119
0.012123
0.012165
0.012000
0.012095
0.012019
0.012069
0.012089
0.012034
0.012116
0.012097
0.012091
0.012005
0.012077
0.012110
0.012025
0.012020
0.011988
0.012059
0.012035
0.012097
0.012058
0.012134
0.012106
0.012077
0.012165
0.012120
0.012108
0.012158
0.012040
0.012157
0.012113
0.011988
0.012095
0.012137
0.012061
0.012112
0.011986
0.012011
0.012126
0.012160
0.012806
0.012129
0.012004
0.012152
0.012058
0.012041
0.011993
0.012036
0.012034
0.012022
0.012040
0.011999
0.012130
0.012154
0.012132
0.012052
0.012133
0.012132
0.012152
0.012036
0.012125
0.012126
0.012129
0.012144
0.012133
0.012084
0.012124
0.012082
0.012128
0.012030
0.012144
0.012152
0.012127
0.012088
0.012115
0.012135
0.012168
0.012162
0.012047
0.012044
0.012035
0.012052
0.011994
0.012102
0.012061
0.012068
0.012085
0.012143
0.012114
0.012078
0.012102
0.012104
0.012051
0.011996
0.012156
0.012106
0.012129
0.012093
0.012005
0.012081
0.012018
0.012004
0.012074
0.012068
0.012153
0.012143
0.012162
0.012112
0.012127
0.012117
0.012039
0.012032
0.012111
0.012117
0.012092
0.012146
0.012169
0.012027
0.012104
0.012143
0.012008
0.012002
0.012116
0.012150
0.012182
0.012103
0.012099
0.012136
0.012042
0.012138
0.012097
0.012029
0.012071
0.012005
0.012052
0.012073
0.012063
0.012011
0.012154
0.012033
0.012170
0.012034
0.012074
0.012097
0.012074
0.012135
0.012007
0.012081
0.012050
0.012154
0.012143
0.012126
0.012097
0.012009
0.012017
0.012028
0.012051
0.012098
0.012117
0.012096
0.012099
0.012124
0.012047
0.012116
0.012066
0.012043
0.012085
0.012122
0.012111
0.012159
0.012103
0.012117
0.012122
0.012080
0.012113
0.012109
0.012108
0.012925
0.013198
0.012120
0.012104
0.012046
0.012032
0.012106
0.012190
0.012033
0.012040
0.012046
0.012096
0.012081
0.012125
0.012047
0.012093
0.012006
0.012108
0.011994
0.012224
0.012202
0.012373
0.011670
0.011738
0.011682
0.011611
0.011723
0.011673
0.011744
0.011742
0.011649
0.011793
0.011630
0.011672
0.011727
0.011721
0.011725
0.011637
0.011756
0.011754
0.011721
0.011685
0.011684
0.011643
0.011700
0.011734
0.011719
0.011613
0.011668
0.011726
0.011669
0.011698
0.011610
0.011727
0.011650
0.011772
0.011717
0.011667
0.011689
0.011619
0.011698
0.011636
0.011707
0.011722
0.011605
0.011781
0.011749
0.011744
0.011741
0.011671
0.011762
0.011748
0.011761
0.011759
0.011642
0.011827
0.011608
0.011726
0.011684
0.011758
0.011637
0.011747
0.011746
0.011653
0.011611
0.011704
0.011697
0.011723
0.011790
0.011714
0.011517
0.011567
0.011705
0.011663
0.011637
0.011709
0.011727
0.011697
0.011684
0.011770
0.011732
0.011647
0.011660
0.011710
0.011636
0.011641
0.011600
0.011699
0.011704
0.011577
0.011727
0.011721
0.011726
0.011746
0.011761
0.011708
0.011777
0.011708
0.011735
0.011612
0.011719
0.011592
0.011772
0.011595
0.011590
0.011589
0.011716
0.011813
0.011767
0.011683
0.011690
0.011701
0.011653
0.011609
0.011723
0.011637
0.011640
0.011804
0.011638
0.011703
0.011767
0.011755
0.011722
0.011716
0.011686
0.011739
0.011758
0.011580
0.011763
0.011745
0.011673
0.011610
0.011643
0.011763
0.011578
0.011769
0.011561
0.011579
0.011727
0.011757
0.011546
0.011731
0.011671
0.011730
0.011590
0.011617
0.011786
0.011631
0.011554
0.011578
0.011602
0.011721
0.011665
0.011700
0.011792
0.011690
0.011745
0.011800
0.011767
0.011683
0.011816
0.011724
0.011741
0.011657
0.011798
0.011663
0.011650
0.011620
0.011667
0.011655
0.011806
0.011595
0.011712
0.011674
0.011703
0.011613
0.011639
0.011765
0.011659
0.011702
0.011624
0.011720
0.011732
0.011766
0.011729
0.011625
0.011609
0.011621
0.011717
0.011675
0.011663
0.011723
0.011638
0.011677
0.011745
0.011615
0.011776
0.011653
0.011639
0.011799
0.011699
0.011722
0.011624
0.011725
0.011781
0.011764
0.011675
0.011740
0.011587
0.011723
0.011641
0.011799
0.011706
0.011761
0.011729
0.011706
0.011776
0.011646
0.011776
0.011748
0.011727
0.011772
0.011776
0.011690
0.011684
0.011685
0.011598
0.011731
0.011651
0.011742
0.011715
0.011653
0.011613
0.011681
0.011733
0.011724
0.011607
0.011779
0.011789
0.011660
0.011628
0.011680
0.011692
0.011783
0.011612
0.011622
0.011629
0.011711
0.011703
0.011754
0.011735
0.011620
0.011743
0.011797
0.011788
0.011718
0.011580
0.011627
0.011798
0.011693
0.011743
0.011779
0.011754
0.011751
0.011624
0.011587
0.011652
0.011732
0.011601
0.011711
0.011699
0.011806
0.011750
0.011775
0.011605
0.011716
0.011714
0.011783
0.011668
0.011755
0.011694
0.011574
0.011590
0.011684
0.011679
0.011703
0.011634
0.011751
0.011672
0.011622
0.011651
0.011677
0.011658
0.011751
0.011744
0.011726
0.011704
0.011687
0.011755
0.011719
0.011734
0.011802
0.011724
0.011773
0.011670
0.011730
0.011749
0.011801
0.011734
0.011738
0.011658
0.011669
0.011680
0.011669
0.011707
0.011608
0.011711
0.011740
0.011745
0.011785
0.011725
0.011694
0.015678
0.016955
0.011700
0.011718
0.011755
0.011619
0.011648
0.011585
0.011718
0.011565
0.011708
0.011710
0.011727
0.011689
0.011685
0.011666
0.011550
0.011664
0.011734
0.011636
0.011651
0.011719
0.011721
0.011636
0.011677
0.011698
0.011542
0.011622
0.011604
0.011681
0.011569
0.011668
0.011653
0.011516
0.011676
0.011691
0.011680
0.011658
0.011763
0.011634
0.011668
0.011687
0.011661
0.011586
0.011565
0.011656
0.011700
0.011707
0.011649
0.011637
0.011662
0.011686
0.011680
0.011619
0.011691
0.011527
0.011643
0.011702
0.011597
0.011687
0.011613
0.011544
0.011681
0.011677
0.011668
0.011583
0.011602
0.011660
0.011703
0.011680
0.011581
0.011617
0.011661
0.011712
0.011602
0.011779
0.011724
0.011711
0.011602
0.011658
0.011707
0.011671
0.011701
0.011753
0.011671
0.011644
0.011691
0.011664
0.011661
0.011706
0.011703
0.011668
0.011692
0.011738
0.011683
0.011675
0.011720
0.011664
0.011725
0.011680
0.011712
0.011633
0.011688
0.011738
0.012334
0.011740
0.013276
0.012550
0.012533
0.012522
0.012531
0.012476
0.012516
0.012504
0.012521
0.012512
0.012491
0.012531
0.012542
0.012521
0.012506
0.012509
0.012493
0.012498
0.012492
0.012471
0.012534
0.012518
0.012488
0.012542
0.012510
0.012461
0.012450
0.012465
0.012509
0.012546
0.012575
0.012506
0.012487
0.012513
0.012517
0.012467
0.012529
0.012524
0.012576
0.012515
0.012486
0.012502
0.012500
0.012550
0.012526
0.012475
0.012553
0.012486
0.012484
0.012465
0.012468
0.012528
0.012488
0.012509
0.012527
0.012518
0.012497
0.012462
0.012469
0.012522
0.012508
0.012473
0.012510
0.012517
0.012481
0.012502
0.012528
0.012520
0.012527
0.012520
0.012589
0.012544
0.012531
0.012516
0.012516
0.012455
0.012527
0.012533
0.012535
0.012480
0.012554
0.012507
0.012504
0.012522
0.012446
0.012572
0.012506
0.012482
0.012504
0.012583
0.012527
0.012482
0.012564
0.012528
0.012477
0.012508
0.012519
0.012472
0.012516
0.012518
0.012584
0.012544
0.012495
0.012506
0.012549
0.012575
0.012438
0.012524
0.012511
0.012503
0.012554
0.012419
0.012528
0.012549
0.012547
0.012498
0.012560
0.012481
0.012531
0.012502
0.012464
0.012510
0.012497
0.012567
0.012540
0.012507
0.012453
0.012520
0.012529
0.012513
0.012509
0.012585
0.012468
0.012547
0.012429
0.012522
0.012521
0.012504
0.012541
0.012481
0.012495
0.012572
0.012514
0.012490
0.012516
0.012518
0.012524
0.012548
0.013173
0.012807
0.012515
0.012491
0.012519
0.012602
0.012528
0.012493
0.012466
0.012495
0.012466
0.012534
0.012494
0.012552
0.012472
0.012533
0.012412
0.012512
0.012471
0.012525
0.012509
0.012481
0.012502
0.012490
0.012498
0.012535
0.012464
0.012525
0.012515
0.012506
0.012504
0.012546
0.012445
0.012489
0.012494
0.012500
0.012543
0.012497
0.012442
0.012482
0.012408
0.012507
0.012482
0.012504
0.012470
0.012529
0.012434
0.012515
0.012499
0.012479
0.012497
0.012473
0.012563
0.012463
0.012496
0.012502
0.012523
0.012468
0.012472
0.012472
0.012586
0.012519
0.012461
0.012401
0.012525
0.012511
0.012491
0.012456
0.012568
0.012503
0.017084
0.012517
0.016272
0.012541
0.012454
0.012521
0.012548
0.012462
0.012461
0.012513
0.012521
0.012455
0.012481
0.012490
0.012543
0.012504
0.012530
0.012520
0.012477
0.012553
0.012469
0.012552
0.012532
0.012474
0.012479
0.012484
0.012494
0.012515
0.012549
0.012527
0.012511
0.012493
0.012531
0.012502
0.012488
0.012509
0.012505
0.012482
0.012481
0.012427
0.012435
0.012526
0.012465
0.012503
0.012456
0.012518
0.012506
0.012525
0.012429
0.012507
0.012467
0.012522
0.012466
0.012479
0.012490
0.012444
0.012415
0.012433
0.012493
0.012476
0.012541
0.012514
0.012535
0.012507
0.012447
0.012474
0.012530
0.012473
0.012496
0.012510
0.012520
0.012437
0.012532
0.012479
0.012507
0.012494
0.012519
0.012524
0.012578
0.012493
0.012496
0.012488
0.012465
0.012516
0.012492
0.012544
0.012464
0.012508
0.012458
0.012475
0.012439
0.012465
0.012502
0.012521
0.012483
0.012510
0.012460
0.012502
0.012546
0.012488
0.012470
0.012538
0.012513
0.012477
0.012506
0.012485
0.012485
0.012479
0.012538
0.012526
0.012511
0.012517
0.012489
0.012505
0.012443
0.012489
0.012496
0.012501
0.012471
0.012461
0.012500
0.012510
0.012506
0.012503
0.012532
0.012484
0.012498
0.012501
0.012500
0.012498
0.012504
0.012439
0.012488
0.012584
0.012537
0.012507
0.012453
0.012481
0.012491
0.012497
0.012493
0.012533
0.012465
0.012474
0.012518
0.012464
0.012489
0.012510
0.012458
0.012563
0.012522
0.012477
0.012476
0.012484
0.012537
0.012504
0.012503
0.012500
0.012451
0.012473
0.012496
0.012499
0.012495
0.012510
0.012523
0.012523
0.012508
0.012493
0.012438
0.012503
0.012506
0.012490
0.012477
0.012492
0.012513
0.012440
0.012500
0.012501
0.012711
0.012591
0.012047
0.011794
0.012233
0.012157
0.011692
0.011752
0.011541
0.011635
0.011655
0.011559
0.011570
0.011607
0.011650
0.011741
0.011599
0.011651
0.011617
0.011719
0.011524
0.011665
0.011621
0.011639
0.011641
0.011647
0.011659
0.011618
0.011709
0.011501
0.011696
0.011686
0.011593
0.011664
0.011693
0.011637
0.011643
0.011683
0.011657
0.011710
0.011663
0.011663
0.011671
0.011630
0.011516
0.011640
0.011667
0.011657
0.011662
0.011659
0.011673
0.011687
0.011680
0.011647
0.011640
0.011679
0.011523
0.011597
0.011646
0.011637
0.011658
0.011673
0.011719
0.011660
0.011672
0.011649
0.011618
0.011637
0.011560
0.011610
0.011660
0.011718
0.011646
0.011628
0.011682
0.011629
0.011607
0.011631
0.011698
0.011530
0.011653
0.011675
0.011659
0.011526
0.011663
0.011683
0.011613
0.011659
0.011634
0.011607
0.011646
0.011562
0.011511
0.011649
0.011705
0.011551
0.011539
0.011674
0.011499
0.011639
0.011613
0.011608
0.011605
0.011727
0.011601
0.011544
0.011596
0.011593
0.011671
0.011519
0.011664
0.011542
0.011576
0.011628
0.011499
0.011633
0.011682
0.011561
0.011641
0.011585
0.011647
0.011584
0.011556
0.011625
0.011620
0.011581
0.011703
0.011605
0.011652
0.011627
0.011709
0.011647
0.011636
0.011644
0.011631
0.011653
0.011690
0.011656
0.011678
0.011691
0.011629
0.011558
0.011523
0.011659
0.011650
0.011527
0.011628
0.011649
0.011647
0.011706
0.011734
0.011642
0.011635
0.011663
0.011584
0.011647
0.011563
0.011559
0.011537
0.011626
0.011701
0.011617
0.011650
0.011657
0.011688
0.011645
0.011562
0.011527
0.011528
0.011556
0.011726
0.011555
0.011541
0.011627
0.011686
0.011704
0.011626
0.011652
0.011604
0.011566
0.011588
0.011561
0.011660
0.011609
0.011647
0.011531
0.011517
0.011661
0.011592
0.011672
0.011546
0.011693
0.011591
0.011676
0.011609
0.011538
0.011565
0.011658
0.011651
0.011653
0.011652
0.011605
0.011560
0.011673
0.011646
0.011516
0.011551
0.011595
0.011577
0.012492
0.012459
0.012623
0.012465
0.012458
0.012745
0.012547
0.012657
0.012711
0.012696
0.012657
0.012466
0.012683
0.012617
0.012649
0.012591
0.012726
0.012685
0.012622
0.012701
0.012729
0.012672
0.012440
0.012634
0.012534
0.012489
0.012470
0.012508
0.016269
0.012400
0.012361
0.012379
0.012391
0.012376
0.012374
0.012388
0.012513
0.012581
0.012533
0.012802
0.012490
0.012460
0.012450
0.013527
0.012435
0.012468
0.012456
0.012459
0.012504
0.012534
0.012439
0.012464
0.012637
0.012540
0.012696
0.012501
0.012630
0.012719
0.012659
0.012570
0.012475
0.012502
0.012655
0.012621
0.012686
0.012721
0.012480
0.012487
0.012651
0.012519
0.012431
0.012407
0.012479
0.012431
0.012445
0.012464
0.012646
0.012689
0.012731
0.012538
0.012614
0.012605
0.012475
0.012650
0.012469
0.012662
0.012610
0.012444
0.012679
0.012436
0.012448
0.012461
0.012478
0.012465
0.012445
0.012451
0.012413
0.012451
0.012462
0.012467
0.012412
0.012449
0.012500
0.012474
0.012445
0.012458
0.012607
0.012437
0.012663
0.012585
0.012588
0.012404
0.012400
0.012417
0.012465
0.012684
0.012428
0.012411
0.012387
0.012380
0.012445
0.012387
0.012385
0.012369
0.012393
0.012411
