0.049406
0.041133
0.040741
0.041023
0.041218
0.041586
0.040933
0.040726
0.040791
0.040642
0.040670
0.040768
0.040651
0.041251
0.041266
0.040620
0.041216
0.040597
0.040918
0.040748
0.040960
0.040938
0.040973
0.040864
0.040800
0.040920
0.040951
0.053570
0.040773
0.040844
0.040660
0.040386
0.040298
0.041459
0.041197
0.040547
0.040661
0.040347
0.040674
0.040536
0.041062
0.040475
0.040355
0.041270
0.040382
0.040770
0.040524
0.040597
0.040406
0.041223
0.040659
0.040878
0.040653
0.040521
0.041106
0.041328
0.040317
0.041007
0.040300
0.041167
0.040970
0.040299
0.040572
0.040450
0.040551
0.040405
0.040556
0.040525
0.040408
0.041270
0.040646
0.040366
0.040643
0.040759
0.040427
0.040440
0.040520
0.040849
0.040474
0.049793
0.044869
0.041364
0.040585
0.040357
0.040703
0.040440
0.040436
0.040608
0.040616
0.040650
0.040410
0.040428
0.043995
0.043193
0.042590
0.042417
0.041551
0.041705
0.041808
0.042028
0.041444
0.041268
0.041361
0.041514
0.041499
0.041393
0.041524
0.041427
0.042271
0.041819
0.041559
0.041450
0.041000
0.040710
0.040408
0.041291
0.040442
0.040375
0.041259
0.040867
0.040721
0.040416
0.040713
0.041377
0.040461
0.040615
0.041133
0.041196
0.040477
0.041116
0.040979
0.040518
0.040321
0.040658
0.040312
0.041138
0.040555
0.040422
0.041225
0.040690
0.040618
0.040556
0.040814
0.041189
0.040914
0.041003
0.041320
0.040956
0.040912
0.040871
0.040941
0.041071
0.040879
0.041608
0.041615
0.041835
0.041059
0.041400
0.041005
0.041142
0.041058
0.041212
0.040870
0.041394
0.041012
0.041487
0.040840
0.041078
0.040935
0.041032
0.040815
0.041102
0.040869
0.040770
0.041163
0.041000
0.041060
0.041641
0.041466
0.041102
0.041329
0.041233
0.040912
0.040910
0.041052
0.040839
0.040911
0.040834
0.040943
0.040860
0.041488
0.041126
0.041578
0.040981
0.040945
0.040934
0.050929
0.042333
0.041135
0.041104
0.041673
0.041323
0.040960
0.041029
0.040969
0.041535
0.041785
0.041585
0.041081
0.041626
0.041481
0.041005
0.041113
0.043475
0.042630
0.042002
0.041372
0.041355
0.041437
0.041310
0.041329
0.042200
0.041348
0.041164
0.041449
0.041406
0.042040
0.041358
0.041303
0.041380
0.042223
0.041823
0.040618
0.041598
0.040714
0.040800
0.040683
0.041125
0.040854
0.040548
0.040468
0.040470
0.051005
0.042040
0.041514
0.040499
0.040479
0.040872
0.040864
0.040757
0.041008
0.041496
0.041320
0.041382
0.040628
0.040548
0.040713
0.040521
0.041620
0.041464
0.041290
0.040610
0.040606
0.040572
0.040996
0.040722
0.040664
0.040537
0.040497
0.040499
0.040457
0.040459
0.040561
0.040951
0.040378
0.040514
0.040975
0.040570
0.040671
0.040487
0.040527
0.040531
0.040538
0.040856
0.040405
0.040441
0.040431
0.040934
0.041047
0.040491
0.040850
0.041502
0.041254
0.041361
0.041243
0.040388
0.040477
0.041257
0.040641
0.040437
0.040380
0.041247
0.040481
0.040391
0.040396
0.040747
0.040561
0.041208
0.041315
0.040362
0.040453
0.040578
0.040951
0.040347
0.040492
0.040450
0.040509
0.040762
0.040607
0.041198
0.040799
0.040553
0.041340
0.040437
0.040470
0.040574
0.040648
0.040512
0.040597
0.040504
0.040442
0.040333
0.040597
0.040509
0.040510
0.043233
0.042606
0.041149
0.041144
0.040509
0.041388
0.041337
0.041334
0.041273
0.041378
0.040671
0.040473
0.040501
0.040319
0.040992
0.041352
0.040590
0.041433
0.040265
0.041137
0.040572
0.040721
0.040437
0.041279
0.040782
0.041150
0.040537
0.040737
0.041262
0.041356
0.040897
0.041231
0.040384
0.040843
0.041130
0.040704
0.041007
0.040604
0.040757
0.040769
0.040769
0.040948
0.041602
0.040889
0.040765
0.040748
0.040751
0.041345
0.040623
0.040973
0.040670
0.041336
0.040766
0.040858
0.040691
0.041456
0.040640
0.040410
0.040335
0.040404
0.041280
0.040425
0.040363
0.040752
0.040522
0.040290
0.040601
0.040519
0.040444
0.040747
0.040273
0.040408
0.040488
0.040693
0.040801
0.040644
0.040200
0.041192
0.040924
0.040278
0.040941
0.040980
0.040382
0.040872
0.040331
0.040556
0.040812
0.040582
0.040977
0.040996
0.040818
0.040340
0.040710
0.040639
0.040456
0.040653
0.041030
0.040564
0.040236
0.040742
0.041253
0.040475
0.040481
0.040444
0.040688
0.040630
0.040541
0.040406
0.040587
0.040539
0.040454
0.040844
0.040427
0.040460
0.040248
0.041095
0.041138
0.041459
0.041387
0.040590
0.040490
0.040321
0.040543
0.044158
0.042627
0.041336
0.041351
0.041259
0.041503
0.041460
0.041422
0.041454
0.041368
0.041302
0.041584
0.041355
0.042234
0.041543
0.041563
0.041572
0.041329
0.040953
0.040314
0.040472
0.040655
0.040459
0.041243
0.040751
0.040479
0.041123
0.040626
0.041475
0.041538
0.040929
0.041341
0.041216
0.041010
0.040597
0.040704
0.041467
0.040636
0.040622
0.040719
0.041475
0.040747
0.041437
0.041446
0.040904
0.040866
0.040786
0.041140
0.040737
0.040561
0.040825
0.041213
0.040716
0.040869
0.040987
0.040747
0.040654
0.040752
0.040977
0.040579
0.041349
0.040705
0.040621
0.040700
0.040731
0.041421
0.041212
0.040531
0.040432
0.040716
0.041388
0.041417
0.041009
0.040587
0.040889
0.041171
0.040522
0.040709
0.040720
0.040780
0.041437
0.041398
0.041490
0.040909
0.041058
0.040619
0.041198
0.040737
0.040492
0.040760
0.041573
0.040783
0.041534
0.040911
0.040802
0.040695
0.041511
0.040794
0.040527
0.040946
0.040888
0.040631
0.040893
0.040717
0.040789
0.040780
0.040697
0.041407
0.041320
0.040821
0.040607
0.041091
0.041273
0.041425
0.041072
0.041299
0.041467
0.040574
0.040820
0.040598
0.041236
0.041921
0.042773
0.042847
0.041978
0.041692
0.041828
0.041352
0.042109
0.041438
0.042026
0.041662
0.042044
0.042145
0.041409
0.042091
0.041480
0.041175
0.041300
0.041459
0.041000
0.040431
0.040556
0.040310
0.040750
0.040433
0.041135
0.041349
0.041098
0.040306
0.040552
0.040349
0.040757
0.040586
0.040662
0.040648
0.040963
0.040526
0.040517
0.040834
0.040794
0.040615
0.041454
0.040854
0.041262
0.041069
0.040443
0.040846
0.040605
0.040823
0.040558
0.041062
0.041020
0.040622
0.041085
0.041024
0.041299
0.041427
0.040631
0.040770
0.040749
0.040868
0.040509
0.040615
0.040551
0.040526
0.040354
0.040510
0.040333
0.040666
0.040547
0.040771
0.041368
0.048884
0.040947
0.040510
0.040565
0.040852
0.040357
0.040562
0.040330
0.041173
0.040650
0.040475
0.040650
0.040419
0.041004
0.040497
0.040454
0.040540
0.040607
0.040954
0.040260
0.040583
0.040577
0.040629
0.040542
0.040382
0.040594
0.040302
0.040853
0.040416
0.040610
0.040627
0.040694
0.041004
0.040670
0.040706
0.040739
0.040741
0.040704
0.040787
0.040670
0.040781
0.040591
0.040897
0.041324
0.041358
0.041310
0.041325
0.041475
0.041367
0.041227
0.041560
0.043375
0.041865
0.041630
0.041399
0.041986
0.041375
0.041505
0.041435
0.041618
0.041985
0.041324
0.041559
0.041399
0.042264
0.041556
0.041285
0.040360
0.040407
0.040720
0.050413
0.043366
0.040796
0.040758
0.040493
0.040406
0.040832
0.040580
0.041310
0.041333
0.040643
0.040702
0.040694
0.041284
0.040394
0.040147
0.040823
0.040266
0.041303
0.040363
0.040628
0.040493
0.040358
0.041316
0.041446
0.040465
0.040348
0.040315
0.040489
0.040465
0.041013
0.040512
0.040775
0.040495
0.040530
0.040535
0.040489
0.040306
0.040487
0.040416
0.040411
0.040511
0.041161
0.040466
0.040492
0.040334
0.040387
0.041140
0.041165
0.041222
0.040495
0.040620
0.040377
0.040901
0.040606
0.040816
0.040662
0.040611
0.040668
0.041791
0.040995
0.040846
0.040884
0.040780
0.041358
0.041069
0.041020
0.041204
0.041377
0.041091
0.040874
0.041151
0.041244
0.041162
0.040746
0.041636
0.041164
0.040794
0.041007
0.041123
0.041414
0.040818
0.040832
0.040815
0.041146
0.041017
0.040869
0.041331
0.041041
0.041374
0.041106
0.041010
0.041377
0.040844
0.040732
0.040893
0.041157
0.041029
0.041233
0.040848
0.040867
0.041361
0.042598
0.041864
0.042337
0.041602
0.040822
0.040725
0.041575
0.040538
0.040244
0.040584
0.040328
0.040361
0.040951
0.040591
0.040524
0.040850
0.040469
0.040697
0.040767
0.040643
0.040377
0.040943
0.040416
0.040316
0.040522
0.040307
0.040429
0.040480
0.040815
0.040444
0.041261
0.041711
0.040552
0.040934
0.041031
0.040788
0.040970
0.040862
0.041079
0.040608
0.040954
0.040446
0.040736
0.040608
0.040663
0.041226
0.041298
0.040391
0.041265
0.041230
0.041210
0.040332
0.040415
0.040641
0.040950
0.041140
0.041617
0.040985
0.040772
0.041136
0.041709
0.040932
0.041555
0.041645
0.042324
0.040531
0.040830
0.040304
0.040980
0.041238
0.041282
0.041261
0.040452
0.040363
0.040385
0.040464
0.041290
0.040372
0.040741
0.040336
0.040844
0.040385
0.040356
0.040856
0.041351
0.041225
0.041202
0.041242
0.040417
0.040478
0.040610
0.041363
0.041276
0.041255
0.040541
0.040517
0.040518
0.041342
0.041202
0.041163
0.041274
0.040422
0.040618
0.040486
0.041187
0.040344
0.040296
0.041253
0.040779
0.040375
0.040410
0.040330
0.041203
0.041097
0.040455
0.040564
0.040380
0.040466
0.040364
0.041074
0.041373
0.040506
0.040577
0.043645
0.042059
0.042048
0.041777
0.041943
0.041821
0.042460
0.042385
0.041878
0.042035
0.041778
0.042118
0.041798
0.041876
0.042482
0.041796
0.041741
0.042522
0.041899
0.042047
0.041701
0.041903
0.041655
0.041935
0.040984
0.041569
0.041501
0.041155
0.041215
0.041769
0.041517
0.040966
0.041325
0.041682
0.042240
0.041010
0.041011
0.041796
0.042168
0.040924
0.040996
0.041106
0.040934
0.040902
0.041396
0.041113
0.040772
0.041224
0.040781
0.041122
0.041101
0.041374
0.041034
0.040917
0.041541
0.041526
0.040952
0.041046
0.041455
0.041065
0.040933
0.041629
0.041790
0.041614
0.040873
0.040948
0.041149
0.041214
0.040971
0.041080
0.040829
0.041082
0.040855
0.041461
0.041624
0.041644
0.040867
0.041017
0.040812
0.041341
0.041053
0.041722
0.041511
0.040842
0.041135
0.040867
0.041329
0.040880
0.041045
0.040772
0.041132
0.041182
0.040947
0.040873
0.040841
0.040874
0.041046
0.040871
0.041342
0.040995
0.040978
0.040787
0.041071
0.040915
0.041076
0.041042
0.040872
0.041544
0.041038
0.040851
0.041263
0.041252
0.041123
0.040944
0.041731
0.041053
0.041570
0.040865
0.040755
0.040735
0.041997
0.044095
0.043104
0.042865
0.042237
0.041857
0.042231
0.041534
0.041657
0.042170
0.041346
0.041350
0.041596
0.041207
0.041880
0.041306
0.041270
0.041291
0.041145
0.041476
0.040678
0.040543
0.040772
0.041416
0.040817
0.040453
0.040734
0.040493
0.040630
0.040742
0.040831
0.040736
0.041523
0.041097
0.040553
0.040243
0.040473
0.040664
0.040655
0.040300
0.040305
0.040393
0.041272
0.041229
0.041326
0.040955
0.041109
0.040581
0.040472
0.040715
0.040730
0.040944
0.040435
0.040492
0.040406
0.040397
0.041295
0.040461
0.040514
0.040491
0.040343
0.040551
0.040485
0.041200
0.040420
0.040962
0.040548
0.040304
0.040729
0.040864
0.040441
0.040801
0.041202
0.041042
0.040622
0.041155
0.041216
0.040346
0.040470
0.040438
0.040694
0.040530
0.040430
0.040491
0.040824
0.041234
0.040979
0.040328
0.040478
0.040366
0.040314
0.040363
0.040676
0.040513
0.040354
0.040840
0.040366
0.040590
0.040366
0.040571
0.040336
0.040455
0.040625
0.040781
0.040533
0.040698
0.040398
0.040896
0.040396
0.040337
0.040635
0.040434
0.040491
0.041160
0.041223
0.040380
0.040499
0.041081
0.040554
0.040496
0.040337
0.040400
0.041344
0.043679
0.041760
0.041439
0.041485
0.041489
0.041463
0.041459
0.041414
0.042064
0.041327
0.041259
0.041627
0.040433
0.040264
0.040821
0.040383
0.040336
0.040662
0.040939
0.040748
0.040410
0.040554
0.040224
0.040424
0.040538
0.040453
0.040506
0.040331
0.041265
0.041130
0.040385
0.040722
0.040479
0.040700
0.040307
0.040468
0.040455
0.040328
0.040958
0.040350
0.040419
0.041299
0.040351
0.040387
0.040537
0.040577
0.040535
0.040480
0.040639
0.040462
0.040217
0.040692
0.040437
0.040960
0.040518
0.040577
0.040950
0.040549
0.040916
0.040415
0.040492
0.040364
0.040342
0.040523
0.041025
0.040593
0.040646
0.041157
0.040585
0.040482
0.040400
0.041257
0.040596
0.040553
0.040419
0.040353
0.040718
0.040548
0.040627
0.040912
0.040611
0.040552
0.040667
0.040802
0.040597
0.040693
0.040578
0.040683
0.041366
0.041458
0.041404
0.041385
0.040614
0.041261
0.040799
0.041292
0.041335
0.040654
0.040650
0.040948
0.040498
0.040546
0.041017
0.040929
0.040545
0.040579
0.040501
0.040754
0.040683
0.040551
0.040635
0.040716
0.040726
0.040808
0.040706
0.041142
0.041357
0.041430
0.041366
0.041532
0.040844
0.040605
0.041449
0.042771
0.042288
0.041850
0.042164
0.041825
0.042324
0.041904
0.042040
0.041822
0.041781
0.041760
0.042576
0.041968
0.041864
0.041652
0.041916
0.042561
0.042436
0.041530
0.041264
0.041459
0.041500
0.041793
0.041324
0.040605
0.041314
0.041289
0.040493
0.040366
0.040723
0.040483
0.041207
0.040538
0.040480
0.041119
0.040970
0.040382
0.040488
0.040805
0.040503
0.040531
0.040467
0.040785
0.040507
0.040473
0.040315
0.040337
0.040533
0.041146
0.040923
0.040695
0.040532
0.040559
0.040795
0.041457
0.041432
0.041423
0.041513
0.040653
0.041157
0.040600
0.040580
0.040650
0.040661
0.041300
0.040882
0.041353
0.041419
0.040828
0.041097
0.040685
0.040881
0.040474
0.040619
0.040791
0.041099
0.040812
0.041352
0.040799
0.040620
0.040506
0.041194
0.040631
0.040366
0.040821
0.040426
0.041211
0.040356
0.040360
0.040468
0.040437
0.040510
0.040692
0.040474
0.040588
0.040674
0.041021
0.040331
0.040980
0.040398
0.040338
0.040398
0.040405
0.040413
0.041143
0.040363
0.040450
0.040402
0.040430
0.040457
0.040502
0.040654
0.040344
0.040559
0.040557
0.041104
0.041507
0.040603
0.040773
0.040530
0.040445
0.041767
0.043102
0.041834
0.041595
0.042416
0.041926
0.042134
0.042128
0.041969
0.042606
0.041828
0.042108
0.041925
0.042007
0.041932
0.041921
0.041960
0.041851
0.040757
0.041180
0.040889
0.041326
0.040889
0.041294
0.041513
0.040969
0.041017
0.040792
0.040810
0.041253
0.041457
0.041681
0.040813
0.040966
0.040932
0.040925
0.041452
0.041463
0.040999
0.040778
0.040751
0.041676
0.040874
0.040980
0.041023
0.040786
0.041477
0.040791
0.041110
0.041070
0.040881
0.041609
0.041487
0.041036
0.041657
0.041242
0.041014
0.041116
0.041013
0.040799
0.041600
0.041613
0.041029
0.041632
0.041364
0.041076
0.041362
0.040832
0.041569
0.041559
0.041317
0.041106
0.041111
0.040902
0.040889
0.041512
0.041507
0.040887
0.041241
0.041607
0.040893
0.040875
0.041004
0.040871
0.041516
0.040916
0.040827
0.041233
0.041041
0.041442
0.041627
0.041338
0.040939
0.041398
0.040976
0.040882
0.040899
0.041508
0.040897
0.041037
0.040886
0.040979
0.041180
0.040955
0.041195
0.041001
0.041563
0.041010
0.041027
0.040973
0.041296
0.040879
0.041571
0.040998
0.040960
0.040885
0.041566
0.041001
0.041538
0.041556
0.041574
0.041107
0.044417
0.043136
0.042154
0.042454
0.042639
0.041493
0.041197
0.041383
0.040767
0.040397
0.041128
0.040461
0.040473
0.040487
0.040895
0.040467
0.041471
0.040467
0.040549
0.040393
0.040302
0.041130
0.040382
0.040424
0.040322
0.040873
0.041246
0.040542
0.040354
0.040367
0.040663
0.040688
0.040415
0.040521
0.040415
0.040346
0.040369
0.040317
0.040511
0.040370
0.040522
0.040618
0.041112
0.040528
0.040581
0.040488
0.040576
0.041087
0.041289
0.041188
0.041316
0.041089
0.040523
0.040578
0.040232
0.041342
0.040548
0.040451
0.041015
0.040359
0.041176
0.040543
0.040511
0.041315
0.041139
0.040384
0.040416
0.041270
0.041102
0.040494
0.040509
0.040236
0.040297
0.040315
0.040397
0.040639
0.040555
0.040485
0.040739
0.040302
0.040960
0.041219
0.040623
0.040430
0.040852
0.040729
0.040531
0.041229
0.040677
0.040509
0.040588
0.040503
0.040359
0.041108
0.041297
0.040388
0.041060
0.040808
0.040813
0.041137
0.040484
0.041071
0.040702
0.040668
0.040778
0.041322
0.040650
0.040940
0.040624
0.041034
0.041313
0.041390
0.041416
0.041235
0.041291
0.041020
0.040810
0.041359
0.040693
0.040651
0.040557
0.040673
0.042744
0.041786
0.041879
0.041655
0.041790
0.041640
0.042107
0.042457
0.041524
0.041763
0.042350
0.041850
0.041739
0.041620
0.042384
0.041638
0.041793
0.041526
0.041531
0.041669
0.041518
0.041599
0.041814
0.041473
0.041046
0.041085
0.041308
0.040713
0.040993
0.041560
0.040643
0.041206
0.040584
0.041435
0.041356
0.041511
0.040515
0.040713
0.041239
0.041331
0.040562
0.040731
0.040537
0.040576
0.040567
0.041388
0.040625
0.040670
0.040777
0.040649
0.040820
0.041175
0.040676
0.040815
0.040537
0.041209
0.040846
0.040797
0.041272
0.041329
0.040597
0.041315
0.041119
0.040564
0.040696
0.040635
0.040979
0.040720
0.040931
0.040573
0.040564
0.040667
0.040704
0.040563
0.040954
0.040701
0.040735
0.040797
0.040539
0.041159
0.040651
0.041143
0.041144
0.041019
0.040641
0.040535
0.040967
0.040940
0.040558
0.040414
0.040251
0.040395
0.040483
0.041206
0.041266
0.041149
0.040892
0.040724
0.040480
0.040321
0.040472
0.040501
0.040675
0.040898
0.040576
0.040973
0.040602
0.040307
0.040796
0.040518
0.040519
0.041109
0.040955
0.040323
0.040441
0.040568
0.041367
0.040405
0.040257
0.040478
0.040333
0.040366
0.043411
0.042098
0.041604
0.041763
0.041527
0.041278
0.041178
0.041187
0.041419
0.041284
0.041335
0.041235
0.041577
0.040948
0.040949
0.041615
0.040983
0.041221
0.041296
0.041584
0.040856
0.040869
0.041031
0.041118
0.040928
0.040774
0.040857
0.040871
0.041081
0.041473
0.041211
0.040967
0.041113
0.040901
0.040922
0.041090
0.041250
0.040866
0.040864
0.041503
0.040978
0.041213
0.041021
0.041457
0.041080
0.040837
0.041017
0.041046
0.040936
0.040912
0.041052
0.040850
0.041483
0.041539
0.041614
0.041620
0.041072
0.041555
0.040853
0.041077
0.040895
0.051655
0.043055
0.041775
0.041434
0.041280
0.041151
0.041473
0.041189
0.041850
0.041422
0.041358
0.041190
0.041274
0.041026
0.041243
0.041345
0.041284
0.041490
0.041713
0.041820
0.041931
0.041752
0.041156
0.041191
0.040945
0.041324
0.041354
0.041097
0.041377
0.041237
0.041226
0.041213
0.041502
0.041415
0.041020
0.041210
0.041287
0.041588
0.041084
0.041100
0.041816
0.040982
0.041324
0.041261
0.041831
0.041358
0.041181
0.041431
0.041729
0.041814
0.041198
0.041684
0.041862
0.041847
0.041286
0.041181
0.041354
0.041881
0.041756
0.041868
0.045030
0.042427
0.041507
0.041559
0.040648
0.040690
0.040831
0.040661
0.040723
0.040581
0.040540
0.040633
0.041279
0.040638
0.041033
0.041269
0.040593
0.040900
0.040762
0.041174
0.040659
0.041003
0.041287
0.041095
0.040598
0.040621
0.041460
0.041666
0.040727
0.041498
0.040876
0.040876
0.041225
0.041375
0.040742
0.041354
0.041564
0.041623
0.041526
0.041394
0.040966
0.041123
0.040818
0.040954
0.040728
0.041346
0.040760
0.040758
0.040870
0.040796
0.040953
0.040940
0.041211
0.041822
0.041082
0.040852
0.041067
0.040978
0.040862
0.040788
0.041478
0.041064
0.040817
0.041081
0.040796
0.041658
0.040995
0.040762
0.041570
0.041699
0.041373
0.041196
0.040827
0.041053
0.040760
0.040856
0.040655
0.040837
0.041032
0.041063
