0.008540
0.006210
0.005770
0.005685
0.005519
0.005767
0.005514
0.005522
0.005539
0.005349
0.005441
0.005356
0.005444
0.005351
0.005445
0.005460
0.005494
0.005487
0.005389
0.005425
0.005365
0.005438
0.005340
0.005431
0.005345
0.005436
0.005343
0.005445
0.005380
0.005416
0.005402
0.005384
0.005421
0.005463
0.005435
0.005353
0.005528
0.005335
0.005431
0.005350
0.005436
0.005374
0.005396
0.005406
0.005469
0.005446
0.005340
0.005438
0.005339
0.005429
0.005391
0.005535
0.005379
0.005445
0.005495
0.005382
0.005533
0.005345
0.005488
0.005346
0.005435
0.005342
0.005436
0.005346
0.005446
0.005388
0.005387
0.005416
0.005364
0.005442
0.005347
0.005439
0.005345
0.005525
0.005345
0.005434
0.005345
0.005438
0.005390
0.005386
0.005424
0.005361
0.005438
0.005350
0.005440
0.005344
0.005433
0.005354
0.005429
0.005333
0.005435
0.005486
0.005378
0.005445
0.005342
0.005429
0.005458
0.005440
0.005345
0.005439
0.005342
0.005437
0.005372
0.005395
0.005398
0.005366
0.005432
0.005344
0.005434
0.005343
0.005522
0.005340
0.005434
0.005347
0.005436
0.005379
0.005401
0.005405
0.005360
0.005435
0.005339
0.005489
0.005342
0.005431
0.005345
0.005435
0.005349
0.005492
0.005481
0.005371
0.005472
0.005389
0.005437
0.005347
0.005431
0.005331
0.005504
0.005341
0.005434
0.005368
0.005415
0.005531
0.005378
0.005516
0.005334
0.005428
0.005339
0.005504
0.005334
0.005426
0.005342
0.005437
0.005382
0.005400
0.005405
0.005442
0.005927
0.005432
0.005462
0.005345
0.005436
0.005352
0.005435
0.005393
0.005393
0.005507
0.005348
0.005436
0.005344
0.005433
0.005347
0.005443
0.005346
0.005438
0.005342
0.005443
0.005399
0.005377
0.005441
0.005346
0.005434
0.005346
0.005433
0.005345
0.005503
0.005343
0.005468
0.005464
0.005389
0.005420
0.005361
0.005429
0.005343
0.005433
0.005347
0.005437
0.005341
0.005431
0.005339
0.005439
0.005375
0.005399
0.005485
0.005360
0.005445
0.005337
0.005433
0.005336
0.005434
0.005465
0.005426
0.005365
0.005412
0.005385
0.005386
0.005414
0.005354
0.005450
0.005439
0.005430
0.005345
0.005601
0.005344
0.005436
0.005383
0.005402
0.005410
0.005373
0.005433
0.005344
0.005433
0.005332
0.005551
0.005339
0.005444
0.005344
0.005432
0.005383
0.005402
0.005484
0.005367
0.005432
0.005341
0.005434
0.005339
0.005426
0.005337
0.005427
0.005366
0.005412
0.005387
0.005394
0.005420
0.005363
0.005435
0.005350
0.005432
0.005347
0.005505
0.005340
0.005438
0.005364
0.005416
0.005392
0.005379
0.005423
0.005361
0.005435
0.005342
0.005443
0.005337
0.005436
0.005348
0.005426
0.005363
0.005413
0.005457
0.005460
0.005477
0.005344
0.005430
0.005340
0.005426
0.005348
0.005437
0.005335
0.005433
0.005369
0.005400
0.005403
0.005373
0.005434
0.005355
0.005438
0.005337
0.005499
0.005338
0.005435
0.005344
0.005433
0.005366
0.005398
0.005396
0.005379
0.005489
0.005418
0.005440
0.005348
0.005430
0.005344
0.005432
0.005345
0.005441
0.005443
0.005391
0.005435
0.005337
0.005427
0.005343
0.005426
0.005338
0.005431
0.005334
0.005545
0.005357
0.005417
0.005392
0.005389
0.005520
0.005342
0.005434
0.005415
0.005628
0.005432
0.005497
0.005433
0.005406
0.005404
0.005379
0.005416
0.005362
0.005438
0.005341
0.005433
0.005337
0.005421
0.005337
0.005434
0.005358
0.005421
0.005449
0.005382
0.005434
0.005337
0.005436
0.005343
0.005429
0.005339
0.005436
0.005331
0.005427
0.005357
0.005407
0.005385
0.005379
0.005515
0.005345
0.005431
0.005491
0.005496
0.005347
0.005445
0.005343
0.005444
0.005415
0.005395
0.005409
0.005363
0.005436
0.005340
0.005439
0.005340
0.005476
0.005346
0.005439
0.005339
0.005490
0.005498
0.005439
0.005477
0.005431
0.005482
0.005343
0.005471
0.005434
0.005436
0.005354
0.005412
0.005386
0.005390
0.005416
0.005356
0.005466
0.005425
0.005462
0.005462
0.005487
0.005342
0.005436
0.005379
0.005404
0.005409
0.005376
0.005559
0.005438
0.005440
0.005352
0.005434
0.005340
0.005439
0.005369
0.005416
0.005398
0.005413
0.005490
0.005344
0.005435
0.005340
0.005439
0.005334
0.005437
0.005348
0.005433
0.005375
0.005414
0.005399
0.005380
0.005442
0.005343
0.005441
0.005340
0.005433
0.005346
0.005486
0.005343
0.005438
0.005370
0.005397
0.005401
0.005369
0.005430
0.005341
0.005429
0.005348
0.005436
0.005331
0.005437
0.005340
0.005433
0.005485
0.005400
0.005458
0.005376
0.005439
0.005344
0.005444
0.005330
0.005427
0.005345
0.005434
0.005342
0.005438
0.005378
0.005391
0.005433
0.005338
0.005440
0.005352
0.005440
0.005353
0.005485
0.005346
0.005515
0.005365
0.005411
0.005388
0.005388
0.005435
0.005346
0.005436
0.005344
0.005434
0.005340
0.005431
0.005355
0.005436
0.005368
0.005429
0.005437
0.005341
0.005511
0.005386
0.005441
0.005348
0.005521
0.005365
0.005440
0.005344
0.005436
0.005382
0.005399
0.005447
0.005347
0.005435
0.005348
0.005437
0.005351
0.005484
0.005333
0.005439
0.005358
0.005418
0.005382
0.005391
0.005435
0.005346
0.005429
0.005340
0.005439
0.005561
0.005437
0.005345
0.005429
0.005368
0.005412
0.005442
0.005380
0.005438
0.005451
0.006182
0.006635
0.006195
0.005847
0.005952
0.006137
0.005939
0.005805
0.005910
0.005806
0.005962
0.005912
0.005924
0.005889
0.005870
0.005941
0.005847
0.005789
0.005777
0.005829
0.005713
0.005679
0.005708
0.005667
0.005665
0.005644
0.005662
0.005661
0.005664
0.005690
0.005781
0.005845
0.005774
0.005626
0.005734
0.005678
0.005836
0.005722
0.005611
0.005646
0.005657
0.005658
0.005615
0.005657
0.005661
0.005723
0.005639
0.005662
0.005661
0.005662
0.005632
0.005668
0.005742
0.005671
0.005697
0.005575
0.005345
0.005354
0.005344
0.005351
0.005347
0.005346
0.005354
0.005346
0.005346
0.005450
0.005392
0.005444
0.005349
0.005349
0.005345
0.005345
0.005344
0.005347
0.005344
0.005338
0.005333
0.005340
0.005348
0.005341
0.005344
0.005342
0.005344
0.005350
0.005350
0.005346
0.005342
0.005381
0.005347
0.005344
0.005338
0.005341
0.005334
0.005344
0.005348
0.005346
0.005349
0.005340
0.005449
0.005341
0.005377
0.005337
0.005331
0.005335
0.005341
0.005338
0.005332
0.005337
0.005339
0.005343
0.005348
0.005337
0.005346
0.005350
0.005343
0.005346
0.005338
0.005342
0.005353
0.005337
0.005343
0.005352
0.005346
0.005357
0.005348
0.005334
0.005339
0.005347
0.005341
0.005336
0.005343
0.005344
0.005436
0.005387
0.005423
0.005342
0.005349
0.005339
0.005342
0.005348
0.005343
0.005349
0.005340
0.005332
0.005449
0.005344
0.005342
0.005388
0.005348
0.005341
0.005337
0.005340
0.005342
0.005332
0.005349
0.005340
0.005339
0.005340
0.005346
0.005448
0.005347
0.005340
0.005346
0.005481
0.005410
0.005344
0.005347
0.005345
0.005340
0.005338
0.005337
0.005337
0.005339
0.005327
0.005332
0.005335
0.005332
0.005337
0.005338
0.005336
0.005337
0.005339
0.005339
0.005337
0.005340
0.005339
0.005333
0.005345
0.005339
0.005336
0.005542
0.005344
0.005431
0.005336
0.005335
0.005339
0.005428
0.005343
0.005339
0.005342
0.005337
0.005336
0.005332
0.005328
0.005337
0.005343
0.005341
0.005342
0.005339
0.005344
0.005339
0.005337
0.005333
0.005345
0.005341
0.005341
0.005348
0.005342
0.005348
0.005343
0.005343
0.005430
0.005419
0.005463
0.005383
0.005502
0.005338
0.005381
0.005349
0.005346
0.005340
0.005445
0.005343
0.005357
0.005354
0.005385
0.005430
0.005345
0.005350
0.005347
0.005344
0.005341
0.005427
0.005424
0.005344
0.005563
0.005484
0.005398
0.005410
0.005412
0.005377
0.005439
0.005358
0.005441
0.005335
0.005432
0.005340
0.005435
0.005344
0.005439
0.005459
0.005394
0.005421
0.005366
0.005430
0.005344
0.005434
0.005339
0.005444
0.005340
0.005434
0.005386
0.005436
0.005403
0.005375
0.005438
0.005353
0.005440
0.005437
0.005440
0.005344
0.005543
0.005349
0.005437
0.005384
0.005391
0.005420
0.005365
0.005443
0.005351
0.005486
0.005345
0.005433
0.005347
0.005436
0.005330
0.005440
0.005382
0.005388
0.005425
0.005362
0.005439
0.005345
0.005439
0.005340
0.005440
0.005336
0.005441
0.005385
0.005450
0.005402
0.005376
0.005419
0.005360
0.005432
0.005337
0.005446
0.005342
0.005436
0.005340
0.005492
0.005367
0.005398
0.005395
0.005373
0.005435
0.005474
0.005501
0.005344
0.005551
0.005359
0.005436
0.005338
0.005427
0.005386
0.005383
0.005411
0.005349
0.005426
0.005347
0.005426
0.005341
0.005521
0.005336
0.005440
0.005382
0.005454
0.005402
0.005376
0.005432
0.005347
0.005424
0.005346
0.005442
0.005348
0.005431
0.005342
0.005431
0.005369
0.005404
0.005390
0.005373
0.005430
0.005339
0.005481
0.005342
0.005437
0.005339
0.005437
0.005338
0.005440
0.005381
0.005510
0.005418
0.005357
0.005431
0.005346
0.005442
0.005342
0.005440
0.005336
0.005436
0.005372
0.005538
0.005401
0.005394
0.005509
0.005345
0.005430
0.005339
0.005437
0.005335
0.005427
0.005342
0.005431
0.005333
0.005439
0.005392
0.005380
0.005440
0.005355
0.005403
0.005348
0.005347
0.005347
0.005348
0.005333
0.005344
0.005475
0.005345
0.005343
0.005343
0.005331
0.005339
0.005346
0.005351
0.005341
0.005589
0.005360
0.005348
0.005342
0.005339
0.005344
0.005332
0.005334
0.005337
0.005338
0.005342
0.005339
0.005335
0.005335
0.005338
0.005340
0.005334
0.005346
0.005337
0.005340
0.005348
0.005342
0.005340
0.005346
0.005343
0.005340
0.005338
0.005340
0.005342
0.005349
0.005340
0.005347
0.005343
0.005353
0.005341
0.005342
0.005349
0.005349
0.005344
0.005344
0.005346
0.005349
0.005337
0.005340
0.005353
0.005342
0.005507
0.005352
0.005343
0.005344
0.005346
0.005403
0.005345
0.005341
0.005336
0.005335
0.005343
0.005346
0.005349
0.005346
0.005339
0.005343
0.005341
0.005338
0.005332
0.005339
0.005334
0.005337
0.005335
0.005334
0.005341
0.005348
0.005336
0.005339
0.005338
0.005331
0.005337
0.005341
0.005338
0.005347
0.005346
0.005335
0.005339
0.005343
0.005343
0.005334
0.005340
0.005367
0.005459
0.005403
0.005339
0.005348
0.005452
0.005338
0.005345
0.005342
0.005346
0.005348
0.005346
0.005335
0.005338
0.005333
0.005339
0.005346
0.005340
0.005336
0.005340
0.005337
0.005339
0.005342
0.005342
0.005355
0.005346
0.005330
0.005339
0.005350
0.005332
0.005402
0.005337
0.005338
0.005333
0.005340
0.005342
0.005338
0.005338
0.005351
0.005339
0.005341
0.005346
0.005338
0.005348
0.005338
0.005332
0.005334
0.005346
0.005340
0.005343
0.005342
0.005555
0.005344
0.005337
0.005330
0.005344
0.005342
0.005346
0.005344
0.005333
0.005338
0.005338
0.005345
0.005336
0.005341
0.005334
0.005337
0.005416
0.005327
0.005344
0.005346
0.005384
0.005343
0.005350
0.005338
0.005344
0.005337
0.005327
0.005387
0.005384
0.005335
0.005342
0.005338
0.005334
0.005337
0.005343
0.005336
0.005430
0.005328
0.005345
0.005390
0.005426
0.005337
0.005394
0.005376
0.005435
0.005343
0.005582
0.005337
0.005392
0.005393
0.005345
0.005344
0.005346
0.005343
0.005349
0.005337
0.005337
0.005339
0.005336
0.005338
0.005476
0.005345
0.005340
0.005339
0.005342
0.005337
0.005344
0.005337
0.005334
0.005432
0.005338
0.005341
0.005342
0.005339
0.005338
0.005342
0.005335
0.005343
0.005339
0.005331
0.005341
0.005345
0.005342
0.005338
0.005343
0.005344
0.005343
0.005342
0.005338
0.005347
0.005338
0.005340
0.005448
0.005340
0.005336
0.005349
0.005340
0.005341
0.005368
0.005385
0.005338
0.005339
0.005341
0.005348
0.005344
0.005340
0.005338
0.005345
0.005344
0.005344
0.005346
0.005334
0.005339
0.005344
0.005338
0.005344
0.005346
0.005344
0.005335
0.005338
0.005344
0.005337
0.005347
0.005343
0.005342
0.005345
0.005337
0.005334
0.005341
0.005337
0.005336
0.005337
0.005338
0.005338
0.005335
0.005334
0.005332
0.005338
0.005450
0.005364
0.005387
0.005343
0.005332
0.005339
0.005343
0.005343
0.005338
0.005369
0.005443
0.005342
0.005333
0.005342
0.005345
0.005333
0.005332
0.005338
0.005330
0.005331
0.005391
0.005336
0.005326
0.005334
0.005337
0.005331
0.005348
0.005345
0.005336
0.005343
0.005341
0.005331
0.005346
0.005335
0.005342
0.005340
0.005331
0.005336
0.005340
0.005342
0.005336
0.005339
0.005333
0.005337
0.005340
0.005383
0.005414
0.005334
0.005336
0.005344
0.005343
0.005336
0.005341
0.005336
0.005339
0.005337
0.005338
0.005338
0.005342
0.005338
0.005334
0.005344
0.005343
0.005340
0.005337
0.005341
0.005331
0.005403
0.005339
0.005341
0.005334
0.005337
0.005339
0.005340
0.005336
0.005338
0.005335
0.005328
0.005331
0.005343
0.005336
0.005333
0.005339
0.005336
0.005343
0.005342
0.005336
0.005336
0.005339
0.005485
0.005350
0.005419
0.005372
0.005416
0.005337
0.005337
0.005343
0.005387
0.005490
0.005349
0.005342
0.005347
0.005340
0.005341
0.005340
0.005339
0.005333
0.005337
0.005333
0.005337
0.005328
0.005340
0.005337
0.005331
0.005334
0.005341
0.005336
0.005338
0.005349
0.005335
0.005339
0.005342
0.005342
0.005346
0.005349
0.005337
0.005341
0.005339
0.005330
0.005336
0.005337
0.005337
0.005339
0.005336
0.005338
0.005338
0.005337
0.005442
0.005348
0.005341
0.005396
0.005345
0.005334
0.005331
0.005339
0.005335
0.005335
0.005334
0.005339
0.005332
0.005338
0.005341
0.005341
0.005345
0.005340
0.005336
0.005339
0.005339
0.005342
0.005351
0.005337
0.005339
0.005342
0.005337
0.005331
0.005341
0.005333
0.005331
0.005344
0.005340
0.005339
0.005337
0.005334
0.005334
0.005346
0.005342
0.005348
0.005342
0.005332
0.005329
0.005340
0.005336
0.005342
0.005496
0.005342
0.005385
0.005489
0.005344
0.005341
0.005345
0.005339
0.005343
0.005341
0.005337
0.005341
0.005346
0.005343
0.005331
0.005339
0.005343
0.005331
0.005343
0.005338
0.005331
0.005332
0.005331
0.005334
0.005337
0.005332
0.005335
0.005335
0.005334
0.005347
0.005338
0.005336
0.005336
0.005340
0.005335
0.005339
0.005340
0.005339
0.005337
0.005349
0.005336
0.005335
0.005345
0.005338
0.005338
0.005339
0.005443
0.005342
0.005348
0.005341
0.005338
0.005345
0.005819
0.006141
0.006244
0.006121
0.006054
0.006127
0.005973
0.006015
0.005977
0.005893
0.005915
0.005880
0.005848
0.005897
0.005895
0.005862
0.005858
0.005918
0.005942
0.005851
0.005756
0.005708
0.005716
0.005634
0.005739
0.005877
0.005781
0.005769
0.005702
0.005748
0.005838
0.005852
0.005758
0.005779
0.005740
0.005667
0.005755
0.005628
0.005703
0.005653
0.005727
0.005701
0.005695
0.005748
0.005652
0.005812
0.005729
0.005772
0.005788
0.005760
0.005711
0.005648
0.005720
0.005653
0.005777
0.005706
0.005800
0.005716
0.005716
0.005714
0.005648
0.005718
0.005695
0.005677
0.005713
0.005655
0.005753
0.005740
0.005727
0.005749
0.005651
0.005745
0.005655
0.005754
0.005706
0.005692
0.005744
0.005649
0.005748
0.005727
0.005735
0.005701
0.005767
0.005781
0.005752
0.005737
0.005650
0.005707
0.005645
0.005765
0.005703
0.005673
0.005715
0.005748
0.005719
0.005645
0.005714
0.005711
0.005658
0.005699
0.005651
0.005754
0.005700
0.005692
0.005734
0.005666
0.005758
0.005654
0.005722
0.005694
0.005713
0.005729
0.005675
0.005744
0.005655
0.005756
0.005687
0.005777
0.005765
0.005799
0.005714
0.005717
0.005805
0.005648
0.005707
0.005717
0.005659
0.005712
0.005645
0.005776
0.005670
0.005691
0.005708
0.005654
0.005797
0.005649
0.005761
0.005690
0.005805
0.005620
0.005445
0.005443
0.005344
0.005435
0.005344
0.005350
0.005343
0.005348
0.005347
0.005347
0.005336
0.005329
0.005336
0.005345
0.005339
0.005344
0.005336
0.005336
0.005344
0.005335
0.005340
0.005345
0.005342
0.005328
0.005410
0.005341
0.005332
0.005452
0.005343
0.005394
0.005348
0.005340
0.005342
0.005343
0.005337
0.005333
0.005341
0.005346
0.005339
0.005343
0.005339
0.005345
0.005342
0.005342
0.005337
0.005349
0.005343
0.005341
0.005339
0.005334
0.005345
0.005343
0.005338
0.005337
0.005347
0.005340
0.005342
0.005345
0.005424
0.005332
0.005339
0.005338
0.005335
0.005343
0.005346
0.005336
0.005339
0.005344
0.005339
0.005343
0.005331
0.005341
0.005346
0.005448
0.005350
0.005381
0.005338
0.005394
0.005434
0.005386
0.005341
0.005339
0.005336
0.005437
0.005352
0.005437
0.005522
0.005379
0.005347
0.005349
0.005336
0.005343
0.005343
0.005337
0.005336
0.005344
0.005344
0.005348
0.005346
0.005401
0.005503
0.005403
0.005374
0.005355
0.005338
0.005346
0.005344
0.005343
0.005337
0.005341
0.005341
0.005340
0.005343
0.005336
0.005337
0.005338
0.005337
0.005340
0.005343
0.005450
0.005336
0.005388
0.005335
0.005337
0.005339
0.005331
0.005339
0.005341
0.005340
0.005344
0.005346
0.005341
0.005340
0.005342
0.005332
0.005333
0.005344
0.005345
0.005342
0.005348
0.005341
0.005337
0.005348
0.005342
0.005337
0.005347
0.005333
0.005345
0.005341
0.005350
0.005354
0.005353
0.005345
0.005340
0.005339
0.005332
0.005341
0.005350
0.005339
0.005337
0.005349
0.005347
0.005345
0.005342
0.005384
0.005405
0.005342
0.005331
0.005339
0.005344
0.005345
0.005337
0.005347
0.005338
0.005482
0.005347
0.005347
0.005346
0.005339
0.005347
0.005346
0.005351
0.005343
0.005340
0.005343
0.005338
0.005334
0.005344
0.005341
0.005343
0.005340
0.005332
0.005337
0.005345
0.005338
0.005342
0.005337
0.005342
0.005333
0.005342
0.005340
0.005342
0.005351
0.005415
0.005352
0.005339
0.005336
0.005334
0.005335
0.005334
0.005414
0.005375
0.005389
0.005337
0.005334
0.005340
0.005344
0.005330
0.005343
0.005350
0.005347
0.005335
0.005344
0.005340
0.005340
0.005342
0.005338
0.005344
0.005334
0.005330
0.005336
0.005342
0.005343
0.005346
0.005342
0.005341
0.005344
0.005350
0.005333
0.005345
0.005342
0.005335
0.005335
0.005345
0.005393
0.005339
0.005426
0.005341
0.005342
0.005327
0.005339
0.005351
0.005411
0.005345
0.005342
0.005338
0.005514
0.005343
0.005342
0.005336
0.005432
0.005346
0.005342
0.005382
0.005436
0.005341
0.005338
0.005336
0.005332
0.005340
0.005338
0.005342
0.005338
0.005435
0.005341
0.005344
0.005334
0.005330
0.005335
0.005337
0.005330
0.005337
0.005329
0.005335
0.005478
0.005333
0.005342
0.005344
0.005336
0.005334
0.005335
0.005327
0.005335
0.005348
0.005336
0.005338
0.005341
0.005335
0.005336
0.005337
0.005630
0.005362
0.005466
0.005344
0.005342
0.005338
0.005335
0.005336
0.005340
0.005338
0.005346
0.005342
0.005336
0.005335
0.005333
0.005336
0.005332
0.005337
0.005331
0.005333
0.005336
0.005330
0.005332
0.005341
0.005347
0.005333
0.005342
0.005336
0.005336
0.005345
0.005338
0.005334
0.005349
0.005334
0.005341
0.005335
0.005341
0.005338
0.005346
0.005342
0.005343
0.005344
0.005340
0.005344
0.005340
0.005333
0.005340
0.005348
0.005433
0.005340
0.005345
0.005344
0.005340
0.005333
0.005331
0.005334
0.005345
0.005336
0.005337
0.005337
0.005339
0.005341
0.005341
0.005334
0.005343
0.005345
0.005332
0.005341
0.005337
0.005336
0.005348
0.005338
0.005474
0.005337
0.005330
0.005334
0.005343
0.005334
0.005337
0.005344
0.005339
0.005344
0.005343
0.005343
0.005334
0.005344
0.005340
0.005339
0.005381
0.005408
0.005350
0.005347
0.005339
