0.014937
0.012190
0.012234
0.012302
0.012217
0.012236
0.012344
0.012289
0.012213
0.012187
0.012207
0.012171
0.012287
0.012289
0.012315
0.012287
0.012259
0.012271
0.012143
0.012216
0.012177
0.012265
0.012305
0.012271
0.012226
0.012218
0.012206
0.012187
0.012251
0.012285
0.012349
0.012319
0.012210
0.012230
0.012229
0.012195
0.012209
0.012194
0.012287
0.012434
0.012202
0.012248
0.012178
0.012251
0.012210
0.012200
0.012239
0.012310
0.012300
0.012190
0.012243
0.012217
0.012379
0.012246
0.012254
0.012323
0.012279
0.012216
0.012179
0.012172
0.012188
0.012232
0.012194
0.012302
0.012310
0.012187
0.012234
0.012235
0.012245
0.012212
0.012241
0.012293
0.012326
0.012210
0.012217
0.012231
0.012169
0.012219
0.012216
0.012334
0.012310
0.012233
0.015353
0.012649
0.012240
0.012116
0.012235
0.012278
0.012257
0.012116
0.012205
0.012159
0.012227
0.012206
0.012173
0.012307
0.012278
0.012121
0.012125
0.012193
0.012207
0.012151
0.012137
0.012206
0.012341
0.012117
0.012125
0.012142
0.012179
0.012204
0.012112
0.012209
0.012317
0.012350
0.012326
0.012161
0.012156
0.012176
0.012190
0.012170
0.012261
0.012244
0.012176
0.012190
0.012070
0.012150
0.012190
0.012272
0.012248
0.012230
0.013206
0.012917
0.012991
0.012594
0.012482
0.012492
0.012659
0.012668
0.012425
0.012420
0.012480
0.012448
0.012396
0.012520
0.012413
0.012439
0.012408
0.012418
0.012338
0.012281
0.012380
0.012359
0.012402
0.012333
0.012351
0.012319
0.012318
0.012290
0.012327
0.012279
0.012413
0.012290
0.012312
0.012300
0.012346
0.012319
0.012313
0.012301
0.012366
0.012321
0.012343
0.012414
0.012386
0.012320
0.012295
0.012318
0.012384
0.012359
0.012318
0.012125
0.012063
0.012148
0.012060
0.012052
0.012091
0.012185
0.012230
0.012133
0.012094
0.012070
0.012153
0.012140
0.012196
0.012300
0.012106
0.012135
0.012054
0.012115
0.012083
0.012066
0.012140
0.012163
0.012171
0.012126
0.012239
0.012154
0.012073
0.012093
0.012075
0.012270
0.012185
0.012267
0.012260
0.012109
0.012031
0.012108
0.012038
0.012062
0.012095
0.012053
0.012103
0.012132
0.012062
0.012132
0.011992
0.012055
0.012158
0.012138
0.012139
0.012052
0.012076
0.012072
0.012106
0.012099
0.012153
0.011999
0.012075
0.012053
0.012015
0.012186
0.012084
0.012112
0.012167
0.012224
0.012137
0.012106
0.014105
0.012169
0.012110
0.012111
0.012263
0.012188
0.012183
0.012076
0.012080
0.012089
0.012057
0.012071
0.012157
0.012162
0.012219
0.012202
0.012090
0.012113
0.012156
0.012122
0.012085
0.012253
0.012139
0.012113
0.012117
0.012112
0.012128
0.012138
0.012128
0.012237
0.012189
0.012237
0.012143
0.012125
0.012161
0.012248
0.012123
0.012297
0.012230
0.012145
0.012249
0.012287
0.012170
0.012058
0.012160
0.012143
0.012388
0.012141
0.012171
0.012292
0.012194
0.012236
0.012179
0.012152
0.012234
0.012358
0.012163
0.012102
0.012185
0.012172
0.012117
0.012142
0.012128
0.012019
0.012111
0.012091
0.012115
0.012291
0.012256
0.012068
0.012371
0.012126
0.012043
0.012178
0.012082
0.012240
0.012007
0.012205
0.012146
0.012217
0.012111
0.012141
0.012030
0.012045
0.012053
0.012130
0.012095
0.012310
0.012139
0.012114
0.012054
0.012260
0.012103
0.012001
0.012145
0.012137
0.012021
0.012290
0.012135
0.012073
0.012099
0.012067
0.012090
0.012227
0.012180
0.012221
0.012293
0.012328
0.012193
0.012062
0.012169
0.012183
0.012107
0.012149
0.012030
0.012074
0.012089
0.012142
0.012128
0.012113
0.012204
0.012017
0.012011
0.012133
0.012057
0.012027
0.012070
0.012224
0.012206
0.012183
0.011999
0.012033
0.012180
0.012078
0.012130
0.012094
0.012167
0.012063
0.012235
0.012201
0.012238
0.012144
0.012168
0.012125
0.012069
0.012059
0.012023
0.012160
0.012229
0.012110
0.012124
0.012117
0.012129
0.012103
0.012031
0.012010
0.012012
0.012093
0.012116
0.012168
0.012202
0.012145
0.012211
0.012117
0.012035
0.012100
0.012069
0.012068
0.012205
0.012167
0.012142
0.012144
0.012240
0.012153
0.012194
0.012012
0.012114
0.012044
0.012225
0.012067
0.012094
0.012026
0.012141
0.012100
0.012222
0.012069
0.012185
0.012146
0.012091
0.012078
0.012083
0.012124
0.012202
0.012163
0.012215
0.012163
0.012128
0.012022
0.012205
0.011999
0.012011
0.012302
0.012127
0.012118
0.012129
0.012066
0.014781
0.012345
0.012217
0.012162
0.012073
0.012154
0.011999
0.012128
0.012221
0.012016
0.012085
0.012108
0.012078
0.012165
0.012063
0.012170
0.012199
0.012140
0.012203
0.012093
0.012174
0.012170
0.012147
0.012198
0.012065
0.012223
0.012196
0.012139
0.012111
0.012157
0.012116
0.012288
0.012060
0.012070
0.012214
0.012093
0.012296
0.012131
0.012278
0.012080
0.012092
0.012090
0.012128
0.012076
0.012157
0.012198
0.012078
0.012088
0.012187
0.012184
0.012163
0.012010
0.012040
0.012201
0.012107
0.012067
0.011987
0.012138
0.012083
0.012121
0.011960
0.012232
0.012185
0.012178
0.012135
0.012193
0.012151
0.012110
0.012086
0.012123
0.012252
0.012069
0.012006
0.012092
0.012071
0.012021
0.012123
0.012160
0.012248
0.012150
0.012273
0.012129
0.012143
0.012112
0.012316
0.012005
0.012195
0.012207
0.012636
0.013237
0.013036
0.012856
0.012651
0.012660
0.012832
0.012724
0.012500
0.012432
0.012437
0.012369
0.012411
0.012529
0.012509
0.012499
0.012409
0.012419
0.012525
0.012372
0.012503
0.012532
0.012411
0.012405
0.012385
0.012383
0.012350
0.012421
0.012404
0.012338
0.012422
0.012491
0.012391
0.012475
0.012428
0.012425
0.012434
0.012389
0.012342
0.012383
0.012408
0.012409
0.012313
0.012425
0.012454
0.012434
0.012432
0.012450
0.012396
0.012569
0.012423
0.012318
0.012372
0.012360
0.012384
0.012485
0.012396
0.012260
0.012357
0.012470
0.012377
0.012481
0.012426
0.012441
0.012398
0.012476
0.012431
0.012406
0.012345
0.012353
0.012443
0.012408
0.012482
0.012440
0.012169
0.012209
0.012112
0.014591
0.013239
0.012149
0.012260
0.012037
0.012126
0.012104
0.012074
0.012148
0.012338
0.012235
0.012146
0.012242
0.012104
0.012057
0.012313
0.012088
0.012403
0.012241
0.012096
0.012136
0.012155
0.012117
0.012195
0.012315
0.012316
0.012113
0.012121
0.012177
0.012064
0.012061
0.012214
0.012118
0.012172
0.012178
0.012303
0.012191
0.012280
0.012290
0.012038
0.012120
0.012034
0.012182
0.012121
0.012013
0.012102
0.012069
0.012077
0.012184
0.012099
0.012244
0.012161
0.010848
0.010681
0.010659
0.010653
0.010663
0.010706
0.010768
0.010766
0.010747
0.010719
0.010660
0.010898
0.010861
0.010824
0.010660
0.010594
0.010593
0.010679
0.010627
0.010617
0.010617
0.010641
0.010615
0.010607
0.010554
0.010587
0.010605
0.010690
0.010639
0.010706
0.010606
0.010568
0.010588
0.010617
0.010555
0.010579
0.010603
0.010608
0.010605
0.010653
0.010603
0.010553
0.010589
0.010603
0.010566
0.010635
0.010700
0.010606
0.010566
0.010594
0.010607
0.010619
0.010688
0.010684
0.010634
0.010698
0.010524
0.010514
0.010546
0.010615
0.010698
0.010810
0.010819
0.010750
0.010663
0.010634
0.010618
0.010614
0.010619
0.010644
0.010610
0.010583
0.010628
0.010624
0.010630
0.010761
0.010715
0.013368
0.010733
0.010742
0.010796
0.010742
0.010698
0.010746
0.010644
0.010615
0.010629
0.010667
0.010668
0.010618
0.010593
0.010592
0.010713
0.010606
0.010585
0.010659
0.010644
0.010573
0.010774
0.010704
0.010609
0.010665
0.010710
0.010623
0.010613
0.010649
0.010641
0.010653
0.010655
0.010635
0.010661
0.010684
0.010641
0.010790
0.010783
0.010809
0.010698
0.010615
0.010659
0.010618
0.010701
0.010653
0.010618
0.010629
0.010705
0.010661
0.010649
0.010612
0.010703
0.010621
0.010716
0.010628
0.010629
0.010628
0.010675
0.010665
0.010616
0.010614
0.010698
0.010640
0.010688
0.010626
0.010640
0.010554
0.010715
0.010688
0.010660
0.010655
0.010672
0.010687
0.010713
0.010640
0.010632
0.010607
0.010633
0.010701
0.010618
0.010680
0.010652
0.010637
0.010646
0.010583
0.010621
0.010613
0.010620
0.010623
0.010638
0.010777
0.010637
0.010721
0.010600
0.010634
0.010635
0.010560
0.010646
0.010598
0.010708
0.010687
0.010660
0.010565
0.010553
0.010629
0.010626
0.010622
0.010577
0.010644
0.010653
0.010704
0.010643
0.010592
0.010706
0.010677
0.010636
0.010624
0.010622
0.010648
0.010691
0.010636
0.010679
0.010635
0.010597
0.010607
0.010645
0.010599
0.010670
0.010689
0.010612
0.010587
0.010590
0.010633
0.010660
0.010637
0.010600
0.010697
0.010747
0.010635
0.010598
0.010633
0.010622
0.010609
0.010623
0.010627
0.010624
0.010654
0.010685
0.010615
0.010642
0.010604
0.010647
0.010538
0.010628
0.010592
0.010683
0.010679
0.010641
0.010579
0.010737
0.010739
0.010669
0.010685
0.010735
0.010665
0.010636
0.010693
0.010712
0.010717
0.010666
0.010623
0.010641
0.010608
0.010646
0.010651
0.010658
0.010639
0.010641
0.010654
0.010640
0.010571
0.010670
0.010666
0.010627
0.010688
0.010726
0.010644
0.010598
0.010644
0.010577
0.010641
0.010637
0.010614
0.010687
0.010712
0.010650
0.010678
0.010684
0.010616
0.010636
0.010574
0.010559
0.010631
0.010720
0.010701
0.010668
0.010639
0.010625
0.010665
0.010634
0.010590
0.010641
0.010634
0.010661
0.010675
0.010633
0.010628
0.010600
0.010591
0.010595
0.010702
0.010640
0.010751
0.010639
0.010774
0.010635
0.010591
0.010576
0.010739
0.010618
0.010616
0.010676
0.010650
0.010567
0.010627
0.010623
0.010578
0.010614
0.010619
0.010580
0.010683
0.010741
0.010654
0.011781
0.011579
0.011426
0.011233
0.011271
0.011119
0.010952
0.010968
0.010930
0.010882
0.010828
0.010863
0.010822
0.010834
0.010886
0.010876
0.010853
0.010840
0.010862
0.010816
0.010881
0.010801
0.010811
0.010853
0.010873
0.010825
0.010883
0.010800
0.010798
0.010834
0.010839
0.010859
0.010881
0.010884
0.010857
0.010892
0.010887
0.010815
0.010799
0.010817
0.010846
0.010858
0.010854
0.010885
0.010818
0.010838
0.010835
0.010826
0.010874
0.010903
0.010820
0.010859
0.010854
0.010910
0.010856
0.010847
0.010846
0.010783
0.010802
0.010860
0.010830
0.010802
0.010852
0.010909
0.010913
0.010936
0.010887
0.010911
0.010915
0.010760
0.010873
0.010822
0.010829
0.010854
0.010925
0.010817
0.010818
0.010905
0.010851
0.010854
0.010815
0.010883
0.010770
0.010658
0.010633
0.010650
0.010639
0.010654
0.010592
0.010696
0.010732
0.010661
0.010650
0.010635
0.010608
0.010661
0.010654
0.010638
0.010723
0.010729
0.010645
0.010642
0.010601
0.013152
0.011737
0.010769
0.010648
0.010657
0.010689
0.010746
0.010709
0.010589
0.010605
0.010659
0.010687
0.010632
0.010653
0.010716
0.010691
0.010602
0.010588
0.010726
0.010712
0.010702
0.010613
0.010641
0.010684
0.010743
0.010729
0.010666
0.010664
0.010613
0.010599
0.010622
0.010614
0.010632
0.010713
0.010644
0.010619
0.010663
0.010630
0.010623
0.010620
0.010707
0.010705
0.010744
0.010636
0.010668
0.010609
0.010574
0.010610
0.010551
0.010645
0.010611
0.010616
0.010733
0.010759
0.010678
0.010672
0.010650
0.010641
0.010648
0.010682
0.010582
0.010730
0.010755
0.010712
0.010784
0.010717
0.010598
0.010637
0.010610
0.010576
0.010694
0.010745
0.010589
0.010605
0.010628
0.010627
0.010579
0.010625
0.010643
0.010681
0.010718
0.010574
0.010640
0.010644
0.010603
0.010671
0.010628
0.010620
0.010724
0.010704
0.010695
0.010633
0.010648
0.010592
0.010710
0.010632
0.010671
0.010650
0.010696
0.010641
0.010708
0.010651
0.010646
0.010671
0.010639
0.010643
0.010649
0.010631
0.010700
0.010641
0.010719
0.010710
0.010594
0.010636
0.010660
0.010611
0.010661
0.010701
0.010741
0.010805
0.010651
0.010653
0.010614
0.010621
0.010653
0.010680
0.010689
0.010666
0.010731
0.010616
0.010648
0.010607
0.010622
0.010740
0.010686
0.010630
0.010699
0.010679
0.010582
0.010616
0.010589
0.010625
0.010638
0.010649
0.010622
0.010690
0.010750
0.010715
0.010717
0.010664
0.010635
0.010646
0.010645
0.010613
0.010664
0.010690
0.010736
0.010716
0.010590
0.010627
0.010629
0.010643
0.010665
0.010642
0.010659
0.010763
0.010659
0.010639
0.010675
0.010676
0.010666
0.010634
0.010609
0.010670
0.010705
0.010661
0.010638
0.010658
0.010668
0.010657
0.010721
0.010623
0.010660
0.010729
0.010719
0.010646
0.010704
0.010749
0.010721
0.010701
0.010782
0.010657
0.010662
0.010704
0.010681
0.014218
0.011331
0.010777
0.010779
0.010718
0.010679
0.010750
0.010770
0.010773
0.010732
0.010737
0.010706
0.010720
0.010612
0.010711
0.010690
0.010786
0.010802
0.010692
0.010676
0.010678
0.010678
0.010635
0.010685
0.010690
0.010758
0.010797
0.010676
0.010638
0.010726
0.010757
0.010783
0.010696
0.010671
0.010724
0.010730
0.010720
0.010695
0.010682
0.010716
0.010644
0.010685
0.010692
0.010694
0.010698
0.010768
0.010685
0.010667
0.010698
0.010694
0.010679
0.010673
0.010740
0.010754
0.010800
0.010764
0.010767
0.010667
0.010684
0.010638
0.010694
0.010689
0.010682
0.010777
0.010723
0.010704
0.010693
0.010689
0.010690
0.010694
0.010726
0.010690
0.010773
0.010693
0.010695
0.010735
0.010670
0.010684
0.010681
0.010621
0.010663
0.010742
0.010731
0.010712
0.010822
0.010832
0.010770
0.010724
0.010688
0.010676
0.010757
0.010782
0.010705
0.010692
0.010683
0.010732
0.010701
0.010767
0.010829
0.010796
0.010773
0.010738
0.010665
0.010684
0.010667
0.010733
0.010674
0.010703
0.010700
0.010683
0.010766
0.010779
0.010727
0.010642
0.010686
0.010690
0.010633
0.010652
0.010757
0.010759
0.010665
0.010770
0.010711
0.010724
0.010697
0.010680
0.010664
0.010741
0.010752
0.010727
0.010698
0.010706
0.010762
0.010676
0.010708
0.010687
0.010698
0.010669
0.010708
0.010759
0.010701
0.010738
0.010706
0.010660
0.010688
0.010746
0.010704
0.010804
0.010705
0.010689
0.010683
0.010657
0.010688
0.010707
0.010716
0.010718
0.010726
0.010760
0.010686
0.010657
0.010730
0.010671
0.010704
0.010687
0.010661
0.010770
0.010697
0.011113
0.011811
0.011698
0.011732
0.011179
0.011152
0.011139
0.011219
0.011097
0.011039
0.010927
0.010944
0.010936
0.010945
0.010913
0.010912
0.010907
0.010894
0.010918
0.010931
0.010919
0.010929
0.010911
0.010943
0.010919
0.010930
0.010934
0.010853
0.010893
0.010926
0.010905
0.010918
0.010923
0.010914
0.010900
0.010905
0.010943
0.010959
0.010895
0.010918
0.010938
0.010935
0.010880
0.010913
0.010920
0.010935
0.010934
0.010903
0.010880
0.010870
0.010907
0.010893
0.010911
0.010905
0.010931
0.010926
0.010928
0.010884
0.010910
0.010899
0.010880
0.010908
0.010954
0.010912
0.010916
0.010757
0.010690
0.010716
0.010706
0.010703
0.010675
0.010856
0.010724
0.010706
0.010662
0.010667
0.010698
0.010674
0.010681
0.010680
0.010723
0.010797
0.010678
0.010692
0.010670
0.010671
0.010669
0.010667
0.010687
0.010719
0.010769
0.010731
0.010683
0.010694
0.010685
0.010681
0.010707
0.010704
0.010708
0.010718
0.010779
0.010678
0.010663
0.010683
0.010674
0.010706
0.010766
0.010674
0.010735
0.010769
0.010664
0.010686
0.010664
0.010726
0.010713
0.010820
0.010815
0.010762
0.010797
0.010735
0.010665
0.010685
0.010710
0.010756
0.010732
0.010680
0.010632
0.010754
0.010753
0.010840
0.010716
0.010680
0.010701
0.010685
0.010682
0.010698
0.010792
0.010864
0.010698
0.010722
0.010698
0.010681
0.010666
0.010682
0.010686
0.010733
0.010716
0.010685
0.010682
0.010703
0.010690
0.010683
0.010681
0.010675
0.010708
0.010769
0.010684
0.010743
0.010744
0.010789
0.010730
0.010657
0.010680
0.010689
0.010715
0.010749
0.010658
0.010695
0.010668
0.010832
0.010680
0.010645
0.010655
0.010638
0.010717
0.010672
0.010641
0.010647
0.010673
0.010637
0.010646
0.010635
0.010738
0.010737
0.010653
0.010651
0.010639
0.010672
0.010765
0.010734
0.010655
0.010616
0.010685
0.010738
0.010651
0.010666
0.010646
0.010697
0.010754
0.010836
0.010760
0.010758
0.010687
0.010684
0.010701
0.010792
0.010765
0.010708
0.010862
0.010881
0.010776
0.013413
0.010849
0.010818
0.010739
0.010686
0.010668
0.010655
0.010662
0.010610
0.010734
0.010668
0.010756
0.010669
0.010681
0.010653
0.010688
0.010726
0.010671
0.010700
0.010757
0.010670
0.010659
0.010652
0.010647
0.010767
0.010714
0.010643
0.010692
0.010685
0.010648
0.010672
0.010666
0.010647
0.010641
0.010647
0.010643
0.010632
0.010746
0.010765
0.010809
0.010722
0.010675
0.010646
0.010644
0.010609
0.010688
0.010690
0.010724
0.010693
0.010782
0.010845
0.010848
0.010717
0.010636
0.010629
0.010654
0.010686
0.010674
0.010659
0.010652
0.010693
0.010751
0.010721
0.010698
0.010658
0.010715
0.010683
0.010688
0.010623
0.010639
0.010645
0.010663
0.010637
0.010648
0.010682
0.010673
0.010715
0.010638
0.010646
0.010669
0.010686
0.010676
0.010643
0.010629
0.010781
0.010831
0.010718
0.010679
0.010638
0.010676
0.010629
0.010711
0.010669
0.010693
0.010751
0.010612
0.010630
0.010622
0.010655
0.010648
0.010665
0.010642
0.010679
0.010678
0.010771
0.010672
0.010637
0.010647
0.010732
0.010719
0.010633
0.010632
0.010724
0.010661
0.010646
0.010654
0.010669
0.010621
0.010650
0.010651
0.010645
0.010697
0.010712
0.010679
0.010642
0.010650
0.010653
0.010619
0.010630
0.010640
0.010635
0.010761
0.010713
0.010679
0.010744
0.010682
0.010655
0.010649
0.010656
0.010639
0.010757
0.010713
0.010618
0.010632
0.010639
0.010764
0.010738
0.010659
0.010657
0.010698
0.010770
0.010687
0.010652
0.010638
0.010712
0.010721
0.010612
0.010642
0.010630
0.010675
0.010677
0.010646
0.010632
0.010658
0.010642
0.010634
0.010632
0.010629
0.010692
0.010689
0.010659
0.010636
0.010617
0.010655
0.010616
0.010627
0.010658
0.010721
0.010772
0.010660
0.010639
0.010644
0.010647
0.010702
0.010654
0.010646
0.010646
0.010770
0.010654
0.010617
0.010647
0.010643
0.010630
0.010619
0.010686
0.010650
0.010712
0.010726
0.010707
0.010653
0.010683
0.010682
0.010666
0.010612
0.010630
0.010669
0.010724
0.010601
0.010640
0.010624
0.010625
0.010624
0.010621
0.010639
0.010646
0.010709
0.010635
0.010597
0.010612
0.010622
0.010662
0.010611
0.010626
0.010699
0.010739
0.010725
0.010773
0.010615
0.010629
0.010623
0.010657
0.010647
0.010628
0.010683
0.010672
0.010696
0.010689
0.010717
0.010620
0.010644
0.010657
0.010640
0.010660
0.010624
0.010675
0.010632
0.010697
0.010703
0.010633
0.010637
0.010645
0.010649
0.010604
0.010716
0.010628
0.011738
0.011684
0.011494
0.011262
0.011214
0.011097
0.011075
0.011317
0.011095
0.010956
0.010913
0.010886
0.010883
0.010912
0.010903
0.010915
0.010917
0.010880
0.010887
0.010887
0.010898
0.010891
0.010859
0.010882
0.010922
0.010855
0.010864
0.010867
0.010866
0.010861
0.010852
0.010864
0.010865
0.010879
0.010893
0.010895
0.010900
0.010878
0.010885
0.010877
0.010863
0.010872
0.010872
0.010895
0.010883
0.010877
0.010801
0.010804
0.010844
0.010828
0.010811
0.010888
0.010829
0.010765
0.010838
0.010869
0.010856
0.010874
0.010829
0.010825
0.010845
0.010821
0.010846
0.010853
0.010829
0.010886
0.010867
0.010865
0.010847
0.010615
0.010734
0.010572
0.010612
0.010588
0.010623
0.010562
0.010608
0.010587
0.010615
0.010623
