0.028875
0.020357
0.020183
0.020285
0.020218
0.020456
0.020613
0.020524
0.020492
0.020179
0.020184
0.020173
0.020067
0.020070
0.020060
0.020066
0.020107
0.020065
0.020026
0.020007
0.020069
0.020084
0.020136
0.020122
0.020073
0.020074
0.020040
0.020055
0.020063
0.020042
0.020039
0.020018
0.020097
0.020082
0.020070
0.020118
0.020068
0.020051
0.020125
0.020063
0.020078
0.020100
0.020059
0.020054
0.020092
0.020063
0.020049
0.020152
0.020063
0.027475
0.035612
0.020231
0.020158
0.020017
0.019994
0.020102
0.020093
0.019881
0.020167
0.019934
0.020089
0.019921
0.020202
0.019964
0.020048
0.020035
0.020070
0.020103
0.019948
0.020214
0.020075
0.020208
0.020221
0.020013
0.020194
0.020066
0.020116
0.020079
0.020030
0.020303
0.020114
0.020008
0.020127
0.020223
0.020175
0.020116
0.020062
0.020039
0.020186
0.020304
0.020145
0.020152
0.019960
0.020159
0.020240
0.020193
0.020134
0.020139
0.020186
0.020157
0.020081
0.019998
0.020149
0.020130
0.020253
0.020151
0.020082
0.020238
0.020104
0.020174
0.020138
0.019924
0.020138
0.020028
0.020191
0.020440
0.020131
0.020057
0.020124
0.020445
0.020185
0.020154
0.020182
0.020183
0.019994
0.020089
0.020120
0.020023
0.020120
0.020129
0.020020
0.020246
0.020120
0.020380
0.020220
0.020161
0.020049
0.020011
0.020059
0.020261
0.020135
0.020103
0.020076
0.020308
0.020147
0.020187
0.020186
0.020102
0.025586
0.026227
0.019978
0.019817
0.019781
0.019882
0.019852
0.019802
0.019886
0.019778
0.019924
0.019911
0.019619
0.019857
0.019775
0.019901
0.019986
0.019748
0.019949
0.019868
0.019903
0.019835
0.019860
0.019742
0.019950
0.019882
0.019906
0.019825
0.019835
0.019793
0.019802
0.019876
0.019895
0.019667
0.019960
0.019966
0.019908
0.019843
0.019795
0.019865
0.019885
0.019728
0.019675
0.019645
0.019705
0.019844
0.019896
0.019667
0.019671
0.019704
0.019712
0.019746
0.019665
0.019690
0.019801
0.019682
0.019903
0.019753
0.019848
0.019548
0.019831
0.019846
0.019596
0.019750
0.019654
0.019757
0.019711
0.019670
0.019552
0.019645
0.019668
0.019687
0.019657
0.019670
0.019802
0.019788
0.019851
0.019750
0.019891
0.019678
0.019769
0.020029
0.019700
0.019661
0.019641
0.019826
0.019703
0.020915
0.020432
0.020356
0.020202
0.019972
0.020064
0.019955
0.020100
0.020289
0.020264
0.020062
0.020082
0.020066
0.020217
0.020127
0.020035
0.020157
0.020198
0.020254
0.020072
0.020275
0.019968
0.020239
0.020029
0.020078
0.020122
0.019856
0.019965
0.019994
0.020268
0.020048
0.020058
0.020223
0.020175
0.020125
0.020115
0.020145
0.020158
0.020064
0.020202
0.019905
0.020133
0.020153
0.020003
0.020310
0.020313
0.020135
0.020087
0.019817
0.019793
0.019684
0.019931
0.019861
0.019813
0.020023
0.019952
0.019960
0.019863
0.019972
0.019903
0.019716
0.019903
0.019915
0.019925
0.019805
0.019866
0.019831
0.019962
0.019866
0.019952
0.019830
0.019763
0.019729
0.019818
0.019924
0.019823
0.019904
0.019751
0.019977
0.019755
0.019880
0.019745
0.019764
0.019839
0.019853
0.019611
0.019545
0.019586
0.019564
0.019673
0.019592
0.019575
0.019635
0.019726
0.019680
0.019567
0.019611
0.019559
0.019588
0.019630
0.019592
0.019644
0.019618
0.019594
0.019648
0.019637
0.019586
0.019558
0.019590
0.019593
0.019499
0.019541
0.019546
0.019514
0.019625
0.019550
0.019571
0.019515
0.019657
0.019577
0.019540
0.019543
0.019589
0.019523
0.019531
0.019556
0.019577
0.019522
0.019565
0.019610
0.019625
0.019556
0.019581
0.019559
0.019574
0.019528
0.019533
0.019519
0.019541
0.019559
0.019551
0.025987
0.020172
0.019642
0.019618
0.019657
0.019620
0.019615
0.019639
0.019625
0.019629
0.019604
0.019606
0.019620
0.019590
0.019719
0.019596
0.019628
0.019670
0.019770
0.019675
0.019728
0.019622
0.019626
0.019631
0.019604
0.019620
0.019634
0.019625
0.019630
0.019621
0.019654
0.019632
0.019611
0.019611
0.019591
0.019625
0.019621
0.019607
0.019611
0.019687
0.019638
0.019579
0.019608
0.019595
0.019625
0.019587
0.019574
0.019586
0.019647
0.019645
0.019604
0.019620
0.019660
0.019603
0.019625
0.019593
0.019606
0.019587
0.019613
0.019665
0.019647
0.018622
0.017271
0.017241
0.017317
0.017252
0.017062
0.017227
0.017119
0.017223
0.017092
0.017193
0.017238
0.017183
0.017112
0.017113
0.017170
0.017206
0.017171
0.017271
0.017285
0.017356
0.017405
0.017388
0.017381
0.017400
0.017343
0.017347
0.017357
0.017379
0.017350
0.017335
0.017378
0.017411
0.017369
0.017345
0.017367
0.017327
0.017392
0.017364
0.017400
0.017381
0.017379
0.017353
0.017414
0.017374
0.017335
0.017370
0.017358
0.017345
0.017357
0.017390
0.017394
0.017408
0.017379
0.017383
0.017367
0.017357
0.017991
0.018938
0.018742
0.018413
0.021321
0.018009
0.017940
0.017915
0.017940
0.017922
0.017962
0.017929
0.017891
0.017858
0.017889
0.017883
0.017923
0.017891
0.017896
0.017870
0.017922
0.017907
0.017902
0.017879
0.017763
0.017765
0.017735
0.017800
0.017804
0.017788
0.017842
0.017844
0.017804
0.017839
0.017853
0.017779
0.017777
0.017793
0.017762
0.017728
0.017755
0.017562
0.017616
0.017682
0.017714
0.017685
0.017690
0.017672
0.017659
0.017683
0.017737
0.017723
0.017655
0.017701
0.017715
0.017777
0.017466
0.017316
0.017368
0.017309
0.017334
0.017260
0.017280
0.017438
0.017379
0.017340
0.017397
0.017369
0.017311
0.017299
0.017482
0.017630
0.017632
0.017499
0.017461
0.017533
0.017408
0.017379
0.017475
0.017417
0.017381
0.017435
0.017372
0.017411
0.017385
0.017418
0.017420
0.017415
0.017397
0.017404
0.017400
0.017445
0.017407
0.017259
0.017450
0.017412
0.017290
0.017367
0.017310
0.017356
0.017349
0.017282
0.017223
0.017224
0.017322
0.017259
0.017145
0.017205
0.017221
0.017184
0.017209
0.017167
0.017290
0.017222
0.017399
0.017325
0.017293
0.017208
0.017212
0.017265
0.017278
0.017336
0.017367
0.017315
0.017202
0.017309
0.017398
0.017333
0.017365
0.017264
0.017377
0.017312
0.017385
0.017475
0.017482
0.017442
0.017509
0.017496
0.017524
0.017558
0.017579
0.017563
0.017590
0.017578
0.017564
0.017547
0.017545
0.017622
0.017535
0.017547
0.017564
0.017511
0.017535
0.017377
0.017356
0.017333
0.017456
0.017329
0.017513
0.017445
0.017481
0.017465
0.017482
0.017457
0.017502
0.017457
0.017561
0.017517
0.017488
0.017452
0.017519
0.017521
0.017492
0.017473
0.017507
0.017527
0.017478
0.017502
0.017461
0.017409
0.017261
0.017381
0.017301
0.017396
0.017357
0.017428
0.017434
0.017468
0.017483
0.017472
0.017465
0.017461
0.017546
0.017493
0.017506
0.017471
0.017553
0.017552
0.017605
0.017595
0.017553
0.017542
0.017525
0.017591
0.017569
0.017387
0.017417
0.017417
0.017529
0.017628
0.017474
0.017504
0.017347
0.017360
0.017235
0.017385
0.017391
0.017413
0.017474
0.017473
0.017499
0.017451
0.017319
0.017444
0.017380
0.017501
0.017429
0.017504
0.017478
0.017469
0.017467
0.017399
0.017489
0.017449
0.017437
0.017464
0.017427
0.017471
0.017495
0.017521
0.017361
0.017434
0.017490
0.017404
0.017428
0.017424
0.017465
0.017370
0.017395
0.017410
0.017401
0.017421
0.017391
0.017400
0.017278
0.017263
0.017257
0.017372
0.017290
0.017387
0.017425
0.017325
0.017372
0.017334
0.017342
0.017466
0.017343
0.017364
0.017265
0.017554
0.017401
0.017268
0.017352
0.017227
0.017259
0.017276
0.017195
0.017335
0.017289
0.017277
0.017282
0.017283
0.017413
0.017458
0.017428
0.017420
0.018607
0.018086
0.022684
0.022471
0.018065
0.017835
0.018156
0.018125
0.018120
0.018009
0.018078
0.017897
0.017809
0.017910
0.017798
0.017889
0.017892
0.017826
0.017822
0.017935
0.018048
0.017880
0.017749
0.017675
0.017786
0.017718
0.018079
0.017991
0.018020
0.017963
0.017988
0.017986
0.017698
0.017681
0.017677
0.017641
0.017761
0.017665
0.017643
0.017794
0.017800
0.017693
0.017865
0.017814
0.017877
0.017779
0.017856
0.017788
0.017908
0.017942
0.017882
0.017916
0.017908
0.018083
0.017842
0.017757
0.017797
0.017674
0.017747
0.017745
0.017712
0.017680
0.017771
0.017721
0.017712
0.017812
0.023712
0.021504
0.021687
0.021547
0.021620
0.021697
0.021777
0.021643
0.021544
0.021725
0.021398
0.021030
0.021141
0.021219
0.021160
0.021014
0.021260
0.021019
0.021156
0.021154
0.021469
0.021467
0.021219
0.021294
0.021473
0.021989
0.021857
0.021925
0.021817
0.022070
0.022052
0.022010
0.021939
0.022102
0.022016
0.022068
0.021937
0.021803
0.021857
0.022128
0.021973
0.022083
0.021950
0.022063
0.022022
0.022043
0.021927
0.021989
0.021747
0.022029
0.021858
0.021819
0.021722
0.021702
0.021898
0.022001
0.022003
0.021982
0.021957
0.021620
0.021590
0.021689
0.021681
0.021619
0.021738
0.021218
0.021269
0.021426
0.021451
0.021153
0.020921
0.021111
0.021241
0.021353
0.021680
0.021646
0.021632
0.021025
0.021148
0.021440
0.021495
0.021491
0.021635
0.021636
0.021576
0.021590
0.021416
0.021391
0.021319
0.021452
0.021296
0.021274
0.021326
0.021426
0.021141
0.021376
0.021670
0.021579
0.021468
0.021525
0.021425
0.021587
0.021444
0.021359
0.021301
0.021138
0.021046
0.020960
0.021194
0.021139
0.021058
0.021283
0.021160
0.021028
0.021000
0.020898
0.020939
0.021010
0.021210
0.021039
0.021117
0.021258
0.021165
0.021530
0.021654
0.021507
0.021662
0.021547
0.021677
0.021539
0.021000
0.020957
0.021141
0.021032
0.021119
0.021087
0.021059
0.021096
0.021047
0.020904
0.020935
0.021223
0.021117
0.021058
0.021120
0.021124
0.020959
0.021182
0.020847
0.020954
0.021007
0.021062
0.021120
0.021419
0.021127
0.021314
0.021267
0.021272
0.021382
0.021121
0.021380
0.021347
0.021376
0.021451
0.021329
0.021464
0.021245
0.021282
0.021340
0.021450
0.021223
0.021390
0.032430
0.023372
0.019785
0.019883
0.019932
0.020459
0.020149
0.019721
0.019983
0.019343
0.019520
0.019451
0.019245
0.019277
0.019746
0.019451
0.019442
0.019355
0.019402
0.019275
0.019390
0.019084
0.019376
0.019286
0.019400
0.019555
0.019318
0.019295
0.019499
0.019130
0.019716
0.019756
0.019750
0.019608
0.019749
0.019740
0.019669
0.019700
0.019694
0.019739
0.019659
0.019574
0.019771
0.019668
0.019544
0.019440
0.019392
0.019279
0.019398
0.019105
0.019214
0.019165
0.019293
0.019229
0.019000
0.019231
0.019132
0.019167
0.019100
0.019100
0.019193
0.019159
0.019138
0.019282
0.019226
0.019773
0.019780
0.019797
0.019817
0.019785
0.019594
0.019088
0.019020
0.018979
0.019375
0.019248
0.019148
0.019311
0.019048
0.019328
0.019702
0.019359
0.019364
0.019075
0.019488
0.019394
0.019351
0.019442
0.019449
0.019518
0.019307
0.019391
0.019686
0.019755
0.019878
0.019899
0.019844
0.019792
0.019851
0.019865
0.019786
0.019932
0.019953
0.019984
0.019936
0.019971
0.020014
0.019988
0.020031
0.020002
0.019911
0.020025
0.019961
0.020025
0.019988
0.019975
0.020064
0.020001
0.023165
0.021754
0.019927
0.019983
0.019969
0.019930
0.019944
0.019990
0.019918
0.019881
0.019792
0.019837
0.019719
0.019821
0.019969
0.019862
0.019816
0.019752
0.019780
0.019786
0.019881
0.019212
0.019441
0.019391
0.019178
0.021088
0.021723
0.021741
0.021867
0.021641
0.021734
0.021769
0.021795
0.021817
0.021702
0.021778
0.021852
0.021778
0.021835
0.021716
0.021758
0.021755
0.021908
0.021744
0.021740
0.021758
0.021823
0.021752
0.021817
0.021915
0.021758
0.021824
0.021640
0.021806
0.021858
0.021765
0.021758
0.021797
0.021765
0.021839
0.021920
0.021796
0.021720
0.021647
0.021759
0.021953
0.021734
0.021724
0.021668
0.021865
0.021825
0.021789
0.021672
0.021685
0.021823
0.021827
0.021870
0.021726
0.021742
0.021821
0.021819
0.021637
0.021738
0.021808
0.021759
0.021699
0.021716
0.021968
0.021795
0.021708
0.021736
0.021776
0.021821
0.021927
0.021855
0.021780
0.021803
0.021773
0.021843
0.021829
0.021847
0.021780
0.021844
0.021801
0.021866
0.021927
0.021726
0.021782
0.021755
0.021859
0.021842
0.021998
0.021734
0.021851
0.021713
0.021891
0.021939
0.021787
0.021821
0.021836
0.021951
0.021843
0.021833
0.021727
0.021901
0.021822
0.021823
0.021843
0.021814
0.021909
0.022573
0.023415
0.022314
0.022327
0.022745
0.022246
0.022089
0.021993
0.022337
0.022066
0.021949
0.021845
0.021839
0.021792
0.021827
0.021909
0.021876
0.021884
0.021695
0.021827
0.021953
0.021861
0.021974
0.021828
0.021750
0.021778
0.021940
0.021767
0.021656
0.021755
0.021785
0.021889
0.021711
0.021871
0.021727
0.021835
0.021882
0.021825
0.021763
0.021757
0.021815
0.021862
0.021831
0.021689
0.021675
0.021716
0.021730
0.021849
0.021879
0.021708
0.021712
0.021662
0.021807
0.021809
0.021846
0.021881
0.021858
0.021799
0.021836
0.021853
0.021736
0.021771
0.021626
0.021762
0.021647
0.021804
0.021741
0.021709
0.021846
0.021628
0.021763
0.021729
0.021725
0.021682
0.021717
0.021767
0.021709
0.021749
0.021712
0.021708
0.021705
0.021923
0.021749
0.021685
0.021737
0.021655
0.021768
0.021852
0.021736
0.021735
0.021692
0.021778
0.021673
0.021716
0.021707
0.021669
0.021663
0.021600
0.021754
0.021853
0.021785
0.021691
0.021780
0.021725
0.021773
0.021759
0.021731
0.021700
0.021686
0.021858
0.021868
0.021797
0.021699
0.021658
0.021791
0.021764
0.021844
0.021667
0.021761
0.021829
0.021739
0.021819
0.021758
0.021721
0.021577
0.021706
0.021712
0.021831
0.021878
0.021729
0.021771
0.021739
0.021999
0.021862
0.021725
0.021720
0.021696
0.021909
0.021828
0.021834
0.021765
0.021837
0.021719
0.022040
0.022049
0.021972
0.021965
0.021976
0.021836
0.021925
0.022026
0.021849
0.021896
0.021930
0.021953
0.021960
0.021924
0.021882
0.021894
0.022002
0.022038
0.021979
0.021952
0.021844
0.022201
0.022010
0.021895
0.021924
0.022009
0.021909
0.021972
0.022028
0.021896
0.022056
0.021962
0.021960
0.021913
0.021948
0.021945
0.021988
0.022070
0.021896
0.022102
0.021855
0.021979
0.021969
0.022005
0.021990
0.021921
0.021866
0.021923
0.021862
0.021734
0.021709
0.021732
0.021781
0.021801
0.021746
0.021618
0.021742
0.021808
0.021830
0.021798
0.021824
0.020609
0.019308
0.019092
0.019185
0.019272
0.019364
0.019288
0.019298
0.019327
0.019333
0.019232
0.019314
0.019249
0.019291
0.019157
0.019051
0.019351
0.019163
0.019233
0.019393
0.019249
0.019359
0.019122
0.019164
0.019208
0.019117
0.019003
0.019044
0.020135
0.020125
0.019551
0.019660
0.019957
0.019838
0.020017
0.019901
0.019890
0.019878
0.019824
0.020073
0.019695
0.019831
0.019849
0.019936
0.019837
0.019790
0.019834
0.019741
0.019712
0.019742
0.019471
0.019627
0.019631
0.019871
0.019640
0.019413
0.019680
0.019822
0.019585
0.019553
0.019521
0.019462
0.019425
0.019782
0.019655
0.019538
0.019597
0.029261
0.020106
0.019741
0.019764
0.019788
0.019802
0.019757
0.019763
0.019809
0.019813
0.019829
0.019867
0.019886
0.019904
0.019786
0.019927
0.019826
0.019755
0.019843
0.019801
0.019872
0.020021
0.019866
0.019845
0.019872
0.019890
0.019977
0.019832
0.019865
0.019890
0.019950
0.019894
0.019857
0.019842
0.019790
0.019795
0.019823
0.019853
0.019793
0.019822
0.019763
0.019792
0.019812
0.019669
0.019776
0.019734
0.019729
0.019794
0.019728
0.019823
0.019928
0.019360
0.019348
0.019380
0.019336
0.019391
0.019201
0.019479
0.019422
0.019384
0.019484
0.019286
0.019335
0.019493
0.019571
0.019597
0.019513
0.019487
0.019662
0.019399
0.019548
0.019597
0.019565
0.019351
0.019307
0.019390
0.019327
0.019251
0.019490
0.019414
0.019420
0.019357
0.019184
0.019173
0.019437
0.019275
0.019527
0.019435
0.019314
0.019189
0.019404
0.019474
0.019423
0.019330
0.019553
0.019472
0.019577
0.019362
0.019502
0.019626
0.019384
0.019533
0.019571
0.019290
0.019411
0.019576
0.019609
0.019705
0.019597
0.019730
0.019501
0.019486
0.019286
0.019463
0.019280
0.019299
0.019285
0.019215
0.019100
0.019370
0.019148
0.019504
0.019290
0.019216
0.019281
0.019233
0.019376
0.019221
0.019476
0.019199
0.019277
0.019293
0.019447
0.019288
0.019521
0.019467
0.019127
0.019062
0.019234
0.019244
0.019373
0.019240
0.019627
0.019357
0.019346
0.019206
0.019236
0.019094
0.019252
0.019582
0.019777
0.019611
0.019582
0.019338
0.019198
0.019074
0.019507
0.019225
0.019155
0.019782
0.019835
0.019724
0.019716
0.019792
0.019360
0.019168
0.019541
0.019521
0.019363
0.019127
0.019270
0.019483
0.019238
0.019337
0.019135
0.019396
0.019323
0.019199
0.019242
0.019375
0.018991
0.019337
0.019221
0.019271
0.019554
0.019074
0.019195
0.019380
0.019334
0.019568
0.019116
0.019052
0.019076
0.019460
0.019405
0.019198
0.019214
0.019165
0.019091
0.019395
0.019321
0.019468
0.019525
0.019286
0.019313
0.019236
0.019315
0.019426
0.019244
0.019088
0.019372
0.019240
0.019642
0.019310
0.019579
0.019214
0.019200
0.020662
0.020085
0.019471
0.019676
0.019799
0.019714
0.019428
0.019388
0.019336
0.020054
0.019523
0.019348
0.019314
0.019482
0.019304
0.019592
0.019285
0.019299
0.019921
0.019568
0.019509
0.019223
0.019501
0.019507
0.019185
0.019437
0.019497
0.019345
0.019431
0.019176
0.019395
0.019032
0.019104
0.019596
0.019180
0.019387
0.019577
0.019083
0.019371
0.019400
0.019245
0.019354
0.019437
0.019288
0.019384
0.019147
0.019355
0.019326
0.019278
0.018898
0.019330
0.019356
0.019518
0.019716
0.019292
0.019370
0.019365
0.019452
0.019333
0.019431
0.019462
0.019362
0.019602
0.019414
0.019692
0.019891
0.020030
0.019925
0.019974
0.019852
0.019609
0.019698
0.019797
0.019749
0.019703
0.019657
0.019673
0.019777
0.019515
0.019314
0.019372
0.019489
0.019489
0.019696
0.019478
0.019254
0.019446
0.019844
0.019682
0.019715
0.019844
0.019677
0.019810
0.019834
0.019912
0.019525
0.019323
0.019359
0.019117
0.019455
0.019195
0.019200
0.019385
0.020759
0.021648
0.021672
0.021745
0.021862
0.021806
0.021799
0.021748
0.021852
0.021789
0.021931
0.021731
0.021748
0.021675
0.021622
0.021658
0.021817
0.021838
0.021766
0.021664
0.021670
0.021732
0.021852
0.021729
0.021663
0.021663
0.021799
0.021709
0.021766
0.021783
0.021684
0.021805
0.021843
0.021853
0.021780
0.021761
0.021733
0.021695
0.021890
0.021787
0.021845
0.021871
0.021787
0.021776
0.021820
0.021859
0.021738
0.021725
0.021758
0.021837
0.021885
0.021867
0.021751
0.021728
0.021842
0.021857
0.021801
0.021715
0.021731
0.021659
0.021729
0.021848
0.021809
0.021904
0.021729
0.021814
0.021708
0.021836
0.021770
0.021771
0.021685
0.021695
0.021844
0.021819
0.021778
0.021690
0.021799
0.021793
0.021825
0.021752
0.021769
0.021922
0.021832
0.021813
0.021819
0.021872
0.021853
0.021817
0.021723
0.021792
0.021876
0.021776
0.021732
0.021676
0.021884
0.021845
0.021763
0.021694
0.021786
0.021814
0.021877
0.021787
0.021862
0.021854
0.021758
0.021690
0.021673
0.021710
0.021708
0.021828
0.021650
0.021650
0.021727
0.021724
0.021645
0.021702
0.021687
0.021747
0.021945
0.021753
0.021681
0.021754
0.021853
0.021878
0.021779
0.021843
0.021710
0.021854
0.021842
0.021829
0.021799
0.021725
0.021807
0.021781
0.021823
0.021815
0.021817
0.022705
0.022382
0.022340
0.022646
0.021931
0.021907
