0.017590
0.014286
0.012730
0.012358
0.012136
0.011948
0.012050
0.011741
0.011699
0.011692
0.011700
0.011701
0.011636
0.011698
0.011566
0.011544
0.011583
0.011570
0.011527
0.011520
0.011552
0.011492
0.011631
0.011611
0.011497
0.011532
0.011485
0.011465
0.011472
0.011606
0.011524
0.011638
0.011709
0.011510
0.011502
0.011517
0.011501
0.011494
0.011490
0.011506
0.011466
0.011435
0.011570
0.011491
0.011438
0.011455
0.011493
0.011436
0.011501
0.011538
0.011533
0.011453
0.011467
0.011517
0.011657
0.011557
0.011572
0.011457
0.011438
0.011435
0.011437
0.011452
0.011497
0.011500
0.011455
0.011459
0.011514
0.011552
0.011513
0.011501
0.011459
0.011455
0.011465
0.011476
0.011445
0.011509
0.011488
0.011466
0.011418
0.011422
0.011440
0.011502
0.011574
0.012260
0.014710
0.013580
0.012734
0.012423
0.012650
0.012782
0.012081
0.012291
0.012324
0.011917
0.011864
0.011593
0.011985
0.012522
0.012657
0.012318
0.011932
0.012273
0.012045
0.011949
0.012158
0.011910
0.011989
0.011929
0.011989
0.011756
0.012037
0.011654
0.011844
0.011964
0.011819
0.011932
0.011952
0.011747
0.011957
0.011926
0.011587
0.011549
0.011696
0.011627
0.011610
0.011636
0.011568
0.011602
0.011529
0.011551
0.011825
0.011857
0.011969
0.011736
0.011773
0.011979
0.011671
0.011945
0.011799
0.011689
0.011804
0.011715
0.011645
0.012208
0.011600
0.011783
0.011561
0.011713
0.011931
0.011650
0.011527
0.011636
0.011599
0.011611
0.011519
0.011436
0.011532
0.011457
0.011415
0.011440
0.011498
0.011463
0.011552
0.011471
0.011438
0.011454
0.011434
0.011494
0.011464
0.011424
0.011466
0.011444
0.011407
0.011434
0.011516
0.011454
0.011435
0.011448
0.011611
0.011570
0.011468
0.011556
0.011440
0.011451
0.011520
0.011427
0.011426
0.011611
0.011512
0.011442
0.011435
0.011464
0.011416
0.011478
0.011514
0.011441
0.011429
0.011763
0.011585
0.011424
0.011518
0.011534
0.011496
0.011635
0.011472
0.011439
0.011565
0.011503
0.011470
0.011463
0.011432
0.011456
0.011461
0.011433
0.011469
0.011498
0.011469
0.011461
0.011451
0.011424
0.011444
0.011502
0.011419
0.011561
0.011425
0.011421
0.011457
0.011468
0.011523
0.011451
0.011424
0.012140
0.011451
0.011438
0.011477
0.011509
0.011427
0.011434
0.011550
0.011408
0.011499
0.011572
0.011476
0.011464
0.011464
0.011421
0.011438
0.011476
0.011460
0.011438
0.011436
0.011447
0.011460
0.011442
0.011455
0.011498
0.011498
0.011519
0.011451
0.011418
0.011428
0.011510
0.011473
0.011441
0.011530
0.011479
0.011444
0.011466
0.011554
0.011617
0.011578
0.011529
0.011444
0.011533
0.011507
0.011513
0.011521
0.011443
0.011461
0.011452
0.011411
0.011627
0.011458
0.011436
0.011427
0.011448
0.011456
0.011580
0.011536
0.011445
0.011487
0.011422
0.011415
0.011432
0.011471
0.011539
0.011478
0.011425
0.011490
0.011443
0.011395
0.011460
0.011499
0.011478
0.011726
0.011656
0.011508
0.011442
0.011496
0.011453
0.011453
0.011410
0.011451
0.011480
0.011430
0.011477
0.011517
0.011416
0.011446
0.012201
0.011670
0.011692
0.011521
0.011684
0.011440
0.011568
0.011488
0.011452
0.011516
0.011485
0.011483
0.011437
0.011456
0.011485
0.011515
0.011462
0.011483
0.011614
0.011524
0.011619
0.011466
0.011544
0.011476
0.011423
0.011430
0.011413
0.011442
0.011513
0.011533
0.011432
0.011445
0.011434
0.011405
0.011418
0.011689
0.011547
0.011536
0.011489
0.011422
0.011419
0.011439
0.011472
0.011565
0.011424
0.011420
0.011585
0.011443
0.011421
0.011492
0.011443
0.011424
0.011448
0.011394
0.011424
0.011450
0.011520
0.011551
0.011641
0.011480
0.011589
0.011495
0.011473
0.011504
0.011535
0.011437
0.011444
0.011439
0.011427
0.011485
0.011464
0.011438
0.011490
0.011461
0.011404
0.011420
0.011504
0.011418
0.011426
0.011401
0.011416
0.011541
0.011445
0.011476
0.011450
0.011422
0.011427
0.012099
0.011712
0.011522
0.011503
0.011433
0.011443
0.011558
0.011446
0.011407
0.011485
0.011446
0.011463
0.011640
0.011432
0.011429
0.011464
0.011472
0.011445
0.011420
0.011414
0.011451
0.011445
0.011441
0.011528
0.011438
0.011691
0.011607
0.011472
0.011422
0.011527
0.011590
0.011434
0.011455
0.011401
0.011428
0.011451
0.011444
0.011490
0.011460
0.011420
0.011444
0.011438
0.011429
0.011476
0.011440
0.011487
0.011470
0.011438
0.011535
0.011464
0.011513
0.011445
0.011440
0.011414
0.011418
0.011458
0.011473
0.011472
0.011447
0.011505
0.011439
0.011427
0.011401
0.011466
0.011527
0.011600
0.011463
0.011448
0.011407
0.011436
0.011519
0.011421
0.011562
0.011451
0.011416
0.011436
0.011468
0.011476
0.011430
0.011436
0.011407
0.011531
0.011450
0.011528
0.011501
0.011450
0.011427
0.011450
0.012119
0.011418
0.011989
0.011464
0.011449
0.011568
0.011433
0.011427
0.011482
0.011510
0.011453
0.011466
0.011420
0.011511
0.011433
0.011455
0.011495
0.011618
0.011469
0.011465
0.011449
0.011630
0.014268
0.013628
0.013399
0.012533
0.012423
0.012488
0.013016
0.012585
0.013020
0.012456
0.012453
0.012386
0.012324
0.013643
0.012765
0.012445
0.012153
0.012078
0.012377
0.012037
0.012088
0.012260
0.012249
0.012120
0.012188
0.012113
0.012011
0.012059
0.012001
0.012076
0.012138
0.012020
0.012123
0.012181
0.012110
0.012015
0.012102
0.012096
0.011999
0.012070
0.012035
0.012219
0.012024
0.011986
0.011960
0.011953
0.012095
0.012097
0.012045
0.012014
0.012031
0.012042
0.012043
0.012045
0.012063
0.012027
0.012074
0.012040
0.012020
0.012097
0.012092
0.012724
0.012087
0.012043
0.012086
0.012177
0.012002
0.011986
0.011995
0.012034
0.012075
0.012058
0.011845
0.011436
0.011414
0.011622
0.011482
0.011477
0.011409
0.011443
0.011455
0.011419
0.011488
0.011469
0.011622
0.011442
0.011514
0.011406
0.011469
0.011437
0.011460
0.011434
0.011425
0.011461
0.011429
0.011418
0.011456
0.011544
0.011429
0.011525
0.011536
0.011448
0.011414
0.011492
0.011476
0.011446
0.011425
0.011429
0.011417
0.011498
0.011474
0.012020
0.011795
0.011592
0.011539
0.011479
0.011658
0.011518
0.011508
0.011511
0.011438
0.011559
0.011560
0.011576
0.011500
0.011505
0.011473
0.011566
0.011495
0.011513
0.011562
0.011834
0.011643
0.011525
0.011458
0.011576
0.011499
0.011468
0.011459
0.011461
0.011585
0.011478
0.011484
0.011525
0.011449
0.011435
0.011467
0.011613
0.012200
0.011610
0.011793
0.011485
0.011619
0.011508
0.011438
0.011505
0.011496
0.011471
0.011547
0.011453
0.011445
0.011462
0.011500
0.011446
0.011614
0.011451
0.011468
0.011463
0.011460
0.011524
0.011445
0.011446
0.011460
0.011424
0.011438
0.011603
0.011525
0.011454
0.011459
0.011424
0.011446
0.011467
0.011489
0.011531
0.011776
0.011464
0.011440
0.011421
0.011448
0.011503
0.011433
0.011481
0.011513
0.011464
0.011416
0.011496
0.011463
0.011418
0.011425
0.011428
0.011425
0.011459
0.011445
0.011519
0.011560
0.011478
0.011410
0.011441
0.011401
0.011482
0.011472
0.011532
0.011450
0.011410
0.011498
0.011425
0.011524
0.011432
0.011470
0.011450
0.011425
0.011879
0.011631
0.011447
0.011414
0.011444
0.011440
0.011457
0.011427
0.011482
0.011479
0.011417
0.011400
0.011431
0.011419
0.011429
0.012229
0.011466
0.011453
0.011586
0.011425
0.011420
0.011598
0.011466
0.011460
0.011488
0.011414
0.011408
0.011425
0.011454
0.011451
0.011407
0.011454
0.011458
0.011416
0.011398
0.011503
0.011439
0.011563
0.011434
0.011420
0.011402
0.011423
0.011480
0.011510
0.011409
0.011406
0.011421
0.011433
0.011393
0.011537
0.011454
0.011427
0.011406
0.011408
0.011406
0.011414
0.011459
0.011448
0.011436
0.011426
0.011402
0.011433
0.011414
0.011448
0.011474
0.011410
0.011419
0.011455
0.011422
0.011431
0.011490
0.011429
0.011421
0.011422
0.011408
0.011394
0.011441
0.011558
0.011421
0.011426
0.011523
0.011405
0.011416
0.011394
0.011675
0.011484
0.011418
0.011430
0.011406
0.011419
0.011429
0.011496
0.011410
0.011436
0.011466
0.011421
0.011413
0.011425
0.011475
0.011442
0.011476
0.011405
0.011808
0.012209
0.011511
0.011809
0.011434
0.011413
0.011428
0.011414
0.011512
0.011468
0.011433
0.011472
0.011404
0.011415
0.011420
0.011635
0.011481
0.011451
0.011478
0.011420
0.011434
0.011426
0.011524
0.011413
0.011430
0.011417
0.011467
0.011436
0.011421
0.011497
0.011416
0.011418
0.011402
0.011425
0.011434
0.011462
0.011701
0.011546
0.011416
0.011423
0.011401
0.011413
0.011399
0.011499
0.011454
0.011449
0.011425
0.011411
0.011425
0.011470
0.011441
0.011401
0.011446
0.011429
0.011448
0.011429
0.011635
0.011458
0.011442
0.011406
0.011425
0.011477
0.011416
0.011469
0.011478
0.011438
0.011420
0.011502
0.011402
0.011410
0.011505
0.011445
0.011487
0.011414
0.011403
0.011406
0.011440
0.011462
0.011448
0.011435
0.011424
0.011418
0.011395
0.011396
0.011457
0.011460
0.011408
0.011453
0.011445
0.012146
0.011627
0.011511
0.011422
0.011429
0.011403
0.011441
0.011444
0.011480
0.011573
0.011536
0.011406
0.011393
0.011392
0.011424
0.011491
0.011465
0.011437
0.013498
0.015511
0.013534
0.012347
0.012530
0.012259
0.012331
0.012652
0.012307
0.012990
0.012479
0.012165
0.012650
0.012183
0.013037
0.012474
0.012642
0.012237
0.012223
0.011921
0.011939
0.012052
0.011964
0.011946
0.011957
0.011944
0.012047
0.011962
0.011942
0.011938
0.012028
0.012057
0.012034
0.012080
0.011962
0.011962
0.011996
0.011901
0.011916
0.011939
0.011921
0.011971
0.011922
0.011910
0.011950
0.011947
0.012135
0.012019
0.011917
0.011987
0.012021
0.012052
0.011930
0.011910
0.011939
0.011942
0.012121
0.012058
0.011905
0.011924
0.011901
0.011941
0.012169
0.011940
0.011948
0.011896
0.012755
0.011894
0.011607
0.011489
0.011508
0.011466
0.011508
0.011576
0.011426
0.011512
0.011485
0.011422
0.011579
0.011538
0.011477
0.011493
0.011456
0.011446
0.011481
0.011511
0.011487
0.011479
0.011432
0.011483
0.011464
0.011417
0.011505
0.011483
0.011438
0.011466
0.011431
0.011444
0.011791
0.011582
0.011477
0.011747
0.011453
0.011477
0.011421
0.011499
0.011538
0.011483
0.011479
0.011479
0.011444
0.011433
0.011740
0.011643
0.011498
0.011537
0.011513
0.011454
0.011468
0.011631
0.011634
0.011472
0.011457
0.011464
0.011460
0.011680
0.011561
0.011440
0.011442
0.011471
0.011433
0.011465
0.011538
0.011496
0.011639
0.011495
0.011447
0.011508
0.011523
0.011503
0.011447
0.011540
0.011529
0.011480
0.011432
0.011490
0.011479
0.011452
0.011473
0.011424
0.011482
0.011437
0.011512
0.012271
0.011513
0.011422
0.011485
0.011468
0.011496
0.011539
0.011428
0.011454
0.011457
0.011417
0.011428
0.011575
0.011472
0.011444
0.011475
0.011440
0.011466
0.011476
0.011827
0.012087
0.011531
0.011482
0.011533
0.011525
0.011524
0.011502
0.011555
0.011471
0.011418
0.011470
0.011656
0.011776
0.011545
0.011466
0.011452
0.011436
0.011505
0.011573
0.011477
0.011464
0.011471
0.011461
0.011469
0.011447
0.011505
0.011442
0.011463
0.011459
0.011440
0.011598
0.011545
0.011485
0.011458
0.011434
0.011436
0.011610
0.011542
0.011719
0.011581
0.011458
0.011452
0.011475
0.011441
0.011482
0.011494
0.011770
0.011700
0.011534
0.011525
0.011576
0.011523
0.011450
0.011463
0.011451
0.011479
0.011444
0.011472
0.011554
0.011428
0.011433
0.011442
0.011448
0.011421
0.011941
0.011505
0.011453
0.011581
0.011524
0.012332
0.011653
0.011485
0.011498
0.011508
0.011432
0.011483
0.011483
0.011504
0.011477
0.011656
0.011623
0.011730
0.011455
0.011514
0.011489
0.011471
0.011441
0.011435
0.011461
0.011456
0.011572
0.011840
0.011495
0.011467
0.011466
0.011432
0.011486
0.011514
0.011462
0.011469
0.011429
0.011433
0.011437
0.011789
0.011473
0.011471
0.011434
0.011491
0.011495
0.011442
0.011510
0.011482
0.011435
0.011459
0.011439
0.011430
0.011504
0.011507
0.011469
0.011590
0.011562
0.011537
0.011522
0.011516
0.011540
0.011582
0.011525
0.011437
0.011551
0.011452
0.011514
0.011476
0.011443
0.011466
0.011439
0.011428
0.011474
0.011509
0.011450
0.011559
0.011431
0.011431
0.011575
0.011500
0.011483
0.011455
0.011424
0.011437
0.011453
0.011418
0.011495
0.011521
0.011444
0.011449
0.011585
0.011422
0.011479
0.012271
0.011462
0.011479
0.011584
0.011454
0.011439
0.011530
0.011482
0.011458
0.011465
0.011419
0.011485
0.011694
0.011537
0.011484
0.011440
0.011666
0.011441
0.011452
0.011489
0.011546
0.011458
0.011467
0.011466
0.011421
0.011452
0.011541
0.011513
0.011482
0.011556
0.011467
0.011556
0.011527
0.011524
0.011453
0.011423
0.011438
0.011490
0.011543
0.011482
0.011487
0.011444
0.011439
0.011446
0.011449
0.011406
0.011778
0.011491
0.011458
0.011459
0.011428
0.011446
0.011442
0.011502
0.011483
0.011484
0.011534
0.011521
0.011465
0.011465
0.011500
0.011454
0.011439
0.011654
0.011454
0.011437
0.011480
0.011508
0.011482
0.011470
0.011405
0.011531
0.011784
0.011575
0.011489
0.011477
0.011432
0.011436
0.011463
0.011719
0.011600
0.011490
0.011456
0.011449
0.011541
0.011424
0.011516
0.012195
0.011734
0.011519
0.011480
0.011511
0.011523
0.011579
0.011461
0.011453
0.011623
0.011459
0.011509
0.011570
0.012641
0.015116
0.013968
0.012793
0.012722
0.012431
0.012670
0.012616
0.012808
0.012538
0.012326
0.011786
0.011795
0.011652
0.012835
0.012382
0.012416
0.012047
0.012414
0.012238
0.012147
0.012128
0.012100
0.011893
0.011690
0.011786
0.011867
0.011851
0.011744
0.011715
0.011723
0.011861
0.011725
0.011614
0.012050
0.011730
0.011670
0.011663
0.011678
0.011879
0.011870
0.011684
0.011782
0.011742
0.011465
0.011521
0.011489
0.011473
0.011486
0.011473
0.011459
0.011496
0.011471
0.011492
0.011463
0.011439
0.011485
0.011571
0.011444
0.011544
0.011490
0.011458
0.011458
0.011454
0.011453
0.011488
0.011523
0.011453
0.011634
0.011445
0.011450
0.011444
0.012098
0.011566
0.011576
0.011435
0.011460
0.011648
0.011506
0.011519
0.011454
0.011448
0.011480
0.011458
0.011430
0.011530
0.011495
0.011608
0.011490
0.011439
0.011431
0.011485
0.011533
0.011453
0.011468
0.011498
0.011432
0.011452
0.011458
0.011505
0.011647
0.011503
0.011463
0.011417
0.011441
0.011480
0.011504
0.011467
0.011469
0.011466
0.011612
0.011458
0.011503
0.011535
0.011777
0.011500
0.011470
0.011475
0.011524
0.011521
0.011454
0.011468
0.011462
0.011440
0.011435
0.011490
0.011536
0.011551
0.011505
0.011456
0.011451
0.011438
0.011668
0.011499
0.011570
0.011570
0.011447
0.011444
0.011486
0.011508
0.011445
0.011445
0.011458
0.011470
0.011444
0.011462
0.011583
0.011495
0.011445
0.011470
0.011469
0.011459
0.011951
0.011507
0.011497
0.011662
0.011510
0.011545
0.011555
0.011476
0.012456
0.011491
0.011435
0.011469
0.011484
0.011505
0.011499
0.011579
0.011529
0.011486
0.011434
0.011491
0.011485
0.011424
0.011483
0.011459
0.011417
0.011457
0.011561
0.011493
0.011463
0.011454
0.011423
0.011433
0.011551
0.011484
0.011517
0.011600
0.011502
0.011459
0.011434
0.011548
0.011492
0.011600
0.011613
0.011493
0.011509
0.011508
0.011525
0.011580
0.011456
0.011453
0.011466
0.011455
0.011507
0.011519
0.011444
0.011469
0.011584
0.011443
0.011447
0.011501
0.011481
0.011483
0.011469
0.011494
0.011504
0.011462
0.011569
0.011507
0.011455
0.011482
0.011474
0.011416
0.011544
0.011487
0.011444
0.011455
0.011455
0.011475
0.011506
0.011503
0.011517
0.011440
0.011425
0.011544
0.011459
0.011457
0.011544
0.011522
0.011432
0.011450
0.011570
0.011523
0.011456
0.011503
0.011433
0.011668
0.012482
0.011539
0.011500
0.011537
0.011465
0.011460
0.011431
0.011481
0.011492
0.011508
0.011493
0.011454
0.011449
0.011577
0.011499
0.011436
0.011487
0.011515
0.011708
0.011461
0.011465
0.011447
0.011463
0.011512
0.011576
0.011486
0.011612
0.011736
0.011519
0.011742
0.011516
0.011646
0.011470
0.011472
0.011671
0.011621
0.011518
0.011453
0.011471
0.011426
0.011496
0.011443
0.011576
0.011489
0.011467
0.011498
0.011440
0.011469
0.011432
0.011503
0.011458
0.011474
0.011488
0.011420
0.011497
0.011494
0.011504
0.011543
0.011425
0.011456
0.011658
0.011506
0.011540
0.011512
0.011437
0.011542
0.011452
0.011429
0.011420
0.011548
0.011488
0.011458
0.011440
0.011414
0.011447
0.011472
0.011826
0.011575
0.011501
0.011434
0.011442
0.011582
0.011496
0.011493
0.011436
0.011428
0.011474
0.012411
0.011536
0.011511
0.011438
0.011453
0.011454
0.011589
0.011494
0.011646
0.011489
0.011449
0.011470
0.011413
0.011443
0.011490
0.011482
0.011459
0.011480
0.011428
0.011442
0.011468
0.011478
0.011496
0.011437
0.011450
0.011500
0.011579
0.011408
0.011502
0.011482
0.011420
0.011449
0.011419
0.011442
0.011809
0.011538
0.011497
0.011462
0.011426
0.011439
0.011452
0.011448
0.011600
0.011502
0.011547
0.011443
0.011558
0.011473
0.011508
0.011487
0.011434
0.011487
0.011455
0.011439
0.011424
0.011519
0.011478
0.011455
0.011434
0.011447
0.011489
0.011533
0.011538
0.011482
0.011429
0.011436
0.011463
0.011428
0.011473
0.011551
0.011463
0.011444
0.011462
0.011416
0.011441
0.011489
0.011483
0.011452
0.011564
0.011548
0.011467
0.011576
0.011498
0.011487
0.011452
0.011432
0.011488
0.011451
0.012194
0.011564
0.011445
0.011448
0.011467
0.011433
0.011435
0.011537
0.011480
0.012608
0.014750
0.013933
0.012919
0.012659
0.012539
0.012506
0.012414
0.012591
0.012590
0.012235
0.012288
0.012089
0.012277
0.012900
0.012685
0.012431
0.012216
0.012373
0.012075
0.011997
0.012032
0.012180
0.012000
0.011958
0.011990
0.011966
0.012018
0.011959
0.011947
0.011985
0.012025
0.012023
0.012017
0.011964
0.011950
0.011889
0.012035
0.011974
0.011975
0.011936
0.011961
0.012011
0.011935
0.011944
0.011924
0.011937
0.012081
0.011987
0.011956
0.011967
0.011960
0.012034
0.012047
0.011947
0.012006
0.012047
0.012072
0.011766
0.011565
0.011505
0.011476
0.011472
0.011467
0.011979
0.011684
0.011616
0.011714
0.011429
0.011496
0.011539
0.011446
0.011497
0.011477
0.011441
0.012390
0.011524
0.011457
0.011468
0.011535
0.011467
0.011474
0.011528
0.011479
0.011526
0.011464
0.011510
0.011460
0.011461
0.011532
0.011530
0.011439
0.011444
0.011458
0.011429
0.011455
0.011517
0.011440
0.011517
0.011549
0.011442
0.011477
0.011449
0.011626
0.011778
0.011479
0.011478
0.011479
0.011864
0.011537
0.011468
0.011458
0.011476
0.011737
0.011515
0.011565
0.011578
0.011465
0.011464
0.011554
0.011558
0.011525
0.011526
0.011463
0.011478
0.011464
0.011437
0.011452
0.011462
0.011517
0.011517
0.011444
0.011450
0.011470
0.011429
0.011522
0.011484
0.011463
0.011489
0.011428
0.011466
0.011550
0.011516
0.011481
0.011514
0.011467
0.011446
0.011433
0.011443
0.011509
0.011461
0.012312
0.011730
0.011512
0.011650
0.011624
0.011560
0.011572
0.011476
0.011482
0.011465
0.011523
0.012182
0.011483
0.011443
0.011460
0.011460
0.011471
0.011531
0.011468
0.011497
0.011476
0.011497
0.011596
0.011497
0.011490
0.011491
0.011482
0.011426
0.011494
0.011536
0.011520
0.011496
0.011445
0.011504
0.011722
0.011680
0.011834
0.011634
0.011628
0.011497
0.011557
