0.000881
0.000866
0.000853
0.000840
0.000840
0.000839
0.000852
0.000824
0.000824
0.000824
0.000824
0.000835
0.000811
0.000811
0.000811
0.000810
0.000822
0.000799
0.000798
0.000798
0.000798
0.000810
0.000787
0.000788
0.000787
0.000788
0.000804
0.000779
0.000779
0.000779
0.000778
0.000782
0.000789
0.000768
0.000767
0.000767
0.000789
0.000778
0.000805
0.000783
0.000758
0.000781
0.000779
0.000775
0.000759
0.000758
0.000781
0.000778
0.000777
0.000758
0.000788
0.000810
0.000819
0.000779
0.000758
0.000759
0.000759
0.000793
0.000783
0.000759
0.000759
0.000759
0.000788
0.000809
0.000779
0.000777
0.000759
0.000786
0.000789
0.000758
0.000759
0.000759
0.000782
0.000778
0.000774
0.000759
0.000785
0.000781
0.000782
0.000759
0.000758
0.000758
0.000759
0.000761
0.000759
0.000759
0.000758
0.000758
0.000760
0.000781
0.000779
0.000773
0.000758
0.000760
0.000758
0.000758
0.000758
0.000759
0.000761
0.000758
0.000759
0.000759
0.000776
0.000782
0.000778
0.000758
0.000759
0.000758
0.000758
0.000760
0.000757
0.000758
0.000758
0.000758
0.000781
0.000779
0.000779
0.000773
0.000758
0.000761
0.000758
0.000759
0.000759
0.000758
0.000761
0.000758
0.000758
0.000758
0.000775
0.000779
0.000782
0.000758
0.000758
0.000758
0.000758
0.000761
0.000758
0.000758
0.000758
0.000758
0.000782
0.000778
0.000779
0.000776
0.000758
0.000762
0.000758
0.000758
0.000758
0.000758
0.000758
0.000760
0.000759
0.000758
0.000775
0.000780
0.000781
0.000758
0.000758
0.000758
0.000759
0.000760
0.000758
0.000758
0.000758
0.000758
0.000761
0.000758
0.000789
0.000783
0.000758
0.000759
0.000761
0.000758
0.000758
0.000758
0.000758
0.000760
0.000758
0.000758
0.000758
0.000785
0.000790
0.000758
0.000758
0.000758
0.000759
0.000760
0.000758
0.000758
0.000758
0.000758
0.000759
0.000760
0.000779
0.000779
0.000770
0.000758
0.000761
0.000758
0.000758
0.000758
0.000758
0.000761
0.000758
0.000758
0.000759
0.000788
0.000789
0.000758
0.000758
0.000758
0.000758
0.000761
0.000758
0.000758
0.000758
0.000758
0.000758
0.000762
0.000783
0.000779
0.000772
0.000758
0.000761
0.000759
0.000758
0.000758
0.000759
0.000761
0.000758
0.000758
0.000758
0.000778
0.000782
0.000773
0.000758
0.000758
0.000758
0.000758
0.000793
0.000783
0.000757
0.000758
0.000759
0.000761
0.000783
0.000779
0.000771
0.000758
0.000761
0.000759
0.000759
0.000758
0.000758
0.000761
0.000758
0.000758
0.000759
0.000778
0.000779
0.000779
0.000758
0.000759
0.000758
0.000758
0.000761
0.000758
0.000758
0.000758
0.000758
0.000761
0.000758
0.000800
0.000780
0.000758
0.000782
0.000779
0.000778
0.000759
0.000758
0.000761
0.000757
0.000758
0.000758
0.000759
0.000789
0.000786
0.000758
0.000759
0.000758
0.000758
0.000761
0.000758
0.000759
0.000759
0.000758
0.000760
0.000777
0.000797
0.000776
0.000759
0.000761
0.000757
0.000758
0.000758
0.000758
0.000758
0.000760
0.000758
0.000758
0.000758
0.000759
0.000797
0.000758
0.000758
0.000758
0.000758
0.000760
0.000758
0.000758
0.000758
0.000758
0.000761
0.000757
0.000786
0.000786
0.000758
0.000758
0.000788
0.000758
0.000759
0.000758
0.000758
0.000760
0.000758
0.000758
0.000759
0.000776
0.000781
0.000771
0.000758
0.000759
0.000759
0.000761
0.000758
0.000758
0.000759
0.000758
0.000758
0.000761
0.000758
0.000786
0.000777
0.000758
0.000761
0.000758
0.000758
0.000758
0.000758
0.000762
0.000759
0.000758
0.000758
0.000759
0.000796
0.000781
0.000758
0.000759
0.000759
0.000762
0.000757
0.000758
0.000758
0.000759
0.000759
0.000761
0.000758
0.000800
0.000758
0.000758
0.000761
0.000759
0.000759
0.000758
0.000758
0.000761
0.000758
0.000759
0.000758
0.000759
0.000785
0.000773
0.000758
0.000759
0.000758
0.000758
0.000760
0.000758
0.000758
0.000758
0.000758
0.000761
0.000775
0.000779
0.000774
0.000758
0.000761
0.000758
0.000759
0.000758
0.000758
0.000761
0.000757
0.000759
0.000758
0.000759
0.000790
0.000777
0.000758
0.000758
0.000759
0.000759
0.000788
0.000787
0.000759
0.000758
0.000759
0.000761
0.000758
0.000782
0.000778
0.000758
0.000761
0.000758
0.000758
0.000759
0.000758
0.000758
0.000760
0.000758
0.000759
0.000759
0.000758
0.000800
0.000758
0.000758
0.000757
0.000758
0.000761
0.000757
0.000758
0.000758
0.000759
0.000761
0.000757
0.000782
0.000786
0.000758
0.000758
0.000760
0.000758
0.000758
0.000758
0.000759
0.000760
0.000758
0.000759
0.000759
0.000778
0.000784
0.000758
0.000776
0.000778
0.000788
0.000760
0.000758
0.000758
0.000758
0.000758
0.000761
0.000758
0.000788
0.000780
0.000781
0.000758
0.000760
0.000758
0.000759
0.000758
0.000759
0.000760
0.000759
0.000758
0.000758
0.000784
0.000780
0.000779
0.000787
0.000784
0.000778
0.000781
0.000778
0.000775
0.000758
0.000758
0.000761
0.000758
0.000783
0.000779
0.000770
0.000758
0.000760
0.000758
0.000758
0.000758
0.000759
0.000760
0.000759
0.000759
0.000759
0.000790
0.000781
0.000778
0.000759
0.000758
0.000758
0.000762
0.000757
0.000759
0.000759
0.000758
0.000758
0.000780
0.000779
0.000779
0.000787
0.000758
0.000760
0.000758
0.000758
0.000758
0.000758
0.000783
0.000779
0.000771
0.000758
0.000787
0.000838
0.000797
0.000802
0.000759
0.000759
0.000789
0.000787
0.000777
0.000758
0.000758
0.000761
0.000758
0.000793
0.000789
0.000758
0.000758
0.000761
0.000758
0.000758
0.000758
0.000758
0.000760
0.000758
0.000758
0.000758
0.000787
0.000780
0.000777
0.000758
0.000759
0.000758
0.000760
0.000758
0.000759
0.000758
0.000758
0.000758
0.000760
0.000781
0.000779
0.000787
0.000758
0.000760
0.000758
0.000759
0.000759
0.000758
0.000760
0.000758
0.000758
0.000758
0.000786
0.000783
0.000776
0.000759
0.000759
0.000759
0.000761
0.000758
0.000757
0.000758
0.000758
0.000759
0.000760
0.000786
0.000779
0.000776
0.000758
0.000760
0.000758
0.000758
0.000758
0.000759
0.000761
0.000758
0.000758
0.000759
0.000781
0.000782
0.000784
0.000759
0.000758
0.000758
0.000759
0.000761
0.000758
0.000759
0.000758
0.000758
0.000761
0.000776
0.000779
0.000780
0.000774
0.000761
0.000759
0.000758
0.000758
0.000758
0.000761
0.000758
0.000759
0.000758
0.000779
0.000779
0.000785
0.000758
0.000758
0.000758
0.000759
0.000762
0.000758
0.000758
0.000758
0.000758
0.000784
0.000779
0.000779
0.000782
0.000758
0.000761
0.000758
0.000758
0.000758
0.000787
0.000782
0.000778
0.000777
0.000759
0.000778
0.000778
0.000792
0.000757
0.000758
0.000759
0.000759
0.000760
0.000758
0.000758
0.000758
0.000758
0.000760
0.000758
0.000793
0.000779
0.000777
0.000761
0.000757
0.000758
0.000758
0.000758
0.000758
0.000760
0.000759
0.000758
0.000775
0.000779
0.000782
0.000759
0.000758
0.000758
0.000757
0.000761
0.000759
0.000758
0.000758
0.000758
0.000761
0.000775
0.000779
0.000787
0.000758
0.000761
0.000758
0.000759
0.000758
0.000758
0.000759
0.000760
0.000758
0.000758
0.000758
0.000790
0.000781
0.000777
0.000758
0.000758
0.000758
0.000761
0.000757
0.000758
0.000758
0.000759
0.000761
0.000757
0.000786
0.000779
0.000785
0.000759
0.000761
0.000758
0.000758
0.000759
0.000758
0.000760
0.000758
0.000758
0.000758
0.000786
0.000813
0.000758
0.000759
0.000758
0.000758
0.000760
0.000758
0.000758
0.000759
0.000758
0.000758
0.000760
0.000789
0.000779
0.000776
0.000758
0.000760
0.000758
0.000758
0.000758
0.000758
0.000760
0.000758
0.000758
0.000759
0.000784
0.000781
0.000784
0.000758
0.000758
0.000758
0.000761
0.000758
0.000758
0.000758
0.000759
0.000758
0.000760
0.000790
0.000778
0.000778
0.000772
0.000760
0.000758
0.000758
0.000758
0.000759
0.000760
0.000758
0.000758
0.000758
0.000777
0.000798
0.000791
0.000777
0.000758
0.000758
0.000758
0.000761
0.000758
0.000758
0.000758
0.000759
0.000760
0.000783
0.000778
0.000783
0.000758
0.000761
0.000758
0.000758
0.000758
0.000758
0.000760
0.000758
0.000759
0.000758
0.000780
0.000782
0.000778
0.000772
0.000758
0.000758
0.000759
0.000760
0.000758
0.000758
0.000758
0.000758
0.000760
0.000782
0.000778
0.000773
0.000758
0.000761
0.000759
0.000759
0.000759
0.000758
0.000760
0.000758
0.000758
0.000759
0.000779
0.000778
0.000783
0.000758
0.000758
0.000758
0.000758
0.000762
0.000759
0.000758
0.000758
0.000758
0.000761
0.000775
0.000779
0.000789
0.000758
0.000761
0.000758
0.000758
0.000758
0.000758
0.000758
0.000761
0.000758
0.000758
0.000758
0.000789
0.000781
0.000777
0.000758
0.000758
0.000759
0.000760
0.000775
0.000778
0.000777
0.000759
0.000760
0.000780
0.000779
0.000778
0.000758
0.000762
0.000758
0.000758
0.000758
0.000759
0.000758
0.000760
0.000758
0.000756
0.000775
0.000779
0.000789
0.000759
0.000758
0.000759
0.000759
0.000762
0.000757
0.000758
0.000758
0.000758
0.000761
0.000788
0.000779
0.000779
0.000774
0.000758
0.000760
0.000758
0.000759
0.000759
0.000758
0.000760
0.000758
0.000759
0.000758
0.000785
0.000781
0.000783
0.000758
0.000759
0.000759
0.000760
0.000758
0.000759
0.000758
0.000758
0.000758
0.000761
0.000789
0.000784
0.000758
0.000758
0.000761
0.000757
0.000758
0.000759
0.000758
0.000760
0.000758
0.000759
0.000758
0.000787
0.000781
0.000772
0.000758
0.000759
0.000759
0.000761
0.000757
0.000757
0.000758
0.000758
0.000758
0.000760
0.000782
0.000778
0.000781
0.000758
0.000760
0.000758
0.000758
0.000758
0.000759
0.000761
0.000758
0.000758
0.000758
0.000778
0.000783
0.000778
0.000769
0.000758
0.000759
0.000758
0.000760
0.000758
0.000759
0.000758
0.000758
0.000760
0.000783
0.000779
0.000771
0.000759
0.000783
0.000779
0.000772
0.000758
0.000758
0.000761
0.000759
0.000758
0.000759
0.000783
0.000781
0.000777
0.000758
0.000758
0.000758
0.000759
0.000761
0.000757
0.000758
0.000759
0.000758
0.000760
0.000778
0.000779
0.000785
0.000759
0.000760
0.000758
0.000759
0.000759
0.000759
0.000761
0.000757
0.000758
0.000758
0.000758
0.000792
0.000782
0.000775
0.000759
0.000759
0.000758
0.000835
0.000807
0.000776
0.000759
0.000758
0.000791
0.000798
0.000804
0.000779
0.000777
0.000761
0.000758
0.000758
0.000758
0.000758
0.000760
0.000758
0.000759
0.000758
0.000758
0.000794
0.000787
0.000758
0.000759
0.000758
0.000758
0.000789
0.000785
0.000758
0.000758
0.000758
0.000761
0.000781
0.000778
0.000787
0.000758
0.000760
0.000757
0.000758
0.000758
0.000758
0.000761
0.000757
0.000758
0.000758
0.000776
0.000779
0.000781
0.000774
0.000758
0.000758
0.000758
0.000761
0.000758
0.000758
0.000759
0.000759
0.000760
0.000778
0.000778
0.000777
0.000758
0.000760
0.000758
0.000758
0.000759
0.000758
0.000758
0.000759
0.000758
0.000759
0.000777
0.000779
0.000786
0.000758
0.000758
0.000757
0.000758
0.000760
0.000758
0.000759
0.000758
0.000758
0.000760
0.000790
0.000779
0.000778
0.000773
0.000760
0.000758
0.000759
0.000758
0.000758
0.000759
0.000761
0.000758
0.000757
0.000758
0.000787
0.000782
0.000781
0.000758
0.000758
0.000758
0.000761
0.000758
0.000759
0.000758
0.000758
0.000760
0.000758
0.000791
0.000782
0.000758
0.000758
0.000760
0.000758
0.000759
0.000759
0.000758
0.000759
0.000758
0.000758
0.000759
0.000790
0.000781
0.000772
0.000758
0.000758
0.000759
0.000762
0.000757
0.000758
0.000758
0.000759
0.000758
0.000786
0.000778
0.000778
0.000779
0.000758
0.000761
0.000758
0.000758
0.000759
0.000758
0.000760
0.000759
0.000759
0.000758
0.000780
0.000782
0.000787
0.000758
0.000759
0.000758
0.000761
0.000758
0.000759
0.000758
0.000758
0.000759
0.000760
0.000784
0.000779
0.000770
0.000758
0.000760
0.000758
0.000758
0.000758
0.000759
0.000761
0.000758
0.000758
0.000758
0.000784
0.000782
0.000778
0.000758
0.000758
0.000758
0.000759
0.000761
0.000759
0.000758
0.000758
0.000758
0.000761
0.000779
0.000779
0.000787
0.000759
0.000760
0.000758
0.000758
0.000758
0.000758
0.000760
0.000757
0.000759
0.000759
0.000774
0.000778
0.000780
0.000776
0.000758
0.000758
0.000758
0.000760
0.000758
0.000758
0.000759
0.000759
0.000761
0.000775
0.000779
0.000779
0.000758
0.000761
0.000758
0.000758
0.000758
0.000758
0.000758
0.000760
0.000758
0.000758
0.000777
0.000779
0.000791
0.000758
0.000758
0.000758
0.000758
0.000760
0.000759
0.000758
0.000758
0.000758
0.000760
0.000758
0.000793
0.000780
0.000776
0.000760
0.000758
0.000758
0.000758
0.000758
0.000758
0.000761
0.000759
0.000758
0.000758
0.000788
0.000782
0.000784
0.000758
0.000758
0.000758
0.000761
0.000758
0.000758
0.000758
0.000759
0.000779
0.000778
0.000779
0.000786
0.000758
0.000758
0.000760
0.000759
0.000758
0.000759
0.000759
0.000760
0.000758
0.000759
0.000759
0.000791
0.000780
0.000775
0.000758
0.000759
0.000759
0.000760
0.000758
0.000758
0.000758
0.000759
0.000759
0.000794
0.000779
0.000779
0.000782
0.000758
0.000761
0.000758
0.000758
0.000758
0.000758
0.000760
0.000758
0.000758
0.000758
0.000783
0.000781
0.000779
0.000770
0.000758
0.000758
0.000761
0.000758
0.000758
0.000757
0.000759
0.000758
0.000761
0.000780
0.000778
0.000773
0.000758
0.000760
0.000758
0.000758
0.000759
0.000758
0.000760
0.000758
0.000758
0.000758
0.000786
0.000782
0.000781
0.000758
0.000758
0.000759
0.000759
0.000760
0.000759
0.000758
0.000758
0.000759
0.000760
0.000781
0.000778
0.000778
0.000769
0.000761
0.000758
0.000758
0.000758
0.000759
0.000760
0.000758
0.000759
0.000758
0.000783
0.000782
0.000771
0.000758
0.000758
0.000758
0.000759
0.000760
0.000758
0.000758
0.000758
0.000758
0.000761
0.000780
0.000779
0.000780
0.000759
0.000761
0.000758
0.000758
0.000758
0.000759
0.000761
0.000757
0.000759
0.000759
0.000777
0.000779
0.000791
0.000757
0.000758
0.000758
0.000758
0.000762
0.000758
0.000758
0.000759
0.000758
0.000760
0.000786
0.000779
0.000779
0.000778
0.000761
0.000758
0.000758
0.000758
0.000759
0.000759
0.000760
0.000758
0.000759
0.000775
0.000778
0.000781
0.000758
0.000758
0.000759
0.000758
0.000760
0.000758
0.000758
0.000758
0.000758
0.000761
0.000774
0.000779
0.000787
0.000758
0.000761
0.000757
0.000758
0.000759
0.000758
0.000758
0.000760
0.000758
0.000758
0.000789
0.000802
0.000793
0.000775
0.000758
0.000758
0.000759
0.000761
0.000758
0.000758
0.000759
0.000758
0.000761
0.000778
0.000779
0.000779
0.000784
0.000759
0.000761
0.000757
0.000758
0.000758
0.000759
0.000761
0.000758
0.000759
0.000758
0.000786
0.000790
0.000758
0.000757
0.000758
0.000758
0.000761
0.000758
0.000759
0.000758
0.000758
0.000759
0.000761
0.000789
0.000778
0.000776
0.000758
0.000760
0.000757
0.000758
0.000758
0.000759
0.000760
0.000758
0.000758
0.000758
0.000784
0.000782
0.000783
0.000758
0.000759
0.000758
0.000760
0.000758
0.000758
0.000758
0.000757
0.000758
0.000761
0.000791
0.000778
0.000778
0.000773
0.000786
0.000778
0.000770
0.000758
0.000774
0.000782
0.000780
0.000758
0.000758
0.000779
0.000782
0.000787
0.000758
0.000758
0.000759
0.000762
0.000758
0.000758
0.000758
0.000758
0.000759
0.000760
0.000788
0.000787
0.000759
0.000758
0.000761
0.000758
0.000759
0.000759
0.000758
0.000759
0.000758
0.000758
0.000759
0.000785
0.000781
0.000774
0.000758
0.000758
0.000758
0.000758
0.000760
0.000758
0.000759
0.000758
0.000758
0.000760
0.000780
0.000779
0.000784
0.000759
0.000784
0.000779
0.000771
0.000758
0.000759
0.000761
0.000758
0.000758
0.000758
0.000775
0.000782
0.000778
0.000771
0.000758
0.000759
0.000758
0.000760
0.000758
0.000759
0.000758
0.000758
0.000760
0.000759
0.000791
0.000779
0.000781
0.000761
0.000758
0.000758
0.000758
0.000759
0.000761
0.000758
0.000759
0.000759
0.000758
0.000790
0.000785
0.000758
0.000759
0.000758
0.000758
0.000761
0.000758
0.000758
0.000758
0.000759
0.000761
0.000777
0.000778
0.000779
0.000771
0.000760
0.000758
0.000759
0.000759
0.000758
0.000758
0.000760
0.000758
0.000758
0.000759
0.000793
0.000781
0.000779
0.000758
0.000759
0.000759
0.000760
0.000758
0.000759
0.000759
0.000759
0.000761
0.000758
0.000794
0.000781
0.000758
0.000761
0.000758
0.000758
0.000758
0.000759
0.000758
0.000760
0.000758
0.000759
0.000758
0.000792
0.000781
0.000770
0.000758
0.000759
0.000759
0.000762
0.000757
0.000758
0.000758
0.000759
0.000760
0.000784
0.000779
0.000778
0.000777
0.000758
0.000761
0.000757
0.000758
0.000758
0.000759
0.000761
0.000758
0.000758
0.000759
0.000784
0.000781
0.000786
0.000758
0.000759
0.000758
0.000761
0.000758
0.000759
0.000758
0.000758
0.000758
0.000760
0.000783
0.000779
0.000771
0.000758
0.000760
0.000758
0.000758
0.000758
0.000758
0.000760
0.000758
0.000759
0.000759
0.000786
0.000781
0.000778
0.000759
0.000759
0.000759
0.000758
0.000761
0.000757
0.000758
0.000758
0.000758
0.000789
0.000778
0.000779
0.000785
0.000758
0.000761
0.000758
0.000758
0.000758
0.000759
0.000760
0.000758
0.000758
0.000758
0.000778
0.000783
0.000778
0.000774
0.000758
0.000758
0.000759
0.000760
0.000758
0.000758
0.000758
0.000758
0.000760
0.000776
0.000779
0.000778
0.000758
0.000760
0.000758
0.000759
0.000758
0.000758
0.000760
0.000757
0.000759
0.000759
0.000780
0.000779
0.000787
0.000758
0.000782
0.000778
0.000771
0.000760
0.000759
0.000758
0.000758
0.000758
0.000760
0.000777
0.000778
0.000779
0.000773
0.000760
0.000758
0.000758
0.000757
0.000758
0.000761
0.000758
0.000759
0.000758
0.000758
0.000792
0.000783
0.000782
0.000758
0.000759
0.000759
0.000788
0.000787
0.000758
0.000758
0.000759
0.000785
0.000778
0.000779
0.000782
0.000758
0.000782
0.000778
0.000775
0.000758
0.000758
0.000779
0.000778
0.000778
0.000758
0.000781
0.000779
0.000789
0.000758
0.000758
0.000759
0.000758
0.000760
0.000758
0.000759
0.000758
0.000758
0.000760
0.000776
0.000779
0.000779
0.000775
0.000761
0.000758
0.000758
0.000759
0.000758
0.000760
0.000792
0.000780
0.000758
0.000780
0.000779
0.000778
0.000758
0.000759
0.000759
0.000759
0.000788
0.000788
0.000758
0.000759
0.000759
0.000761
0.000779
0.000779
0.000782
0.000759
0.000761
0.000758
0.000758
0.000759
0.000758
0.000758
0.000760
0.000759
0.000759
0.000774
0.000779
0.000781
0.000772
0.000759
0.000758
0.000758
0.000759
0.000759
0.000758
0.000758
0.000759
0.000760
0.000759
0.000789
0.000779
0.000780
0.000761
0.000757
0.000758
0.000759
0.000758
0.000758
0.000761
0.000758
0.000758
0.000758
0.000794
0.000784
0.000758
0.000758
0.000758
0.000758
0.000760
0.000758
0.000759
0.000758
0.000758
0.000760
0.000757
0.000792
0.000788
0.000758
0.000759
0.000761
0.000758
0.000758
0.000758
0.000758
0.000760
0.000757
0.000758
0.000758
0.000787
0.000781
0.000778
0.000758
0.000759
0.000758
0.000762
0.000758
0.000758
0.000758
0.000759
0.000759
0.000793
0.000806
0.000779
0.000786
0.000758
0.000761
0.000758
0.000758
0.000758
0.000758
0.000761
0.000758
0.000758
0.000758
0.000787
0.000782
0.000774
0.000758
0.000758
0.000758
0.000761
0.000758
0.000757
0.000758
0.000759
0.000758
0.000760
0.000788
0.000779
0.000776
