0.006043
0.005259
0.004819
0.004566
0.004506
0.004416
0.004470
0.004403
0.004537
0.004391
0.004463
0.004392
0.004370
0.004395
0.004313
0.004385
0.004322
0.004409
0.004371
0.004418
0.004352
0.004298
0.004380
0.004311
0.004364
0.004295
0.004381
0.004321
0.004395
0.004357
0.004386
0.004403
0.004365
0.004363
0.004280
0.004302
0.004308
0.004272
0.004341
0.004267
0.004339
0.004261
0.004288
0.004286
0.004431
0.004464
0.004292
0.004384
0.004259
0.004303
0.004270
0.004230
0.004313
0.004238
0.004391
0.004371
0.004393
0.004288
0.004239
0.004348
0.004220
0.004305
0.004241
0.004311
0.004265
0.004220
0.004307
0.004263
0.004341
0.004263
0.004354
0.004269
0.004234
0.004309
0.004245
0.004334
0.004249
0.004311
0.004318
0.004263
0.004308
0.004231
0.004322
0.004240
0.004297
0.004283
0.004221
0.004290
0.004227
0.004326
0.004230
0.004301
0.004293
0.004247
0.004328
0.004236
0.004360
0.004251
0.004295
0.004254
0.004215
0.004349
0.004240
0.004420
0.004255
0.004319
0.004265
0.004205
0.004288
0.004218
0.004324
0.004216
0.004273
0.004237
0.004202
0.004299
0.004209
0.004326
0.004230
0.004260
0.004245
0.004210
0.004293
0.004209
0.004316
0.004222
0.004229
0.004268
0.004210
0.004259
0.004208
0.004301
0.004221
0.004220
0.004275
0.004200
0.004312
0.004215
0.004316
0.004247
0.004277
0.004280
0.004213
0.004317
0.004220
0.004297
0.004228
0.004197
0.004298
0.004221
0.004308
0.004317
0.004300
0.004271
0.004212
0.004279
0.004211
0.004310
0.004223
0.004277
0.004255
0.004203
0.004293
0.004233
0.004368
0.004212
0.004262
0.004269
0.004215
0.004298
0.004224
0.004297
0.004214
0.004269
0.004255
0.004195
0.004286
0.004212
0.004310
0.004408
0.004280
0.004373
0.004232
0.004298
0.004214
0.004337
0.004335
0.004270
0.004240
0.004201
0.004271
0.004204
0.004315
0.004214
0.004354
0.004391
0.004235
0.004291
0.004267
0.004360
0.004228
0.004256
0.004267
0.004197
0.004275
0.004215
0.004308
0.004229
0.004231
0.004286
0.004217
0.004331
0.004314
0.004330
0.004217
0.004246
0.004270
0.004206
0.004291
0.004215
0.004307
0.004228
0.004221
0.004256
0.004193
0.004301
0.004222
0.004279
0.004250
0.004195
0.004277
0.004206
0.004304
0.004233
0.004314
0.004255
0.004225
0.004297
0.004205
0.004337
0.004217
0.004286
0.004261
0.004214
0.004290
0.004211
0.004379
0.004248
0.004299
0.004263
0.004216
0.004297
0.004304
0.004312
0.004214
0.004271
0.004284
0.004245
0.004289
0.004226
0.004332
0.004227
0.004275
0.004249
0.004216
0.004271
0.004227
0.004319
0.004226
0.004239
0.004266
0.004209
0.004286
0.004214
0.004323
0.004219
0.004230
0.004267
0.004209
0.004289
0.004227
0.004344
0.004225
0.004229
0.004442
0.004345
0.004319
0.004217
0.004315
0.004234
0.004246
0.004279
0.004218
0.004320
0.004298
0.004298
0.004226
0.004226
0.004276
0.004214
0.004296
0.004217
0.004289
0.004288
0.004284
0.004281
0.004235
0.004337
0.004220
0.004277
0.004255
0.004206
0.004267
0.004206
0.004294
0.004218
0.004269
0.004245
0.004211
0.004286
0.004215
0.004304
0.004217
0.004261
0.004256
0.004203
0.004296
0.004223
0.004343
0.004229
0.004251
0.004254
0.004208
0.004283
0.004217
0.004320
0.004325
0.004278
0.004259
0.004205
0.004271
0.004208
0.004385
0.004244
0.004272
0.004271
0.004213
0.004281
0.004218
0.004320
0.004240
0.004272
0.004284
0.004217
0.004290
0.004221
0.004314
0.004230
0.004267
0.004404
0.004235
0.004367
0.004230
0.004356
0.004234
0.004237
0.004270
0.004212
0.004298
0.004241
0.004287
0.004255
0.004197
0.004308
0.004255
0.004360
0.004287
0.004347
0.004312
0.004327
0.004273
0.004218
0.004350
0.004265
0.004384
0.004296
0.004234
0.004268
0.004207
0.004299
0.004298
0.004316
0.004253
0.004239
0.004278
0.004196
0.004396
0.004299
0.004340
0.004298
0.004249
0.004271
0.004200
0.004283
0.004217
0.004315
0.004242
0.004240
0.004281
0.004198
0.004327
0.004221
0.004332
0.004238
0.004207
0.004369
0.004252
0.004320
0.004212
0.004297
0.004264
0.004249
0.004336
0.004306
0.004333
0.004217
0.004321
0.004260
0.004323
0.004267
0.004197
0.004296
0.004211
0.004294
0.004247
0.004195
0.004289
0.004260
0.004328
0.004224
0.004272
0.004237
0.004203
0.004311
0.004225
0.004327
0.004277
0.004283
0.004251
0.004208
0.004448
0.004226
0.004296
0.004199
0.004255
0.004250
0.004224
0.004287
0.004212
0.004323
0.004220
0.004237
0.004242
0.004190
0.004287
0.004198
0.004304
0.004270
0.004251
0.004259
0.004215
0.004280
0.004207
0.004306
0.004231
0.004203
0.004273
0.004196
0.004264
0.004284
0.004284
0.004312
0.004216
0.004281
0.004212
0.004349
0.004289
0.004339
0.004219
0.004195
0.004309
0.004214
0.004328
0.004210
0.004277
0.004261
0.004292
0.004286
0.004293
0.004325
0.004224
0.004269
0.004254
0.004203
0.004285
0.004203
0.004309
0.004217
0.004255
0.004335
0.004217
0.004292
0.004215
0.004308
0.004241
0.004309
0.004271
0.004207
0.004287
0.004214
0.004297
0.004209
0.004247
0.004250
0.004252
0.004286
0.004213
0.004300
0.004226
0.004282
0.004355
0.004211
0.004278
0.004266
0.004323
0.004242
0.004241
0.004274
0.004209
0.004349
0.004221
0.004304
0.004239
0.004210
0.004281
0.004209
0.004341
0.004226
0.004299
0.004231
0.004202
0.004278
0.004205
0.004289
0.004206
0.004278
0.004242
0.004198
0.004290
0.004208
0.004333
0.004248
0.004332
0.004251
0.004207
0.004488
0.008657
0.009215
0.006497
0.005621
0.006048
0.005241
0.005106
0.005099
0.005036
0.005026
0.004994
0.005040
0.004948
0.005079
0.005090
0.005097
0.005464
0.005033
0.004965
0.005086
0.005057
0.004901
0.004882
0.004940
0.004889
0.004819
0.004890
0.004927
0.004871
0.004815
0.004842
0.004815
0.005044
0.005113
0.005029
0.004979
0.004905
0.004885
0.004916
0.004884
0.004817
0.004864
0.004787
0.004999
0.004859
0.004880
0.004761
0.004822
0.004806
0.004843
0.004756
0.004941
0.004837
0.004904
0.004810
0.004879
0.004846
0.004868
0.004803
0.004888
0.004842
0.004843
0.004882
0.004932
0.004853
0.004904
0.004861
0.004876
0.004799
0.004870
0.004858
0.004882
0.004818
0.004840
0.004863
0.004933
0.004787
0.004835
0.004858
0.004889
0.004784
0.004776
0.004790
0.004738
0.004815
0.004757
0.004802
0.004737
0.004800
0.004757
0.004759
0.004771
0.004719
0.004780
0.004721
0.004798
0.004734
0.004819
0.004737
0.004832
0.004789
0.004817
0.004791
0.019550
0.005765
0.004557
0.004261
0.004293
0.004226
0.004182
0.004253
0.004316
0.004227
0.004291
0.004162
0.004205
0.004158
0.004235
0.004176
0.004154
0.004154
0.004127
0.004132
0.004135
0.004143
0.004151
0.004142
0.004152
0.004141
0.004144
0.004141
0.004141
0.004155
0.004142
0.004143
0.004142
0.004152
0.004151
0.004158
0.004155
0.004156
0.004148
0.004146
0.004142
0.004138
0.004139
0.004143
0.004141
0.004128
0.004145
0.004134
0.004134
0.004143
0.004133
0.004145
0.004137
0.004151
0.004138
0.004142
0.004140
0.004143
0.004143
0.004156
0.004154
0.004165
0.004154
0.004146
0.004137
0.004147
0.004151
0.004373
0.004191
0.004162
0.004161
0.004146
0.004141
0.004143
0.004142
0.004138
0.004140
0.004142
0.004133
0.004133
0.004129
0.004148
0.004146
0.004149
0.004144
0.004158
0.004145
0.004131
0.004132
0.004136
0.004141
0.004143
0.004141
0.004135
0.004141
0.004146
0.004140
0.004145
0.004135
0.004145
0.004135
0.004139
0.004160
0.004135
0.004134
0.004137
0.004135
0.004148
0.004143
0.004160
0.004143
0.004138
0.004145
0.004126
0.004147
0.004144
0.004141
0.004146
0.004150
0.004143
0.004141
0.004146
0.004143
0.004149
0.004148
0.004178
0.004262
0.004174
0.004164
0.004151
0.004148
0.004141
0.004152
0.004160
0.004142
0.004150
0.004136
0.004130
0.004124
0.004140
0.004136
0.004135
0.004137
0.004142
0.004163
0.004140
0.004134
0.004138
0.004127
0.004137
0.004138
0.004126
0.004140
0.004140
0.004134
0.004139
0.004150
0.004143
0.004137
0.004128
0.004137
0.004141
0.004138
0.004138
0.004141
0.004136
0.004136
0.004146
0.004148
0.004135
0.004126
0.004139
0.004134
0.004127
0.004139
0.004140
0.004157
0.004136
0.004143
0.004143
0.004136
0.004152
0.004141
0.004143
0.004142
0.004228
0.004186
0.004146
0.004150
0.004143
0.004145
0.004143
0.004135
0.004144
0.004377
0.004194
0.004192
0.004141
0.004134
0.004131
0.004140
0.004132
0.004141
0.004143
0.004137
0.004150
0.004157
0.004133
0.004139
0.004134
0.004124
0.004130
0.004131
0.004198
0.004204
0.004157
0.004174
0.004162
0.004144
0.004156
0.004133
0.004131
0.004135
0.004140
0.004126
0.004138
0.004130
0.004137
0.004134
0.004142
0.004142
0.004150
0.004142
0.004135
0.004144
0.004141
0.004134
0.004149
0.004141
0.004148
0.004140
0.004133
0.004168
0.004136
0.004238
0.004211
0.004158
0.004150
0.004147
0.004138
0.004139
0.004141
0.004140
0.004152
0.004155
0.004145
0.004137
0.004133
0.004134
0.004132
0.004166
0.004138
0.004139
0.004139
0.004154
0.004143
0.004137
0.004129
0.004130
0.004134
0.004130
0.004128
0.004131
0.004138
0.004139
0.004144
0.004146
0.004156
0.004146
0.004152
0.004137
0.004137
0.004127
0.004130
0.004133
0.004141
0.004145
0.004133
0.004137
0.004144
0.004141
0.004171
0.004154
0.004138
0.004133
0.004143
0.004135
0.004135
0.004136
0.004170
0.004154
0.004154
0.004157
0.004158
0.004219
0.004152
0.004153
0.004160
0.004150
0.004146
0.004138
0.004149
0.004143
0.004145
0.004144
0.004152
0.004165
0.004147
0.004142
0.004146
0.004141
0.004143
0.004136
0.004141
0.004144
0.004148
0.004155
0.004128
0.004130
0.004142
0.004140
0.004132
0.004134
0.004135
0.004142
0.004139
0.004140
0.004145
0.004143
0.004141
0.004146
0.004138
0.004130
0.004140
0.004147
0.004146
0.004131
0.004137
0.004148
0.004143
0.004158
0.004137
0.004139
0.004138
0.004144
0.004149
0.004130
0.004139
0.004137
0.004140
0.004138
0.004145
0.004130
0.004225
0.004170
0.004208
0.004177
0.004163
0.004176
0.004141
0.004128
0.004143
0.004146
0.004142
0.004148
0.004143
0.004155
0.004152
0.004149
0.004153
0.004145
0.004150
0.004221
0.004411
0.004213
0.004217
0.004145
0.004150
0.004140
0.004148
0.004142
0.004135
0.004127
0.004135
0.004124
0.004146
0.004139
0.004149
0.004159
0.004142
0.004121
0.004144
0.004145
0.004141
0.004127
0.004139
0.004136
0.004137
0.004165
0.004171
0.004142
0.004141
0.004145
0.004143
0.004151
0.004137
0.004147
0.004132
0.004137
0.004130
0.004151
0.004145
0.004300
0.004172
0.004158
0.004148
0.004148
0.004149
0.004140
0.004138
0.004141
0.004153
0.004163
0.004147
0.004155
0.004143
0.004148
0.004135
0.004144
0.004141
0.004142
0.004135
0.004152
0.004142
0.004151
0.004152
0.004162
0.004152
0.004142
0.004146
0.004139
0.004140
0.004140
0.004165
0.004136
0.004134
0.004146
0.004131
0.004140
0.004133
0.004141
0.004132
0.004137
0.004136
0.004146
0.004138
0.004145
0.004134
0.004137
0.004142
0.004159
0.004134
0.004152
0.004136
0.004144
0.004137
0.004148
0.004125
0.004147
0.004303
0.004159
0.004230
0.004157
0.004138
0.004152
0.004143
0.004139
0.004137
0.004144
0.004139
0.004130
0.004144
0.004129
0.004143
0.004146
0.004154
0.004142
0.004134
0.004131
0.004153
0.004143
0.004135
0.004131
0.004139
0.004144
0.004137
0.004137
0.004150
0.004133
0.004135
0.004144
0.004138
0.004141
0.004147
0.004149
0.004142
0.004148
0.004155
0.004152
0.004148
0.004140
0.004140
0.004182
0.004169
0.004164
0.004143
0.004142
0.004141
0.004150
0.004152
0.004142
0.004148
0.004133
0.004145
0.004144
0.004139
0.004135
0.004136
0.004138
0.004137
0.004293
0.004177
0.004160
0.004184
0.004155
0.004156
0.004145
0.004145
0.004135
0.004139
0.004128
0.004141
0.004138
0.004147
0.004141
0.004140
0.004145
0.004142
0.004141
0.004147
0.004147
0.004139
0.004140
0.004147
0.004143
0.004159
0.004155
0.004156
0.004142
0.004141
0.004149
0.004151
0.004147
0.004140
0.004146
0.004143
0.004133
0.004137
0.004148
0.004145
0.004145
0.004148
0.004147
0.004137
0.004136
0.004146
0.004139
0.004138
0.004135
0.004156
0.004152
0.004174
0.004143
0.004149
0.004143
0.004139
0.004135
0.004133
0.004147
0.004256
0.004164
0.004143
0.004153
0.004139
0.004154
0.004135
0.004145
0.004163
0.004143
0.004144
0.004150
0.004133
0.004133
0.004145
0.004149
0.004167
0.004135
0.004140
0.004139
0.004133
0.004145
0.004155
0.004142
0.004136
0.004151
0.004154
0.004163
0.004132
0.004137
0.004133
0.004144
0.004141
0.004145
0.004161
0.004127
0.004146
0.004165
0.004179
0.004190
0.004161
0.004145
0.004224
0.004146
0.004153
0.004215
0.004156
0.004187
0.004219
0.004138
0.004158
0.004149
0.004142
0.004141
0.004152
0.004150
0.004134
0.004139
0.004134
0.004238
0.004183
0.004148
0.004205
0.004147
0.004153
0.004143
0.004140
0.004135
0.004145
0.004144
0.004156
0.004146
0.004129
0.004152
0.004137
0.004136
0.004135
0.004137
0.004140
0.004143
0.004137
0.004137
0.004139
0.004143
0.004143
0.004148
0.004142
0.004146
0.004147
0.004138
0.004141
0.004145
0.004139
0.004132
0.004136
0.004134
0.004131
0.004144
0.004151
0.004146
0.004146
0.004160
0.004136
0.004149
0.004135
0.004143
0.004133
0.004136
0.004141
0.004138
0.004153
0.004144
0.004153
0.004134
0.004140
0.004144
0.004147
0.004135
0.004201
0.004205
0.004149
0.004145
0.004138
0.004136
0.004151
0.004137
0.004140
0.004140
0.004142
0.004138
0.004142
0.004144
0.004126
0.004140
0.004155
0.004146
0.004151
0.004140
0.004143
0.004132
0.004141
0.004143
0.004148
0.004139
0.004136
0.004144
0.004132
0.004140
0.004141
0.004138
0.004142
0.004136
0.004141
0.004401
0.004261
0.004181
0.004160
0.004149
0.004149
0.004141
0.004192
0.004143
0.004149
0.004145
0.004133
0.004139
0.004131
0.004148
0.004143
0.004133
0.004147
0.004130
0.004137
0.004133
0.004141
0.004152
0.004143
0.004266
0.004216
0.004146
0.004151
0.004155
0.004162
0.004142
0.004150
0.004143
0.004135
0.004134
0.004138
0.004140
0.004133
0.004132
0.004139
0.004160
0.004137
0.004142
0.004135
0.004139
0.004139
0.004140
0.004126
0.004130
0.004132
0.004144
0.004133
0.004138
0.004143
0.004160
0.004158
0.004150
0.004147
0.004143
0.004136
0.004140
0.004138
0.004139
0.004135
0.004138
0.004130
0.004138
0.004134
0.004127
0.004133
0.004144
0.004132
0.004136
0.004134
0.004145
0.004132
0.004132
0.004130
0.004147
0.004150
0.004147
0.004152
0.004134
0.004141
0.004225
0.004150
0.004145
0.004143
0.004144
0.004130
0.004135
0.004139
0.004128
0.004138
0.004131
0.004147
0.004160
0.004135
0.004125
0.004142
0.004141
0.004158
0.004157
0.004147
0.004156
0.004145
0.004129
0.004140
0.004139
0.004135
0.004138
0.004137
0.004142
0.004144
0.004154
0.004163
0.004155
0.004144
0.004151
0.004143
0.004131
0.004136
0.004138
0.004130
0.004137
0.004139
0.004153
0.004133
0.004157
0.004142
0.004141
0.004136
0.004140
0.004136
0.004147
0.004141
0.004134
0.004148
0.004151
0.004157
0.004152
0.004153
0.004138
0.004236
0.004153
0.004163
0.004149
0.004151
0.004139
0.004147
0.004157
0.004139
0.004156
0.004126
0.004137
0.004144
0.004136
0.004125
0.004135
0.004133
0.004134
0.004145
0.004139
0.004137
0.004141
0.004138
0.004136
0.004138
0.004140
0.004132
0.004143
0.004148
0.004155
0.004144
0.004158
0.004148
0.004168
0.004157
0.004140
0.004149
0.004146
0.004134
0.004129
0.004134
0.004131
0.004144
0.004137
0.004145
0.004135
0.004145
0.004150
0.004142
0.004137
0.004132
0.004141
0.004149
0.004138
0.004148
0.004152
0.004145
0.004155
0.004142
0.004277
0.004163
0.004145
0.004147
0.004135
0.004139
0.004138
0.004126
0.004134
0.004292
0.004149
0.004142
0.004136
0.004138
0.004136
0.004140
0.004121
0.004136
0.004137
0.004135
0.004140
0.004148
0.004152
0.004155
0.004144
0.004146
0.004137
0.004135
0.004132
0.004143
0.004138
0.004138
0.004133
0.004128
0.004144
0.004143
0.004142
0.004130
0.004136
0.004137
0.004143
0.004130
0.004141
0.004132
0.004130
0.004146
0.004141
0.004139
0.004135
0.004122
0.004132
0.004131
0.004136
0.004138
0.004140
0.004137
0.004131
0.004142
0.004142
0.004218
0.004195
0.004150
0.004152
0.004135
0.004138
0.004137
0.004147
0.004136
0.004135
0.004148
0.004143
0.004139
0.004129
0.004127
0.004129
0.004141
0.004141
0.004138
0.004142
0.004141
0.004152
0.004144
0.004147
0.004142
0.004139
0.004158
0.004148
0.004141
0.004142
0.004132
0.004142
0.004139
0.004128
0.004161
0.004146
0.004158
0.004142
0.004140
0.004141
0.004134
0.004147
0.004141
0.004143
0.004134
0.004146
0.004144
0.004136
0.004142
0.004129
0.004130
0.004143
0.004144
0.004152
0.004139
0.004134
0.004152
0.004130
0.004147
0.004224
0.004223
0.004145
0.004143
0.005059
0.006048
0.005644
0.004893
0.004570
0.005409
0.004744
0.004469
0.004469
0.004390
0.004387
0.004368
0.004364
0.004315
0.004419
0.004441
0.004419
0.004439
0.004471
0.004420
0.004515
0.004633
0.004369
0.004350
0.004377
0.004270
0.004313
0.004256
0.004269
0.004228
0.004164
0.004229
0.004169
0.004163
0.004248
0.004172
0.004241
0.004219
0.004177
0.004356
0.004360
0.004317
0.004252
0.004144
0.004256
0.004167
0.004275
0.004167
0.004152
0.004219
0.004164
0.004235
0.004343
0.004225
0.004301
0.004211
0.004285
0.004197
0.004196
0.004299
0.004166
0.004247
0.004170
0.004211
0.004229
0.004182
0.004233
0.004171
0.004168
0.004223
0.004165
0.004267
0.004177
0.004192
0.004274
0.004181
0.004270
0.004159
0.004212
0.004261
0.004175
0.004225
0.004245
0.004160
0.004219
0.004169
0.004276
0.004214
0.004176
0.004227
0.004172
0.004261
0.004183
0.004172
0.004227
0.004176
0.004259
0.004173
0.004191
0.004229
0.004171
0.004242
0.004182
0.004148
0.004241
0.004172
0.004238
0.004180
0.004165
0.004228
0.004325
0.004309
0.004250
0.004259
0.004305
0.004169
0.004239
0.004173
0.004229
0.004198
0.004174
0.004242
0.004173
0.004233
0.004187
0.004173
0.004236
0.004156
0.004229
0.004189
0.004166
0.004215
0.004176
0.004195
0.004263
0.004186
0.004305
0.004439
0.004536
0.004226
0.004222
0.004199
0.004188
0.004254
0.004177
0.004206
0.004208
0.004170
0.004233
0.004168
0.004170
0.004204
0.004149
0.004257
0.004152
0.004145
0.004268
0.004155
0.004209
0.004150
0.004140
0.004138
0.004141
0.004140
0.004144
0.004140
0.004137
0.004131
0.004160
0.004219
0.004151
0.004140
0.004142
0.004149
0.004153
0.004138
0.004132
0.004133
0.004121
0.004129
0.004131
0.004316
0.004182
0.004165
0.004153
0.004145
0.004143
0.004140
0.004137
0.004147
0.004130
0.004127
0.004130
0.004142
0.004135
0.004137
0.004141
0.004127
0.004132
0.004128
0.004133
0.004138
0.004131
0.004140
0.004145
0.004157
0.004146
0.004141
0.004152
0.004135
0.004141
0.004142
0.004151
0.004149
0.004136
0.004134
0.004133
0.004138
0.004136
0.004145
0.004136
0.004142
0.004144
0.004147
0.004152
0.004134
0.004144
0.004140
0.004230
0.004174
0.004224
0.004160
0.004150
0.004142
0.004147
0.004140
0.004148
0.004141
0.004145
0.004138
0.004146
0.004146
0.004130
0.004143
0.004146
0.004141
0.004142
0.004136
0.004161
0.004152
0.004192
0.004161
0.004145
0.004143
0.004138
