0.010261
0.006927
0.007198
0.007152
0.007334
0.007612
0.007521
0.007165
0.007473
0.007566
0.007080
0.007407
0.007772
0.007438
0.007667
0.007453
0.007147
0.007407
0.007491
0.007064
0.007583
0.007066
0.007313
0.007665
0.007365
0.007378
0.007636
0.007093
0.007113
0.006888
0.007045
0.007558
0.007220
0.007135
0.007147
0.007297
0.007029
0.007565
0.007055
0.007318
0.007408
0.007012
0.007312
0.007783
0.007603
0.007204
0.007546
0.007232
0.007293
0.007528
0.007167
0.007449
0.007279
0.007113
0.007498
0.007398
0.007286
0.007493
0.007407
0.007244
0.007271
0.007371
0.007380
0.007534
0.007845
0.007588
0.007666
0.007253
0.007246
0.007694
0.007466
0.007176
0.007412
0.007242
0.007410
0.007310
0.007517
0.007274
0.007635
0.007517
0.007614
0.007220
0.007186
0.007375
0.007345
0.007482
0.006951
0.007235
0.007030
0.007698
0.007492
0.007442
0.007333
0.007054
0.007392
0.007391
0.007141
0.007102
0.007458
0.007391
0.007284
0.007607
0.007223
0.007633
0.007355
0.007426
0.006913
0.007551
0.007388
0.006954
0.007604
0.007673
0.007453
0.007753
0.007388
0.006983
0.007406
0.007412
0.007391
0.007335
0.007425
0.007106
0.007336
0.007415
0.007392
0.007480
0.007505
0.006992
0.007219
0.007385
0.007308
0.007321
0.007451
0.007453
0.007224
0.007165
0.026246
0.011471
0.006559
0.006364
0.006312
0.006488
0.006183
0.006189
0.006425
0.006279
0.006227
0.006274
0.006376
0.006264
0.006227
0.006207
0.006237
0.006221
0.006398
0.006243
0.006284
0.006271
0.006165
0.006293
0.006271
0.006284
0.006233
0.006103
0.006265
0.006183
0.006326
0.006106
0.006576
0.006388
0.006503
0.006266
0.006263
0.006289
0.006178
0.006274
0.006683
0.006287
0.006232
0.006247
0.006215
0.006224
0.006677
0.006489
0.006270
0.006156
0.006505
0.006421
0.006202
0.006417
0.006341
0.006715
0.006626
0.006264
0.006345
0.006543
0.006644
0.006368
0.006274
0.006529
0.006322
0.006240
0.006504
0.006427
0.006642
0.006663
0.006574
0.006672
0.006518
0.006779
0.006456
0.006303
0.006615
0.006294
0.006242
0.006166
0.006208
0.006294
0.006703
0.006218
0.006485
0.005974
0.006136
0.006072
0.006251
0.006273
0.006403
0.006184
0.006355
0.006446
0.006105
0.006014
0.006496
0.006456
0.006053
0.006135
0.006306
0.006266
0.006151
0.005850
0.006561
0.006266
0.006257
0.006440
0.006351
0.005987
0.006346
0.006376
0.006405
0.006483
0.006283
0.006311
0.006331
0.006088
0.006159
0.006313
0.006510
0.006664
0.006184
0.005774
0.006283
0.006009
0.006331
0.006589
0.006250
0.006089
0.006119
0.006140
0.005932
0.006046
0.006487
0.006192
0.006336
0.006228
0.006211
0.006251
0.005879
0.006105
0.006368
0.006268
0.005866
0.006277
0.006554
0.006402
0.006248
0.006507
0.006639
0.006352
0.006449
0.006217
0.006109
0.006256
0.006234
0.006348
0.006195
0.006021
0.006226
0.006034
0.006218
0.006369
0.006186
0.005999
0.005887
0.006210
0.005892
0.006456
0.006554
0.006460
0.006077
0.006285
0.006171
0.006273
0.006209
0.006236
0.006584
0.006333
0.006530
0.006267
0.006245
0.006117
0.006031
0.006219
0.006031
0.006520
0.005950
0.006607
0.006180
0.005916
0.005914
0.006577
0.005856
0.006337
0.006382
0.006497
0.006496
0.006240
0.006052
0.006229
0.006215
0.006265
0.006407
0.006190
0.006347
0.006309
0.006271
0.006496
0.006346
0.006337
0.005910
0.006573
0.005909
0.005986
0.006175
0.006177
0.006257
0.006079
0.006045
0.006257
0.006127
0.006093
0.006050
0.006089
0.005926
0.006374
0.006299
0.006372
0.006318
0.006425
0.006433
0.006440
0.006047
0.006305
0.006506
0.006049
0.006303
0.006086
0.006291
0.006247
0.006149
0.006533
0.006107
0.006329
0.006378
0.006335
0.006291
0.006244
0.006572
0.006225
0.006349
0.006436
0.006148
0.006264
0.005968
0.006170
0.006255
0.006291
0.006180
0.006424
0.006058
0.006619
0.006475
0.006201
0.006360
0.006042
0.006079
0.006129
0.005992
0.006523
0.006078
0.006264
0.006017
0.006356
0.006234
0.006385
0.006170
0.006403
0.005990
0.005871
0.006066
0.006487
0.005996
0.006197
0.006648
0.006485
0.006379
0.006218
0.006195
0.006371
0.006306
0.006026
0.006405
0.006401
0.006014
0.006071
0.005991
0.006356
0.006558
0.006275
0.006680
0.006384
0.006415
0.006553
0.006070
0.006379
0.006482
0.006012
0.006074
0.005979
0.006066
0.006209
0.006266
0.006172
0.006468
0.006031
0.027330
0.006566
0.006200
0.006131
0.006736
0.006279
0.006079
0.006467
0.006469
0.006427
0.006412
0.006468
0.006433
0.006767
0.005994
0.006618
0.006298
0.006637
0.006381
0.006242
0.006627
0.006625
0.006328
0.006630
0.006290
0.006560
0.006530
0.006431
0.006071
0.006332
0.006324
0.006524
0.006670
0.006456
0.006133
0.005928
0.006296
0.006623
0.006269
0.006564
0.006398
0.006725
0.006674
0.006437
0.006413
0.006296
0.006293
0.005905
0.006453
0.006471
0.006459
0.006300
0.006484
0.006308
0.006519
0.006474
0.006349
0.006499
0.006658
0.006481
0.006505
0.006650
0.006186
0.006450
0.006383
0.006392
0.006762
0.006542
0.006628
0.006488
0.006346
0.006466
0.006072
0.006670
0.006301
0.006725
0.006395
0.006441
0.006469
0.010457
0.006121
0.006358
0.006612
0.006606
0.006414
0.006671
0.006516
0.006603
0.006586
0.006636
0.006605
0.006643
0.006548
0.006372
0.006124
0.006425
0.006217
0.006404
0.006354
0.006536
0.006733
0.006517
0.006686
0.006488
0.006569
0.006508
0.006681
0.006279
0.006507
0.006272
0.006434
0.006161
0.006543
0.006538
0.006326
0.006530
0.006319
0.006423
0.006356
0.006602
0.006690
0.006131
0.006552
0.006458
0.006158
0.006710
0.006541
0.006516
0.006325
0.006491
0.006428
0.006346
0.006583
0.006372
0.006569
0.006446
0.006556
0.006460
0.006691
0.006404
0.006495
0.006617
0.006466
0.006508
0.006697
0.006660
0.006758
0.006224
0.006656
0.006368
0.006647
0.006544
0.006277
0.006622
0.006417
0.006311
0.006652
0.006389
0.006544
0.006095
0.006534
0.006782
0.006436
0.006024
0.006468
0.006306
0.006418
0.006543
0.006325
0.006473
0.006538
0.006282
0.006319
0.006232
0.006504
0.006458
0.006333
0.006465
0.006623
0.006405
0.006402
0.006446
0.006504
0.006550
0.006652
0.006368
0.006484
0.006601
0.006471
0.006716
0.006260
0.006717
0.006366
0.006346
0.006489
0.006286
0.006531
0.006540
0.006623
0.006417
0.006725
0.006749
0.006362
0.006564
0.006528
0.006765
0.007048
0.006604
0.006373
0.006394
0.006487
0.006375
0.006375
0.006681
0.006471
0.006483
0.006316
0.006404
0.006459
0.006438
0.006289
0.006407
0.006375
0.006497
0.006470
0.006443
0.006263
0.006398
0.006486
0.006415
0.006410
0.006454
0.006359
0.006555
0.006402
0.006206
0.006393
0.006363
0.006325
0.006456
0.006424
0.006327
0.006299
0.006346
0.006393
0.006364
0.006449
0.006474
0.006425
0.006486
0.006456
0.006480
0.006331
0.006269
0.006338
0.006328
0.006404
0.006385
0.006276
0.006480
0.006437
0.006354
0.006427
0.006338
0.006402
0.006317
0.006376
0.006359
0.006339
0.006341
0.006428
0.006412
0.006386
0.006342
0.006304
0.006466
0.006401
0.006291
0.006395
0.006318
0.006449
0.006317
0.006432
0.006406
0.006421
0.006423
0.006351
0.006343
0.006422
0.006378
0.006322
0.006364
0.006362
0.006444
0.006397
0.006406
0.006458
0.006382
0.006373
0.006378
0.006345
0.006343
0.006414
0.006367
0.006429
0.006497
0.006315
0.006282
0.006472
0.006151
0.006548
0.006351
0.006253
0.006533
0.006580
0.006269
0.006284
0.006398
0.006307
0.006393
0.006228
0.006363
0.006391
0.006513
0.006530
0.006449
0.006457
0.006381
0.006373
0.006265
0.006559
0.006319
0.006247
0.006405
0.006446
0.006389
0.006432
0.006298
0.006388
0.006324
0.006306
0.006312
0.006200
0.006305
0.006500
0.006362
0.006288
0.006357
0.006311
0.006300
0.006381
0.006214
0.006311
0.006430
0.006428
0.006417
0.006330
0.006253
0.006274
0.006281
0.006286
0.006523
0.006281
0.006200
0.006562
0.006377
0.006362
0.006444
0.006315
0.006426
0.006430
0.006359
0.006473
0.006441
0.006334
0.006210
0.006246
0.006349
0.006356
0.006441
0.006341
0.006353
0.006362
0.006346
0.006297
0.006505
0.006276
0.006376
0.006368
0.006319
0.006309
0.006337
0.006486
0.006402
0.006185
0.006558
0.006268
0.006349
0.006427
0.006377
0.006391
0.006335
0.006433
0.006371
0.006378
0.006413
0.006411
0.006293
0.006406
0.006398
0.006406
0.006506
0.006476
0.006463
0.006614
0.006366
0.006242
0.006475
0.006392
0.006375
0.006317
0.006204
0.006293
0.006311
0.006372
0.006300
0.006500
0.006349
0.006265
0.006422
0.006365
0.006348
0.006456
0.006522
0.006346
0.006304
0.006426
0.006539
0.006452
0.006384
0.006355
0.006403
0.006327
0.006275
0.006332
0.006457
0.006407
0.006439
0.006526
0.006413
0.006497
0.006349
0.006557
0.006317
0.006374
0.006333
0.006450
0.006317
0.006448
0.006403
0.006456
0.006418
0.006156
0.006373
0.006346
0.006325
0.006288
0.006243
0.006310
0.006192
0.006354
0.006493
0.006292
0.006529
0.006468
0.006341
0.006603
0.006441
0.006263
0.006400
0.006282
0.006291
0.006348
0.006363
0.006415
0.006247
0.006350
0.006279
0.006339
0.006367
0.006410
0.006297
0.006456
0.006415
0.006206
0.006322
0.006526
0.006462
0.006357
0.006355
0.006251
0.006380
0.006322
0.006338
0.006385
0.006304
0.006265
0.006277
0.006447
0.006548
0.006344
0.006305
0.006283
0.006398
0.006263
0.006194
0.006397
0.006265
0.006487
0.006291
0.006437
0.006305
0.006379
0.006411
0.006363
0.006294
0.006368
0.006338
0.006364
0.006343
0.006445
0.006354
0.006328
0.006419
0.006381
0.006360
0.006416
0.006387
0.006271
0.006284
0.006302
0.006339
0.006427
0.006359
0.006291
0.006411
0.006307
0.006221
0.006447
0.006261
0.006357
0.006358
0.006425
0.006283
0.006249
0.006617
0.006285
0.006450
0.006285
0.006360
0.006310
0.006423
0.006408
0.006320
0.006456
0.006241
0.006599
0.006377
0.006354
0.006312
0.006515
0.006383
0.006400
0.006436
0.006342
0.006527
0.006280
0.006349
0.006276
0.006263
0.006261
0.006506
0.006404
0.006271
0.006496
0.006489
0.006355
0.006370
0.006322
0.006348
0.006374
0.006352
0.006489
0.006319
0.006235
0.006368
0.006300
0.006303
0.006419
0.006278
0.006309
0.006446
0.006299
0.006313
0.006275
0.006472
0.006424
0.006289
0.006507
0.006347
0.006364
0.006321
0.006338
0.006509
0.006375
0.006330
0.006223
0.006341
0.006373
0.006318
0.006228
0.006381
0.006268
0.006315
0.006424
0.006410
0.006395
0.006286
0.006578
0.006393
0.006397
0.006378
0.006444
0.006279
0.006175
0.006342
0.006495
0.006296
0.006361
0.006258
0.006396
0.006489
0.006242
0.006364
0.006379
0.006323
0.006313
0.006433
0.006672
0.006424
0.006326
0.006276
0.006323
0.006342
0.006467
0.006277
0.006459
0.006331
0.006356
0.006425
0.006378
0.006282
0.006314
0.006375
0.006331
0.006302
0.006333
0.006300
0.006416
0.006361
0.006382
0.006385
0.006255
0.006361
0.006397
0.006526
0.006258
0.006503
0.006414
0.006297
0.006307
0.006296
0.006370
0.006222
0.006363
0.006370
0.006325
0.006295
0.006321
0.006358
0.006315
0.006431
0.006350
0.006266
0.006194
0.006263
0.006391
0.006386
0.006275
0.006315
0.006402
0.006437
0.006194
0.006296
0.006362
0.006376
0.006440
0.006320
0.006324
0.006247
0.006244
0.006395
0.006295
0.006354
0.006290
0.006366
0.006518
0.006471
0.006325
0.006296
0.006711
0.006303
0.006289
0.006410
0.006307
0.006258
0.006379
0.006367
0.006540
0.006347
0.006389
0.006301
0.006419
0.006318
0.006267
0.006231
0.006353
0.006450
0.006453
0.006295
0.006386
0.006367
0.006460
0.006356
0.006369
0.006338
0.006489
0.006248
0.006341
0.006280
0.006321
0.006343
0.006356
0.006481
0.006247
0.006346
0.006314
0.006374
0.006283
0.006425
0.006310
0.006361
0.006433
0.006358
0.006377
0.006400
0.006376
0.006322
0.006269
0.006363
0.006311
0.006493
0.006394
0.006443
0.006383
0.006436
0.006474
0.006444
0.006266
0.006416
0.006331
0.006365
0.006347
0.006435
0.006405
0.006416
0.006318
0.006383
0.006535
0.006442
0.006491
0.006322
0.006491
0.006290
0.006291
0.006307
0.006555
0.006295
0.006469
0.006238
0.006359
0.006333
0.006312
0.006498
0.006351
0.006308
0.006472
0.006499
0.006340
0.006302
0.006421
0.006370
0.006447
0.006406
0.006372
0.006342
0.006310
0.006332
0.006329
0.006337
0.006447
0.006474
0.006255
0.006353
0.006388
0.006333
0.006478
0.006511
0.006415
0.006508
0.006277
0.006374
0.006284
0.006392
0.006391
0.006452
0.006568
0.006285
0.006497
0.006288
0.006324
0.006579
0.006272
0.006498
0.006297
0.006317
0.006304
0.006438
0.006334
0.006346
0.006265
0.006391
0.006325
0.006432
0.006497
0.006292
0.006333
0.006332
0.006325
0.006375
0.006241
0.006393
0.006309
0.006353
0.006324
0.006496
0.006288
0.006223
0.006299
0.006226
0.006373
0.006453
0.006480
0.006335
0.006388
0.006425
0.006285
0.006476
0.006304
0.006314
0.006324
0.006358
0.006348
0.006267
0.006318
0.006477
0.006416
0.006405
0.006379
0.006215
0.006411
0.006404
0.006321
0.006259
0.006383
0.006374
0.006354
0.006343
0.006398
0.006305
0.006388
0.006488
0.006294
0.006320
0.006427
0.006359
0.006343
0.006329
0.006464
0.006280
0.006334
0.006319
0.006462
0.006411
0.006282
0.006373
0.006358
0.006390
0.006344
0.006309
0.006328
0.006306
0.006395
0.006289
0.006227
0.006241
0.006374
0.006352
0.006225
0.006336
0.006487
0.006391
0.006244
0.006397
0.006371
0.021481
0.010219
0.006056
0.005950
0.006297
0.005955
0.006370
0.006118
0.006307
0.006387
0.006134
0.006223
0.006080
0.006115
0.006141
0.006280
0.006248
0.006120
0.005979
0.006328
0.006284
0.006195
0.006222
0.006550
0.006199
0.006202
0.006183
0.006427
0.006159
0.006457
0.006087
0.006147
0.006192
0.006328
0.006493
0.006391
0.006156
0.006108
0.006152
0.006367
0.006333
0.005949
0.006456
0.006319
0.006311
0.006441
0.006402
0.006523
0.006383
0.006213
0.006452
0.006160
0.006337
0.007658
0.006318
0.006377
0.006547
0.005951
0.005844
0.006076
0.006015
0.005991
0.006105
0.006129
0.006115
0.006153
0.005917
0.005962
0.005956
0.005819
0.006096
0.005946
0.006107
0.005935
0.006014
0.006045
0.006156
0.006070
0.006181
0.006152
0.006039
0.005979
0.006043
0.005876
0.005995
0.006050
0.005815
0.005986
0.005975
0.005946
0.005842
0.005961
0.006245
0.005821
0.006107
0.005900
0.006084
0.006073
0.005944
0.005978
0.006038
0.005923
0.006021
0.005993
0.005978
0.006107
0.005966
0.006030
0.005979
0.006159
0.005868
0.006024
0.005997
0.006104
0.006043
0.005912
0.006016
0.006049
0.006004
0.006085
0.006201
0.005944
0.006042
0.006085
0.006016
0.006130
0.005864
0.005951
0.006037
0.006005
0.006069
0.005911
0.006045
0.006028
0.006175
0.005847
0.006030
0.005982
0.006096
0.005940
0.006178
0.006083
0.006159
0.005889
0.006106
0.006057
0.005945
0.006160
0.005992
0.005910
0.006110
0.006130
0.006052
0.005973
0.005968
0.006120
0.006031
0.005925
0.005993
0.006045
0.006148
0.006019
0.006111
0.005960
0.005971
0.006038
0.005918
0.005866
0.006057
0.005942
0.006051
0.006013
0.005985
0.006115
0.006016
0.006026
0.005846
0.005956
0.005929
0.006005
0.006006
0.006145
0.005950
0.006109
0.005951
0.005987
0.005954
0.006121
0.006155
0.005875
0.005962
0.006103
0.005847
0.006096
0.006104
0.006055
0.006026
0.005946
0.006043
0.006065
0.006073
0.006008
0.005828
0.006116
0.005976
0.006199
0.006118
0.006190
0.006050
0.006064
0.006082
0.006122
0.005947
0.006051
0.006107
0.006010
0.006037
0.005931
0.006049
0.006089
0.006148
0.006057
0.005985
0.006045
0.005992
0.006057
0.006069
0.005961
0.005935
0.006040
0.005835
0.006051
0.006092
0.005981
0.005991
0.006059
0.005920
0.006124
0.006009
0.006086
0.006172
0.005833
0.006120
0.006001
0.005932
0.006011
0.005924
0.005740
0.006105
0.005880
0.005961
0.006057
0.006128
0.006117
0.005993
0.006018
0.005862
0.006018
0.006057
0.005953
0.006184
0.006068
0.005904
0.005905
0.006043
0.006074
0.005980
0.005942
0.006000
0.005924
0.005988
0.005985
0.006043
0.006052
0.006010
0.006003
0.006006
0.005844
0.005925
0.006070
0.006093
0.006091
0.005959
0.005982
0.005993
0.005981
0.006091
0.005925
0.005989
0.006054
0.005953
0.006117
0.006182
0.006035
0.005920
0.006083
0.005919
0.006054
0.006186
0.006043
0.005950
0.006053
0.005977
0.005913
0.006109
0.005947
0.006026
0.006158
0.006021
0.005870
0.005900
0.006000
0.005972
0.005959
0.005933
0.006050
0.006079
0.006038
0.005948
0.005897
0.005963
0.006093
0.006112
0.006087
0.005996
0.005923
0.005960
0.005912
0.006005
0.006040
0.005981
0.005991
0.006144
0.006181
0.006123
0.006082
0.006125
0.006016
0.006166
0.005966
0.006196
0.006064
0.005906
0.006047
0.006149
0.005917
0.006142
0.006181
0.005774
0.005943
0.005973
0.006059
0.006045
0.006012
0.006021
0.006021
0.006038
0.005959
0.005921
0.006110
0.006186
0.005993
0.005954
0.005997
0.006123
0.005940
0.005969
0.006034
0.006112
0.006102
0.006091
0.005946
0.005963
0.006061
0.006058
0.006123
0.006165
0.006021
0.006012
0.005927
0.005940
0.006016
0.006015
0.006192
0.006013
0.006115
0.005928
0.005946
0.005984
0.005949
0.005989
0.005997
0.005791
0.006058
0.005926
0.006116
0.005958
0.006021
0.006054
0.005900
0.006175
0.006145
0.006086
0.006135
0.006075
0.005950
0.006011
0.006000
0.005977
0.006006
0.005951
0.006032
0.006084
0.006073
0.006067
0.006061
0.006108
0.006148
0.006036
0.006009
0.005946
0.006095
0.005940
0.006123
0.005941
0.006068
0.006150
0.005939
0.006046
0.006067
0.005944
0.006187
0.005922
0.005967
0.006015
0.005980
0.006096
0.005955
0.005957
0.006080
0.005965
0.005996
0.006033
0.006086
0.005971
0.005929
0.005809
0.006104
0.006008
0.006075
0.006021
0.005925
0.006068
0.005906
0.006039
0.006053
0.006071
0.005975
0.005867
0.006084
0.005820
0.006004
0.006176
0.006150
0.006157
0.005898
0.006183
0.006011
0.005983
0.005962
0.006063
0.005950
0.006069
0.006123
0.006153
0.005982
0.006031
0.006093
0.005937
0.005962
0.005929
0.005972
0.006114
0.005841
0.005975
0.005994
0.006140
0.006042
0.006121
0.005910
0.006075
0.005981
0.006116
0.006031
0.006170
0.006025
0.006110
0.006134
0.006137
0.005841
0.006077
0.006008
0.005896
0.006048
0.005925
0.005968
0.006090
0.005969
0.005971
0.006022
0.005862
0.005960
0.006098
0.006021
0.005937
0.006047
0.005900
0.005981
0.005905
0.006103
0.006077
0.006011
0.005929
0.005991
0.005996
0.005995
0.005873
0.006080
0.006045
0.005986
0.006059
0.005847
0.006104
0.006090
0.005900
0.006031
0.006033
0.005924
0.006142
0.005906
0.005939
0.005964
0.005974
0.005839
0.006015
0.006038
0.005915
0.006093
0.006016
0.005907
0.006118
0.006015
0.006030
0.005852
0.006035
0.005961
0.006190
0.005823
0.006010
0.006004
0.006163
0.005934
0.005971
0.006041
0.005887
0.005872
0.006033
0.006057
0.005885
0.005965
0.006056
0.005996
0.006064
0.006006
0.006119
0.005862
0.006091
0.005915
0.006073
0.005915
0.005955
0.005988
0.005987
0.006071
0.005952
0.006072
0.006116
0.006023
0.006096
0.006005
0.006069
0.005920
0.006082
0.005945
0.006059
0.006061
0.005999
0.006107
0.005907
0.006064
0.006034
0.006126
0.006008
0.006074
0.005955
0.006119
0.006052
0.006055
0.006057
0.006161
0.006062
