0.006671
0.003357
0.003058
0.002880
0.002710
0.002654
0.002603
0.002544
0.002498
0.002436
0.002400
0.002391
0.002328
0.002313
0.002273
0.002252
0.002210
0.002211
0.002224
0.002164
0.002166
0.002158
0.002170
0.002167
0.002174
0.002171
0.002169
0.002171
0.002170
0.002172
0.002169
0.002174
0.002168
0.002168
0.002161
0.002170
0.002164
0.002167
0.002168
0.002172
0.002172
0.002173
0.002171
0.002213
0.002238
0.002183
0.002183
0.002171
0.002174
0.002176
0.002182
0.002173
0.002181
0.002175
0.002165
0.002175
0.002170
0.002175
0.002178
0.002180
0.002173
0.002181
0.002177
0.002176
0.002180
0.002167
0.002185
0.002174
0.002184
0.002179
0.002178
0.002181
0.002179
0.002176
0.002186
0.002178
0.002173
0.002179
0.002175
0.002174
0.002173
0.002166
0.002169
0.002173
0.002170
0.002175
0.002191
0.002176
0.002179
0.002173
0.002176
0.002168
0.002171
0.002161
0.002167
0.002165
0.002167
0.002170
0.002170
0.002211
0.002225
0.002172
0.002160
0.002173
0.002171
0.002177
0.002171
0.002179
0.002179
0.002170
0.002176
0.002172
0.002177
0.002175
0.002169
0.002170
0.002172
0.002169
0.002175
0.002172
0.002162
0.002169
0.002167
0.002164
0.002163
0.002171
0.002171
0.002168
0.002167
0.002173
0.002172
0.002171
0.002180
0.002173
0.002178
0.002174
0.002177
0.002172
0.002170
0.002164
0.002169
0.002167
0.002179
0.002174
0.002165
0.002174
0.002165
0.002167
0.002168
0.002170
0.002163
0.002156
0.002156
0.002162
0.002162
0.002163
0.002260
0.002200
0.002187
0.002179
0.002183
0.002186
0.002186
0.002183
0.002186
0.002179
0.002175
0.002183
0.002169
0.002170
0.002168
0.002167
0.002174
0.002272
0.002206
0.002197
0.002195
0.002187
0.002186
0.002172
0.002183
0.002177
0.002180
0.002175
0.002185
0.002180
0.002184
0.002192
0.002179
0.002177
0.002175
0.002187
0.002182
0.002182
0.002174
0.002177
0.002175
0.002188
0.002179
0.002172
0.002178
0.002181
0.002181
0.002167
0.002172
0.002168
0.002172
0.002175
0.002180
0.002176
0.002167
0.002175
0.002171
0.002178
0.002179
0.002181
0.002173
0.002177
0.002173
0.002171
0.002180
0.002171
0.002168
0.002168
0.002174
0.002170
0.002172
0.002172
0.002183
0.002175
0.002174
0.002172
0.002175
0.002173
0.002180
0.002184
0.002176
0.002181
0.002178
0.002175
0.002181
0.002179
0.002179
0.002194
0.002186
0.002205
0.002249
0.002186
0.002197
0.002184
0.002183
0.002183
0.002195
0.002184
0.002184
0.002199
0.002187
0.002183
0.002178
0.002267
0.002172
0.002173
0.002179
0.002176
0.002179
0.002178
0.002177
0.002172
0.002272
0.002256
0.002192
0.002177
0.002189
0.002228
0.002187
0.002187
0.002180
0.002183
0.002182
0.002196
0.002185
0.002189
0.002190
0.002193
0.002196
0.002179
0.002183
0.002180
0.002183
0.002173
0.002187
0.002181
0.002191
0.002182
0.002182
0.002183
0.002179
0.002210
0.002206
0.002206
0.002202
0.002210
0.002232
0.002240
0.002200
0.002203
0.002203
0.002201
0.002289
0.002202
0.002216
0.002209
0.002206
0.002198
0.002212
0.002214
0.002197
0.002197
0.002194
0.002199
0.002196
0.002204
0.002195
0.002197
0.002200
0.002213
0.002216
0.002195
0.002199
0.002192
0.002199
0.002192
0.002198
0.002203
0.002192
0.002204
0.002197
0.002202
0.002194
0.002201
0.002195
0.002206
0.002198
0.002196
0.002199
0.002194
0.002198
0.002207
0.002210
0.002200
0.002204
0.002198
0.002196
0.002198
0.002186
0.002200
0.002190
0.002195
0.002194
0.002195
0.002187
0.002197
0.002185
0.002190
0.002191
0.002197
0.002200
0.002200
0.002198
0.002195
0.002202
0.002193
0.002194
0.002197
0.002206
0.002195
0.002196
0.002205
0.002193
0.002202
0.002305
0.002225
0.002209
0.002207
0.002197
0.002214
0.002201
0.002194
0.002203
0.002199
0.002200
0.002199
0.002204
0.002204
0.002202
0.002199
0.002200
0.002206
0.002201
0.002199
0.002201
0.002198
0.002203
0.002201
0.002203
0.002196
0.002208
0.002200
0.002200
0.002204
0.002200
0.002199
0.002210
0.002202
0.002204
0.002207
0.002203
0.002206
0.002194
0.002202
0.002199
0.002207
0.002205
0.002200
0.002200
0.002199
0.002206
0.002200
0.002200
0.002198
0.002202
0.002191
0.002200
0.002197
0.002194
0.002207
0.002199
0.002205
0.002202
0.002199
0.002197
0.002200
0.002200
0.002200
0.002207
0.002201
0.002210
0.002202
0.002204
0.002202
0.002208
0.002204
0.002217
0.002204
0.002198
0.002208
0.002204
0.007367
0.002511
0.002244
0.002213
0.002201
0.002157
0.002139
0.002133
0.002142
0.002177
0.002171
0.002190
0.002190
0.002192
0.002142
0.002133
0.002141
0.002126
0.002123
0.002123
0.002130
0.002143
0.002185
0.002173
0.002185
0.002136
0.002129
0.002134
0.002132
0.002135
0.002125
0.002129
0.002171
0.002201
0.002145
0.002183
0.002177
0.002198
0.002213
0.002183
0.002136
0.002133
0.002146
0.002128
0.002123
0.002113
0.002123
0.002143
0.002168
0.002136
0.002130
0.002174
0.002185
0.002132
0.002132
0.002133
0.002124
0.002132
0.002132
0.002136
0.002145
0.002188
0.002141
0.002136
0.002143
0.002133
0.002201
0.002193
0.002152
0.002137
0.002144
0.002142
0.002135
0.002142
0.002178
0.002166
0.002184
0.002140
0.002128
0.002192
0.002181
0.002148
0.002136
0.002141
0.002130
0.002140
0.002142
0.002134
0.002164
0.002187
0.002185
0.002184
0.002142
0.002137
0.002145
0.002137
0.002146
0.002125
0.002182
0.002142
0.002174
0.002171
0.002176
0.002190
0.002188
0.002136
0.002124
0.002136
0.002126
0.002135
0.002128
0.002129
0.002140
0.002185
0.002172
0.002189
0.002183
0.002184
0.002139
0.002132
0.002134
0.002125
0.002137
0.002129
0.002146
0.002125
0.002175
0.002156
0.002180
0.002132
0.002120
0.002125
0.002116
0.002120
0.002117
0.002126
0.002121
0.002132
0.002115
0.002125
0.002123
0.002170
0.002152
0.002176
0.002134
0.002124
0.002167
0.002212
0.002133
0.002125
0.002135
0.002119
0.002141
0.002141
0.002191
0.002167
0.002188
0.002177
0.002191
0.002159
0.002143
0.002141
0.002132
0.002134
0.002124
0.002121
0.002132
0.002182
0.002156
0.002174
0.002188
0.002182
0.002144
0.002131
0.002139
0.002126
0.002132
0.002125
0.002148
0.002141
0.002179
0.002169
0.002176
0.002198
0.002179
0.002142
0.002137
0.002141
0.002135
0.002136
0.002128
0.002130
0.002138
0.002182
0.002169
0.002179
0.002193
0.002187
0.002140
0.002138
0.002179
0.002140
0.002142
0.002136
0.002134
0.002150
0.002197
0.002255
0.002867
0.003484
0.002833
0.002816
0.002499
0.002504
0.002420
0.002402
0.002592
0.002864
0.002604
0.002548
0.002365
0.002408
0.002301
0.002335
0.002361
0.002259
0.002371
0.002262
0.002369
0.002328
0.002370
0.002362
0.002213
0.002345
0.002300
0.002414
0.002436
0.002347
0.002428
0.002399
0.002390
0.002769
0.002573
0.002431
0.002321
0.002256
0.002306
0.002306
0.002261
0.002170
0.002277
0.002272
0.002166
0.002202
0.002332
0.002276
0.002157
0.002220
0.002157
0.002235
0.002183
0.002206
0.002171
0.002155
0.002162
0.002147
0.002147
0.002147
0.002152
0.002148
0.002151
0.002161
0.002198
0.002194
0.002168
0.002195
0.002199
0.002162
0.002227
0.002169
0.002162
0.002141
0.002616
0.002298
0.002270
0.002247
0.002322
0.002252
0.002206
0.002233
0.002452
0.002315
0.002163
0.002179
0.002172
0.002163
0.002163
0.002163
0.002206
0.002207
0.002217
0.002168
0.002321
0.002411
0.002185
0.002178
0.002167
0.002205
0.002196
0.002237
0.002217
0.002193
0.002180
0.002168
0.002176
0.002174
0.002188
0.002213
0.002185
0.002279
0.002284
0.002214
0.002185
0.002173
0.002200
0.002164
0.002145
0.002207
0.002221
0.002219
0.002196
0.002188
0.002157
0.002177
0.002156
0.002160
0.002176
0.002212
0.002200
0.002206
0.002211
0.002217
0.002180
0.002153
0.002228
0.002169
0.002157
0.002178
0.002214
0.002215
0.002211
0.002234
0.002203
0.002170
0.002169
0.002182
0.002164
0.002168
0.002193
0.002196
0.002224
0.002207
0.002156
0.002154
0.002163
0.002185
0.002247
0.002178
0.002185
0.002186
0.002174
0.002226
0.002204
0.002242
0.002222
0.002168
0.002153
0.002159
0.002154
0.002140
0.002175
0.002208
0.002244
0.002149
0.002158
0.002149
0.002171
0.002152
0.002160
0.002159
0.002195
0.002248
0.002213
0.002222
0.002201
0.002165
0.002143
0.002162
0.002158
0.002163
0.002183
0.002220
0.002219
0.002196
0.002231
0.002194
0.002163
0.002163
0.002154
0.002170
0.002175
0.002184
0.002212
0.002157
0.002165
0.002233
0.002200
0.002170
0.002161
0.002175
0.002165
0.002156
0.002179
0.002201
0.002216
0.002198
0.002162
0.002159
0.002178
0.002179
0.002165
0.002168
0.002168
0.002193
0.002210
0.002204
0.002202
0.002239
0.002199
0.002173
0.002164
0.002174
0.002179
0.002199
0.002200
0.002213
0.002229
0.002202
0.002169
0.002163
0.002178
0.002173
0.002177
0.002171
0.002190
0.002164
0.002166
0.002223
0.002188
0.002247
0.002210
0.002189
0.002162
0.002162
0.002172
0.002200
0.002212
0.002197
0.002258
0.002222
0.002171
0.002158
0.002166
0.002162
0.002170
0.002185
0.002199
0.002249
0.002318
0.002190
0.002171
0.002185
0.002225
0.002199
0.002191
0.002206
0.002221
0.002255
0.002181
0.002163
0.002176
0.002164
0.002178
0.002163
0.002189
0.002195
0.002182
0.002167
0.002133
0.002222
0.002187
0.002188
0.002179
0.002177
0.002172
0.002206
0.002220
0.002210
0.002209
0.002204
0.002193
0.002172
0.002170
0.002153
0.002184
0.002178
0.002175
0.002207
0.002205
0.002232
0.002212
0.002168
0.002158
0.002168
0.002151
0.002155
0.002179
0.002200
0.002207
0.002218
0.002223
0.002194
0.002159
0.002164
0.002176
0.002157
0.002159
0.002167
0.002209
0.002178
0.002177
0.002232
0.002194
0.002320
0.002161
0.002174
0.002168
0.002198
0.002169
0.002156
0.002203
0.002190
0.002156
0.002145
0.002248
0.002201
0.002166
0.002178
0.002162
0.002190
0.002199
0.002175
0.002158
0.002224
0.002195
0.002176
0.002157
0.002170
0.002162
0.002182
0.002202
0.002189
0.002207
0.002210
0.002182
0.002162
0.002162
0.002156
0.002161
0.002179
0.002203
0.002207
0.002192
0.002227
0.002195
0.002242
0.002194
0.002184
0.002178
0.002163
0.002291
0.002223
0.002228
0.002212
0.002233
0.002214
0.002186
0.002186
0.002175
0.002179
0.002207
0.002213
0.002226
0.002243
0.002220
0.002164
0.002158
0.002149
0.002144
0.002160
0.002179
0.002187
0.002194
0.002186
0.002159
0.002173
0.002163
0.002148
0.002157
0.002146
0.002172
0.002183
0.002195
0.002193
0.002202
0.002222
0.002188
0.002245
0.002187
0.002225
0.002186
0.002263
0.002203
0.002275
0.002227
0.002197
0.002163
0.002161
0.002165
0.002174
0.002150
0.002164
0.002292
0.002138
0.002118
0.002192
0.002233
0.002247
0.002146
0.002224
0.002143
0.002139
0.002149
0.002190
0.002176
0.002178
0.002138
0.002129
0.002132
0.002129
0.002137
0.002122
0.002137
0.002124
0.002125
0.002129
0.002135
0.002175
0.002190
0.002182
0.002249
0.002141
0.002130
0.002118
0.002146
0.002176
0.002118
0.002199
0.002141
0.002198
0.002182
0.002191
0.002211
0.002188
0.002143
0.002136
0.002141
0.002138
0.002139
0.002135
0.002172
0.002131
0.002121
0.002140
0.002137
0.002187
0.002228
0.002264
0.002235
0.002164
0.002151
0.002147
0.002286
0.002285
0.002208
0.002199
0.002154
0.002180
0.002134
0.002130
0.002129
0.002117
0.002131
0.002145
0.002184
0.002130
0.002124
0.002195
0.002187
0.002145
0.002142
0.002150
0.002136
0.002135
0.002133
0.002216
0.002165
0.002191
0.002190
0.002183
0.002165
0.002141
0.002149
0.002132
0.002142
0.002214
0.002136
0.002135
0.002175
0.002144
0.002156
0.002156
0.002139
0.002147
0.002138
0.002144
0.002136
0.002144
0.002136
0.002152
0.002143
0.002191
0.002150
0.002184
0.002187
0.002169
0.002205
0.002218
0.002221
0.002146
0.002135
0.002125
0.002172
0.002183
0.002221
0.002172
0.002177
0.002233
0.002136
0.002136
0.002130
0.002185
0.002158
0.002221
0.002167
0.002181
0.002188
0.002208
0.002214
0.002181
0.002154
0.002146
0.002142
0.002136
0.002140
0.002152
0.002198
0.002180
0.002195
0.002172
0.002156
0.002153
0.002144
0.002150
0.002141
0.002155
0.002137
0.002166
0.002166
0.002184
0.002196
0.002190
0.002204
0.002253
0.002209
0.002139
0.002141
0.002134
0.002252
0.002196
0.002185
0.002149
0.002169
0.002252
0.002334
0.002435
0.002287
0.002303
0.002230
0.002184
0.002184
0.002139
0.002154
0.002135
0.002150
0.002139
0.002143
0.002145
0.002183
0.002164
0.002186
0.002169
0.002162
0.002228
0.002158
0.002133
0.002135
0.002154
0.002132
0.002136
0.002160
0.002179
0.002177
0.002185
0.002203
0.002195
0.002165
0.002145
0.002145
0.002133
0.002149
0.002145
0.002204
0.002177
0.002190
0.002197
0.002193
0.002156
0.002137
0.002149
0.002141
0.002141
0.002133
0.002153
0.002144
0.002136
0.002171
0.002190
0.002243
0.002193
0.002141
0.002136
0.002174
0.002202
0.002151
0.002141
0.002181
0.002189
0.002177
0.002195
0.002187
0.002207
0.002202
0.002144
0.002133
0.002143
0.002173
0.002231
0.002182
0.002188
0.002204
0.002199
0.002158
0.002146
0.002149
0.002140
0.002154
0.002147
0.002153
0.002156
0.002180
0.002150
0.002140
0.002185
0.002199
0.002153
0.002149
0.002153
0.002134
0.002222
0.002154
0.002201
0.002184
0.002188
0.007504
0.003390
0.002351
0.002124
0.002116
0.002112
0.002117
0.002135
0.002083
0.002066
0.002095
0.002159
0.002166
0.002083
0.002093
0.002093
0.002134
0.002092
0.002090
0.002073
0.002097
0.002080
0.002088
0.002096
0.002132
0.002133
0.002089
0.002098
0.002073
0.002121
0.002110
0.002099
0.002078
0.002087
0.002161
0.002184
0.002088
0.002086
0.002078
0.002185
0.002104
0.002107
0.002105
0.002108
0.002115
0.002119
0.002081
0.002074
0.002107
0.002113
0.002098
0.002072
0.002071
0.002073
0.002168
0.002079
0.002094
0.002098
0.002146
0.002092
0.002080
0.002097
0.002111
0.002115
0.002119
0.002126
0.002116
0.002116
0.002088
0.002084
0.002070
0.002078
0.002092
0.002129
0.002069
0.002072
0.002068
0.002098
0.002092
0.002068
0.002069
0.002116
0.002113
0.002127
0.002116
0.002142
0.002157
0.002127
0.002083
0.002067
0.002076
0.002094
0.002105
0.002063
0.002081
0.002076
0.002145
0.002085
0.002077
0.002120
0.002157
0.002164
0.002116
0.002079
0.002072
0.002091
0.002126
0.002104
0.002067
0.002109
0.002085
0.002151
0.002062
0.002081
0.002072
0.002083
0.002118
0.002108
0.002111
0.002083
0.002116
0.002088
0.002082
0.002065
0.002113
0.002130
0.002090
0.002087
0.002156
0.002117
0.002144
0.002087
0.002101
0.002096
0.002113
0.002100
0.002102
0.002089
0.002087
0.002118
0.002143
0.002106
0.002114
0.002118
0.002126
0.002100
0.002071
0.002080
0.002066
0.002133
0.002083
0.002078
0.002072
0.002149
0.002111
0.002090
0.002106
0.002145
0.002167
0.002165
0.002151
0.002139
0.002115
0.002145
0.002101
0.002072
0.002077
0.002097
0.002147
0.002062
0.002081
0.002074
0.002127
0.002096
0.002069
0.002086
0.002096
0.002138
0.002073
0.002103
0.002114
0.002122
0.002153
0.002081
0.002071
0.002089
0.002103
0.002117
0.002077
0.002080
0.002067
0.002113
0.002079
0.002093
0.002074
0.002102
0.002145
0.002126
0.002117
0.002109
0.002088
0.002149
0.002098
0.002073
0.002121
0.002118
0.002126
0.002075
0.002080
0.002064
0.002138
0.002111
0.002096
0.002091
0.002077
0.002138
0.002082
0.002110
0.002117
0.002088
0.002130
0.002097
0.002072
0.002082
0.002093
0.002136
0.002080
0.002094
0.002070
0.002107
0.002104
0.002084
0.002065
0.002085
0.002096
0.002119
0.002093
0.002122
0.002093
0.002117
0.002102
0.002085
0.002095
0.002096
0.002169
0.002236
0.002171
0.002167
0.002199
0.002164
0.002149
0.002110
0.002158
0.002194
0.002087
0.002092
0.002127
0.002105
0.002111
0.002088
0.002083
0.002094
0.002097
0.002100
0.002090
0.002110
0.002100
0.002135
0.002103
0.002099
0.002121
0.002085
0.002125
0.002089
0.002090
0.002072
0.002080
0.002132
0.002082
0.002078
0.002091
0.002096
0.002116
0.002079
0.002081
0.002091
0.002097
0.002093
0.002087
0.002152
0.002149
0.002193
0.002114
0.002116
0.002078
0.002150
0.002146
0.002141
0.002071
0.002086
0.002115
0.002144
0.002088
0.002129
0.002109
0.002172
0.002139
0.002100
0.002136
0.002113
0.002177
0.002076
0.002081
0.002078
0.002104
0.002154
0.002095
0.002081
0.002091
0.002116
0.002138
0.002091
0.002085
0.002091
0.002161
0.002094
0.002077
0.002129
0.002114
0.002178
0.002097
0.002079
0.002068
0.002097
0.002166
0.002086
0.002074
0.002081
0.002103
0.002150
0.002098
0.002120
0.002159
0.002244
0.002152
0.002097
0.002083
0.002087
0.002186
0.002086
0.002127
0.002081
0.002154
0.002189
0.002115
0.002085
0.002077
0.002169
0.002078
0.002110
0.002125
0.002188
0.002155
0.002101
0.002081
0.002080
0.002096
0.002173
0.002081
0.002085
0.002073
0.002180
0.002104
0.002108
0.002086
0.002079
0.002183
0.002073
0.002063
0.002055
0.002097
0.002156
0.002088
0.002061
0.002075
0.002074
0.002156
0.002079
0.002077
0.002070
0.002184
0.002112
0.002102
0.002116
0.002156
0.002196
0.002120
0.002082
0.002068
0.002091
0.002151
0.002093
0.002077
0.002081
0.002074
0.002167
0.002106
0.002073
0.002081
0.002158
0.002148
0.002110
0.002107
0.002115
0.002205
0.002113
0.002079
0.002067
0.002148
0.002181
0.002087
0.002073
0.002096
0.002120
0.002161
0.002072
0.002062
0.002066
0.002136
0.002124
0.002127
0.002121
0.002117
0.002174
0.002092
0.002086
0.002079
0.002128
0.002160
0.002087
0.002074
0.002106
0.002132
0.002145
0.002094
0.002113
0.002078
0.002148
0.002117
0.002148
0.002089
0.002073
0.002165
0.002074
0.002132
0.002074
0.002116
0.002125
0.002079
0.002071
0.002072
0.002140
0.002157
0.002118
0.002101
0.002108
0.002177
0.002110
0.002072
0.002087
0.002108
0.002180
0.002080
0.002083
0.002073
0.002109
0.002134
0.002199
0.002105
0.002112
0.002147
0.002163
0.002108
0.002091
0.002148
0.002189
0.002095
0.002073
0.002116
0.002105
0.002133
0.002076
0.002081
0.002081
0.002206
0.002129
0.002075
0.002098
0.002153
0.002154
0.002101
0.002081
0.002077
0.002085
0.002156
0.002086
0.002071
0.002072
0.002090
0.002151
0.002067
0.002087
0.002062
0.002120
0.002135
0.002070
0.002092
0.002120
0.002199
0.002119
0.002075
0.002066
0.002082
0.002152
0.002219
0.002116
0.002158
0.002114
0.002153
0.002084
0.002079
0.002098
0.002213
0.002164
0.002121
0.002132
0.002113
0.002167
0.002079
0.002079
0.002069
0.002172
0.002183
0.002133
0.002070
0.002082
0.002106
0.002129
0.002096
0.002115
0.002108
0.002209
0.002127
0.002109
0.002082
0.002084
0.002158
0.002069
0.002083
0.002066
0.002162
0.002173
0.002082
0.002069
0.002106
0.002185
0.002119
0.002107
0.002103
0.002110
0.002199
0.002126
0.002081
0.002095
0.002080
0.002183
0.002082
0.002089
0.002077
0.002171
0.002146
0.002100
0.002098
0.002075
0.002161
0.002072
0.002072
0.002065
0.002074
0.002175
0.002081
0.002077
0.002070
0.002215
0.002170
0.002079
0.002074
0.002077
0.002210
0.002134
0.002121
0.002109
0.002107
0.002201
0.002119
0.002074
0.002062
0.002067
0.002160
0.002089
0.002072
0.002090
0.002068
0.002166
0.002073
0.002080
0.002089
0.002178
0.002112
0.002112
0.002095
0.002069
0.002168
0.002123
0.002162
0.002097
0.002138
0.002168
0.002104
