0.003694
0.002452
0.002319
0.002287
0.002232
0.002195
0.002190
0.002088
0.002177
0.002147
0.002131
0.002064
0.002077
0.002022
0.002026
0.002062
0.002094
0.002037
0.002030
0.002030
0.002048
0.002009
0.002047
0.002015
0.001975
0.002012
0.002041
0.001892
0.001884
0.001876
0.002019
0.002004
0.002029
0.002007
0.001959
0.001989
0.002014
0.002017
0.002041
0.002004
0.002031
0.002000
0.002027
0.002018
0.002061
0.002013
0.002043
0.002025
0.002039
0.002016
0.002043
0.002010
0.002066
0.002030
0.002054
0.001947
0.001894
0.001985
0.002029
0.002000
0.002044
0.002002
0.002030
0.002008
0.002046
0.002001
0.001946
0.002005
0.002052
0.002015
0.002011
0.002013
0.002012
0.002008
0.002010
0.002013
0.002012
0.002028
0.002025
0.002018
0.002030
0.002024
0.002029
0.002023
0.002025
0.002012
0.002026
0.002026
0.002026
0.002024
0.001876
0.001880
0.001898
0.001994
0.002017
0.001998
0.002024
0.002008
0.002020
0.002020
0.002006
0.002021
0.002013
0.002025
0.002014
0.002005
0.002033
0.001994
0.002012
0.002019
0.002007
0.002019
0.002013
0.002019
0.002007
0.002020
0.002045
0.002026
0.002006
0.002026
0.002020
0.002015
0.002029
0.002026
0.002004
0.002024
0.002009
0.002030
0.002015
0.001888
0.001887
0.001940
0.001892
0.002011
0.002057
0.002027
0.001999
0.002008
0.001997
0.002016
0.001872
0.001984
0.002003
0.002026
0.002008
0.002012
0.002005
0.002011
0.002022
0.002019
0.001998
0.002013
0.002006
0.002017
0.002000
0.002011
0.002024
0.002042
0.002013
0.002018
0.002008
0.002023
0.002005
0.002014
0.002016
0.002019
0.002014
0.002026
0.002018
0.002029
0.002001
0.002041
0.002007
0.002049
0.002019
0.002022
0.002008
0.002036
0.002002
0.002027
0.002011
0.002033
0.002030
0.002039
0.002003
0.002042
0.002020
0.002024
0.002008
0.002042
0.002007
0.002037
0.002002
0.002037
0.001955
0.002028
0.002004
0.001885
0.001995
0.002044
0.002016
0.002034
0.002033
0.002036
0.002000
0.002030
0.002004
0.002031
0.002014
0.002025
0.002026
0.002032
0.001907
0.001962
0.001997
0.001941
0.002011
0.002022
0.001995
0.002024
0.002006
0.002037
0.002013
0.002032
0.002015
0.002032
0.002001
0.002079
0.002012
0.001895
0.001982
0.002025
0.002007
0.002028
0.001999
0.002032
0.002004
0.001974
0.001994
0.002028
0.001993
0.002053
0.002014
0.002042
0.002015
0.002042
0.002015
0.002040
0.002027
0.002011
0.001969
0.001973
0.002021
0.002016
0.002003
0.002029
0.002042
0.002015
0.001883
0.001998
0.001995
0.002060
0.001885
0.002020
0.002000
0.002015
0.002021
0.002017
0.002002
0.002006
0.001999
0.002009
0.002014
0.002003
0.002007
0.002008
0.002015
0.001984
0.002012
0.002008
0.002009
0.002013
0.002014
0.001941
0.001991
0.002003
0.001849
0.002018
0.001995
0.002037
0.002001
0.002032
0.002017
0.002005
0.002004
0.002000
0.002008
0.002003
0.001999
0.002000
0.002017
0.002015
0.002032
0.002003
0.002007
0.002010
0.002018
0.002019
0.002005
0.002005
0.002005
0.002012
0.002024
0.002009
0.001944
0.002002
0.001996
0.002032
0.001997
0.002010
0.002007
0.002012
0.002017
0.002015
0.001940
0.001927
0.002009
0.002016
0.002016
0.002014
0.002016
0.002022
0.002045
0.002013
0.002029
0.002010
0.002014
0.002011
0.002014
0.002015
0.002012
0.002001
0.002007
0.001997
0.002005
0.001951
0.002010
0.002034
0.002016
0.002027
0.002012
0.002001
0.002027
0.002002
0.002030
0.002006
0.001905
0.001887
0.002011
0.002011
0.002006
0.002017
0.002013
0.001970
0.001859
0.001920
0.001996
0.002014
0.002005
0.002002
0.002011
0.001994
0.002011
0.002021
0.002009
0.002014
0.002025
0.002020
0.002049
0.002035
0.002039
0.002050
0.002020
0.002014
0.002017
0.002013
0.002021
0.002013
0.002019
0.002019
0.002015
0.001999
0.002026
0.002003
0.002019
0.002004
0.002016
0.002033
0.002022
0.002004
0.002023
0.002009
0.002042
0.002017
0.001956
0.002005
0.002012
0.001885
0.001866
0.001982
0.002006
0.001976
0.001887
0.001855
0.001945
0.001871
0.002023
0.002001
0.001997
0.002022
0.002013
0.002002
0.001880
0.001855
0.002012
0.001989
0.002015
0.002002
0.002007
0.002012
0.002001
0.001989
0.002013
0.002014
0.002030
0.002010
0.002010
0.002001
0.001865
0.001859
0.001999
0.002022
0.001933
0.001923
0.001991
0.002033
0.001996
0.002033
0.002016
0.002026
0.002000
0.002022
0.001999
0.002035
0.002023
0.002033
0.002646
0.002668
0.002690
0.002831
0.003094
0.002417
0.002084
0.002095
0.002060
0.002083
0.002461
0.002103
0.002114
0.002069
0.002112
0.002021
0.002087
0.002019
0.002107
0.002035
0.002075
0.002037
0.002038
0.002046
0.002024
0.002068
0.002080
0.001978
0.002068
0.002091
0.002076
0.002738
0.003041
0.002522
0.002083
0.002075
0.002115
0.002050
0.002111
0.002077
0.013618
0.002500
0.002208
0.002126
0.002002
0.002080
0.002127
0.002097
0.002095
0.002112
0.002039
0.001999
0.002037
0.002083
0.002104
0.002103
0.002098
0.002066
0.002108
0.002085
0.002080
0.002085
0.002081
0.002101
0.002035
0.002111
0.002223
0.002131
0.002066
0.002058
0.002093
0.002080
0.002090
0.002078
0.002091
0.002086
0.002104
0.002073
0.002059
0.002097
0.002085
0.002097
0.002386
0.002098
0.002057
0.002066
0.002106
0.002068
0.002081
0.002061
0.002118
0.002064
0.002111
0.002051
0.002078
0.002056
0.002062
0.002094
0.002103
0.002007
0.001999
0.002102
0.002058
0.002079
0.002073
0.002072
0.002059
0.002095
0.002078
0.002018
0.002034
0.002090
0.002087
0.002088
0.002067
0.002096
0.002065
0.002060
0.002071
0.002085
0.002004
0.001970
0.001947
0.002003
0.002071
0.002093
0.002059
0.002073
0.002004
0.002060
0.002086
0.002072
0.002076
0.002073
0.002090
0.001989
0.002049
0.002090
0.002082
0.002066
0.002108
0.002082
0.002093
0.002093
0.002100
0.002077
0.004349
0.001944
0.001852
0.001928
0.001870
0.001895
0.001837
0.001896
0.001851
0.001881
0.001854
0.001888
0.001870
0.001856
0.001882
0.001889
0.001846
0.001881
0.001861
0.001854
0.001894
0.001839
0.001879
0.001844
0.001864
0.001867
0.001918
0.001868
0.001889
0.001882
0.001879
0.001868
0.001863
0.001874
0.001865
0.001897
0.001905
0.001904
0.001854
0.001906
0.001853
0.001882
0.001859
0.001898
0.001867
0.001862
0.001887
0.001911
0.001894
0.001872
0.001869
0.001874
0.001885
0.001843
0.001898
0.001849
0.001914
0.001908
0.001924
0.001861
0.001865
0.001841
0.001841
0.001853
0.001835
0.001862
0.001843
0.001812
0.001852
0.001907
0.001847
0.001899
0.001876
0.001894
0.001846
0.001860
0.001841
0.001850
0.001863
0.001875
0.001851
0.001831
0.001884
0.001840
0.001904
0.001806
0.001856
0.001813
0.001892
0.001867
0.001881
0.001856
0.001864
0.001848
0.001849
0.001892
0.001795
0.001880
0.001856
0.001874
0.001874
0.001901
0.001855
0.001842
0.001842
0.001873
0.001840
0.001840
0.001881
0.001844
0.001853
0.001849
0.001885
0.001854
0.001833
0.001826
0.001850
0.001848
0.001849
0.001849
0.001846
0.001866
0.001869
0.001879
0.001827
0.001874
0.001812
0.001874
0.001815
0.001871
0.001813
0.001878
0.001860
0.001894
0.001835
0.001862
0.001846
0.001883
0.001863
0.001855
0.001890
0.001842
0.001874
0.001890
0.001875
0.001842
0.001860
0.001858
0.001854
0.001857
0.001862
0.001849
0.001879
0.001881
0.001856
0.001903
0.001817
0.001885
0.001800
0.001846
0.001845
0.001865
0.001853
0.001839
0.001881
0.001865
0.001855
0.001822
0.001894
0.001852
0.001873
0.001859
0.001876
0.001869
0.001871
0.001897
0.001886
0.001875
0.001890
0.001832
0.001856
0.001874
0.001845
0.001882
0.001817
0.001881
0.001867
0.001892
0.001852
0.001907
0.001858
0.001877
0.001882
0.001873
0.001861
0.001869
0.001844
0.001863
0.001892
0.001802
0.001875
0.001857
0.001886
0.001879
0.001858
0.001828
0.001879
0.001850
0.001863
0.001856
0.001846
0.001861
0.001882
0.001897
0.001841
0.001970
0.001834
0.001878
0.001839
0.001870
0.001826
0.001864
0.001869
0.001854
0.001872
0.001847
0.001838
0.001810
0.001893
0.001865
0.001874
0.001831
0.001865
0.001866
0.001883
0.001862
0.001865
0.001852
0.001867
0.001882
0.001899
0.001862
0.001841
0.001885
0.001820
0.001891
0.001834
0.001878
0.001831
0.001860
0.001897
0.001872
0.001847
0.001865
0.001868
0.001866
0.001854
0.001835
0.001893
0.001826
0.001884
0.001871
0.001874
0.001832
0.001864
0.001849
0.001848
0.001878
0.001844
0.001849
0.001854
0.001852
0.001849
0.001887
0.001817
0.001874
0.001828
0.001896
0.001842
0.001855
0.001833
0.001837
0.001870
0.001872
0.001837
0.001830
0.001890
0.001818
0.001899
0.001844
0.001857
0.001840
0.001865
0.001841
0.001894
0.001855
0.001862
0.001850
0.001858
0.001854
0.001828
0.001891
0.001827
0.001875
0.001868
0.001856
0.001833
0.001854
0.001832
0.001853
0.001860
0.001848
0.001854
0.001822
0.001890
0.001884
0.001880
0.001829
0.001857
0.001815
0.001864
0.001855
0.001853
0.001834
0.001855
0.001867
0.001850
0.001861
0.001828
0.001872
0.001817
0.001884
0.001833
0.001838
0.001823
0.001857
0.001864
0.001879
0.001848
0.001837
0.001853
0.001822
0.001878
0.001812
0.001881
0.001811
0.001844
0.001877
0.001872
0.001840
0.001852
0.001844
0.001819
0.001816
0.001813
0.001857
0.001838
0.001887
0.001850
0.001877
0.001838
0.001860
0.001833
0.001853
0.001854
0.001845
0.001866
0.001832
0.001890
0.001850
0.001871
0.001819
0.001854
0.001815
0.001859
0.001846
0.001859
0.001837
0.001852
0.001849
0.001881
0.001866
0.001817
0.001881
0.001804
0.001852
0.001819
0.001877
0.001841
0.001848
0.001853
0.001898
0.001852
0.001847
0.001851
0.001811
0.001885
0.001826
0.001872
0.001810
0.001862
0.001851
0.001874
0.001833
0.001839
0.001838
0.001850
0.001852
0.001805
0.001873
0.001851
0.001859
0.001831
0.001877
0.001828
0.001859
0.001825
0.001841
0.001854
0.001830
0.001859
0.001830
0.001882
0.001861
0.001882
0.001822
0.001851
0.001826
0.001863
0.001839
0.001870
0.001844
0.001837
0.001842
0.001867
0.001894
0.001816
0.001877
0.001824
0.001906
0.001844
0.001856
0.001830
0.001867
0.001866
0.001877
0.001856
0.001847
0.001860
0.001830
0.001880
0.001807
0.001864
0.001807
0.001861
0.001855
0.001880
0.001838
0.001835
0.001842
0.001861
0.001858
0.001827
0.001896
0.001820
0.001872
0.001856
0.001869
0.001839
0.001847
0.001833
0.001851
0.001843
0.001835
0.001854
0.001833
0.001890
0.001843
0.001891
0.001822
0.001857
0.001816
0.001864
0.001825
0.001849
0.001839
0.001852
0.001872
0.001867
0.001872
0.001809
0.001880
0.001813
0.001866
0.001835
0.001857
0.001815
0.001880
0.001869
0.001889
0.001849
0.001838
0.001868
0.001830
0.001884
0.001819
0.001874
0.001826
0.001866
0.001869
0.001884
0.001855
0.001853
0.001855
0.001865
0.001863
0.001847
0.001892
0.001829
0.001876
0.001869
0.001916
0.001842
0.001878
0.001845
0.001870
0.001850
0.001865
0.001851
0.001857
0.001877
0.001869
0.001890
0.001827
0.001890
0.001830
0.001890
0.001848
0.001863
0.001829
0.001864
0.001875
0.001897
0.001864
0.001846
0.001946
0.001891
0.001895
0.001887
0.001900
0.001864
0.001878
0.001865
0.001884
0.001886
0.001875
0.001884
0.001877
0.001883
0.001880
0.001818
0.001859
0.001858
0.001827
0.001878
0.001834
0.001907
0.001830
0.001890
0.001829
0.001863
0.001840
0.001868
0.001844
0.001871
0.001850
0.001862
0.001863
0.001841
0.001891
0.001832
0.001874
0.001815
0.001867
0.001830
0.001828
0.001791
0.001806
0.001814
0.001839
0.001858
0.001818
0.001862
0.001806
0.001870
0.001833
0.001860
0.001846
0.001848
0.001835
0.001851
0.001850
0.001838
0.001867
0.001814
0.001883
0.001833
0.001895
0.001814
0.001859
0.001848
0.001862
0.001845
0.001855
0.001839
0.001856
0.001850
0.001837
0.001872
0.001815
0.001887
0.001817
0.001853
0.001827
0.001849
0.001850
0.001844
0.001849
0.001864
0.001864
0.001808
0.001875
0.001826
0.001874
0.001828
0.001851
0.001816
0.001848
0.001831
0.001866
0.001837
0.001847
0.001853
0.001823
0.001875
0.001834
0.001879
0.001820
0.001866
0.001842
0.001863
0.001829
0.001859
0.001851
0.001860
0.001853
0.001847
0.001877
0.001834
0.001884
0.001821
0.001861
0.001835
0.001867
0.001825
0.001845
0.001845
0.001853
0.001849
0.001825
0.001871
0.001815
0.001891
0.001811
0.001885
0.001820
0.001851
0.001840
0.001856
0.001831
0.001854
0.001844
0.001839
0.001891
0.001824
0.001891
0.001809
0.001891
0.001815
0.001860
0.001818
0.001847
0.001840
0.001862
0.001858
0.001845
0.001833
0.001811
0.001879
0.001831
0.001863
0.001840
0.001846
0.001823
0.001859
0.001848
0.001850
0.001861
0.001842
0.001847
0.001813
0.001886
0.001841
0.001867
0.001809
0.001854
0.001836
0.001840
0.001854
0.001845
0.001879
0.001859
0.001865
0.001837
0.001886
0.001841
0.001883
0.001833
0.001891
0.001840
0.001879
0.001856
0.001873
0.001862
0.001869
0.001872
0.001870
0.001876
0.001837
0.001902
0.001835
0.001913
0.001842
0.001887
0.001856
0.001885
0.001868
0.001883
0.001854
0.001877
0.001798
0.001854
0.001873
0.001831
0.001891
0.001828
0.001882
0.001831
0.001872
0.001845
0.001877
0.001846
0.001862
0.001874
0.001876
0.001862
0.001855
0.001880
0.001846
0.001911
0.001840
0.001889
0.001824
0.001900
0.001838
0.001898
0.001859
0.001888
0.001848
0.001886
0.001852
0.001867
0.001857
0.001834
0.001854
0.001829
0.001882
0.001821
0.001874
0.001840
0.001867
0.001843
0.001859
0.001842
0.001854
0.001854
0.001845
0.001861
0.001865
0.001894
0.001829
0.001884
0.001817
0.001876
0.001830
0.001866
0.001866
0.001840
0.001827
0.001835
0.001844
0.001832
0.001873
0.001824
0.001868
0.001829
0.001866
0.001831
0.001842
0.001842
0.001843
0.001849
0.001853
0.001867
0.001857
0.001884
0.001839
0.001894
0.001833
0.001885
0.001824
0.001849
0.001826
0.001846
0.001845
0.001844
0.001847
0.001845
0.001847
0.001829
0.001898
0.001830
0.001886
0.001852
0.001864
0.001816
0.001860
0.001838
0.001857
0.001851
0.001851
0.001873
0.001814
0.001892
0.001832
0.001875
0.001828
0.001856
0.001827
0.001849
0.001835
0.001848
0.001846
0.001855
0.001854
0.001829
0.001879
0.001814
0.001878
0.001838
0.001851
0.001830
0.001841
0.001849
0.001858
0.001854
0.001859
0.001859
0.001835
0.001887
0.001820
0.001888
0.001830
0.001882
0.001828
0.001864
0.001821
0.001855
0.001842
0.001861
0.001847
0.001832
0.001855
0.001829
0.001899
0.001835
0.001885
0.001821
0.001871
0.001829
0.001848
0.001847
0.001848
0.001858
0.001856
0.001851
0.001833
0.001884
0.001830
0.001878
0.001839
0.001850
0.001820
0.001860
0.001827
0.001851
0.001851
0.001855
0.001848
0.001817
0.001871
0.001820
0.001876
0.001811
0.001867
0.001848
0.001871
0.001841
0.001856
0.001857
0.002029
0.001900
0.001854
0.001840
0.001821
0.001855
0.001773
0.001870
0.001824
0.001852
0.001825
0.001849
0.001836
0.001862
0.001837
0.001841
0.001846
0.001803
0.001881
0.001830
0.012965
0.002536
0.002313
0.002135
0.002245
0.002178
0.002223
0.002202
0.002200
0.002200
0.002190
0.002122
0.002189
0.002215
0.002049
0.002189
0.002156
0.002213
0.001971
0.002168
0.002182
0.002007
0.002156
0.002162
0.002165
0.002166
0.002149
0.002154
0.002202
0.002148
0.002203
0.002153
0.002176
0.002189
0.002147
0.002164
0.001986
0.002028
0.002000
0.002149
0.002107
0.002011
0.002151
0.002162
0.002122
0.002186
0.002167
0.002110
0.002134
0.002153
0.002141
0.002051
0.002019
0.002121
0.002145
0.002132
0.002167
0.002118
0.001993
0.001967
0.002079
0.002155
0.002183
0.002113
0.002163
0.002135
0.002187
0.002033
0.002151
0.002136
0.002151
0.002160
0.002143
0.002150
0.002039
0.002178
0.002129
0.002164
0.002102
0.002183
0.002183
0.002122
0.002147
0.001969
0.002041
0.002118
0.002131
0.002129
0.002153
0.002127
0.002179
0.002150
0.002102
0.002107
0.002167
0.002094
0.002189
0.002137
0.002022
0.001999
0.002118
0.002124
0.002143
0.002134
0.002067
0.002131
0.002117
0.002156
0.002145
0.002195
0.002116
0.002156
0.002110
0.002168
0.002139
0.002144
0.002107
0.002041
0.002132
0.002118
0.002165
0.002139
0.002144
0.002090
0.002181
0.002117
0.002161
0.001951
0.002130
0.002112
0.002156
0.002174
0.002034
0.002152
0.002144
0.002139
0.002157
0.002126
0.002130
0.002169
0.002139
0.002153
0.002128
0.002183
0.002145
0.002162
0.002154
0.001988
0.002013
0.002141
0.002150
0.002154
0.002155
0.002116
0.002151
0.002039
0.002150
0.002030
0.002178
0.002125
0.002203
0.002151
0.002160
0.002147
0.002152
0.002179
0.002134
0.001954
0.002081
0.002146
0.002130
0.002159
0.002121
0.002162
0.002151
0.002160
0.002128
0.002138
0.002169
0.002135
0.002144
0.002043
0.002122
0.002157
0.002182
0.002144
0.002179
0.002132
0.002186
0.002029
0.002164
0.002155
0.002163
0.002175
0.002145
0.002144
0.002123
0.001957
0.002091
0.002169
0.001950
0.001961
0.002112
0.002157
0.002024
0.002141
0.002085
0.002170
0.002103
0.002152
0.002157
0.002134
0.002178
0.002018
0.002131
0.002123
0.002156
0.002120
0.002165
0.002080
0.002050
0.002121
0.002176
0.002133
0.002167
0.002150
0.002150
0.002161
0.002116
0.002144
0.002180
0.002144
0.002106
0.002151
0.002126
0.002188
0.002140
0.002157
0.002129
0.002049
0.002158
0.002121
0.001955
0.002118
0.002158
0.002097
0.002023
0.002108
0.002111
0.002163
0.002170
0.002108
0.002180
0.002143
0.002145
0.002131
0.002165
0.002128
0.002138
0.002012
0.002004
0.002116
0.002127
0.002167
0.002140
0.002147
0.002126
0.002165
0.002178
0.002166
0.002162
0.001989
0.002125
0.002129
0.002099
0.001963
0.002138
0.002134
0.002171
0.002146
0.002035
0.002047
0.002161
0.002155
0.002149
0.002113
0.002189
0.002046
0.002153
0.001976
0.001983
0.002132
0.002109
0.002137
0.002114
0.002138
0.002146
0.002175
0.002124
0.002180
0.002124
0.002170
0.002099
0.002155
0.001917
0.002010
0.002113
0.002150
0.002145
0.002129
0.002142
0.002168
0.002146
0.002039
0.001942
0.002138
0.002162
0.002145
0.002172
0.002133
0.002183
0.002094
0.002177
0.002139
0.002037
0.002172
0.002118
0.002135
0.002128
0.002107
0.002143
0.002039
0.001979
0.002113
0.002002
0.002165
0.002103
0.002165
0.002162
0.002189
0.002158
0.002143
0.002144
0.002169
0.002184
0.002087
0.002147
0.002159
0.002170
0.002152
0.002170
0.002104
0.002171
0.002162
0.002139
0.002159
0.002148
0.002178
0.002105
0.002118
0.002113
0.002070
0.002145
0.002170
0.002117
0.002163
0.002115
0.001994
0.002084
0.002167
0.002095
0.002041
0.002154
0.002147
0.002143
0.002131
0.002044
0.002105
0.001979
0.002065
0.001957
0.002102
0.002149
0.001945
0.001979
0.002072
0.002160
0.002133
0.002167
0.002101
0.002197
0.002199
0.002164
0.002143
0.002127
0.002147
0.002141
0.002171
0.002138
0.002094
0.002159
0.002193
0.002130
0.002166
0.002149
0.002161
0.002036
0.002123
0.002152
0.002158
0.002161
0.002128
0.002141
0.002121
0.002174
0.002004
0.002182
0.002155
0.002168
0.002172
0.002138
0.002150
0.002166
0.002163
0.002085
0.002182
0.002022
0.002154
0.002168
0.002018
0.002080
0.002154
0.001970
0.002160
0.001953
0.002138
0.002147
0.002172
0.002004
0.002106
0.002156
0.002116
0.002151
0.002133
0.002145
0.002105
0.002064
0.002039
