0.008955
0.005578
0.005661
0.005784
0.005571
0.005407
0.005561
0.005591
0.005728
0.005621
0.005647
0.005554
0.005562
0.005510
0.005439
0.005622
0.005704
0.005569
0.005613
0.005843
0.005606
0.005693
0.005637
0.005616
0.005524
0.005500
0.005812
0.005613
0.005666
0.005525
0.005757
0.005638
0.005601
0.005475
0.005555
0.005582
0.005669
0.005535
0.005535
0.005681
0.005443
0.006795
0.005625
0.005523
0.005655
0.005632
0.005558
0.005577
0.005547
0.005632
0.005601
0.005729
0.006084
0.005697
0.005476
0.005632
0.005517
0.005785
0.005662
0.005445
0.005571
0.005786
0.005646
0.005491
0.005518
0.005673
0.005609
0.005681
0.005645
0.005640
0.005673
0.005634
0.005551
0.005610
0.005543
0.005652
0.005697
0.005609
0.005551
0.005500
0.005568
0.005599
0.005576
0.005674
0.005571
0.005740
0.005569
0.005754
0.005580
0.005795
0.005464
0.005642
0.005687
0.005656
0.005666
0.005586
0.005661
0.005587
0.005566
0.005650
0.005554
0.005590
0.005555
0.005438
0.005657
0.005603
0.005556
0.005537
0.005612
0.005736
0.005568
0.005601
0.005767
0.005541
0.005545
0.005748
0.005530
0.005555
0.005569
0.005542
0.005777
0.005598
0.005578
0.005688
0.005647
0.005552
0.005612
0.005494
0.005699
0.005782
0.005622
0.005949
0.005559
0.005851
0.005525
0.010441
0.006095
0.005764
0.005594
0.005843
0.005641
0.005662
0.005793
0.005671
0.005653
0.005653
0.005778
0.005627
0.005808
0.005807
0.005708
0.005770
0.005801
0.005729
0.005812
0.005675
0.005740
0.005757
0.005787
0.005838
0.005667
0.005567
0.005729
0.005661
0.005755
0.005916
0.005700
0.005905
0.005697
0.005789
0.005765
0.005930
0.005704
0.005827
0.005764
0.005789
0.005852
0.011170
0.005558
0.005385
0.005438
0.005508
0.005560
0.005461
0.005534
0.005603
0.005500
0.005525
0.005555
0.005507
0.005593
0.005549
0.005517
0.005560
0.005501
0.005528
0.005503
0.005557
0.005548
0.005447
0.005601
0.005527
0.005552
0.005446
0.005582
0.005562
0.005536
0.005508
0.005460
0.005415
0.005611
0.005596
0.005622
0.005572
0.005574
0.005516
0.005541
0.005675
0.005617
0.005479
0.005590
0.005578
0.005551
0.005519
0.005529
0.005608
0.005580
0.005573
0.005575
0.005644
0.005492
0.005528
0.005662
0.005573
0.005634
0.005560
0.005573
0.005472
0.005667
0.005505
0.005483
0.005634
0.005521
0.005565
0.005544
0.005506
0.005556
0.005665
0.005749
0.005437
0.005419
0.005538
0.005607
0.005482
0.005465
0.005400
0.005419
0.005493
0.005625
0.005606
0.005497
0.005462
0.005735
0.005443
0.005591
0.005529
0.005588
0.005484
0.005693
0.005543
0.005624
0.005473
0.005629
0.005507
0.005697
0.005359
0.005549
0.005579
0.005620
0.008268
0.005721
0.005777
0.005502
0.005499
0.005568
0.005488
0.005619
0.005445
0.005702
0.005783
0.005625
0.005587
0.005505
0.005699
0.005527
0.005615
0.005390
0.005548
0.005565
0.005814
0.005824
0.005674
0.005448
0.005598
0.005562
0.005621
0.005689
0.005544
0.005513
0.005532
0.005545
0.005449
0.005503
0.005408
0.005536
0.005472
0.005593
0.005541
0.005567
0.005587
0.005469
0.005647
0.005548
0.005670
0.005563
0.005578
0.005535
0.005516
0.005589
0.005702
0.005504
0.005755
0.005466
0.005574
0.005449
0.005452
0.005591
0.005494
0.005489
0.005544
0.005496
0.005586
0.005598
0.005455
0.005390
0.005593
0.015941
0.012500
0.005446
0.005426
0.005522
0.005595
0.053102
0.006569
0.004849
0.004720
0.004913
0.004960
0.004887
0.004931
0.004908
0.004817
0.004873
0.004833
0.004903
0.004968
0.004956
0.004866
0.004910
0.004802
0.004887
0.004848
0.004890
0.004907
0.004879
0.004927
0.004903
0.004946
0.004982
0.004891
0.004940
0.004832
0.004906
0.004901
0.004941
0.004881
0.004928
0.004848
0.004864
0.004903
0.005024
0.004924
0.004934
0.004878
0.004916
0.004935
0.004992
0.004993
0.004928
0.004909
0.004964
0.004924
0.004948
0.004901
0.004799
0.004955
0.004894
0.004883
0.004868
0.004999
0.004900
0.004958
0.004832
0.005027
0.004917
0.004871
0.004916
0.004820
0.004983
0.004962
0.004962
0.004862
0.004981
0.004889
0.004845
0.004926
0.004922
0.004907
0.004740
0.004923
0.004943
0.004719
0.005008
0.004935
0.004899
0.004907
0.004864
0.004976
0.004974
0.004834
0.004862
0.004977
0.004904
0.004935
0.004916
0.004776
0.004971
0.004932
0.004845
0.004824
0.004778
0.005010
0.004896
0.004938
0.004945
0.004951
0.004943
0.004982
0.004919
0.004883
0.004891
0.004808
0.004997
0.004918
0.004937
0.004944
0.004881
0.004934
0.004880
0.005020
0.004955
0.004916
0.004931
0.004913
0.004854
0.004916
0.004948
0.004992
0.004971
0.005059
0.004903
0.004928
0.004942
0.004974
0.004883
0.004950
0.005009
0.004884
0.005020
0.004960
0.004834
0.004941
0.004910
0.004865
0.004940
0.004991
0.004926
0.004883
0.004939
0.004950
0.004986
0.004919
0.004740
0.004961
0.004856
0.004803
0.005005
0.004909
0.004870
0.004917
0.004977
0.004917
0.004797
0.004818
0.004917
0.004955
0.004927
0.004812
0.004963
0.004972
0.004999
0.004824
0.004833
0.005019
0.004927
0.004999
0.004810
0.004945
0.004763
0.004713
0.004964
0.004923
0.004888
0.005040
0.004863
0.004932
0.004975
0.004828
0.004896
0.004884
0.004925
0.004979
0.004929
0.004988
0.004785
0.004994
0.005008
0.004814
0.004903
0.004941
0.004902
0.004935
0.004816
0.004973
0.004756
0.004934
0.004773
0.004907
0.004793
0.004936
0.004920
0.004944
0.005194
0.004898
0.004918
0.004859
0.004995
0.004957
0.004762
0.005004
0.004792
0.005033
0.004910
0.004910
0.004847
0.004894
0.004858
0.004900
0.004915
0.004954
0.004931
0.005060
0.004852
0.004908
0.004949
0.005002
0.004968
0.004862
0.004979
0.004946
0.004993
0.004878
0.004877
0.004734
0.004875
0.004948
0.004771
0.004927
0.004924
0.004913
0.004718
0.005056
0.004926
0.004929
0.005009
0.004943
0.004893
0.004932
0.004890
0.004924
0.004955
0.004960
0.004990
0.004910
0.004913
0.004951
0.004905
0.004956
0.004936
0.004781
0.004883
0.005014
0.004916
0.004993
0.004915
0.004915
0.004825
0.004990
0.004879
0.004926
0.004942
0.004890
0.004929
0.005045
0.004921
0.004945
0.004940
0.005013
0.004993
0.004778
0.005029
0.004804
0.005003
0.004890
0.004969
0.004884
0.005079
0.004871
0.004953
0.004859
0.004999
0.004968
0.004955
0.004997
0.004914
0.004929
0.004797
0.004954
0.004955
0.004870
0.004904
0.004977
0.005015
0.004906
0.004955
0.004839
0.004947
0.004961
0.004880
0.005014
0.004954
0.005035
0.004999
0.004955
0.004971
0.004798
0.004878
0.005046
0.004939
0.004860
0.004907
0.004989
0.004964
0.004933
0.004963
0.004995
0.004963
0.004918
0.004924
0.004982
0.004990
0.004847
0.004992
0.004984
0.004929
0.004906
0.004902
0.005000
0.004924
0.004926
0.004967
0.004962
0.004998
0.004906
0.004798
0.004929
0.004940
0.004817
0.004873
0.004961
0.004983
0.004839
0.004972
0.004864
0.004886
0.004945
0.004928
0.004758
0.004964
0.004960
0.004945
0.004945
0.004947
0.004932
0.004864
0.004983
0.004933
0.004921
0.004905
0.004873
0.004777
0.005004
0.004970
0.004913
0.004889
0.004922
0.004919
0.004950
0.004954
0.004918
0.004906
0.004834
0.004915
0.009615
0.012090
0.004829
0.005593
0.014781
0.014251
0.013879
0.012218
0.007924
0.004924
0.005690
0.004870
0.004811
0.004955
0.004966
0.004963
0.004945
0.004984
0.004965
0.004799
0.005004
0.004803
0.004934
0.004788
0.004852
0.004957
0.006651
0.004976
0.005002
0.004953
0.004796
0.004852
0.004917
0.005090
0.004804
0.004966
0.004900
0.004884
0.004942
0.004860
0.004900
0.004898
0.004939
0.004984
0.004922
0.004922
0.005058
0.005048
0.004861
0.004810
0.004809
0.005001
0.004966
0.004827
0.004779
0.004845
0.004782
0.005046
0.004945
0.004927
0.004810
0.004970
0.004892
0.004890
0.004805
0.005050
0.004933
0.004929
0.004980
0.004889
0.004983
0.004952
0.004995
0.005002
0.013202
0.005233
0.004948
0.005014
0.004993
0.004995
0.004815
0.004938
0.005068
0.004954
0.004980
0.004932
0.005016
0.005013
0.005019
0.004987
0.005013
0.004947
0.005031
0.005004
0.004761
0.004957
0.004995
0.004903
0.004978
0.004986
0.004892
0.005068
0.004789
0.004996
0.004870
0.005027
0.004977
0.004986
0.004978
0.004868
0.004787
0.005001
0.004939
0.005017
0.004944
0.005004
0.005012
0.005016
0.004810
0.004994
0.005003
0.004935
0.004767
0.004884
0.004801
0.004884
0.004997
0.005032
0.004985
0.004733
0.004966
0.004984
0.005029
0.004934
0.004918
0.004842
0.004912
0.004981
0.004810
0.005015
0.004988
0.004861
0.004954
0.005065
0.005006
0.005099
0.004782
0.005024
0.004980
0.005003
0.004903
0.004997
0.004941
0.004897
0.004816
0.004982
0.005005
0.004852
0.005002
0.004825
0.004943
0.004788
0.005043
0.004802
0.005024
0.004796
0.004934
0.004745
0.004842
0.004912
0.004894
0.004902
0.005014
0.004789
0.004942
0.004788
0.004795
0.005014
0.004927
0.004947
0.004989
0.004867
0.004953
0.005002
0.004948
0.004890
0.005012
0.004729
0.005035
0.004963
0.004806
0.004966
0.004880
0.004914
0.004942
0.005005
0.004948
0.004964
0.004826
0.004846
0.004852
0.004924
0.004982
0.004993
0.004755
0.005007
0.004947
0.004964
0.004920
0.004930
0.004945
0.004970
0.005031
0.004883
0.005025
0.005009
0.004879
0.004949
0.004946
0.005005
0.004890
0.004980
0.004913
0.004960
0.004788
0.004809
0.005015
0.005047
0.004956
0.004947
0.004880
0.004961
0.005006
0.004928
0.005022
0.004973
0.004855
0.004978
0.004774
0.004978
0.004961
0.004805
0.004909
0.004931
0.004954
0.004821
0.004887
0.004943
0.004924
0.004946
0.004896
0.004925
0.004964
0.004822
0.004900
0.005087
0.004912
0.004666
0.004917
0.005059
0.005016
0.005019
0.004884
0.004798
0.004853
0.004978
0.004998
0.004891
0.004951
0.004724
0.004944
0.004829
0.004998
0.004842
0.004945
0.004856
0.004958
0.004982
0.004759
0.004834
0.004936
0.004883
0.004992
0.004915
0.004893
0.004837
0.004848
0.004973
0.004957
0.004913
0.005041
0.004867
0.004717
0.004992
0.004913
0.004737
0.004869
0.005028
0.004920
0.004991
0.004996
0.004930
0.004878
0.004835
0.004932
0.004943
0.004937
0.004938
0.004997
0.004840
0.004867
0.004945
0.005086
0.004932
0.004747
0.004953
0.004731
0.004956
0.004973
0.004966
0.004833
0.004964
0.004944
0.004997
0.004814
0.005092
0.004737
0.004996
0.004793
0.004938
0.004868
0.004953
0.004929
0.004795
0.004957
0.004710
0.004843
0.004974
0.004829
0.004968
0.004893
0.004940
0.004760
0.005021
0.004893
0.004993
0.004958
0.004790
0.004833
0.004991
0.004972
0.004817
0.004984
0.005038
0.004929
0.004726
0.004990
0.004948
0.005004
0.004875
0.005028
0.004945
0.004881
0.004969
0.004944
0.004976
0.004690
0.004861
0.004880
0.004818
0.004936
0.004988
0.005840
0.004982
0.004947
0.004951
0.004853
0.004894
0.005370
0.005001
0.004955
0.004979
0.004962
0.004924
0.004969
0.005079
0.004989
0.004966
0.004960
0.005001
0.004700
0.004919
0.004890
0.004829
0.004840
0.004989
0.004874
0.005042
0.004934
0.004728
0.004910
0.034285
0.005360
0.004609
0.004507
0.004505
0.004758
0.004730
0.004687
0.004716
0.004631
0.004723
0.004742
0.004652
0.004684
0.004754
0.004566
0.004755
0.004577
0.004495
0.004637
0.004635
0.004636
0.004803
0.004677
0.004551
0.004685
0.004604
0.004531
0.004561
0.004694
0.004608
0.004694
0.004791
0.004602
0.004593
0.004564
0.004615
0.004628
0.004594
0.004570
0.004713
0.004711
0.004577
0.004564
0.004564
0.004689
0.004684
0.004632
0.004690
0.004619
0.004732
0.004517
0.004732
0.004696
0.004715
0.004744
0.004549
0.004622
0.004748
0.004519
0.004705
0.004510
0.004546
0.004641
0.004799
0.004733
0.004726
0.004587
0.004668
0.004578
0.004791
0.004580
0.004720
0.004702
0.004654
0.004667
0.004580
0.004752
0.004741
0.004659
0.004542
0.004618
0.004620
0.004548
0.004606
0.004596
0.004721
0.004604
0.004842
0.004621
0.004608
0.004548
0.004564
0.004638
0.004647
0.004562
0.004603
0.004680
0.004748
0.004656
0.004619
0.004701
0.004669
0.004585
0.004615
0.004825
0.004775
0.004572
0.004618
0.004692
0.004658
0.004753
0.004544
0.004604
0.004639
0.004572
0.004758
0.004691
0.004569
0.004735
0.004689
0.004665
0.004723
0.004681
0.004592
0.004582
0.004769
0.004598
0.004759
0.004636
0.004771
0.004750
0.004786
0.004699
0.004601
0.004568
0.004720
0.004673
0.004594
0.004719
0.004699
0.004799
0.004730
0.004664
0.004595
0.004665
0.004704
0.004601
0.004641
0.004792
0.004549
0.004632
0.004586
0.004664
0.004648
0.004569
0.004771
0.004704
0.004635
0.004635
0.004812
0.004696
0.004559
0.004614
0.004655
0.004690
0.004587
0.004620
0.004790
0.004775
0.004564
0.004595
0.004647
0.004756
0.004674
0.004521
0.004605
0.004646
0.004653
0.004653
0.004691
0.004613
0.004703
0.004544
0.004693
0.004600
0.004675
0.004772
0.004711
0.004822
0.004684
0.004648
0.004640
0.004779
0.004696
0.004768
0.004811
0.004752
0.004621
0.004677
0.004677
0.004594
0.004786
0.004718
0.004651
0.004547
0.004690
0.004628
0.004662
0.004662
0.004647
0.004781
0.004618
0.004602
0.004667
0.004603
0.004646
0.004743
0.004679
0.004656
0.004585
0.004794
0.004871
0.004786
0.004719
0.004682
0.004773
0.004770
0.004759
0.004565
0.004806
0.004597
0.004582
0.004528
0.004729
0.004692
0.004518
0.004724
0.004742
0.004622
0.004753
0.004523
0.004723
0.004700
0.004590
0.004834
0.004733
0.004604
0.004753
0.004675
0.004605
0.004690
0.004590
0.004734
0.004761
0.004557
0.004549
0.004674
0.004818
0.004667
0.004555
0.004769
0.004676
0.004607
0.004719
0.004674
0.004703
0.004676
0.004574
0.004704
0.004668
0.004744
0.004718
0.004567
0.004586
0.004647
0.004646
0.004573
0.004622
0.004765
0.004761
0.004573
0.004609
0.004690
0.004663
0.004805
0.004751
0.004679
0.004794
0.004601
0.004702
0.004669
0.004726
0.004668
0.004730
0.004667
0.004754
0.004584
0.004572
0.004541
0.004778
0.004627
0.004625
0.004630
0.004684
0.004767
0.004685
0.004766
0.004649
0.004566
0.004547
0.004627
0.004618
0.004616
0.004628
0.004591
0.004708
0.004706
0.004662
0.004691
0.004626
0.004759
0.004749
0.004689
0.004683
0.004724
0.004621
0.004559
0.004652
0.004657
0.004706
0.004740
0.004606
0.004760
0.004733
0.004622
0.004648
0.004567
0.004609
0.004582
0.004697
0.004836
0.004671
0.004579
0.004790
0.004647
0.004738
0.004767
0.004628
0.004626
0.004673
0.004672
0.004837
0.004660
0.004687
0.004597
0.004691
0.004570
0.004601
0.004725
0.004678
0.004729
0.004592
0.004597
0.004696
0.004729
0.004666
0.004730
0.004719
0.004654
0.004590
0.004722
0.004580
0.004679
0.004692
0.004746
0.004660
0.004799
0.004772
0.004564
0.004666
0.004590
0.004656
0.004837
0.004770
0.004745
0.004641
0.004777
0.004706
0.004638
0.004638
0.004730
0.004564
0.004681
0.004740
0.004822
0.006446
0.007909
0.004711
0.004649
0.004745
0.004674
0.004548
0.004608
0.004530
0.004712
0.004770
0.004613
0.004704
0.004788
0.004696
0.004605
0.004854
0.004799
0.004813
0.004608
0.004604
0.004592
0.004576
0.004620
0.004553
0.004731
0.004601
0.004591
0.004661
0.004616
0.004585
0.004663
0.004693
0.004697
0.004582
0.004692
0.004643
0.004789
0.004664
0.004717
0.004791
0.004582
0.004741
0.004555
0.004597
0.004665
0.004622
0.004631
0.004605
0.004761
0.004714
0.004759
0.004693
0.004619
0.004883
0.004753
0.004614
0.004512
0.004611
0.004778
0.004654
0.004786
0.004572
0.004727
0.004757
0.004643
0.004795
0.004536
0.004775
0.004777
0.004789
0.004660
0.004722
0.004639
0.004631
0.004676
0.004729
0.004623
0.004608
0.004715
0.004693
0.004501
0.004779
0.004546
0.004581
0.004627
0.004669
0.004765
0.004640
0.004730
0.004627
0.004552
0.004647
0.004550
0.004606
0.004679
0.004660
0.004723
0.004566
0.004605
0.004648
0.004751
0.004776
0.004831
0.004496
0.004689
0.004518
0.004659
0.004643
0.004785
0.004561
0.004748
0.004519
0.004780
0.004635
0.004771
0.004743
0.004736
0.004554
0.004543
0.004845
0.004557
0.004571
0.004574
0.004767
0.004739
0.004671
0.004547
0.004582
0.004795
0.004783
0.004674
0.004608
0.004611
0.004545
0.004765
0.004681
0.004628
0.004661
0.004578
0.004579
0.004686
0.004820
0.004601
0.004677
0.004538
0.004680
0.004807
0.004809
0.004779
0.004686
0.004708
0.004786
0.004597
0.004576
0.004565
0.004577
0.004546
0.004625
0.004703
0.004845
0.004598
0.004764
0.004567
0.004776
0.004627
0.004803
0.004799
0.004788
0.004601
0.004771
0.004655
0.004774
0.004659
0.004570
0.004578
0.004566
0.004562
0.004765
0.004678
0.004549
0.004759
0.004753
0.004700
0.004679
0.004534
0.004663
0.004785
0.004553
0.004746
0.004594
0.004612
0.004550
0.004749
0.004690
0.004664
0.004637
0.004641
0.004623
0.004625
0.004627
0.004710
0.004605
0.004787
0.004706
0.004753
0.004555
0.004701
0.004669
0.004639
0.004667
0.004782
0.004737
0.004643
0.004595
0.004714
0.004732
0.004581
0.004563
0.004558
0.004622
0.004717
0.004620
0.004603
0.004800
0.004723
0.004614
0.004601
0.004607
0.004804
0.004735
0.010787
0.010985
0.004669
0.004767
0.005868
0.005347
0.004851
0.004959
0.004711
0.004835
0.007505
0.013867
0.016034
0.014116
0.015417
0.012130
0.004765
0.004793
0.004637
0.004823
0.004710
0.004728
0.004552
0.004628
0.007929
0.004791
0.005695
0.004725
0.004673
0.004547
0.004931
0.004725
0.004679
0.004667
0.004696
0.004732
0.004873
0.004770
0.004677
0.004654
0.004705
0.004643
0.004750
0.004559
0.004563
0.004592
0.004677
0.004567
0.004776
0.004714
0.004741
0.004676
0.004675
0.004747
0.004694
0.004676
0.004688
0.004841
0.004694
0.004668
0.004635
0.004718
0.004694
0.004760
0.004784
0.004849
0.004545
0.004646
0.004844
0.004740
0.004725
0.004734
0.004578
0.004708
0.004679
0.004727
0.004607
0.004783
0.004756
0.004678
0.004774
0.004761
0.004750
0.004693
0.004731
0.004604
0.004837
0.004613
0.004649
0.004541
0.004788
0.004715
0.004738
0.004693
0.004674
0.004682
0.004558
0.004710
0.004721
0.004861
0.004642
0.004525
0.004587
0.004660
0.004783
0.004783
0.004733
0.004873
0.004795
0.004840
0.004818
0.004766
0.004902
0.004658
0.004741
0.004577
0.004739
0.004650
0.004797
0.004674
0.004635
0.004761
0.004706
0.004807
0.004758
0.004551
0.004581
0.004640
0.004883
0.004821
0.004679
0.004699
0.004757
0.004727
0.004711
0.004765
0.004797
0.004798
0.004794
0.004783
0.004722
0.004741
0.004789
0.004687
0.004701
0.005023
0.004821
0.004684
0.004656
0.004615
0.004827
0.004813
0.004786
0.004864
0.004787
0.004860
0.004759
0.004780
0.004714
0.004654
0.004675
0.004729
0.004863
0.004796
0.004743
0.004604
0.004828
0.004683
0.004741
0.004820
0.004746
0.004810
0.004754
0.004572
0.004653
0.004699
0.004776
0.004790
0.004653
0.004729
0.004840
0.004684
0.004719
0.004727
0.004704
0.004687
0.004717
0.004722
0.004576
0.004555
0.004872
0.004787
0.004772
0.005270
0.004788
0.004735
0.004721
0.004595
0.004825
0.004807
0.004745
0.004735
0.004731
0.004852
0.004762
0.004611
0.004748
0.004650
0.004660
0.004871
0.005382
0.005130
0.005389
0.005069
0.005126
0.005100
0.005319
0.004907
0.005010
0.005243
0.005080
0.004941
0.005115
0.005089
0.005176
0.005041
0.005293
0.004918
0.005271
