0.000688
0.000446
0.000425
0.000424
0.000440
0.000319
0.000194
0.000195
0.000194
0.000195
0.000194
0.000195
0.000194
0.000194
0.000193
0.000194
0.000194
0.000193
0.000193
0.000193
0.000194
0.000194
0.000193
0.000198
0.000202
0.000187
0.000187
0.000186
0.000186
0.000193
0.000187
0.000187
0.000187
0.000187
0.000187
0.000186
0.000187
0.000187
0.000187
0.000186
0.000186
0.000186
0.000187
0.000186
0.000191
0.000195
0.000180
0.000180
0.000180
0.000180
0.000180
0.000180
0.000180
0.000180
0.000181
0.000180
0.000181
0.000180
0.000180
0.000179
0.000180
0.000180
0.000180
0.000180
0.000180
0.000181
0.000194
0.000180
0.000188
0.000175
0.000175
0.000176
0.000175
0.000175
0.000175
0.000175
0.000175
0.000176
0.000175
0.000175
0.000176
0.000176
0.000175
0.000175
0.000175
0.000176
0.000175
0.000175
0.000175
0.000178
0.000184
0.000172
0.000171
0.000171
0.000172
0.000171
0.000171
0.000171
0.000171
0.000171
0.000171
0.000172
0.000171
0.000172
0.000172
0.000172
0.000172
0.000171
0.000171
0.000171
0.000172
0.000171
0.000177
0.000171
0.000176
0.000166
0.000165
0.000165
0.000165
0.000165
0.000166
0.000165
0.000165
0.000165
0.000165
0.000165
0.000166
0.000165
0.000164
0.000165
0.000165
0.000165
0.000165
0.000165
0.000165
0.000166
0.000174
0.000165
0.000175
0.000162
0.000163
0.000163
0.000163
0.000163
0.000163
0.000163
0.000163
0.000163
0.000162
0.000162
0.000162
0.000163
0.000163
0.000163
0.000163
0.000163
0.000163
0.000163
0.000163
0.000163
0.000163
0.000166
0.000172
0.000161
0.000161
0.000161
0.000160
0.000160
0.000161
0.000161
0.000161
0.000160
0.000161
0.000161
0.000160
0.000161
0.000161
0.000162
0.000161
0.000161
0.000161
0.000162
0.000160
0.000160
0.000160
0.000165
0.000161
0.000168
0.000158
0.000159
0.000158
0.000158
0.000158
0.000159
0.000159
0.000158
0.000159
0.000158
0.000158
0.000158
0.000158
0.000158
0.000159
0.000159
0.000158
0.000158
0.000159
0.000158
0.000158
0.000158
0.000175
0.000158
0.000166
0.000157
0.000156
0.000156
0.000156
0.000156
0.000157
0.000157
0.000156
0.000156
0.000156
0.000156
0.000156
0.000156
0.000156
0.000156
0.000156
0.000156
0.000156
0.000155
0.000156
0.000156
0.000156
0.000156
0.000159
0.000156
0.000156
0.000156
0.000156
0.000157
0.000156
0.000156
0.000156
0.000156
0.000157
0.000156
0.000156
0.000156
0.000156
0.000156
0.000156
0.000157
0.000156
0.000156
0.000156
0.000156
0.000156
0.000156
0.000157
0.000161
0.000156
0.000166
0.000155
0.000154
0.000155
0.000155
0.000154
0.000154
0.000155
0.000154
0.000154
0.000154
0.000155
0.000155
0.000155
0.000155
0.000155
0.000155
0.000154
0.000154
0.000154
0.000155
0.000155
0.000155
0.000155
0.000158
0.000166
0.000152
0.000153
0.000153
0.000153
0.000153
0.000153
0.000164
0.000152
0.000153
0.000152
0.000152
0.000153
0.000153
0.000152
0.000152
0.000153
0.000153
0.000153
0.000154
0.000153
0.000153
0.000153
0.000152
0.000153
0.000158
0.000153
0.000154
0.000153
0.000153
0.000153
0.000152
0.000152
0.000153
0.000153
0.000153
0.000153
0.000153
0.000153
0.000153
0.000153
0.000152
0.000152
0.000152
0.000152
0.000169
0.000156
0.000156
0.000156
0.000156
0.000156
0.000160
0.000156
0.000157
0.000157
0.000165
0.000153
0.000153
0.000153
0.000153
0.000153
0.000153
0.000153
0.000153
0.000153
0.000153
0.000153
0.000156
0.000153
0.000152
0.000152
0.000152
0.000153
0.000152
0.000152
0.000152
0.000153
0.000154
0.000153
0.000153
0.000153
0.000153
0.000152
0.000153
0.000155
0.000153
0.000152
0.000152
0.000152
0.000153
0.000152
0.000152
0.000152
0.000153
0.000153
0.000153
0.000153
0.000153
0.000152
0.000152
0.000153
0.000153
0.000153
0.000158
0.000152
0.000153
0.000153
0.000153
0.000152
0.000153
0.000162
0.000153
0.000153
0.000153
0.000153
0.000153
0.000153
0.000153
0.000153
0.000153
0.000153
0.000153
0.000154
0.000153
0.000153
0.000153
0.000153
0.000153
0.000153
0.000158
0.000153
0.000153
0.000153
0.000154
0.000153
0.000153
0.000153
0.000153
0.000153
0.000153
0.000153
0.000153
0.000152
0.000152
0.000153
0.000153
0.000153
0.000153
0.000153
0.000152
0.000152
0.000153
0.000153
0.000153
0.000153
0.000157
0.000153
0.000152
0.000153
0.000153
0.000153
0.000153
0.000152
0.000153
0.000152
0.000152
0.000153
0.000153
0.000152
0.000153
0.000153
0.000153
0.000153
0.000153
0.000153
0.000153
0.000153
0.000153
0.000153
0.000153
0.000153
0.000155
0.000152
0.000153
0.000153
0.000153
0.000153
0.000153
0.000153
0.000153
0.000152
0.000153
0.000153
0.000153
0.000154
0.000153
0.000153
0.000153
0.000153
0.000153
0.000153
0.000153
0.000155
0.000153
0.000154
0.000152
0.000153
0.000155
0.000153
0.000153
0.000153
0.000153
0.000153
0.000153
0.000153
0.000153
0.000153
0.000159
0.000152
0.000153
0.000153
0.000153
0.000152
0.000153
0.000153
0.000153
0.000153
0.000153
0.000153
0.000153
0.000153
0.000153
0.000153
0.000154
0.000152
0.000153
0.000153
0.000153
0.000153
0.000153
0.000153
0.000153
0.000153
0.000153
0.000153
0.000153
0.000153
0.000152
0.000152
0.000154
0.000153
0.000153
0.000152
0.000153
0.000153
0.000154
0.000153
0.000154
0.000153
0.000155
0.000153
0.000152
0.000152
0.000153
0.000152
0.000152
0.000152
0.000153
0.000152
0.000154
0.000153
0.000153
0.000153
0.000153
0.000153
0.000153
0.000153
0.000153
0.000154
0.000153
0.000153
0.000152
0.000152
0.000153
0.000153
0.000157
0.000153
0.000153
0.000153
0.000153
0.000152
0.000152
0.000153
0.000153
0.000153
0.000154
0.000153
0.000153
0.000153
0.000153
0.000153
0.000153
0.000153
0.000153
0.000153
0.000154
0.000153
0.000153
0.000153
0.000153
0.000153
0.000170
0.000153
0.000153
0.000153
0.000153
0.000152
0.000152
0.000152
0.000153
0.000153
0.000153
0.000153
0.000152
0.000152
0.000152
0.000153
0.000153
0.000153
0.000155
0.000153
0.000153
0.000152
0.000153
0.000153
0.000153
0.000153
0.000155
0.000153
0.000153
0.000152
0.000153
0.000152
0.000153
0.000152
0.000153
0.000153
0.000153
0.000152
0.000153
0.000153
0.000152
0.000152
0.000152
0.000153
0.000153
0.000153
0.000152
0.000152
0.000153
0.000153
0.000153
0.000153
0.000153
0.000176
0.000156
0.000156
0.000156
0.000156
0.000156
0.000156
0.000165
0.000152
0.000152
0.000153
0.000152
0.000152
0.000153
0.000152
0.000152
0.000153
0.000153
0.000153
0.000153
0.000153
0.000152
0.000153
0.000153
0.000153
0.000160
0.000153
0.000153
0.000153
0.000153
0.000153
0.000153
0.000153
0.000153
0.000154
0.000153
0.000153
0.000153
0.000152
0.000153
0.000153
0.000152
0.000153
0.000153
0.000153
0.000153
0.000153
0.000153
0.000153
0.000153
0.000153
0.000154
0.000152
0.000153
0.000153
0.000152
0.000152
0.000152
0.000152
0.000153
0.000152
0.000153
0.000153
0.000153
0.000152
0.000153
0.000153
0.000153
0.000153
0.000153
0.000152
0.000153
0.000153
0.000153
0.000153
0.000152
0.000153
0.000153
0.000155
0.000153
0.000154
0.000152
0.000152
0.000152
0.000152
0.000152
0.000152
0.000153
0.000153
0.000152
0.000152
0.000152
0.000152
0.000152
0.000152
0.000153
0.000153
0.000152
0.000152
0.000154
0.000152
0.000153
0.000153
0.000153
0.000155
0.000153
0.000153
0.000153
0.000153
0.000152
0.000152
0.000152
0.000153
0.000153
0.000153
0.000152
0.000153
0.000153
0.000153
0.000153
0.000152
0.000153
0.000152
0.000152
0.000152
0.000153
0.000153
0.000153
0.000153
0.000153
0.000156
0.000153
0.000153
0.000153
0.000153
0.000153
0.000152
0.000152
0.000153
0.000153
0.000153
0.000153
0.000153
0.000154
0.000153
0.000153
0.000153
0.000152
0.000153
0.000153
0.000153
0.000153
0.000153
0.000152
0.000153
0.000152
0.000155
0.000153
0.000153
0.000153
0.000152
0.000153
0.000152
0.000152
0.000153
0.000153
0.000155
0.000153
0.000153
0.000153
0.000153
0.000153
0.000153
0.000153
0.000152
0.000152
0.000153
0.000153
0.000153
0.000153
0.000152
0.000153
0.000155
0.000153
0.000152
0.000152
0.000153
0.000152
0.000152
0.000153
0.000153
0.000153
0.000153
0.000153
0.000153
0.000153
0.000153
0.000153
0.000153
0.000153
0.000153
0.000153
0.000153
0.000152
0.000152
0.000152
0.000153
0.000153
0.000157
0.000153
0.000152
0.000152
0.000153
0.000152
0.000152
0.000152
0.000152
0.000153
0.000153
0.000153
0.000153
0.000155
0.000153
0.000153
0.000152
0.000153
0.000153
0.000153
0.000153
0.000152
0.000152
0.000153
0.000153
0.000153
0.000154
0.000153
0.000152
0.000153
0.000153
0.000153
0.000153
0.000153
0.000152
0.000153
0.000153
0.000153
0.000153
0.000153
0.000152
0.000153
0.000152
0.000152
0.000153
0.000153
0.000152
0.000152
0.000152
0.000152
0.000153
0.000153
0.000168
0.000153
0.000153
0.000153
0.000152
0.000153
0.000153
0.000153
0.000153
0.000153
0.000153
0.000152
0.000153
0.000152
0.000153
0.000153
0.000153
0.000152
0.000152
0.000152
0.000152
0.000152
0.000153
0.000152
0.000153
0.000152
0.000154
0.000155
0.000153
0.000153
0.000153
0.000153
0.000152
0.000152
0.000152
0.000152
0.000153
0.000152
0.000152
0.000152
0.000153
0.000153
0.000152
0.000152
0.000152
0.000152
0.000153
0.000152
0.000153
0.000153
0.000153
0.000152
0.000152
0.000157
0.000152
0.000152
0.000152
0.000153
0.000153
0.000153
0.000157
0.000152
0.000152
0.000152
0.000153
0.000153
0.000153
0.000152
0.000152
0.000152
0.000153
0.000153
0.000153
0.000153
0.000152
0.000152
0.000153
0.000153
0.000152
0.000160
0.000153
0.000153
0.000153
0.000153
0.000153
0.000152
0.000152
0.000153
0.000153
0.000153
0.000152
0.000153
0.000152
0.000152
0.000152
0.000153
0.000153
0.000153
0.000153
0.000153
0.000155
0.000153
0.000152
0.000153
0.000153
0.000156
0.000153
0.000153
0.000153
0.000153
0.000153
0.000152
0.000152
0.000153
0.000153
0.000153
0.000153
0.000152
0.000152
0.000153
0.000152
0.000153
0.000152
0.000153
0.000153
0.000153
0.000153
0.000153
0.000153
0.000153
0.000153
0.000159
0.000153
0.000152
0.000152
0.000153
0.000153
0.000153
0.000153
0.000152
0.000152
0.000152
0.000152
0.000153
0.000153
0.000152
0.000153
0.000153
0.000154
0.000153
0.000152
0.000152
0.000153
0.000152
0.000153
0.000152
0.000153
0.000157
0.000153
0.000153
0.000153
0.000152
0.000153
0.000153
0.000152
0.000152
0.000153
0.000153
0.000153
0.000153
0.000153
0.000153
0.000153
0.000153
0.000153
0.000153
0.000154
0.000152
0.000153
0.000153
0.000153
0.000152
0.000152
0.000186
0.000157
0.000156
0.000156
0.000156
0.000156
0.000157
0.000157
0.000163
0.000153
0.000152
0.000152
0.000152
0.000153
0.000153
0.000153
0.000152
0.000152
0.000152
0.000152
0.000152
0.000153
0.000153
0.000152
0.000152
0.000153
0.000159
0.000153
0.000153
0.000153
0.000153
0.000153
0.000152
0.000152
0.000153
0.000152
0.000152
0.000152
0.000153
0.000153
0.000152
0.000153
0.000153
0.000153
0.000152
0.000155
0.000152
0.000153
0.000153
0.000153
0.000152
0.000152
0.000155
0.000153
0.000153
0.000153
0.000153
0.000153
0.000153
0.000153
0.000152
0.000153
0.000152
0.000152
0.000152
0.000153
0.000152
0.000152
0.000153
0.000153
0.000152
0.000153
0.000152
0.000152
0.000153
0.000153
0.000153
0.000152
0.000173
0.000156
0.000156
0.000156
0.000157
0.000156
0.000156
0.000165
0.000153
0.000153
0.000153
0.000153
0.000152
0.000153
0.000153
0.000153
0.000153
0.000152
0.000153
0.000153
0.000152
0.000153
0.000152
0.000152
0.000152
0.000152
0.000157
0.000153
0.000153
0.000152
0.000153
0.000153
0.000153
0.000153
0.000153
0.000152
0.000152
0.000152
0.000152
0.000153
0.000153
0.000153
0.000152
0.000152
0.000153
0.000152
0.000153
0.000152
0.000152
0.000162
0.000152
0.000152
0.000157
0.000153
0.000153
0.000152
0.000153
0.000153
0.000152
0.000152
0.000152
0.000153
0.000153
0.000153
0.000153
0.000153
0.000153
0.000153
0.000153
0.000153
0.000153
0.000153
0.000153
0.000153
0.000153
0.000153
0.000154
0.000153
0.000158
0.000153
0.000154
0.000153
0.000152
0.000152
0.000153
0.000153
0.000153
0.000153
0.000152
0.000152
0.000152
0.000152
0.000153
0.000153
0.000153
0.000153
0.000152
0.000153
0.000152
0.000153
0.000153
0.000155
0.000153
0.000153
0.000173
0.000157
0.000157
0.000156
0.000156
0.000157
0.000157
0.000156
0.000162
0.000153
0.000153
0.000153
0.000153
0.000152
0.000152
0.000152
0.000152
0.000152
0.000152
0.000152
0.000152
0.000152
0.000152
0.000152
0.000153
0.000152
0.000157
0.000152
0.000152
0.000153
0.000153
0.000153
0.000153
0.000152
0.000152
0.000153
0.000153
0.000153
0.000153
0.000153
0.000152
0.000152
0.000152
0.000152
0.000153
0.000152
0.000152
0.000152
0.000153
0.000153
0.000152
0.000152
0.000157
0.000153
0.000153
0.000153
0.000153
0.000153
0.000153
0.000152
0.000152
0.000152
0.000152
0.000152
0.000152
0.000153
0.000153
0.000153
0.000153
0.000153
0.000153
0.000152
0.000152
0.000153
0.000153
0.000153
0.000153
0.000152
0.000157
0.000152
0.000152
0.000153
0.000153
0.000154
0.000153
0.000152
0.000152
0.000153
0.000153
0.000153
0.000153
0.000152
0.000153
0.000153
0.000153
0.000153
0.000153
0.000153
0.000153
0.000153
0.000153
0.000152
0.000152
0.000153
0.000155
0.000153
0.000153
0.000153
0.000153
0.000153
0.000153
0.000152
0.000152
0.000153
0.000153
0.000152
0.000153
0.000153
0.000153
0.000152
0.000153
0.000154
0.000153
0.000155
0.000153
0.000153
0.000153
0.000153
0.000153
0.000153
0.000156
0.000153
0.000153
0.000153
0.000152
0.000152
0.000152
0.000152
0.000153
0.000153
0.000152
0.000152
0.000152
0.000153
0.000153
0.000153
0.000153
0.000153
0.000153
0.000153
0.000152
0.000154
0.000153
0.000153
0.000153
0.000153
0.000155
0.000153
0.000153
0.000153
0.000152
0.000152
0.000152
0.000153
0.000152
0.000152
0.000154
0.000152
0.000153
0.000152
0.000153
0.000153
0.000153
0.000152
0.000153
0.000153
0.000153
0.000153
0.000153
0.000152
0.000152
0.000152
0.000156
0.000153
0.000152
0.000152
0.000153
0.000153
0.000153
0.000153
0.000153
0.000155
0.000153
0.000153
0.000152
0.000152
0.000153
0.000153
0.000153
0.000153
0.000152
0.000152
0.000152
0.000153
0.000153
0.000152
0.000153
0.000153
0.000155
0.000153
0.000152
0.000152
0.000153
0.000153
0.000152
0.000152
0.000152
0.000152
0.000152
0.000152
0.000152
0.000153
0.000153
0.000153
0.000153
0.000153
0.000153
0.000153
0.000153
0.000153
0.000152
0.000152
0.000152
0.000153
0.000153
0.000161
0.000153
0.000153
0.000161
0.000153
0.000153
0.000153
0.000153
0.000153
0.000155
0.000153
0.000153
0.000153
0.000153
0.000153
0.000153
0.000153
0.000152
0.000153
0.000152
0.000153
0.000153
0.000153
0.000153
0.000153
0.000153
0.000181
0.000153
0.000153
0.000153
0.000153
0.000153
0.000153
0.000156
0.000153
0.000154
0.000153
0.000152
0.000153
0.000153
0.000153
0.000153
0.000152
0.000152
0.000152
0.000155
0.000153
0.000153
0.000153
0.000153
0.000153
0.000156
0.000153
0.000153
0.000153
0.000152
0.000152
0.000153
0.000153
0.000153
0.000153
0.000153
0.000153
0.000153
0.000153
0.000153
0.000153
0.000152
0.000153
0.000154
0.000153
0.000153
0.000153
0.000153
0.000153
0.000153
0.000153
0.000153
0.000162
0.000152
0.000152
0.000152
0.000153
0.000153
0.000153
0.000153
0.000153
0.000153
0.000153
0.000153
0.000153
0.000153
0.000153
0.000153
0.000153
0.000152
0.000152
0.000153
0.000153
0.000155
0.000153
0.000153
0.000162
0.000153
0.000155
0.000153
0.000153
0.000153
0.000153
0.000153
0.000155
0.000152
0.000153
0.000153
0.000153
0.000153
0.000153
0.000153
0.000153
0.000153
0.000152
0.000152
0.000153
0.000153
0.000153
0.000153
0.000153
0.000154
0.000153
0.000153
0.000155
0.000153
0.000153
0.000153
0.000153
0.000152
0.000152
0.000152
0.000152
0.000152
0.000152
0.000152
0.000152
0.000152
0.000152
0.000152
0.000153
0.000153
0.000153
0.000153
0.000153
0.000158
0.000152
0.000152
0.000152
0.000153
0.000154
0.000152
0.000153
0.000153
0.000153
0.000153
0.000153
0.000152
0.000152
0.000152
0.000153
0.000153
0.000153
0.000152
0.000152
0.000152
0.000153
0.000153
0.000153
0.000154
0.000153
0.000153
0.000153
0.000152
0.000152
0.000152
0.000155
0.000153
0.000153
0.000152
0.000152
0.000153
0.000153
0.000153
0.000153
0.000154
0.000153
0.000153
0.000153
0.000153
0.000153
0.000152
0.000152
0.000152
0.000152
0.000152
0.000152
0.000152
0.000152
0.000152
0.000152
0.000153
0.000155
0.000152
0.000153
0.000153
0.000160
0.000153
0.000153
0.000153
0.000153
0.000153
0.000153
0.000153
0.000153
0.000153
0.000153
0.000154
0.000153
0.000153
0.000153
0.000154
0.000153
0.000153
0.000153
0.000153
0.000153
0.000153
0.000155
0.000152
0.000152
0.000152
0.000152
0.000152
0.000153
0.000153
0.000154
0.000153
0.000153
0.000153
0.000154
0.000153
0.000153
0.000153
0.000153
0.000152
0.000153
0.000152
0.000152
0.000152
0.000153
0.000153
0.000153
0.000153
0.000155
0.000153
0.000152
0.000153
0.000153
0.000153
0.000153
0.000152
0.000153
0.000152
0.000152
0.000152
0.000153
0.000153
0.000153
0.000153
0.000152
0.000153
0.000153
0.000158
0.000153
0.000153
0.000153
0.000153
0.000153
0.000153
0.000155
0.000152
0.000153
0.000153
0.000153
0.000153
0.000153
0.000152
0.000152
0.000153
0.000153
0.000152
0.000153
0.000152
0.000152
0.000153
0.000152
0.000152
0.000153
0.000153
0.000153
0.000153
0.000152
0.000153
0.000153
0.000153
0.000154
0.000152
0.000152
0.000152
0.000153
0.000153
0.000153
0.000153
0.000153
0.000153
0.000152
0.000152
0.000153
0.000153
0.000152
0.000152
0.000152
0.000152
0.000152
0.000152
0.000152
0.000153
0.000152
0.000153
0.000152
0.000153
0.000155
0.000153
0.000153
0.000153
0.000153
0.000153
0.000153
0.000153
0.000158
0.000153
0.000152
0.000152
0.000153
0.000153
0.000154
0.000153
0.000153
0.000152
0.000152
0.000153
0.000153
0.000154
0.000153
0.000153
0.000155
0.000153
0.000153
0.000161
0.000152
0.000152
0.000153
0.000153
0.000153
0.000153
0.000153
0.000152
0.000152
0.000152
0.000152
0.000152
0.000153
0.000153
0.000153
0.000153
0.000153
0.000153
0.000153
0.000153
0.000153
0.000153
0.000153
0.000152
0.000153
0.000163
0.000153
0.000153
0.000153
0.000153
0.000153
0.000153
0.000156
0.000153
0.000153
0.000153
0.000152
0.000153
0.000153
0.000153
0.000153
0.000153
0.000153
0.000153
0.000153
0.000153
0.000153
0.000158
0.000153
0.000153
0.000153
0.000174
0.000156
0.000156
0.000156
0.000157
0.000156
0.000156
0.000157
0.000156
0.000156
0.000156
0.000157
0.000165
0.000152
0.000153
0.000153
0.000152
0.000152
0.000153
0.000152
0.000153
0.000152
0.000152
0.000152
0.000153
0.000161
0.000152
0.000152
0.000153
0.000153
0.000153
0.000153
0.000153
0.000155
0.000152
0.000153
0.000152
0.000153
0.000153
0.000153
0.000153
0.000152
0.000152
0.000152
0.000152
0.000152
0.000152
0.000152
0.000153
0.000153
0.000153
0.000155
0.000152
0.000153
0.000152
0.000152
0.000157
0.000153
0.000153
0.000152
0.000153
0.000153
0.000153
0.000153
0.000152
0.000152
0.000153
0.000153
0.000153
0.000152
0.000153
