0.001539
0.000455
0.000448
0.000448
0.000447
0.000449
0.000448
0.000450
0.000453
0.000438
0.000430
0.000427
0.000428
0.000416
0.000427
0.000428
0.000428
0.000427
0.000435
0.000419
0.000409
0.000400
0.000410
0.000413
0.000407
0.000413
0.000413
0.000397
0.000416
0.000396
0.000395
0.000394
0.000384
0.000385
0.000397
0.000383
0.000396
0.000397
0.000395
0.000383
0.000377
0.000381
0.000379
0.000371
0.000370
0.000380
0.000370
0.000380
0.000382
0.000374
0.000365
0.000365
0.000364
0.000353
0.000356
0.000364
0.000354
0.000365
0.000355
0.000363
0.000354
0.000351
0.000342
0.000353
0.000342
0.000342
0.000342
0.000352
0.000351
0.000351
0.000342
0.000347
0.000349
0.000332
0.000329
0.000332
0.000333
0.000330
0.000339
0.000340
0.000340
0.000333
0.000327
0.000347
0.000333
0.000330
0.000331
0.000331
0.000332
0.000331
0.000332
0.000329
0.000330
0.000330
0.000331
0.000326
0.000329
0.000329
0.000329
0.000323
0.000331
0.000331
0.000332
0.000332
0.000332
0.000331
0.000328
0.000330
0.000331
0.000330
0.000334
0.000332
0.000333
0.000334
0.000330
0.000329
0.000329
0.000333
0.000333
0.000335
0.000333
0.000333
0.000329
0.000330
0.000329
0.000333
0.000330
0.000331
0.000330
0.000333
0.000332
0.000328
0.000331
0.000333
0.000330
0.000335
0.000334
0.000333
0.000332
0.000333
0.000333
0.000323
0.000328
0.000332
0.000330
0.000333
0.000333
0.000332
0.000331
0.000322
0.000330
0.000333
0.000330
0.000324
0.000330
0.000334
0.000333
0.000333
0.000333
0.000330
0.000330
0.000332
0.000330
0.000333
0.000332
0.000329
0.000331
0.000334
0.000323
0.000333
0.000332
0.000332
0.000333
0.000332
0.000330
0.000329
0.000331
0.000332
0.000333
0.000333
0.000330
0.000334
0.000333
0.000329
0.000331
0.000333
0.000332
0.000331
0.000329
0.000332
0.000329
0.000333
0.000333
0.000333
0.000333
0.000329
0.000332
0.000330
0.000333
0.000333
0.000330
0.000331
0.000332
0.000333
0.000329
0.000333
0.000333
0.000329
0.000329
0.000330
0.000331
0.000329
0.000333
0.000330
0.000333
0.000336
0.000330
0.000331
0.000329
0.000334
0.000332
0.000330
0.000330
0.000333
0.000333
0.000333
0.000333
0.000335
0.000331
0.000333
0.000333
0.000332
0.000332
0.000330
0.000329
0.000332
0.000332
0.000331
0.000329
0.000336
0.000333
0.000333
0.000330
0.000333
0.000333
0.000330
0.000330
0.000334
0.000333
0.000333
0.000331
0.000334
0.000332
0.000331
0.000330
0.000329
0.000334
0.000329
0.000334
0.000334
0.000330
0.000329
0.000333
0.000336
0.000329
0.000333
0.000332
0.000333
0.000332
0.000332
0.000331
0.000329
0.000329
0.000331
0.000328
0.000336
0.000330
0.000330
0.000331
0.000333
0.000331
0.000333
0.000330
0.000329
0.000330
0.000333
0.000331
0.000329
0.000333
0.000333
0.000330
0.000330
0.000333
0.000331
0.000331
0.000334
0.000330
0.000333
0.000333
0.000330
0.000338
0.000332
0.000331
0.000332
0.000323
0.000333
0.000333
0.000333
0.000330
0.000330
0.000332
0.000332
0.000335
0.000330
0.000330
0.000331
0.000329
0.000332
0.000331
0.000332
0.000329
0.000332
0.000333
0.000332
0.000334
0.000334
0.000329
0.000333
0.000333
0.000329
0.000330
0.000334
0.000334
0.000331
0.000331
0.000329
0.000326
0.000330
0.000333
0.000333
0.000332
0.000331
0.000333
0.000332
0.000332
0.000332
0.000332
0.000332
0.000333
0.000331
0.000333
0.000331
0.000329
0.000333
0.000332
0.000329
0.000332
0.000333
0.000330
0.000331
0.000333
0.000329
0.000333
0.000333
0.000333
0.000331
0.000332
0.000330
0.000330
0.000334
0.000333
0.000333
0.000334
0.000332
0.000333
0.000333
0.000332
0.000333
0.000332
0.000333
0.000332
0.000333
0.000333
0.000334
0.000333
0.000332
0.000332
0.000332
0.000333
0.000333
0.000329
0.000332
0.000332
0.000332
0.000329
0.000330
0.000332
0.000331
0.000332
0.000331
0.000330
0.000330
0.000333
0.000332
0.000334
0.000331
0.000331
0.000330
0.000336
0.000320
0.000329
0.000332
0.000329
0.000333
0.000331
0.000333
0.000334
0.000330
0.000329
0.000330
0.000333
0.000332
0.000332
0.000330
0.000331
0.000332
0.000331
0.000333
0.000332
0.000332
0.000332
0.000333
0.000337
0.000330
0.000329
0.000332
0.000333
0.000329
0.000332
0.000330
0.000331
0.000334
0.000329
0.000332
0.000333
0.000332
0.000334
0.000334
0.000333
0.000330
0.000330
0.000331
0.000333
0.000331
0.000332
0.000330
0.000335
0.000332
0.000333
0.000334
0.000330
0.000331
0.000330
0.000330
0.000334
0.000329
0.000333
0.000332
0.000333
0.000333
0.000334
0.000330
0.000330
0.000329
0.000322
0.000331
0.000330
0.000333
0.000330
0.000334
0.000334
0.000323
0.000333
0.000332
0.000330
0.000330
0.000329
0.000331
0.000331
0.000330
0.000330
0.000332
0.000333
0.000329
0.000331
0.000332
0.000330
0.000334
0.000333
0.000331
0.000331
0.000331
0.000332
0.000330
0.000335
0.000330
0.000331
0.000333
0.000334
0.000333
0.000330
0.000329
0.000331
0.000329
0.000334
0.000332
0.000336
0.000331
0.000332
0.000330
0.000330
0.000330
0.000334
0.000332
0.000330
0.000331
0.000330
0.000332
0.000336
0.000332
0.000330
0.000332
0.000330
0.000333
0.000331
0.000333
0.000331
0.000333
0.000330
0.000329
0.000333
0.000329
0.000329
0.000333
0.000333
0.000333
0.000334
0.000332
0.000333
0.000330
0.000333
0.000329
0.000333
0.000320
0.000328
0.000333
0.000332
0.000329
0.000329
0.000330
0.000333
0.000332
0.000331
0.000331
0.000330
0.000332
0.000330
0.000333
0.000331
0.000334
0.000333
0.000333
0.000331
0.000330
0.000330
0.000329
0.000334
0.000336
0.000331
0.000333
0.000333
0.000322
0.000332
0.000330
0.000334
0.000330
0.000332
0.000330
0.000332
0.000335
0.000331
0.000331
0.000330
0.000334
0.000332
0.000333
0.000333
0.000333
0.000331
0.000333
0.000333
0.000333
0.000331
0.000330
0.000331
0.000332
0.000330
0.000332
0.000330
0.000329
0.000329
0.000331
0.000331
0.000336
0.000333
0.000330
0.000331
0.000330
0.000333
0.000329
0.000333
0.000330
0.000333
0.000331
0.000333
0.000326
0.000333
0.000334
0.000329
0.000330
0.000330
0.000331
0.000332
0.000330
0.000331
0.000330
0.000329
0.000330
0.000330
0.000330
0.000329
0.000323
0.000329
0.000330
0.000330
0.000332
0.000332
0.000332
0.000332
0.000333
0.000332
0.000332
0.000333
0.000333
0.000333
0.000330
0.000329
0.000333
0.000333
0.000333
0.000335
0.000331
0.000332
0.000330
0.000335
0.000330
0.000331
0.000334
0.000333
0.000332
0.000332
0.000332
0.000329
0.000335
0.000331
0.000334
0.000330
0.000331
0.000332
0.000329
0.000329
0.000332
0.000332
0.000333
0.000333
0.000332
0.000323
0.000320
0.000331
0.000332
0.000334
0.000333
0.000329
0.000330
0.000329
0.000333
0.000329
0.000330
0.000329
0.000329
0.000333
0.000330
0.000334
0.000330
0.000331
0.000334
0.000333
0.000323
0.000329
0.000332
0.000321
0.000329
0.000333
0.000334
0.000332
0.000334
0.000330
0.000329
0.000333
0.000328
0.000331
0.000334
0.000331
0.000332
0.000334
0.000329
0.000329
0.000334
0.000331
0.000332
0.000330
0.000330
0.000330
0.000333
0.000330
0.000333
0.000332
0.000330
0.000333
0.000333
0.000331
0.000332
0.000333
0.000330
0.000332
0.000337
0.000320
0.000330
0.000330
0.000330
0.000332
0.000333
0.000332
0.000333
0.000332
0.000331
0.000330
0.000336
0.000319
0.000332
0.000330
0.000333
0.000329
0.000332
0.000329
0.000332
0.000330
0.000329
0.000332
0.000330
0.000327
0.000332
0.000332
0.000333
0.000329
0.000333
0.000333
0.000330
0.000331
0.000332
0.000332
0.000334
0.000333
0.000332
0.000331
0.000333
0.000334
0.000333
0.000333
0.000333
0.000331
0.000333
0.000332
0.000330
0.000335
0.000330
0.000330
0.000330
0.000333
0.000331
0.000333
0.000330
0.000333
0.000332
0.000334
0.000332
0.000335
0.000331
0.000332
0.000333
0.000331
0.000332
0.000330
0.000332
0.000330
0.000332
0.000332
0.000330
0.000333
0.000320
0.000331
0.000333
0.000334
0.000333
0.000332
0.000331
0.000332
0.000332
0.000331
0.000331
0.000334
0.000330
0.000330
0.000331
0.000332
0.000333
0.000333
0.000329
0.000330
0.000333
0.000333
0.000334
0.000332
0.000323
0.000332
0.000330
0.000333
0.000334
0.000330
0.000329
0.000330
0.000330
0.000328
0.000331
0.000332
0.000333
0.000329
0.000333
0.000333
0.000334
0.000333
0.000329
0.000333
0.000334
0.000333
0.000332
0.000332
0.000332
0.000329
0.000332
0.000323
0.000333
0.000331
0.000330
0.000332
0.000329
0.000332
0.000330
0.000327
0.000329
0.000333
0.000332
0.000332
0.000329
0.000329
0.000328
0.000330
0.000332
0.000333
0.000330
0.000337
0.000329
0.000333
0.000333
0.000331
0.000333
0.000332
0.000332
0.000333
0.000331
0.000334
0.000330
0.000336
0.000323
0.000332
0.000330
0.000334
0.000333
0.000332
0.000330
0.000335
0.000331
0.000332
0.000322
0.000333
0.000330
0.000333
0.000334
0.000330
0.000333
0.000332
0.000333
0.000334
0.000330
0.000330
0.000333
0.000336
0.000329
0.000331
0.000330
0.000332
0.000332
0.000330
0.000330
0.000334
0.000333
0.000334
0.000334
0.000333
0.000328
0.000331
0.000330
0.000329
0.000332
0.000332
0.000332
0.000332
0.000333
0.000333
0.000322
0.000334
0.000320
0.000332
0.000330
0.000335
0.000331
0.000329
0.000333
0.000333
0.000332
0.000331
0.000329
0.000335
0.000320
0.000334
0.000321
0.000333
0.000330
0.000334
0.000332
0.000330
0.000333
0.000333
0.000332
0.000332
0.000322
0.000333
0.000333
0.000330
0.000330
0.000333
0.000331
0.000333
0.000329
0.000330
0.000332
0.000336
0.000330
0.000330
0.000332
0.000329
0.000330
0.000333
0.000329
0.000333
0.000333
0.000334
0.000332
0.000333
0.000333
0.000333
0.000331
0.000329
0.000333
0.000332
0.000331
0.000333
0.000333
0.000334
0.000332
0.000332
0.000335
0.000334
0.000333
0.000330
0.000331
0.000334
0.000332
0.000331
0.000332
0.000333
0.000331
0.000331
0.000328
0.000333
0.000331
0.000333
0.000334
0.000322
0.000332
0.000330
0.000331
0.000332
0.000329
0.000333
0.000334
0.000333
0.000330
0.000329
0.000332
0.000330
0.000330
0.000334
0.000331
0.000330
0.000331
0.000333
0.000329
0.000330
0.000332
0.000332
0.000332
0.000332
0.000332
0.000330
0.000329
0.000332
0.000335
0.000334
0.000332
0.000330
0.000330
0.000330
0.000331
0.000330
0.000329
0.000330
0.000334
0.000332
0.000330
0.000329
0.000330
0.000333
0.000332
0.000335
0.000330
0.000331
0.000334
0.000330
0.000333
0.000330
0.000330
0.000332
0.000336
0.000332
0.000330
0.000332
0.000333
0.000332
0.000333
0.000331
0.000329
0.000333
0.000330
0.000330
0.000337
0.000331
0.000332
0.000333
0.000333
0.000322
0.000333
0.000330
0.000333
0.000332
0.000331
0.000332
0.000323
0.000334
0.000331
0.000333
0.000332
0.000324
0.000333
0.000333
0.000333
0.000330
0.000332
0.000330
0.000330
0.000333
0.000329
0.000330
0.000333
0.000333
0.000331
0.000331
0.000332
0.000333
0.000331
0.000330
0.000333
0.000333
0.000330
0.000331
0.000332
0.000330
0.000332
0.000331
0.000333
0.000332
0.000332
0.000330
0.000333
0.000331
0.000333
0.000332
0.000332
0.000332
0.000334
0.000331
0.000333
0.000333
0.000331
0.000331
0.000335
0.000330
0.000333
0.000332
0.000334
0.000333
0.000333
0.000332
0.000329
0.000329
0.000329
0.000333
0.000331
0.000333
0.000333
0.000330
0.000331
0.000333
0.000333
0.000333
0.000330
0.000330
0.000332
0.000329
0.000337
0.000334
0.000333
0.000330
0.000333
0.000334
0.000332
0.000329
0.000333
0.000332
0.000332
0.000333
0.000332
0.000333
0.000330
0.000323
0.000334
0.000330
0.000332
0.000332
0.000330
0.000333
0.000329
0.000332
0.000331
0.000333
0.000331
0.000331
0.000330
0.000331
0.000329
0.000328
0.000331
0.000330
0.000332
0.000332
0.000335
0.000333
0.000333
0.000330
0.000333
0.000329
0.000331
0.000333
0.000332
0.000333
0.000330
0.000331
0.000332
0.000332
0.000332
0.000334
0.000329
0.000333
0.000333
0.000333
0.000330
0.000331
0.000331
0.000331
0.000334
0.000323
0.000334
0.000330
0.000333
0.000332
0.000332
0.000329
0.000333
0.000331
0.000333
0.000332
0.000338
0.000318
0.000333
0.000333
0.000330
0.000330
0.000329
0.000330
0.000333
0.000329
0.000332
0.000330
0.000329
0.000336
0.000333
0.000334
0.000329
0.000330
0.000333
0.000333
0.000332
0.000332
0.000333
0.000333
0.000331
0.000336
0.000333
0.000333
0.000332
0.000333
0.000331
0.000331
0.000332
0.000333
0.000330
0.000332
0.000332
0.000326
0.000329
0.000332
0.000332
0.000331
0.000332
0.000333
0.000332
0.000333
0.000330
0.000330
0.000332
0.000336
0.000330
0.000330
0.000333
0.000333
0.000330
0.000330
0.000332
0.000332
0.000330
0.000332
0.000333
0.000334
0.000323
0.000332
0.000330
0.000333
0.000330
0.000329
0.000333
0.000329
0.000330
0.000333
0.000333
0.000333
0.000330
0.000333
0.000329
0.000331
0.000333
0.000331
0.000333
0.000334
0.000322
0.000332
0.000333
0.000326
0.000333
0.000333
0.000330
0.000330
0.000331
0.000332
0.000330
0.000331
0.000333
0.000330
0.000330
0.000329
0.000330
0.000331
0.000332
0.000330
0.000330
0.000330
0.000331
0.000330
0.000333
0.000333
0.000331
0.000328
0.000321
0.000331
0.000330
0.000332
0.000332
0.000333
0.000334
0.000332
0.000330
0.000333
0.000330
0.000336
0.000332
0.000333
0.000332
0.000333
0.000333
0.000330
0.000332
0.000330
0.000332
0.000331
0.000331
0.000329
0.000329
0.000331
0.000332
0.000333
0.000323
0.000329
0.000334
0.000332
0.000332
0.000331
0.000330
0.000330
0.000332
0.000330
0.000330
0.000333
0.000330
0.000330
0.000329
0.000334
0.000333
0.000330
0.000330
0.000332
0.000330
0.000333
0.000332
0.000333
0.000332
0.000331
0.000334
0.000330
0.000331
0.000333
0.000332
0.000333
0.000331
0.000334
0.000333
0.000332
0.000333
0.000330
0.000329
0.000332
0.000330
0.000330
0.000330
0.000331
0.000320
0.000332
0.000332
0.000332
0.000333
0.000328
0.000329
0.000334
0.000333
0.000333
0.000333
0.000334
0.000321
0.000331
0.000332
0.000329
0.000330
0.000333
0.000330
0.000333
0.000329
0.000333
0.000332
0.000337
0.000330
0.000332
0.000331
0.000332
0.000332
0.000332
0.000333
0.000333
0.000332
0.000332
0.000332
0.000334
0.000332
0.000331
0.000333
0.000333
0.000333
0.000331
0.000331
0.000322
0.000331
0.000333
0.000330
0.000334
0.000320
0.000332
0.000333
0.000331
0.000331
0.000334
0.000333
0.000332
0.000330
0.000332
0.000332
0.000332
0.000325
0.000332
0.000333
0.000333
0.000329
0.000331
0.000331
0.000333
0.000333
0.000330
0.000332
0.000330
0.000335
0.000332
0.000332
0.000333
0.000333
0.000329
0.000333
0.000332
0.000334
0.000330
0.000333
0.000335
0.000334
0.000332
0.000331
0.000333
0.000332
0.000332
0.000330
0.000331
0.000332
0.000329
0.000332
0.000332
0.000333
0.000330
0.000332
0.000330
0.000330
0.000331
0.000332
0.000332
0.000332
0.000331
0.000331
0.000332
0.000334
0.000333
0.000331
0.000332
0.000333
0.000334
0.000332
0.000330
0.000333
0.000333
0.000331
0.000332
0.000335
0.000330
0.000333
0.000332
0.000331
0.000332
0.000333
0.000332
0.000332
0.000330
0.000333
0.000330
0.000338
0.000333
0.000329
0.000328
0.000333
0.000330
0.000333
0.000330
0.000330
0.000330
0.000331
0.000331
0.000334
0.000323
0.000329
0.000331
0.000332
0.000330
0.000331
0.000334
0.000323
0.000333
0.000334
0.000333
0.000331
0.000329
0.000333
0.000329
0.000330
0.000333
0.000333
0.000330
0.000333
0.000332
0.000331
0.000330
0.000330
0.000330
0.000333
0.000330
0.000329
0.000332
0.000332
0.000329
0.000331
0.000334
0.000329
0.000332
0.000334
0.000330
0.000332
0.000332
0.000332
0.000330
0.000331
0.000331
0.000330
0.000328
0.000333
0.000333
0.000335
0.000330
0.000333
0.000329
0.000330
0.000332
0.000332
0.000332
0.000329
0.000333
0.000333
0.000329
0.000335
0.000322
0.000333
0.000333
0.000332
0.000333
0.000334
0.000333
0.000330
0.000331
0.000333
0.000329
0.000334
0.000320
0.000333
0.000329
0.000332
0.000332
0.000330
0.000329
0.000330
0.000329
0.000329
0.000333
0.000338
0.000330
0.000332
0.000331
0.000330
0.000333
0.000333
0.000330
0.000333
0.000333
0.000332
0.000330
0.000335
0.000329
0.000333
0.000331
0.000331
0.000331
0.000334
0.000333
0.000329
0.000330
0.000332
0.000330
0.000335
0.000329
0.000330
0.000332
0.000331
0.000332
0.000332
0.000332
0.000334
0.000333
0.000330
0.000330
0.000334
0.000331
0.000332
0.000333
0.000333
0.000333
0.000330
0.000332
0.000331
0.000329
0.000332
0.000329
0.000348
0.000331
0.000333
0.000330
0.000332
0.000333
0.000321
0.000333
0.000330
0.000329
0.000329
0.000334
0.000337
0.000332
0.000333
0.000334
0.000330
0.000332
0.000331
0.000330
0.000332
0.000330
0.000333
0.000330
0.000336
0.000328
0.000330
0.000334
0.000329
0.000332
0.000332
0.000333
0.000332
0.000334
0.000333
0.000329
0.000336
0.000333
0.000332
0.000332
0.000333
0.000332
0.000331
0.000329
0.000333
0.000329
0.000329
0.000333
0.000338
0.000331
0.000330
0.000332
0.000331
0.000333
0.000334
0.000330
0.000333
0.000333
0.000330
0.000335
0.000331
0.000334
0.000333
0.000330
0.000333
0.000333
0.000333
0.000333
0.000329
0.000333
0.000332
0.000333
0.000332
0.000326
0.000333
0.000330
0.000330
0.000333
0.000330
0.000333
0.000330
0.000333
0.000333
0.000334
0.000332
0.000334
0.000332
0.000332
0.000330
0.000331
0.000332
0.000334
0.000331
0.000329
0.000330
0.000332
0.000329
0.000326
0.000332
0.000331
0.000334
0.000332
0.000331
0.000332
0.000332
0.000332
0.000331
0.000333
0.000333
0.000340
0.000322
0.000332
0.000333
0.000329
0.000331
0.000333
0.000332
0.000333
0.000331
0.000333
0.000330
0.000333
0.000331
0.000330
0.000323
0.000331
0.000330
0.000330
0.000333
0.000332
0.000333
0.000329
0.000333
0.000337
0.000330
0.000331
0.000332
0.000333
0.000330
0.000334
0.000332
0.000333
0.000331
0.000332
0.000332
0.000335
0.000320
0.000332
0.000333
0.000334
0.000334
0.000332
0.000333
0.000332
0.000330
0.000332
0.000332
0.000335
0.000332
0.000330
0.000330
0.000330
0.000332
0.000330
0.000334
0.000329
0.000331
0.000329
0.000333
0.000335
0.000330
0.000330
0.000331
0.000333
0.000329
0.000331
0.000329
0.000334
0.000333
0.000332
0.000332
0.000333
0.000330
0.000333
0.000334
0.000330
0.000329
0.000332
0.000330
0.000332
0.000333
0.000331
0.000333
0.000339
0.000332
0.000323
0.000332
0.000332
0.000328
0.000333
0.000330
0.000330
0.000333
0.000330
0.000332
0.000331
0.000330
0.000323
0.000333
0.000330
0.000330
0.000331
0.000332
0.000331
0.000333
0.000331
0.000332
0.000335
0.000319
0.000331
0.000329
0.000329
0.000330
0.000330
0.000329
0.000332
0.000333
0.000331
0.000332
0.000335
0.000323
0.000331
0.000334
0.000330
0.000331
0.000334
0.000333
0.000330
0.000323
0.000334
0.000330
0.000333
0.000330
0.000333
0.000331
0.000330
0.000330
0.000329
0.000331
0.000331
0.000332
0.000332
0.000331
0.000331
0.000331
0.000332
0.000330
0.000332
0.000331
0.000332
0.000329
0.000332
0.000329
0.000330
0.000333
0.000335
0.000331
0.000330
0.000334
0.000333
0.000331
0.000334
0.000329
0.000331
0.000329
0.000330
0.000331
0.000333
0.000329
0.000333
0.000329
0.000333
0.000332
0.000333
0.000332
0.000333
0.000331
0.000330
0.000332
0.000352
0.000330
