0.024208
0.018400
0.016757
0.016426
0.016359
0.016350
0.016369
0.016237
0.016283
0.016276
0.016387
0.016259
0.016200
0.016212
0.016211
0.016209
0.016320
0.016235
0.016162
0.016215
0.016224
0.016231
0.016324
0.016226
0.016238
0.016238
0.016203
0.016210
0.016289
0.016244
0.016196
0.016164
0.016251
0.016186
0.016248
0.016374
0.016255
0.016230
0.016235
0.016213
0.016220
0.016322
0.016217
0.016233
0.016206
0.016173
0.016204
0.016290
0.016217
0.016136
0.016200
0.016277
0.016170
0.016341
0.016258
0.016168
0.016210
0.016207
0.016213
0.016305
0.016235
0.036737
0.019613
0.016706
0.016253
0.016202
0.016172
0.016095
0.016116
0.016114
0.016197
0.016198
0.016071
0.015967
0.016086
0.016039
0.016123
0.016152
0.016155
0.016167
0.016158
0.016233
0.016239
0.016277
0.016287
0.016269
0.016253
0.016233
0.016196
0.016607
0.016555
0.016600
0.016567
0.016562
0.016539
0.016498
0.016529
0.016501
0.016501
0.016496
0.016538
0.016516
0.016576
0.016259
0.016333
0.016431
0.016518
0.016342
0.021251
0.018959
0.017523
0.017317
0.017035
0.018948
0.017065
0.016938
0.017374
0.017211
0.017021
0.016862
0.016851
0.017092
0.016847
0.016977
0.017000
0.016982
0.017041
0.017040
0.016827
0.016972
0.016902
0.016976
0.017031
0.016998
0.016849
0.016900
0.016969
0.016978
0.016955
0.016818
0.016938
0.016780
0.016946
0.016939
0.016976
0.016972
0.016763
0.016819
0.016831
0.016920
0.016800
0.016908
0.016877
0.016842
0.016639
0.016660
0.016652
0.016674
0.016692
0.016492
0.016606
0.016540
0.016484
0.016494
0.016506
0.016498
0.016521
0.016533
0.016538
0.016595
0.016516
0.016488
0.016412
0.016306
0.016376
0.016659
0.016601
0.016460
0.016338
0.016346
0.023304
0.017194
0.016624
0.016618
0.016618
0.016597
0.016661
0.016681
0.016694
0.016786
0.016678
0.016883
0.016820
0.016808
0.016739
0.016798
0.016818
0.016815
0.016769
0.016778
0.016793
0.016722
0.016713
0.016656
0.016830
0.016656
0.016775
0.016689
0.016748
0.016762
0.016806
0.016781
0.016730
0.016696
0.016675
0.016682
0.016641
0.016818
0.016861
0.016666
0.016639
0.016632
0.016652
0.016745
0.016772
0.016824
0.016761
0.016804
0.016800
0.016670
0.016719
0.016755
0.016818
0.016845
0.016805
0.016816
0.016929
0.016856
0.016904
0.016941
0.017122
0.017037
0.017082
0.017139
0.017058
0.017060
0.017040
0.016981
0.016996
0.017077
0.016988
0.017013
0.016984
0.016973
0.017032
0.016960
0.017096
0.017052
0.017024
0.017013
0.016902
0.016965
0.016944
0.016927
0.016928
0.016937
0.017016
0.016996
0.017007
0.017003
0.016982
0.016771
0.016876
0.016771
0.016886
0.016649
0.016697
0.016663
0.016802
0.016836
0.016887
0.016893
0.016771
0.016714
0.016857
0.016922
0.016831
0.016847
0.016836
0.016843
0.016783
0.016879
0.016870
0.016910
0.016880
0.016887
0.016860
0.016866
0.016790
0.016794
0.016897
0.016818
0.016871
0.016826
0.016809
0.016767
0.016781
0.016761
0.016823
0.016840
0.016830
0.016784
0.016748
0.016703
0.016696
0.016671
0.016690
0.016733
0.016808
0.016870
0.016866
0.016810
0.016842
0.016821
0.016836
0.016884
0.016862
0.016805
0.016905
0.016855
0.016929
0.016833
0.016886
0.016851
0.016859
0.016894
0.016798
0.016835
0.016822
0.016851
0.016774
0.016705
0.016759
0.016820
0.016855
0.016831
0.016777
0.016795
0.016808
0.016824
0.016794
0.016968
0.016863
0.016882
0.016848
0.016881
0.016907
0.016879
0.016805
0.016868
0.016897
0.016857
0.016849
0.016625
0.016814
0.016785
0.016820
0.016845
0.016849
0.016593
0.016770
0.016760
0.016863
0.016801
0.016796
0.016867
0.016857
0.016777
0.016824
0.016863
0.016734
0.016817
0.016825
0.016827
0.016784
0.016850
0.016791
0.016851
0.016804
0.016711
0.016702
0.016900
0.016917
0.016825
0.016908
0.016810
0.016838
0.016755
0.016808
0.016835
0.016923
0.016892
0.016841
0.016705
0.017373
0.020286
0.017684
0.018036
0.017400
0.017172
0.017189
0.017180
0.017464
0.017250
0.018267
0.017239
0.018027
0.025422
0.017720
0.017239
0.017256
0.017094
0.017261
0.016943
0.017154
0.017217
0.017022
0.017118
0.017177
0.017110
0.016942
0.017172
0.017101
0.017129
0.017140
0.017027
0.016935
0.017151
0.017145
0.017042
0.017141
0.017145
0.017364
0.017083
0.017055
0.017107
0.017134
0.017249
0.017231
0.017124
0.017024
0.016999
0.016977
0.017201
0.017157
0.016951
0.017161
0.016793
0.016870
0.016942
0.016880
0.017025
0.016984
0.016996
0.017064
0.017112
0.016942
0.016943
0.017148
0.017148
0.017016
0.017128
0.017089
0.016945
0.017062
0.017102
0.017045
0.017005
0.016954
0.017101
0.017152
0.017000
0.017165
0.017207
0.017020
0.017052
0.016898
0.017104
0.017028
0.017131
0.016870
0.017000
0.017031
0.017202
0.016857
0.017026
0.017000
0.016950
0.017044
0.017006
0.016803
0.016952
0.017058
0.016924
0.016965
0.017176
0.016951
0.016959
0.016998
0.017102
0.017087
0.016933
0.017002
0.016823
0.016913
0.016974
0.017187
0.016922
0.016854
0.016911
0.016849
0.016901
0.016884
0.017064
0.016735
0.017033
0.016809
0.016968
0.017014
0.016925
0.017026
0.016949
0.016860
0.016871
0.016855
0.017127
0.016941
0.016884
0.016957
0.017038
0.016893
0.016878
0.016960
0.016922
0.017096
0.016949
0.016905
0.016875
0.016932
0.016951
0.016905
0.016875
0.017001
0.016769
0.017058
0.017032
0.017455
0.016929
0.017039
0.016883
0.016889
0.017005
0.016949
0.016958
0.016984
0.016869
0.017000
0.017076
0.016939
0.016937
0.016975
0.016902
0.016948
0.017032
0.016963
0.017009
0.017013
0.016923
0.017061
0.017026
0.017085
0.017115
0.017109
0.017035
0.016972
0.017180
0.017038
0.017231
0.016946
0.017021
0.017015
0.017056
0.016967
0.017016
0.017100
0.017133
0.017173
0.017000
0.017011
0.017185
0.017026
0.017056
0.017071
0.017074
0.016945
0.017012
0.016930
0.016992
0.017087
0.017111
0.016942
0.017026
0.017019
0.016997
0.016989
0.017029
0.017035
0.016987
0.016937
0.017015
0.017010
0.017025
0.016934
0.017009
0.016983
0.017005
0.017109
0.016962
0.017073
0.017125
0.017002
0.017026
0.017132
0.016931
0.016953
0.016956
0.016979
0.016842
0.017051
0.016975
0.016805
0.017040
0.017027
0.016962
0.016755
0.016890
0.016985
0.016795
0.016858
0.016775
0.016800
0.016898
0.016884
0.016999
0.016962
0.016901
0.016863
0.016888
0.016885
0.016984
0.017045
0.016938
0.027715
0.019154
0.017862
0.017680
0.017792
0.017618
0.017475
0.017528
0.017572
0.017758
0.017963
0.017598
0.017615
0.017449
0.017469
0.017561
0.017477
0.017574
0.017705
0.017653
0.017825
0.017750
0.017703
0.017712
0.017670
0.017681
0.017773
0.017783
0.017855
0.017705
0.017648
0.017679
0.017621
0.019446
0.019515
0.018544
0.018348
0.018923
0.020409
0.018165
0.018065
0.018538
0.017960
0.018064
0.018020
0.017908
0.018032
0.017875
0.017967
0.017800
0.017867
0.017892
0.017863
0.017886
0.017801
0.017824
0.017866
0.017694
0.017690
0.017606
0.017579
0.017623
0.017688
0.017645
0.017658
0.017619
0.017640
0.017679
0.017712
0.017649
0.017653
0.017672
0.017628
0.017427
0.017552
0.017817
0.017786
0.017751
0.017768
0.017816
0.017790
0.017729
0.017762
0.017750
0.017773
0.017735
0.017647
0.024526
0.019173
0.018059
0.017995
0.017978
0.018091
0.018127
0.018181
0.018140
0.018234
0.018089
0.018141
0.018127
0.017966
0.018065
0.017963
0.018133
0.018153
0.018206
0.018091
0.018225
0.018355
0.018243
0.018250
0.018175
0.018234
0.018148
0.018199
0.018130
0.018131
0.018102
0.018006
0.018033
0.017990
0.017931
0.017991
0.018023
0.017972
0.017894
0.017973
0.017871
0.017915
0.017982
0.017961
0.017993
0.017718
0.017707
0.017808
0.017710
0.017709
0.017682
0.017698
0.017752
0.017654
0.017773
0.017733
0.017729
0.017780
0.017719
0.017744
0.017741
0.017718
0.017776
0.017733
0.017705
0.017793
0.018126
0.018117
0.018140
0.018124
0.018089
0.018102
0.018075
0.018015
0.018141
0.018090
0.018093
0.018143
0.018169
0.018125
0.018190
0.018196
0.018267
0.018175
0.018231
0.018215
0.018167
0.018280
0.018169
0.018202
0.018161
0.018260
0.018135
0.018249
0.018249
0.018275
0.018151
0.018166
0.018181
0.018159
0.017907
0.017965
0.018077
0.018060
0.018067
0.018034
0.018057
0.018072
0.018181
0.018075
0.018089
0.018113
0.018128
0.018072
0.018062
0.017996
0.017991
0.018023
0.017874
0.017924
0.018979
0.018764
0.018562
0.018390
0.018422
0.018301
0.018372
0.018261
0.018284
0.018158
0.018216
0.018241
0.018211
0.018229
0.018223
0.018205
0.018220
0.018151
0.018228
0.018243
0.018211
0.018205
0.018157
0.018161
0.018105
0.018112
0.018253
0.018173
0.018195
0.018081
0.018163
0.018153
0.018171
0.018210
0.018126
0.018104
0.017895
0.017938
0.017887
0.017911
0.017915
0.017913
0.017864
0.017909
0.017890
0.017902
0.017907
0.017927
0.017786
0.017819
0.017814
0.017863
0.017920
0.017913
0.017990
0.017832
0.017868
0.017953
0.017947
0.017888
0.018389
0.018245
0.018268
0.018246
0.018203
0.018293
0.018264
0.018313
0.018225
0.018292
0.018331
0.018284
0.018241
0.018268
0.018286
0.018251
0.018374
0.018278
0.018285
0.018306
0.018236
0.018301
0.018244
0.018326
0.018326
0.018345
0.018313
0.024315
0.018135
0.017006
0.017007
0.016951
0.017036
0.016937
0.017004
0.016967
0.016977
0.016923
0.016957
0.016933
0.016983
0.016959
0.016966
0.019996
0.018909
0.017902
0.017812
0.018089
0.017717
0.017654
0.017526
0.017581
0.019042
0.017907
0.017986
0.017534
0.017637
0.017464
0.017305
0.017286
0.017246
0.017269
0.017294
0.017147
0.017296
0.017048
0.017120
0.017229
0.017144
0.017168
0.017094
0.017135
0.017107
0.017168
0.017152
0.017094
0.017098
0.017163
0.017174
0.017121
0.017080
0.017072
0.017159
0.017077
0.017173
0.017076
0.017159
0.017112
0.016977
0.017062
0.017424
0.017369
0.017181
0.017387
0.017401
0.017510
0.017379
0.017407
0.017393
0.017430
0.017322
0.017395
0.017311
0.017359
0.017379
0.017418
0.017408
0.017409
0.017344
0.017353
0.017419
0.017390
0.017017
0.017040
0.017131
0.017065
0.017086
0.017161
0.017095
0.017057
0.017386
0.017482
0.017416
0.017191
0.017339
0.017286
0.017178
0.017278
0.017336
0.017230
0.017289
0.017446
0.016945
0.017126
0.017054
0.017450
0.017323
0.017154
0.017169
0.017096
0.017141
0.017235
0.017168
0.017220
0.017320
0.017113
0.017177
0.017140
0.017390
0.017306
0.017301
0.017134
0.017123
0.017285
0.017304
0.017002
0.017071
0.017237
0.017072
0.017352
0.017141
0.017105
0.017123
0.017003
0.017376
0.017208
0.016999
0.017442
0.017122
0.017137
0.017213
0.017162
0.017151
0.017183
0.017080
0.017227
0.017212
0.017051
0.017211
0.016931
0.017081
0.017072
0.016983
0.016931
0.016914
0.017276
0.017055
0.016983
0.017044
0.017194
0.016974
0.016996
0.017093
0.017124
0.017073
0.017202
0.017033
0.017251
0.017050
0.017089
0.017120
0.017244
0.017204
0.017092
0.017115
0.017055
0.017381
0.017299
0.016941
0.017285
0.017313
0.017287
0.017157
0.017246
0.017143
0.017141
0.017213
0.017039
0.017262
0.017024
0.017112
0.017202
0.016986
0.017181
0.017150
0.017021
0.017017
0.017076
0.017058
0.017032
0.017132
0.017236
0.017123
0.016983
0.017048
0.017064
0.017162
0.016968
0.017087
0.017146
0.017358
0.017328
0.017157
0.017215
0.017061
0.017017
0.017008
0.017043
0.017088
0.017391
0.017220
0.017213
0.017008
0.017001
0.017149
0.017004
0.017155
0.017084
0.017301
0.016944
0.017252
0.017347
0.017141
0.017071
0.017215
0.017170
0.017152
0.017081
0.017167
0.017140
0.017109
0.017255
0.017236
0.017141
0.017144
0.017350
0.016974
0.017213
0.017238
0.017232
0.016986
0.017015
0.017229
0.017355
0.017208
0.017126
0.017148
0.017220
0.017207
0.017168
0.017000
0.017033
0.017058
0.016906
0.017128
0.017184
0.017295
0.017215
0.017273
0.017160
0.017204
0.017056
0.017058
0.016947
0.017024
0.017087
0.017049
0.017073
0.017222
0.017119
0.017296
0.017135
0.017323
0.017210
0.017332
0.017142
0.017072
0.017053
0.017055
0.017213
0.017229
0.017210
0.017209
0.017264
0.017192
0.017056
0.017167
0.017222
0.017077
0.017102
0.017018
0.017096
0.017235
0.018371
0.020214
0.018265
0.017980
0.018517
0.019684
0.017588
0.017708
0.017952
0.017421
0.018421
0.017978
0.017480
0.017529
0.017419
0.017573
0.017182
0.017478
0.017305
0.017325
0.017233
0.017312
0.017236
0.017182
0.017195
0.017135
0.017204
0.017191
0.017175
0.017179
0.017171
0.017333
0.017335
0.017376
0.017459
0.017346
0.017394
0.017453
0.017427
0.017486
0.017348
0.017398
0.017355
0.017377
0.017318
0.017148
0.017140
0.017244
0.017137
0.017214
0.017118
0.017182
0.017141
0.017220
0.017186
0.017118
0.017160
0.017108
0.017082
0.017135
0.017145
0.017118
0.017136
0.017102
0.017067
0.017134
0.017222
0.017206
0.017127
0.016827
0.016923
0.016974
0.017014
0.016984
0.017023
0.016987
0.017032
0.017381
0.017282
0.017420
0.017075
0.017306
0.017215
0.017090
0.017267
0.017052
0.017147
0.017111
0.017199
0.017353
0.017260
0.017171
0.017264
0.016933
0.017294
0.017205
0.017025
0.017216
0.017096
0.017242
0.017338
0.017324
0.017242
0.017767
0.017331
0.017238
0.017281
0.017351
0.017448
0.017165
0.017161
0.017167
0.017173
0.017212
0.017116
0.017104
0.017182
0.017365
0.017145
0.017155
0.017328
0.017209
0.017243
0.017149
0.017120
0.017154
0.017162
0.017237
0.026673
0.019800
0.017904
0.017783
0.017764
0.017821
0.017664
0.017742
0.017703
0.017654
0.017630
0.017907
0.018056
0.018079
0.017938
0.017672
0.017910
0.017602
0.017963
0.017744
0.017838
0.017857
0.017915
0.017777
0.017849
0.017675
0.017830
0.017654
0.017580
0.017780
0.017488
0.017696
0.017787
0.018343
0.017689
0.017622
0.017821
0.018082
0.017861
0.017966
0.017895
0.017950
0.018018
0.017893
0.017850
0.017927
0.018026
0.017904
0.017778
0.017965
0.017891
0.017857
0.017969
0.017922
0.017989
0.017918
0.017928
0.017902
0.017995
0.018059
0.018022
0.018028
0.017955
0.018055
0.017965
0.018029
0.017986
0.017943
0.017991
0.017968
0.017986
0.018029
0.017978
0.018034
0.018047
0.018024
0.017995
0.018002
0.018029
0.018075
0.018094
0.018005
0.018041
0.018064
0.017966
0.017940
0.017994
0.017986
0.018064
0.018025
0.018112
0.018149
0.017960
0.017617
0.017716
0.017610
0.017710
0.017565
0.017647
0.017635
0.017672
0.017627
0.017595
0.017666
0.017762
0.017589
0.017742
0.017677
0.017706
0.017723
0.017647
0.017657
0.017705
0.017692
0.018043
0.017811
0.017798
0.017791
0.017806
0.017819
0.017822
0.017837
0.017773
0.017872
0.017878
0.017841
0.017924
0.017883
0.017835
0.017913
0.017928
0.017889
0.017945
0.017936
0.017916
0.017996
0.017973
0.018047
0.017953
0.017999
0.017933
0.017854
0.017925
0.017493
0.017538
0.017608
0.017574
0.017559
0.017588
0.017620
0.017644
0.017630
0.017544
0.017564
0.017518
0.018810
0.020546
0.018985
0.018683
0.018619
0.018676
0.018749
0.018591
0.018604
0.018509
0.018595
0.018607
0.018440
0.018371
0.018322
0.018337
0.018293
0.018267
0.018147
0.018132
0.018186
0.018237
0.018193
0.018185
0.018120
0.018097
0.018084
0.018082
0.018067
0.018078
0.017952
0.017934
0.017948
0.017809
0.017928
0.017818
0.017668
0.017846
0.017896
0.017747
0.017863
0.017816
0.017782
0.017551
0.017655
0.017623
0.017597
0.017577
0.017618
0.017692
0.017678
0.017623
0.017758
0.017643
0.017666
0.017680
0.017694
0.017586
0.017627
0.017522
0.017699
0.017691
0.017667
0.017599
0.017593
0.017598
0.017670
0.017515
0.017804
0.017987
0.017941
0.017743
0.017585
0.017569
0.017603
0.017677
0.017713
0.017569
0.017446
0.017509
0.017474
0.017590
0.017556
0.017574
0.017454
0.017547
0.017513
0.017496
0.017508
0.017592
0.017475
0.017502
0.017513
0.017553
0.017630
0.017578
0.017524
0.017673
0.017557
0.017534
0.017618
0.017680
0.017637
0.017640
0.017582
0.017652
0.017619
0.017648
0.017599
0.017680
0.017617
0.017611
0.017559
0.017530
0.017552
0.017608
0.017630
0.017678
0.017586
0.017551
0.017577
0.017534
0.017599
0.017632
0.017610
0.017665
0.017726
0.017557
0.017764
0.017534
0.017552
0.017321
0.017422
0.017401
0.017416
0.017481
0.017424
0.017418
0.017441
0.017446
0.017452
0.017509
0.017473
0.017529
0.017496
0.017573
0.017519
0.017533
0.017512
0.017522
0.017406
0.017600
0.017463
0.017518
0.017563
0.017536
0.017428
0.017420
0.017441
0.017575
0.017470
0.017550
0.017551
0.017532
0.017731
0.017510
0.017438
0.017456
0.017553
0.017436
0.017538
0.017545
0.017460
0.017530
0.017581
0.017513
0.017551
0.017386
0.017486
0.017608
0.017530
0.017607
0.017469
0.017437
0.017537
0.017476
0.017603
0.017307
0.017456
0.017624
0.017498
0.017568
0.017508
0.017598
0.017578
0.017723
0.017499
0.017662
0.017552
0.017499
0.017429
0.017639
0.017510
0.017573
0.017462
0.017480
0.017551
0.017601
0.017621
0.017486
0.017520
0.017532
0.017628
0.017718
0.018073
0.017976
0.018003
0.017958
0.017983
0.018031
0.018082
0.018090
0.018084
0.018083
0.018095
0.018074
0.018081
0.018121
0.018039
0.018156
0.018132
0.018035
0.018103
0.018107
0.018170
0.018090
0.018222
0.018171
0.018048
0.018188
0.018114
0.018104
0.018200
0.018013
0.018049
0.018073
0.017996
0.018077
0.018107
0.017880
0.017888
0.018023
0.018054
0.018060
0.018100
0.018013
0.017977
0.018045
0.017983
0.018024
0.017990
0.018075
0.018031
0.018020
0.018040
0.018026
0.017944
0.017963
0.018033
0.018049
0.018014
0.018035
0.018071
0.018071
0.018059
0.018075
0.018045
0.018013
0.017653
0.017651
0.017676
0.018364
0.020560
0.018905
0.018330
0.018685
0.018353
0.018365
0.018311
0.018469
0.018184
0.018903
0.018167
0.018071
0.018154
0.018183
0.018072
0.017895
0.018097
0.018108
0.018178
0.018085
0.018276
0.018276
0.018099
0.018102
0.018090
0.018165
0.018062
0.018075
0.018013
0.018022
0.018038
0.018071
0.018090
0.018030
0.018047
0.018015
0.018016
0.018051
0.017989
0.017962
0.018016
0.017976
0.017982
0.017883
0.017807
0.017796
0.017828
0.017806
0.017758
0.017826
0.017789
0.017587
0.017389
0.017593
0.017517
0.017570
0.017588
0.017513
0.017550
0.017595
0.017555
0.017553
0.017572
0.017532
0.017592
0.017438
0.017537
0.017605
0.017562
0.017579
0.017638
0.017502
0.017611
0.017585
0.017492
0.017494
0.017563
0.017507
0.017507
0.017511
0.017477
0.017540
0.017589
0.017448
0.017448
0.017355
0.017334
0.017412
0.017427
0.017500
0.017405
0.017500
0.017384
0.017543
0.017490
0.017533
0.017533
0.017554
0.017515
0.017462
0.017527
0.017636
0.017453
0.017462
0.017456
0.017582
0.017414
0.017395
0.017674
0.017522
0.017400
0.017475
0.017477
0.017494
0.017579
0.017540
0.017548
0.017530
0.017492
0.017568
0.017453
0.017540
0.017508
0.017450
0.017349
0.017491
0.017384
0.017489
0.017554
0.017550
0.017686
0.017637
0.017680
0.017491
0.017493
0.017467
0.017376
0.017398
0.017409
0.017431
0.017436
0.017471
0.017495
0.017585
0.017485
0.017528
0.017392
0.017378
0.017403
0.017509
0.017504
0.017583
0.017413
0.017515
0.017575
0.017533
0.017952
0.017931
0.017909
0.017948
0.017946
0.017926
0.017960
0.017968
0.017990
0.017978
0.017936
0.018087
0.017961
0.017999
0.018028
0.017923
0.018042
