0.002444
0.000805
0.000699
0.000702
0.000686
0.000685
0.000683
0.000676
0.000679
0.000664
0.000648
0.000648
0.000659
0.000642
0.000648
0.000636
0.000625
0.000624
0.000625
0.000634
0.000637
0.000642
0.000614
0.000627
0.000620
0.000619
0.000618
0.000619
0.000620
0.000618
0.000618
0.000616
0.000618
0.000620
0.000625
0.000615
0.000616
0.000616
0.000622
0.000620
0.000622
0.000617
0.000620
0.000617
0.000613
0.000624
0.000599
0.000648
0.000599
0.000626
0.000613
0.000616
0.000626
0.000615
0.000620
0.000613
0.000614
0.000618
0.000617
0.000618
0.000620
0.000623
0.000613
0.000614
0.000617
0.000622
0.000612
0.000627
0.000611
0.000613
0.000618
0.000612
0.000619
0.000618
0.000621
0.000607
0.000622
0.000611
0.000629
0.000623
0.000634
0.000621
0.000618
0.000625
0.000622
0.000628
0.000619
0.000619
0.000623
0.000624
0.000616
0.000624
0.000628
0.000626
0.000617
0.000628
0.000624
0.000624
0.000634
0.000621
0.000620
0.000620
0.000628
0.000620
0.000620
0.000630
0.000621
0.000617
0.000619
0.000628
0.000624
0.000630
0.000623
0.000621
0.000629
0.000619
0.000617
0.000623
0.000606
0.000623
0.000614
0.000616
0.000613
0.000619
0.000631
0.000609
0.000617
0.000610
0.000621
0.000615
0.000615
0.000624
0.000617
0.000611
0.000622
0.000611
0.000622
0.000620
0.000625
0.000611
0.000617
0.000618
0.000616
0.000617
0.000643
0.000619
0.000625
0.000629
0.000623
0.000620
0.000626
0.000626
0.000619
0.000622
0.000620
0.000625
0.000620
0.000620
0.000621
0.000619
0.000620
0.000619
0.000618
0.000629
0.000627
0.000620
0.000615
0.000617
0.000624
0.000622
0.000623
0.000621
0.000625
0.000624
0.000618
0.000630
0.000622
0.000621
0.000623
0.000621
0.000630
0.000618
0.000631
0.000620
0.000624
0.000626
0.000623
0.000617
0.000631
0.000623
0.000618
0.000627
0.000627
0.000619
0.000623
0.000627
0.000620
0.000621
0.000618
0.000628
0.000618
0.000631
0.000618
0.000622
0.000620
0.000623
0.000621
0.000616
0.000624
0.000622
0.000619
0.000625
0.000619
0.000625
0.000632
0.000620
0.000622
0.000620
0.000621
0.000618
0.000628
0.000620
0.000618
0.000625
0.000626
0.000621
0.000628
0.000622
0.000620
0.000617
0.000621
0.000622
0.000621
0.000624
0.000623
0.000617
0.000617
0.000625
0.000627
0.000627
0.000624
0.000616
0.000618
0.000624
0.000624
0.000621
0.000630
0.000618
0.000618
0.000621
0.000620
0.000624
0.000624
0.000620
0.000619
0.000619
0.000626
0.000628
0.000631
0.000631
0.000620
0.000622
0.000626
0.000631
0.000625
0.000628
0.000622
0.000621
0.000620
0.000625
0.000617
0.000619
0.000631
0.000623
0.000621
0.000621
0.000623
0.000617
0.000632
0.000622
0.000623
0.000624
0.000627
0.000620
0.000616
0.000631
0.000626
0.000617
0.000619
0.000621
0.000625
0.000633
0.000620
0.000615
0.000623
0.000625
0.000623
0.000622
0.000624
0.000625
0.000622
0.000624
0.000620
0.000624
0.000627
0.000622
0.000617
0.000618
0.000626
0.000622
0.000635
0.000622
0.000622
0.000623
0.000621
0.000623
0.000631
0.000627
0.000622
0.000620
0.000628
0.000618
0.000622
0.000629
0.000617
0.000621
0.000623
0.000618
0.000621
0.000621
0.000626
0.000621
0.000620
0.000625
0.000622
0.000618
0.000630
0.000624
0.000620
0.000623
0.000623
0.000616
0.000628
0.000617
0.000622
0.000618
0.000624
0.000617
0.000626
0.000622
0.000625
0.000620
0.000626
0.000621
0.000621
0.000621
0.000621
0.000619
0.000618
0.000622
0.000621
0.000625
0.000634
0.000621
0.000615
0.000618
0.000625
0.000621
0.000625
0.000624
0.000617
0.000621
0.000618
0.000621
0.000630
0.000627
0.000619
0.000624
0.000624
0.000623
0.000629
0.000633
0.000620
0.000621
0.000621
0.000626
0.000616
0.000631
0.000616
0.000621
0.000620
0.000621
0.000622
0.000618
0.000627
0.000622
0.000617
0.000619
0.000618
0.000620
0.000629
0.000620
0.000621
0.000623
0.000621
0.000622
0.000624
0.000623
0.000619
0.000623
0.000619
0.000625
0.000626
0.000625
0.000622
0.000623
0.000621
0.000628
0.000618
0.000622
0.000627
0.000620
0.000627
0.000624
0.000627
0.000622
0.000627
0.000622
0.000619
0.000620
0.000624
0.000617
0.000627
0.000622
0.000621
0.000640
0.000625
0.000622
0.000626
0.000622
0.000607
0.000621
0.000615
0.000621
0.000614
0.000654
0.000618
0.000623
0.000621
0.000618
0.000623
0.000627
0.000627
0.000622
0.000629
0.000628
0.000621
0.000622
0.000625
0.000598
0.000627
0.000610
0.000628
0.000605
0.000624
0.000632
0.000618
0.000620
0.000621
0.000626
0.000625
0.000624
0.000623
0.000620
0.000619
0.000622
0.000625
0.000634
0.000623
0.000622
0.000619
0.000619
0.000626
0.000622
0.000625
0.000621
0.000621
0.000617
0.000622
0.000627
0.000624
0.000622
0.000619
0.000625
0.000624
0.000615
0.000625
0.000625
0.000618
0.000626
0.000624
0.000622
0.000617
0.000630
0.000627
0.000620
0.000621
0.000616
0.000625
0.000621
0.000620
0.000618
0.000618
0.000619
0.000625
0.000634
0.000629
0.000619
0.000619
0.000619
0.000624
0.000623
0.000621
0.000621
0.000618
0.000617
0.000626
0.000613
0.000623
0.000628
0.000618
0.000625
0.000624
0.000617
0.000627
0.000620
0.000618
0.000618
0.000621
0.000625
0.000630
0.000622
0.000621
0.000618
0.000615
0.000615
0.000616
0.000617
0.000625
0.000618
0.000618
0.000621
0.000620
0.000623
0.000631
0.000620
0.000622
0.000617
0.000613
0.000624
0.000625
0.000625
0.000621
0.000618
0.000622
0.000618
0.000618
0.000626
0.000621
0.000622
0.000625
0.000617
0.000620
0.000632
0.000625
0.000618
0.000621
0.000628
0.000619
0.000621
0.000631
0.000621
0.000619
0.000617
0.000622
0.000615
0.000625
0.000624
0.000621
0.000621
0.000622
0.000616
0.000629
0.000622
0.000617
0.000621
0.000619
0.000613
0.000624
0.000622
0.000621
0.000620
0.000617
0.000623
0.000622
0.000619
0.000629
0.000624
0.000621
0.000618
0.000624
0.000617
0.000625
0.000620
0.000620
0.000627
0.000614
0.000630
0.000629
0.000616
0.000615
0.000627
0.000618
0.000622
0.000623
0.000620
0.000627
0.000619
0.000621
0.000619
0.000617
0.000629
0.000622
0.000620
0.000619
0.000620
0.000622
0.000622
0.000631
0.000624
0.000621
0.000622
0.000619
0.000628
0.000626
0.000620
0.000620
0.000617
0.000619
0.000623
0.000632
0.000626
0.000621
0.000622
0.000622
0.000626
0.000628
0.000644
0.000619
0.000623
0.000620
0.000627
0.000626
0.000624
0.000628
0.000618
0.000624
0.000621
0.000618
0.000623
0.000633
0.000620
0.000623
0.000619
0.000622
0.000622
0.000627
0.000624
0.000622
0.000619
0.000624
0.000626
0.000629
0.000621
0.000625
0.000621
0.000621
0.000624
0.000624
0.000627
0.000622
0.000617
0.000619
0.000619
0.000627
0.000625
0.000622
0.000619
0.000627
0.000629
0.000617
0.000620
0.000631
0.000619
0.000620
0.000624
0.000618
0.000628
0.000634
0.000623
0.000621
0.000621
0.000616
0.000622
0.000621
0.000628
0.000624
0.000621
0.000621
0.000628
0.000625
0.000636
0.000619
0.000624
0.000617
0.000622
0.000625
0.000628
0.000626
0.000621
0.000627
0.000621
0.000615
0.000626
0.000633
0.000620
0.000624
0.000624
0.000628
0.000622
0.000624
0.000625
0.000619
0.000617
0.000626
0.000621
0.000622
0.000626
0.000619
0.000615
0.000619
0.000622
0.000617
0.000665
0.000623
0.000621
0.000626
0.000619
0.000630
0.000629
0.000625
0.000621
0.000624
0.000626
0.000624
0.000619
0.000629
0.000605
0.000624
0.000610
0.000624
0.000607
0.000630
0.000614
0.000619
0.000611
0.000625
0.000611
0.000621
0.000638
0.000620
0.000625
0.000622
0.000626
0.000627
0.000628
0.000621
0.000625
0.000626
0.000621
0.000618
0.000621
0.000629
0.000621
0.000626
0.000623
0.000627
0.000628
0.000623
0.000620
0.000619
0.000625
0.000620
0.000626
0.000627
0.000624
0.000622
0.000623
0.000620
0.000627
0.000627
0.000622
0.000619
0.000620
0.000622
0.000623
0.000618
0.000637
0.000622
0.000622
0.000617
0.000623
0.000624
0.000626
0.000625
0.000619
0.000625
0.000620
0.000624
0.000630
0.000628
0.000620
0.000622
0.000620
0.000623
0.000624
0.000629
0.000622
0.000620
0.000622
0.000620
0.000624
0.000631
0.000628
0.000622
0.000623
0.000618
0.000629
0.000627
0.000657
0.000623
0.000626
0.000621
0.000622
0.000625
0.000626
0.000625
0.000622
0.000618
0.000618
0.000624
0.000623
0.000634
0.000625
0.000623
0.000627
0.000624
0.000620
0.000633
0.000602
0.000627
0.000615
0.000617
0.000618
0.000619
0.000638
0.000619
0.000621
0.000615
0.000621
0.000624
0.000623
0.000627
0.000620
0.000623
0.000621
0.000628
0.000622
0.000622
0.000622
0.000617
0.000631
0.000619
0.000627
0.000626
0.000622
0.000618
0.000632
0.000618
0.000625
0.000621
0.000625
0.000620
0.000623
0.000618
0.000626
0.000624
0.000628
0.000624
0.000623
0.000627
0.000629
0.000627
0.000631
0.000621
0.000619
0.000624
0.000631
0.000623
0.000620
0.000629
0.000617
0.000623
0.000624
0.000617
0.000621
0.000626
0.000624
0.000622
0.000622
0.000622
0.000621
0.000627
0.000628
0.000626
0.000621
0.000627
0.000627
0.000624
0.000632
0.000623
0.000619
0.000624
0.000627
0.000620
0.000625
0.000622
0.000623
0.003204
0.006882
0.002041
0.001041
0.001230
0.003871
0.002637
0.000625
0.000630
0.000830
0.000623
0.000624
0.000621
0.000644
0.000621
0.000819
0.001078
0.000633
0.000605
0.000623
0.000640
0.001489
0.000653
0.000626
0.000621
0.000621
0.001258
0.000612
0.000609
0.000631
0.000619
0.000627
0.000601
0.000625
0.000612
0.000620
0.000615
0.000631
0.000611
0.000625
0.000610
0.000618
0.000615
0.000617
0.000641
0.000630
0.000618
0.000653
0.000619
0.000622
0.000622
0.000930
0.007947
0.008416
0.003504
0.000612
0.000628
0.000617
0.000620
0.000618
0.000630
0.000623
0.000629
0.000629
0.000620
0.002420
0.000625
0.000622
0.000620
0.000685
0.000626
0.000627
0.000621
0.000621
0.000620
0.000618
0.000628
0.000620
0.000621
0.000621
0.000622
0.000625
0.000628
0.000627
0.000621
0.000618
0.000623
0.000596
0.000621
0.000627
0.000618
0.000612
0.000627
0.000624
0.000613
0.000629
0.000633
0.000621
0.000619
0.000625
0.000628
0.000650
0.000627
0.000619
0.000620
0.000623
0.000620
0.000622
0.000630
0.000704
0.000619
0.000617
0.000623
0.000624
0.000633
0.000623
0.000621
0.000622
0.000619
0.000622
0.000628
0.000623
0.000622
0.000622
0.000618
0.000625
0.000619
0.000627
0.000621
0.000616
0.000621
0.000619
0.000619
0.000623
0.000637
0.000624
0.000618
0.000621
0.000621
0.000625
0.001398
0.000618
0.000626
0.000616
0.000631
0.000631
0.000625
0.000619
0.000619
0.000617
0.000618
0.000635
0.000623
0.000621
0.000620
0.000623
0.000620
0.000620
0.000629
0.000627
0.000620
0.000619
0.000616
0.000622
0.000622
0.000621
0.000622
0.000620
0.000619
0.000623
0.000621
0.000612
0.000637
0.000608
0.000622
0.000622
0.000626
0.000624
0.000627
0.000618
0.001345
0.000619
0.000628
0.000622
0.000618
0.000616
0.000621
0.000616
0.000613
0.000632
0.000622
0.000618
0.000619
0.000616
0.000621
0.000625
0.000625
0.000617
0.000620
0.000616
0.000624
0.000621
0.000627
0.000620
0.000619
0.000619
0.000622
0.000620
0.000619
0.000626
0.000614
0.000629
0.000616
0.000620
0.000629
0.000624
0.000621
0.000617
0.000625
0.000605
0.005105
0.000623
0.000625
0.000618
0.000619
0.000628
0.000617
0.000647
0.000619
0.000788
0.000651
0.000624
0.000623
0.000627
0.000622
0.000619
0.000620
0.000624
0.000621
0.000631
0.000621
0.000621
0.000621
0.000622
0.000628
0.000624
0.000626
0.000620
0.000618
0.000624
0.000619
0.000622
0.000632
0.000621
0.000619
0.000627
0.000876
0.000623
0.000630
0.000628
0.000623
0.000651
0.000623
0.000619
0.000629
0.000628
0.000620
0.000618
0.000625
0.000625
0.000623
0.000624
0.000618
0.000622
0.000619
0.000615
0.000618
0.000626
0.000607
0.000628
0.000636
0.000623
0.000623
0.000623
0.000629
0.000629
0.000616
0.000619
0.000625
0.000624
0.000632
0.000619
0.000624
0.000607
0.000631
0.000617
0.000626
0.000621
0.000624
0.000619
0.000628
0.000622
0.000626
0.000626
0.000618
0.000625
0.000618
0.000621
0.000619
0.000626
0.000625
0.000619
0.000622
0.000620
0.000620
0.000617
0.000631
0.000620
0.000623
0.000618
0.000623
0.000619
0.000628
0.000621
0.000620
0.000620
0.000619
0.000619
0.000619
0.000619
0.000619
0.000622
0.000631
0.000624
0.000615
0.000625
0.000623
0.000618
0.000621
0.000619
0.000624
0.000625
0.000625
0.000615
0.000625
0.000623
0.000621
0.000620
0.000628
0.000617
0.000621
0.000624
0.000622
0.000621
0.000627
0.000622
0.000622
0.000622
0.000621
0.000620
0.000625
0.000622
0.000622
0.000620
0.000619
0.000621
0.000623
0.000625
0.000624
0.000619
0.000620
0.000620
0.000627
0.000632
0.000601
0.000629
0.000624
0.000614
0.000623
0.000619
0.000632
0.000622
0.000619
0.000623
0.000619
0.000627
0.000623
0.000634
0.000614
0.000619
0.000626
0.000616
0.000625
0.000629
0.000623
0.000619
0.000613
0.000620
0.000615
0.000629
0.000625
0.000619
0.000625
0.000641
0.000627
0.000624
0.000623
0.000621
0.000622
0.000620
0.000619
0.000621
0.000631
0.000619
0.000623
0.000621
0.000623
0.000627
0.000625
0.000632
0.000624
0.000624
0.000622
0.000622
0.000646
0.000632
0.000626
0.000620
0.000619
0.000623
0.000616
0.000628
0.000626
0.000620
0.000615
0.000625
0.000623
0.000642
0.000625
0.000619
0.000626
0.000620
0.000623
0.000619
0.000629
0.000621
0.000623
0.000622
0.000619
0.000623
0.000627
0.000627
0.000618
0.000618
0.000624
0.000619
0.000624
0.000635
0.000620
0.000620
0.000620
0.000622
0.000617
0.000628
0.000623
0.000620
0.000621
0.000619
0.000624
0.000627
0.000630
0.000618
0.000622
0.000623
0.000624
0.000620
0.000631
0.000625
0.000622
0.000619
0.000625
0.000615
0.000622
0.000626
0.000621
0.000619
0.000619
0.000618
0.000619
0.000633
0.000620
0.000622
0.000622
0.000619
0.000618
0.000625
0.000623
0.000621
0.000625
0.000622
0.000616
0.000620
0.000639
0.000625
0.000623
0.000619
0.000622
0.000620
0.000628
0.000627
0.000618
0.000619
0.000631
0.000622
0.000626
0.000623
0.000615
0.000622
0.000624
0.000619
0.000619
0.000628
0.000617
0.000619
0.000622
0.000620
0.000625
0.000629
0.000626
0.000620
0.000624
0.000625
0.000619
0.000716
0.000628
0.000623
0.000624
0.000626
0.000618
0.000624
0.000633
0.000623
0.000621
0.000622
0.000622
0.000618
0.000628
0.000627
0.000620
0.000623
0.000621
0.000616
0.000618
0.000632
0.000616
0.000621
0.000620
0.000621
0.000619
0.000624
0.000626
0.000625
0.000625
0.000618
0.000624
0.000622
0.000633
0.000625
0.000618
0.000620
0.000620
0.000618
0.000622
0.000624
0.000617
0.000617
0.000618
0.000617
0.000624
0.000624
0.000616
0.000617
0.000629
0.000628
0.000617
0.000627
0.000623
0.000618
0.000618
0.000621
0.000624
0.000627
0.000620
0.000620
0.000639
0.000618
0.000621
0.000623
0.000752
0.000700
0.000625
0.000622
0.000618
0.000626
0.001198
0.000628
0.000619
0.000625
0.000620
0.000634
0.000614
0.000629
0.000617
0.000623
0.000619
0.000624
0.000643
0.000619
0.000622
0.000618
0.000625
0.000621
0.000625
0.000623
0.000626
0.000621
0.000619
0.000625
0.000624
0.000631
0.000623
0.000620
0.000625
0.000625
0.000624
0.000630
0.000625
0.000620
0.000622
0.000625
0.000621
0.000633
0.000625
0.000620
0.000627
0.000623
0.000619
0.000619
0.000627
0.000621
0.000631
0.000619
0.000622
0.000622
0.000628
0.000620
0.000620
0.000616
0.000627
0.000618
0.000623
0.000625
0.000614
0.000618
0.000620
0.000624
0.000621
0.000629
0.000618
0.000619
0.000627
0.000618
0.000625
0.000623
0.000620
0.000620
0.000619
0.000623
0.000627
0.000626
0.000631
0.000619
0.000622
0.000620
0.000622
0.000620
0.000628
0.000618
0.000622
0.000620
0.000623
0.000619
0.000620
0.000591
0.000638
0.000606
0.000629
0.000619
0.000619
0.000630
0.000622
0.000620
0.000618
0.000626
0.000618
0.000623
0.000635
0.000618
0.000622
0.000616
0.000630
0.000608
0.000634
0.000621
0.000617
0.000620
0.000623
0.000617
0.000640
0.000625
0.000618
0.000617
0.000620
0.000618
0.000624
0.000629
0.000615
0.000621
0.000624
0.000623
0.000620
0.000614
0.000630
0.000612
0.000624
0.000615
0.000622
0.000618
0.000626
0.000621
0.000617
0.000621
0.000622
0.000619
0.000616
0.000636
0.000609
0.000621
0.000619
0.000624
0.000628
0.000618
0.000629
0.000620
0.000621
0.000620
0.000620
0.000630
0.000622
0.000624
0.000622
0.000613
0.000624
0.000625
0.000624
0.000617
0.000621
0.000623
0.000618
0.000621
0.000627
0.000622
0.000617
0.000620
0.000620
0.000618
0.000631
0.000616
0.000625
0.000639
0.000620
0.000617
0.000622
0.000627
0.000624
0.000619
0.000620
0.000625
0.000626
0.000624
0.000624
0.000622
0.000617
0.000623
0.000621
0.000626
0.000627
0.000624
0.000624
0.000624
0.000623
0.000625
0.000626
0.000625
0.000623
0.000622
0.000617
0.000622
0.000623
0.000625
0.000619
0.000622
0.000620
0.000624
0.000619
0.000626
0.000622
0.000619
0.000624
0.000622
0.000635
0.000628
0.000620
0.000621
0.000634
0.000618
0.000625
0.000623
0.000629
0.000615
0.000621
0.000615
0.000623
0.000625
0.000630
0.000617
0.000624
0.000618
0.000633
0.000618
0.000625
0.000622
0.000617
0.000622
0.000622
0.000622
0.000619
0.000626
0.000623
0.000621
0.000627
0.000622
0.000616
0.000632
0.000604
0.000629
0.000615
0.000626
0.000619
0.000628
0.000627
0.000623
0.000621
0.000624
0.000618
0.000623
0.000620
0.000630
0.000615
0.000621
0.000611
0.000626
0.000624
0.000624
0.000620
0.000624
0.000618
0.000627
0.000612
0.000636
0.000618
0.000624
0.000618
0.000622
0.000621
0.000631
0.000619
0.000625
0.000617
0.000625
0.000627
0.000624
0.000623
0.000625
0.000616
0.000618
0.000626
0.000623
0.000633
0.000625
0.000620
0.000625
0.000621
0.000628
0.000623
0.000629
0.000618
0.000620
0.000619
0.000623
0.000622
0.000627
0.000621
0.000622
0.000628
0.000619
0.000624
0.000625
0.000626
0.000619
0.000622
0.000613
0.000623
0.000613
0.000628
0.000621
0.000620
0.000624
0.000616
0.000624
0.000632
0.000612
0.000626
0.000617
0.000626
0.000631
0.000615
0.000628
0.000619
0.000622
0.000619
0.000625
0.000626
0.000635
0.000622
0.000623
0.000619
0.000620
0.000621
0.000630
0.000620
0.000619
0.000620
0.000619
0.000624
0.000621
0.000630
0.000618
0.000615
0.000621
0.000620
0.000620
0.000624
0.000620
0.000618
0.000645
0.000625
0.000624
0.000618
0.000630
0.000617
0.000620
0.000613
0.000622
0.000619
0.000627
0.000620
0.000620
0.000618
0.000624
0.000615
0.000629
0.000622
0.000625
0.000619
0.000626
0.000623
0.000627
0.000626
0.000622
0.000617
0.000626
0.000618
0.000621
0.000628
0.000626
0.000619
0.000623
0.000617
0.000624
0.000621
0.000628
0.000617
0.000624
0.000614
0.000622
0.000620
0.000624
0.000621
0.000618
0.000617
0.000617
0.000615
0.000625
0.000636
0.000620
0.000616
0.000619
0.000620
0.000621
0.000626
0.000627
0.000618
0.000649
0.000622
0.000617
0.000626
0.000620
0.000622
0.000621
0.000624
0.000620
0.000618
0.000625
0.000623
0.000614
0.000623
0.000619
0.000619
0.000623
0.000624
0.000622
0.000622
0.000621
0.000622
0.000623
0.000625
0.000621
0.000619
0.000618
0.000618
0.000613
