0.001683
0.001641
0.001610
0.001618
0.001580
0.001579
0.001572
0.001550
0.001555
0.001537
0.001525
0.001531
0.001506
0.001512
0.001512
0.001488
0.001513
0.001505
0.001467
0.001510
0.001479
0.001470
0.001533
0.001449
0.001479
0.001480
0.001450
0.001488
0.001531
0.001484
0.001509
0.001450
0.001452
0.001450
0.001449
0.001486
0.001482
0.001450
0.001453
0.001449
0.001450
0.001452
0.001487
0.001485
0.001449
0.001451
0.001453
0.001451
0.001451
0.001538
0.001463
0.001452
0.001450
0.001450
0.001452
0.001469
0.001494
0.001454
0.001451
0.001449
0.001453
0.001449
0.001475
0.001495
0.001450
0.001452
0.001450
0.001451
0.001453
0.001474
0.001497
0.001452
0.001450
0.001454
0.001450
0.001450
0.001487
0.001475
0.001450
0.001452
0.001450
0.001450
0.001487
0.001492
0.001474
0.001451
0.001449
0.001452
0.001450
0.001450
0.001499
0.001472
0.001452
0.001451
0.001450
0.001454
0.001449
0.001524
0.001477
0.001450
0.001451
0.001452
0.001449
0.001475
0.001483
0.001451
0.001452
0.001449
0.001450
0.001454
0.001479
0.001484
0.001453
0.001451
0.001452
0.001450
0.001450
0.001483
0.001486
0.001451
0.001493
0.001469
0.001451
0.001454
0.001487
0.001512
0.001480
0.001450
0.001451
0.001450
0.001450
0.001506
0.001451
0.001454
0.001450
0.001450
0.001453
0.001489
0.001531
0.001492
0.001468
0.001482
0.001495
0.001451
0.001516
0.001510
0.001454
0.001488
0.001472
0.001450
0.001479
0.001504
0.001534
0.001496
0.001450
0.001488
0.001450
0.001474
0.001525
0.001461
0.001472
0.001469
0.001450
0.001500
0.001499
0.001492
0.001487
0.001450
0.001450
0.001452
0.001450
0.001486
0.001488
0.001449
0.001453
0.001449
0.001450
0.001451
0.001477
0.001492
0.001451
0.001449
0.001452
0.001450
0.001449
0.001514
0.001490
0.001450
0.001453
0.001450
0.001454
0.001449
0.001495
0.001470
0.001451
0.001450
0.001453
0.001449
0.001451
0.001500
0.001468
0.001453
0.001449
0.001450
0.001453
0.001450
0.001503
0.001472
0.001448
0.001449
0.001453
0.001450
0.001482
0.001484
0.001450
0.001452
0.001450
0.001450
0.001452
0.001481
0.001481
0.001453
0.001450
0.001509
0.001449
0.001451
0.001486
0.001479
0.001449
0.001452
0.001450
0.001454
0.001450
0.001488
0.001484
0.001450
0.001450
0.001452
0.001450
0.001450
0.001507
0.001451
0.001453
0.001449
0.001450
0.001452
0.001469
0.001493
0.001453
0.001450
0.001451
0.001452
0.001451
0.001476
0.001494
0.001449
0.001452
0.001450
0.001449
0.001452
0.001474
0.001503
0.001451
0.001449
0.001452
0.001449
0.001449
0.001489
0.001470
0.001450
0.001452
0.001449
0.001450
0.001489
0.001492
0.001473
0.001449
0.001450
0.001454
0.001449
0.001450
0.001497
0.001470
0.001453
0.001449
0.001450
0.001452
0.001450
0.001498
0.001474
0.001450
0.001451
0.001453
0.001450
0.001475
0.001483
0.001450
0.001453
0.001449
0.001451
0.001453
0.001477
0.001484
0.001452
0.001450
0.001452
0.001448
0.001449
0.001484
0.001484
0.001450
0.001452
0.001450
0.001450
0.001453
0.001483
0.001489
0.001450
0.001450
0.001452
0.001450
0.001451
0.001507
0.001449
0.001449
0.001452
0.001449
0.001452
0.001485
0.001512
0.001452
0.001450
0.001451
0.001453
0.001450
0.001470
0.001497
0.001451
0.001452
0.001449
0.001450
0.001452
0.001470
0.001487
0.001535
0.001488
0.001474
0.001449
0.001449
0.001489
0.001476
0.001451
0.001490
0.001450
0.001450
0.001453
0.001493
0.001474
0.001449
0.001449
0.001452
0.001451
0.001451
0.001496
0.001473
0.001452
0.001450
0.001450
0.001452
0.001450
0.001495
0.001475
0.001450
0.001449
0.001453
0.001449
0.001475
0.001485
0.001450
0.001452
0.001450
0.001450
0.001452
0.001478
0.001486
0.001451
0.001450
0.001451
0.001449
0.001450
0.001483
0.001486
0.001450
0.001452
0.001451
0.001450
0.001452
0.001484
0.001490
0.001450
0.001450
0.001451
0.001449
0.001450
0.001496
0.001463
0.001451
0.001453
0.001450
0.001452
0.001450
0.001502
0.001467
0.001449
0.001449
0.001453
0.001450
0.001468
0.001489
0.001464
0.001453
0.001450
0.001450
0.001452
0.001470
0.001488
0.001467
0.001449
0.001452
0.001451
0.001449
0.001483
0.001477
0.001450
0.001452
0.001451
0.001450
0.001453
0.001487
0.001478
0.001504
0.001451
0.001453
0.001450
0.001450
0.001493
0.001476
0.001451
0.001451
0.001450
0.001453
0.001451
0.001491
0.001479
0.001450
0.001451
0.001450
0.001450
0.001469
0.001491
0.001450
0.001451
0.001449
0.001449
0.001452
0.001475
0.001490
0.001452
0.001449
0.001450
0.001452
0.001450
0.001480
0.001490
0.001450
0.001452
0.001450
0.001450
0.001452
0.001480
0.001495
0.001449
0.001449
0.001453
0.001449
0.001449
0.001491
0.001470
0.001451
0.001453
0.001450
0.001452
0.001482
0.001498
0.001469
0.001449
0.001450
0.001452
0.001449
0.001450
0.001503
0.001468
0.001452
0.001450
0.001450
0.001451
0.001468
0.001488
0.001471
0.001450
0.001450
0.001452
0.001451
0.001497
0.001508
0.001452
0.001453
0.001450
0.001451
0.001453
0.001486
0.001484
0.001449
0.001449
0.001452
0.001450
0.001450
0.001490
0.001481
0.001449
0.001452
0.001450
0.001452
0.001449
0.001489
0.001530
0.001504
0.001450
0.001502
0.001469
0.001451
0.001546
0.001450
0.001452
0.001449
0.001450
0.001453
0.001476
0.001491
0.001452
0.001450
0.001453
0.001449
0.001449
0.001482
0.001492
0.001450
0.001453
0.001450
0.001450
0.001454
0.001484
0.001496
0.001450
0.001452
0.001452
0.001451
0.001450
0.001489
0.001488
0.001490
0.001453
0.001450
0.001452
0.001449
0.001502
0.001471
0.001450
0.001449
0.001451
0.001449
0.001468
0.001489
0.001470
0.001453
0.001450
0.001450
0.001452
0.001476
0.001480
0.001452
0.001449
0.001453
0.001449
0.001451
0.001485
0.001481
0.001450
0.001452
0.001449
0.001450
0.001452
0.001484
0.001486
0.001450
0.001449
0.001453
0.001450
0.001450
0.001488
0.001483
0.001449
0.001452
0.001450
0.001452
0.001449
0.001508
0.001452
0.001450
0.001450
0.001453
0.001450
0.001469
0.001533
0.001450
0.001477
0.001484
0.001450
0.001485
0.001497
0.001493
0.001506
0.001450
0.001473
0.001488
0.001450
0.001481
0.001491
0.001450
0.001451
0.001450
0.001449
0.001453
0.001491
0.001469
0.001449
0.001449
0.001453
0.001449
0.001449
0.001499
0.001467
0.001451
0.001451
0.001450
0.001452
0.001449
0.001499
0.001469
0.001449
0.001450
0.001452
0.001450
0.001467
0.001486
0.001470
0.001452
0.001450
0.001451
0.001451
0.001475
0.001481
0.001452
0.001449
0.001451
0.001449
0.001450
0.001485
0.001482
0.001450
0.001452
0.001451
0.001450
0.001453
0.001485
0.001485
0.001450
0.001450
0.001482
0.001477
0.001450
0.001492
0.001482
0.001451
0.001453
0.001450
0.001453
0.001466
0.001523
0.001485
0.001515
0.001527
0.001523
0.001548
0.001741
0.001612
0.001542
0.001590
0.001616
0.001531
0.001554
0.001526
0.001532
0.001517
0.001532
0.001708
0.001617
0.001620
0.001551
0.001511
0.001540
0.001489
0.001527
0.001552
0.001515
0.001558
0.001507
0.001532
0.001526
0.001505
0.001540
0.001547
0.001535
0.001536
0.001520
0.001543
0.001564
0.001544
0.001520
0.001488
0.001513
0.001537
0.001533
0.001543
0.001546
0.001555
0.001536
0.001503
0.001540
0.001532
0.001508
0.001560
0.001522
0.001549
0.001537
0.001521
0.001539
0.001577
0.001507
0.001550
0.001502
0.001514
0.001507
0.001530
0.001518
0.001501
0.001508
0.001511
0.001488
0.001526
0.001511
0.001517
0.001535
0.001506
0.001509
0.001506
0.001513
0.001532
0.001513
0.001488
0.001530
0.001493
0.001514
0.001537
0.001489
0.001492
0.001491
0.001487
0.001493
0.001517
0.001503
0.001488
0.001490
0.001549
0.001531
0.001492
0.001533
0.001486
0.001490
0.001490
0.001488
0.001492
0.001538
0.001511
0.001505
0.001487
0.001510
0.001489
0.001490
0.001533
0.001529
0.001539
0.001525
0.001489
0.001479
0.001524
0.001515
0.001511
0.001530
0.001520
0.001511
0.001517
0.001511
0.001513
0.001452
0.001507
0.001523
0.001520
0.001507
0.001510
0.001515
0.001492
0.001450
0.001507
0.001498
0.001503
0.001510
0.001468
0.001483
0.001476
0.001477
0.001491
0.001514
0.001508
0.001531
0.001450
0.001481
0.001495
0.001526
0.001526
0.001492
0.001473
0.001487
0.001449
0.001483
0.001523
0.001535
0.001522
0.001486
0.001471
0.001488
0.001450
0.001529
0.001515
0.001468
0.001525
0.001507
0.001554
0.001525
0.001559
0.001490
0.001475
0.001450
0.001496
0.001465
0.001521
0.001518
0.001490
0.001523
0.001501
0.001451
0.001495
0.001540
0.001551
0.001511
0.001486
0.001513
0.001528
0.001479
0.001531
0.001495
0.001474
0.001486
0.001450
0.001484
0.001518
0.001519
0.001502
0.001464
0.001531
0.001498
0.001457
0.001506
0.001556
0.001496
0.001495
0.001464
0.001472
0.001485
0.001496
0.001496
0.001486
0.001449
0.001492
0.001466
0.001491
0.001573
0.001475
0.001491
0.001477
0.001450
0.001518
0.001535
0.001494
0.001504
0.001487
0.001492
0.001480
0.001451
0.001528
0.001479
0.001450
0.001511
0.001450
0.001476
0.001491
0.001498
0.001485
0.001492
0.001487
0.001521
0.001451
0.001498
0.001492
0.001452
0.001452
0.001497
0.001476
0.001454
0.001496
0.001531
0.001487
0.001453
0.001512
0.001504
0.001450
0.001527
0.001480
0.001450
0.001532
0.001478
0.001511
0.001535
0.001491
0.001519
0.001485
0.001451
0.001453
0.001494
0.001494
0.001489
0.001450
0.001454
0.001449
0.001448
0.001484
0.001489
0.001494
0.001449
0.001451
0.001453
0.001450
0.001481
0.001521
0.001467
0.001452
0.001454
0.001449
0.001453
0.001483
0.001526
0.001468
0.001450
0.001450
0.001452
0.001449
0.001488
0.001513
0.001490
0.001453
0.001450
0.001450
0.001454
0.001486
0.001510
0.001505
0.001450
0.001452
0.001449
0.001473
0.001493
0.001500
0.001488
0.001469
0.001449
0.001468
0.001488
0.001490
0.001505
0.001488
0.001477
0.001492
0.001467
0.001478
0.001494
0.001468
0.001490
0.001489
0.001449
0.001487
0.001508
0.001486
0.001522
0.001476
0.001491
0.001483
0.001475
0.001491
0.001474
0.001450
0.001494
0.001487
0.001473
0.001486
0.001491
0.001505
0.001474
0.001477
0.001489
0.001466
0.001485
0.001580
0.001466
0.001482
0.001502
0.001488
0.001509
0.001505
0.001474
0.001450
0.001450
0.001452
0.001504
0.001478
0.001492
0.001471
0.001449
0.001452
0.001450
0.001505
0.001498
0.001490
0.001473
0.001450
0.001450
0.001453
0.001490
0.001513
0.001486
0.001469
0.001453
0.001450
0.001450
0.001487
0.001504
0.001479
0.001498
0.001489
0.001507
0.001484
0.001491
0.001520
0.001473
0.001450
0.001497
0.001461
0.001471
0.001512
0.001525
0.001504
0.001474
0.001449
0.001453
0.001451
0.001486
0.001513
0.001484
0.001453
0.001450
0.001451
0.001453
0.001484
0.001515
0.001492
0.001466
0.001454
0.001449
0.001473
0.001508
0.001503
0.001487
0.001453
0.001449
0.001453
0.001471
0.001490
0.001506
0.001482
0.001450
0.001453
0.001450
0.001474
0.001495
0.001503
0.001487
0.001449
0.001450
0.001484
0.001507
0.001481
0.001479
0.001478
0.001453
0.001449
0.001467
0.001494
0.001482
0.001484
0.001516
0.001467
0.001450
0.001501
0.001490
0.001504
0.001488
0.001488
0.001487
0.001471
0.001476
0.001494
0.001472
0.001478
0.001491
0.001450
0.001454
0.001481
0.001488
0.001476
0.001468
0.001489
0.001479
0.001468
0.001495
0.001480
0.001450
0.001451
0.001483
0.001475
0.001472
0.001488
0.001491
0.001449
0.001450
0.001490
0.001470
0.001469
0.001492
0.001479
0.001453
0.001450
0.001490
0.001470
0.001470
0.001490
0.001453
0.001450
0.001450
0.001494
0.001483
0.001503
0.001484
0.001450
0.001507
0.001494
0.001478
0.001506
0.001490
0.001486
0.001449
0.001449
0.001452
0.001476
0.001511
0.001493
0.001481
0.001450
0.001453
0.001449
0.001470
0.001507
0.001495
0.001487
0.001472
0.001450
0.001497
0.001485
0.001493
0.001485
0.001450
0.001481
0.001476
0.001450
0.001492
0.001516
0.001505
0.001488
0.001450
0.001506
0.001515
0.001482
0.001492
0.001481
0.001450
0.001453
0.001450
0.001454
0.001483
0.001525
0.001455
0.001450
0.001450
0.001452
0.001449
0.001499
0.001521
0.001450
0.001452
0.001449
0.001449
0.001453
0.001497
0.001517
0.001453
0.001450
0.001454
0.001449
0.001450
0.001524
0.001540
0.001450
0.001453
0.001450
0.001449
0.001452
0.001514
0.001499
0.001449
0.001449
0.001452
0.001449
0.001483
0.001516
0.001492
0.001452
0.001449
0.001451
0.001454
0.001486
0.001508
0.001501
0.001507
0.001511
0.001512
0.001462
0.001495
0.001516
0.001488
0.001516
0.001479
0.001449
0.001453
0.001495
0.001495
0.001486
0.001462
0.001452
0.001450
0.001488
0.001491
0.001461
0.001500
0.001470
0.001450
0.001453
0.001492
0.001496
0.001452
0.001493
0.001466
0.001452
0.001450
0.001494
0.001495
0.001450
0.001498
0.001470
0.001450
0.001508
0.001493
0.001493
0.001485
0.001495
0.001491
0.001473
0.001484
0.001494
0.001465
0.001470
0.001486
0.001478
0.001530
0.001490
0.001495
0.001494
0.001465
0.001488
0.001489
0.001451
0.001497
0.001493
0.001450
0.001489
0.001509
0.001466
0.001506
0.001497
0.001492
0.001482
0.001450
0.001501
0.001475
0.001492
0.001499
0.001450
0.001473
0.001486
0.001486
0.001491
0.001489
0.001524
0.001496
0.001461
0.001471
0.001487
0.001487
0.001534
0.001506
0.001450
0.001494
0.001465
0.001469
0.001496
0.001511
0.001480
0.001479
0.001451
0.001490
0.001487
0.001492
0.001497
0.001450
0.001453
0.001450
0.001450
0.001475
0.001490
0.001521
0.001453
0.001450
0.001453
0.001450
0.001450
0.001495
0.001518
0.001448
0.001452
0.001449
0.001449
0.001454
0.001521
0.001490
0.001449
0.001450
0.001454
0.001450
0.001480
0.001520
0.001499
0.001453
0.001449
0.001449
0.001453
0.001481
0.001488
0.001500
0.001449
0.001450
0.001453
0.001450
0.001473
0.001486
0.001466
0.001453
0.001450
0.001449
0.001452
0.001483
0.001476
0.001454
0.001449
0.001452
0.001449
0.001450
0.001483
0.001478
0.001450
0.001452
0.001450
0.001450
0.001452
0.001478
0.001484
0.001449
0.001450
0.001452
0.001449
0.001450
0.001480
0.001480
0.001449
0.001453
0.001449
0.001452
0.001451
0.001511
0.001452
0.001450
0.001450
0.001452
0.001450
0.001453
0.001505
0.001449
0.001452
0.001450
0.001451
0.001452
0.001452
0.001503
0.001453
0.001450
0.001453
0.001450
0.001451
0.001456
0.001502
0.001450
0.001453
0.001449
0.001450
0.001452
0.001489
0.001497
0.001484
0.001449
0.001453
0.001449
0.001450
0.001489
0.001473
0.001450
0.001453
0.001449
0.001453
0.001450
0.001486
0.001477
0.001450
0.001450
0.001452
0.001449
0.001454
0.001483
0.001474
0.001452
0.001450
0.001451
0.001451
0.001472
0.001486
0.001452
0.001451
0.001450
0.001452
0.001450
0.001473
0.001487
0.001450
0.001452
0.001450
0.001449
0.001452
0.001471
0.001490
0.001449
0.001450
0.001451
0.001450
0.001448
0.001455
0.001506
0.001451
0.001454
0.001450
0.001453
0.001450
0.001491
0.001470
0.001449
0.001450
0.001455
0.001451
0.001450
0.001493
0.001468
0.001453
0.001449
0.001450
0.001452
0.001453
0.001485
0.001472
0.001450
0.001451
0.001454
0.001450
0.001484
0.001484
0.001450
0.001453
0.001449
0.001449
0.001516
0.001516
0.001483
0.001450
0.001450
0.001508
0.001450
0.001450
0.001481
0.001479
0.001451
0.001453
0.001449
0.001452
0.001450
0.001478
0.001483
0.001450
0.001450
0.001453
0.001450
0.001450
0.001510
0.001450
0.001453
0.001449
0.001450
0.001452
0.001486
0.001504
0.001452
0.001470
0.001489
0.001478
0.001449
0.001479
0.001487
0.001450
0.001453
0.001449
0.001450
0.001452
0.001453
0.001448
0.001453
0.001450
0.001454
0.001449
0.001451
0.001455
0.001449
0.001450
0.001452
0.001450
0.001449
0.001452
0.001453
0.001453
0.001449
0.001450
0.001484
0.001474
0.001451
0.001455
0.001449
0.001450
0.001453
0.001450
0.001451
0.001449
0.001453
0.001453
0.001449
0.001451
0.001452
0.001450
0.001451
0.001455
0.001450
0.001453
0.001450
0.001450
0.001453
0.001452
0.001449
0.001453
0.001450
0.001450
0.001453
0.001450
0.001455
0.001449
0.001449
0.001452
0.001450
0.001451
0.001451
0.001453
0.001450
0.001453
0.001449
0.001453
0.001449
0.001450
0.001455
0.001449
0.001450
0.001453
0.001449
0.001451
0.001479
0.001452
0.001453
0.001449
0.001450
0.001452
0.001449
0.001450
0.001456
0.001450
0.001450
0.001453
0.001448
0.001453
0.001449
0.001453
0.001452
0.001467
0.001487
0.001517
0.001466
0.001450
0.001457
0.001450
0.001476
0.001482
0.001450
0.001453
0.001449
0.001455
0.001453
0.001449
0.001450
0.001452
0.001449
0.001455
0.001448
0.001450
0.001452
0.001450
0.001450
0.001452
0.001453
0.001448
0.001510
0.001449
0.001451
0.001450
0.001450
0.001454
0.001449
0.001450
0.001452
0.001451
0.001449
0.001453
0.001452
0.001453
0.001448
0.001450
0.001452
0.001449
0.001450
0.001498
0.001466
0.001453
0.001449
0.001450
0.001452
0.001476
0.001453
0.001453
0.001450
0.001451
0.001451
0.001449
0.001455
0.001449
0.001449
0.001452
0.001450
0.001449
0.001452
0.001455
0.001447
0.001453
0.001450
0.001449
0.001453
0.001451
0.001457
0.001449
0.001450
0.001453
0.001450
0.001450
0.001452
0.001453
0.001448
0.001452
0.001450
0.001452
0.001450
0.001451
0.001455
0.001449
0.001449
0.001453
0.001450
0.001451
0.001452
0.001453
0.001452
0.001504
0.001450
0.001452
0.001450
0.001451
0.001455
0.001450
0.001450
0.001452
0.001449
0.001452
0.001450
0.001454
0.001453
0.001449
0.001450
0.001452
0.001450
0.001453
0.001452
0.001450
0.001452
0.001448
0.001449
0.001453
0.001452
0.001447
0.001453
0.001450
0.001449
0.001453
0.001451
0.001456
0.001449
0.001450
0.001452
0.001451
0.001450
0.001453
0.001454
0.001449
0.001453
0.001450
0.001454
0.001449
0.001450
0.001457
0.001449
0.001448
0.001454
0.001450
0.001450
0.001452
0.001453
0.001453
0.001450
0.001451
0.001452
0.001449
0.001449
0.001454
0.001450
0.001451
0.001453
0.001451
0.001454
0.001450
0.001453
0.001453
0.001450
0.001450
0.001453
0.001450
0.001453
0.001452
0.001450
0.001453
0.001450
0.001451
0.001452
0.001454
0.001449
0.001453
0.001450
0.001450
0.001451
0.001450
0.001457
0.001449
0.001450
0.001453
0.001450
0.001450
0.001452
0.001454
0.001450
0.001454
0.001450
0.001452
0.001450
0.001450
0.001456
0.001450
0.001449
0.001452
0.001450
0.001450
0.001526
0.001489
0.001474
0.001500
0.001451
0.001454
0.001450
0.001450
0.001464
0.001448
0.001450
0.001455
0.001450
0.001455
0.001449
0.001463
0.001454
0.001448
0.001450
0.001454
0.001450
0.001455
0.001467
0.001472
0.001492
0.001471
0.001450
0.001455
0.001457
0.001452
0.001453
0.001450
0.001450
0.001452
0.001450
0.001462
0.001457
0.001450
0.001455
0.001450
0.001451
0.001454
0.001457
0.001453
0.001452
0.001450
0.001452
0.001449
0.001451
0.001456
0.001452
0.001450
0.001453
0.001450
0.001450
0.001454
0.001452
0.001454
0.001452
0.001449
0.001453
0.001450
0.001450
0.001493
0.001466
0.001450
0.001455
0.001449
0.001452
0.001450
0.001454
0.001452
0.001450
0.001450
0.001453
0.001451
0.001454
0.001451
0.001450
0.001453
0.001449
0.001449
0.001454
0.001453
0.001450
0.001453
0.001450
0.001450
0.001452
0.001449
0.001455
0.001449
0.001450
0.001452
0.001449
0.001450
0.001452
0.001452
