0.034070
0.028853
0.027002
0.025862
0.025026
0.024573
0.024400
0.024191
0.024257
0.023865
0.023836
0.023988
0.024119
0.023786
0.023677
0.023611
0.023904
0.023625
0.023545
0.023555
0.023645
0.023622
0.023529
0.023387
0.023607
0.023673
0.023450
0.023497
0.023851
0.023554
0.023491
0.023419
0.023664
0.023646
0.023494
0.023601
0.023643
0.023566
0.023535
0.023475
0.023450
0.023631
0.023551
0.023444
0.023835
0.023560
0.023452
0.023460
0.023381
0.023409
0.023634
0.023416
0.023408
0.023370
0.023563
0.023548
0.023409
0.023358
0.023490
0.023413
0.023407
0.023418
0.023482
0.023425
0.023482
0.023463
0.023372
0.023629
0.023536
0.023472
0.024188
0.023567
0.023482
0.023407
0.023355
0.023319
0.023372
0.023388
0.023374
0.023416
0.023565
0.023274
0.023253
0.023203
0.023535
0.023424
0.023376
0.023302
0.023409
0.023276
0.023283
0.023246
0.023221
0.023382
0.023242
0.023303
0.023649
0.023639
0.023369
0.023303
0.023099
0.023442
0.023160
0.023198
0.023197
0.023289
0.023168
0.023178
0.023178
0.023268
0.023264
0.023254
0.023223
0.024112
0.023605
0.023227
0.023149
0.023205
0.023387
0.023293
0.023148
0.023228
0.023292
0.023353
0.023147
0.023154
0.023238
0.023450
0.023184
0.023210
0.023425
0.023392
0.023271
0.023154
0.023108
0.023255
0.023200
0.023289
0.023258
0.023223
0.023499
0.023236
0.023227
0.023204
0.023427
0.023238
0.023208
0.023286
0.023312
0.023228
0.023170
0.023169
0.023301
0.023284
0.023279
0.023183
0.023866
0.023504
0.023213
0.023239
0.023168
0.023366
0.023150
0.023134
0.023160
0.023505
0.023282
0.023216
0.023161
0.023187
0.023572
0.023298
0.023171
0.023174
0.023363
0.023231
0.023176
0.023148
0.023557
0.023363
0.023182
0.023336
0.023357
0.023581
0.023219
0.023198
0.023140
0.023347
0.023147
0.023173
0.023161
0.023345
0.025134
0.029149
0.026076
0.026174
0.025981
0.024818
0.024270
0.026299
0.024441
0.024792
0.025009
0.024606
0.024187
0.024320
0.024286
0.024269
0.023914
0.023968
0.023937
0.024120
0.023808
0.023881
0.023865
0.023926
0.023955
0.023707
0.023574
0.023824
0.023661
0.023704
0.023611
0.023702
0.024260
0.023698
0.023496
0.023275
0.023338
0.023314
0.023223
0.023192
0.023289
0.023430
0.023194
0.023167
0.023261
0.023360
0.023244
0.023255
0.023264
0.024088
0.023463
0.023341
0.023159
0.023377
0.023157
0.023175
0.023561
0.023500
0.023355
0.023323
0.023220
0.023189
0.023318
0.023227
0.023167
0.023265
0.023283
0.023362
0.023283
0.023228
0.023286
0.023423
0.023349
0.023274
0.023780
0.023829
0.023504
0.023430
0.023367
0.023770
0.023393
0.023362
0.023427
0.023453
0.023353
0.023467
0.023299
0.023352
0.023384
0.023367
0.023325
0.023348
0.024089
0.023658
0.023443
0.023339
0.023423
0.023346
0.023360
0.023316
0.023510
0.023362
0.023378
0.023376
0.023440
0.023406
0.023412
0.023358
0.023290
0.023796
0.023510
0.023455
0.023360
0.023568
0.023394
0.023354
0.023354
0.023487
0.023524
0.023416
0.023447
0.023498
0.023831
0.023479
0.023422
0.023319
0.023568
0.023366
0.023385
0.023380
0.023516
0.023324
0.023380
0.023379
0.023419
0.024114
0.023392
0.023457
0.023483
0.023391
0.023346
0.023367
0.023302
0.023527
0.023343
0.023268
0.023441
0.023490
0.023407
0.023408
0.023354
0.023373
0.023462
0.023376
0.023485
0.023399
0.023643
0.023454
0.023431
0.023446
0.023907
0.023574
0.023416
0.023627
0.023615
0.023379
0.023437
0.023390
0.023490
0.023502
0.023317
0.023353
0.023605
0.023481
0.023352
0.023448
0.023375
0.023592
0.024496
0.023682
0.023560
0.023533
0.023349
0.023462
0.023436
0.023464
0.023524
0.023342
0.023399
0.023554
0.023631
0.023377
0.023406
0.023410
0.023549
0.023592
0.023377
0.023405
0.023695
0.023442
0.023348
0.023426
0.023387
0.023536
0.023404
0.023357
0.023679
0.023496
0.023393
0.023434
0.023382
0.023543
0.027311
0.028752
0.025892
0.026492
0.026464
0.025681
0.025341
0.026125
0.026229
0.025134
0.025054
0.024849
0.024647
0.024566
0.024556
0.024593
0.024498
0.024539
0.024620
0.024785
0.024504
0.024371
0.024449
0.024435
0.024394
0.024403
0.024409
0.024746
0.024491
0.024532
0.024783
0.024642
0.024397
0.023897
0.023403
0.023684
0.023524
0.023445
0.023358
0.023560
0.023435
0.023362
0.023427
0.023470
0.023498
0.023466
0.023347
0.023363
0.023545
0.023354
0.024358
0.023511
0.023542
0.023502
0.023358
0.023718
0.023592
0.023425
0.023374
0.023467
0.023475
0.023789
0.023473
0.023402
0.023377
0.023581
0.023364
0.023564
0.023368
0.023568
0.023442
0.023379
0.023371
0.023712
0.024591
0.023610
0.023538
0.023476
0.023488
0.023665
0.023418
0.023388
0.023512
0.023403
0.023319
0.023437
0.023415
0.023535
0.023486
0.023337
0.023836
0.023459
0.024048
0.023518
0.023599
0.023422
0.023643
0.023755
0.023792
0.023658
0.023385
0.023448
0.023402
0.023515
0.023533
0.023500
0.023470
0.023628
0.023480
0.023451
0.023482
0.023523
0.023472
0.023528
0.023411
0.023434
0.024341
0.023538
0.023508
0.023324
0.023431
0.023443
0.023527
0.023372
0.023933
0.023485
0.023332
0.023467
0.023435
0.023327
0.023379
0.023500
0.023358
0.023466
0.023345
0.024008
0.023746
0.023527
0.023429
0.023446
0.023342
0.023453
0.023357
0.023344
0.023443
0.023311
0.023461
0.023402
0.023484
0.023324
0.023507
0.023332
0.023469
0.023481
0.023466
0.023278
0.023417
0.023482
0.023406
0.023676
0.023393
0.023340
0.023426
0.023369
0.023347
0.023393
0.023496
0.023416
0.023399
0.023362
0.023317
0.023473
0.023351
0.023358
0.023467
0.023429
0.023523
0.023549
0.024007
0.023499
0.023450
0.023406
0.023353
0.023407
0.023429
0.023470
0.023336
0.023303
0.023471
0.033779
0.030336
0.029382
0.029175
0.029022
0.028885
0.028637
0.028877
0.028948
0.028887
0.028591
0.028697
0.028745
0.028681
0.028594
0.028826
0.028834
0.030215
0.032609
0.030096
0.030526
0.030223
0.029410
0.029487
0.029256
0.029398
0.051831
0.026563
0.025184
0.024549
0.024445
0.024357
0.024305
0.024318
0.024232
0.024158
0.024086
0.024189
0.024171
0.024173
0.024114
0.024063
0.024129
0.024177
0.024068
0.024124
0.024153
0.024073
0.023954
0.023200
0.023109
0.023162
0.023175
0.023085
0.023341
0.023133
0.023070
0.023145
0.023170
0.023367
0.023121
0.023064
0.022970
0.023052
0.023253
0.023095
0.023044
0.023055
0.023039
0.022962
0.023338
0.023041
0.022953
0.023040
0.023081
0.023410
0.022930
0.022995
0.022980
0.023020
0.023085
0.023192
0.023126
0.023025
0.023004
0.023097
0.023165
0.023121
0.023057
0.022998
0.022974
0.023053
0.023038
0.023272
0.023063
0.023183
0.023131
0.023116
0.023027
0.022963
0.023124
0.023407
0.023290
0.023133
0.023009
0.022983
0.023044
0.023134
0.023020
0.023070
0.023269
0.022970
0.022924
0.022946
0.022959
0.022987
0.023035
0.023108
0.023076
0.022987
0.022979
0.022963
0.023006
0.022974
0.022996
0.022994
0.023009
0.022929
0.023172
0.023021
0.022991
0.022984
0.022964
0.022952
0.023004
0.023024
0.022992
0.022986
0.023016
0.023163
0.023015
0.022950
0.023008
0.022994
0.022959
0.022974
0.023313
0.023076
0.023097
0.023158
0.023091
0.023249
0.023119
0.023049
0.022997
0.023041
0.022953
0.022941
0.022975
0.022884
0.023085
0.023025
0.023030
0.022918
0.022971
0.022967
0.022924
0.022963
0.022910
0.022982
0.022927
0.023196
0.022978
0.022991
0.022914
0.023046
0.022978
0.022966
0.023406
0.023027
0.023046
0.023078
0.023098
0.023030
0.023057
0.022988
0.022972
0.022983
0.023011
0.023190
0.023018
0.023009
0.023148
0.023000
0.022985
0.022975
0.022933
0.023295
0.023043
0.022982
0.022967
0.022988
0.022884
0.023234
0.023340
0.023037
0.022934
0.023004
0.022934
0.022956
0.022933
0.022937
0.022958
0.023071
0.023063
0.022932
0.022978
0.022969
0.022977
0.022925
0.023031
0.022968
0.022876
0.022941
0.023180
0.023001
0.022987
0.023012
0.022988
0.026122
0.028206
0.024721
0.025453
0.024839
0.024557
0.024425
0.024997
0.024573
0.024419
0.024448
0.024501
0.024344
0.024220
0.024259
0.024471
0.024282
0.024222
0.023886
0.023265
0.023321
0.023229
0.023225
0.023181
0.023258
0.023288
0.023201
0.023126
0.023150
0.023163
0.023137
0.023095
0.023265
0.023150
0.023126
0.023125
0.023266
0.023135
0.023219
0.023104
0.023109
0.023136
0.023153
0.023131
0.023094
0.023103
0.023329
0.023317
0.023195
0.023258
0.023277
0.023185
0.023158
0.023380
0.023196
0.023111
0.023359
0.023565
0.023294
0.023213
0.023208
0.023203
0.023324
0.023203
0.023189
0.023196
0.023188
0.023213
0.023413
0.023186
0.023167
0.023164
0.023179
0.023194
0.023154
0.023167
0.023182
0.023186
0.023283
0.023305
0.023194
0.023140
0.023219
0.023251
0.023190
0.023182
0.023343
0.023202
0.023236
0.023724
0.023295
0.023249
0.023293
0.023284
0.023255
0.023034
0.022999
0.022955
0.023030
0.023093
0.023113
0.022967
0.022970
0.022998
0.022885
0.023025
0.023013
0.022998
0.022995
0.022982
0.023147
0.023064
0.022990
0.023013
0.023001
0.022970
0.022927
0.022989
0.023072
0.023012
0.022972
0.023185
0.023066
0.023008
0.023095
0.023090
0.023041
0.022977
0.022953
0.023005
0.023022
0.023121
0.023345
0.023001
0.023020
0.022944
0.023003
0.022939
0.022889
0.022954
0.023025
0.022965
0.023135
0.023038
0.022998
0.022988
0.022951
0.022978
0.022899
0.022921
0.022964
0.023022
0.023043
0.023128
0.022992
0.022992
0.023005
0.022923
0.022927
0.022963
0.023008
0.022937
0.023115
0.023139
0.023067
0.022961
0.023013
0.022956
0.022966
0.022956
0.023053
0.022975
0.022986
0.022889
0.023108
0.023302
0.023113
0.022986
0.022964
0.022976
0.022904
0.022953
0.022961
0.022990
0.022976
0.023133
0.022988
0.022965
0.022963
0.022994
0.023000
0.022886
0.022899
0.023035
0.023002
0.023055
0.023076
0.022987
0.022931
0.022987
0.023001
0.022935
0.022983
0.022948
0.022955
0.022923
0.023129
0.022981
0.022943
0.022934
0.022967
0.022967
0.022991
0.022926
0.022966
0.026601
0.028334
0.026104
0.026354
0.024656
0.023629
0.023381
0.023692
0.023354
0.023175
0.023174
0.023131
0.023245
0.023108
0.023150
0.022999
0.023081
0.023058
0.023072
0.023051
0.023039
0.023035
0.023131
0.023114
0.023288
0.023150
0.023080
0.022958
0.022974
0.022981
0.022946
0.022977
0.023009
0.023440
0.023011
0.023033
0.023051
0.023072
0.023134
0.023022
0.023021
0.023063
0.022994
0.023063
0.023136
0.023013
0.023245
0.023212
0.023182
0.023071
0.023073
0.023066
0.023170
0.022991
0.023086
0.023100
0.022993
0.023202
0.023156
0.023008
0.023022
0.022990
0.022979
0.022918
0.022958
0.023109
0.023017
0.023051
0.022964
0.022976
0.022934
0.022967
0.022912
0.022930
0.022981
0.023003
0.023039
0.022982
0.022964
0.022907
0.022969
0.022998
0.022973
0.022966
0.023002
0.022956
0.023094
0.023024
0.023390
0.023139
0.023241
0.023042
0.023057
0.023026
0.022993
0.022986
0.022965
0.023180
0.023366
0.022915
0.022974
0.023061
0.022967
0.022963
0.022982
0.022997
0.023043
0.023045
0.023085
0.022965
0.022977
0.022977
0.022992
0.023188
0.023027
0.022954
0.023009
0.022964
0.023126
0.023011
0.022944
0.022917
0.023018
0.022995
0.022987
0.022964
0.022993
0.023015
0.023013
0.023101
0.022949
0.022991
0.022927
0.023328
0.023048
0.022954
0.023025
0.023029
0.023002
0.023134
0.023071
0.022990
0.022944
0.022991
0.022944
0.022989
0.022950
0.022979
0.022951
0.022957
0.023129
0.023130
0.022962
0.022945
0.022979
0.022891
0.022940
0.022970
0.022954
0.022924
0.022966
0.023118
0.022963
0.022900
0.022902
0.022971
0.022971
0.022954
0.022976
0.022987
0.022952
0.023071
0.023070
0.023049
0.022928
0.022983
0.022915
0.023274
0.022991
0.022998
0.022979
0.023124
0.023182
0.023049
0.023056
0.022901
0.022966
0.022929
0.022979
0.022934
0.022972
0.022927
0.022927
0.023139
0.023032
0.023017
0.022949
0.022944
0.022941
0.022979
0.022946
0.022918
0.023275
0.023013
0.023064
0.022973
0.023109
0.023000
0.023041
0.022910
0.022972
0.022979
0.022907
0.022922
0.023157
0.023039
0.023223
0.029888
0.025373
0.024839
0.025521
0.024327
0.023524
0.023483
0.024415
0.023867
0.023735
0.023402
0.023491
0.023495
0.023332
0.023270
0.023349
0.023303
0.023418
0.023481
0.023346
0.023358
0.023341
0.023399
0.023283
0.023451
0.023358
0.023267
0.023269
0.023600
0.023390
0.023494
0.023389
0.023358
0.023359
0.023248
0.023203
0.023296
0.023123
0.023261
0.023149
0.023152
0.023122
0.023055
0.023075
0.023132
0.023347
0.023166
0.023104
0.023218
0.023265
0.023169
0.023120
0.023247
0.023282
0.023490
0.023102
0.023571
0.023289
0.023237
0.023134
0.023247
0.023135
0.023116
0.023223
0.023233
0.023216
0.023224
0.023201
0.023068
0.023135
0.023241
0.023121
0.023202
0.023194
0.023174
0.023228
0.023173
0.023185
0.023163
0.023188
0.023160
0.023342
0.023228
0.023199
0.023210
0.023168
0.023168
0.023159
0.023448
0.023286
0.023232
0.023287
0.023334
0.023145
0.023031
0.022993
0.023109
0.023017
0.022994
0.022921
0.022919
0.022967
0.023187
0.023014
0.022982
0.022951
0.023056
0.022940
0.022967
0.022998
0.022985
0.023017
0.023031
0.023101
0.022965
0.022967
0.022979
0.022982
0.023025
0.022925
0.022978
0.022963
0.022971
0.023100
0.023038
0.023469
0.023071
0.023004
0.022975
0.023000
0.023093
0.022992
0.023265
0.023073
0.023158
0.023015
0.023101
0.022947
0.022954
0.022970
0.023034
0.022944
0.022987
0.023024
0.023026
0.023211
0.022950
0.022995
0.022992
0.022977
0.022944
0.022966
0.022969
0.022953
0.023014
0.023053
0.023028
0.022982
0.022975
0.022937
0.022907
0.022954
0.023026
0.022911
0.023509
0.023040
0.023118
0.023007
0.022982
0.022967
0.023040
0.022991
0.023005
0.022959
0.022958
0.023258
0.023081
0.023201
0.023079
0.023002
0.023178
0.023203
0.023023
0.022972
0.022922
0.023068
0.022971
0.023078
0.023056
0.022955
0.022962
0.022941
0.022970
0.023004
0.022953
0.022917
0.022920
0.022942
0.023135
0.023012
0.022937
0.022910
0.022933
0.022968
0.022966
0.022944
0.022958
0.022959
0.022980
0.023120
0.023033
0.022948
0.022968
0.022972
0.022962
0.028348
0.027460
0.025689
0.026576
0.026025
0.024836
0.024629
0.024966
0.024465
0.024316
0.024233
0.024380
0.024277
0.024324
0.024376
0.024085
0.023989
0.024011
0.023963
0.024067
0.024006
0.024054
0.023981
0.024079
0.024200
0.024106
0.024029
0.024009
0.024039
0.023957
0.023996
0.023542
0.023051
0.023324
0.023176
0.023115
0.022995
0.022969
0.022964
0.023038
0.023001
0.023004
0.023057
0.022937
0.023035
0.023426
0.023029
0.022975
0.023013
0.023024
0.022995
0.023022
0.023020
0.023014
0.022973
0.023095
0.023450
0.023135
0.023029
0.022991
0.023000
0.023008
0.023006
0.023034
0.022971
0.022987
0.023143
0.022982
0.023033
0.023015
0.022979
0.022978
0.023000
0.022990
0.022966
0.022943
0.022922
0.023161
0.023021
0.023000
0.023025
0.022986
0.022962
0.022951
0.022912
0.022898
0.023042
0.023469
0.023284
0.023141
0.023518
0.023087
0.023090
0.023053
0.022966
0.022951
0.022890
0.023021
0.023183
0.023005
0.022987
0.023053
0.022961
0.022962
0.022924
0.022973
0.022951
0.022944
0.023014
0.023264
0.022988
0.022978
0.022975
0.023016
0.022932
0.022994
0.022993
0.023002
0.022958
0.023157
0.023057
0.022933
0.022940
0.023084
0.022947
0.022960
0.022929
0.022938
0.022948
0.022939
0.023129
0.023034
0.023262
0.023056
0.023028
0.023057
0.023069
0.023166
0.023052
0.022923
0.022868
0.023180
0.022950
0.022989
0.022986
0.022933
0.023034
0.022972
0.022967
0.022904
0.022980
0.023134
0.022983
0.022962
0.022946
0.023063
0.023152
0.023337
0.023016
0.023003
0.023078
0.023035
0.023119
0.023017
0.023045
0.022921
0.023036
0.023023
0.022962
0.022979
0.022860
0.022966
0.022976
0.023146
0.023011
0.023160
0.023043
0.023034
0.023025
0.022940
0.022966
0.022984
0.023029
0.023130
0.023293
0.023025
0.023069
0.022968
0.022980
0.022902
0.023029
0.022952
0.022907
0.022987
0.023172
0.023017
0.022890
0.022955
0.022965
0.022929
0.022954
0.022942
0.022907
0.022941
0.022972
0.023154
0.023011
0.023013
0.022963
0.022978
0.022965
0.023194
0.022977
0.022990
0.022934
0.027452
0.026952
0.028288
0.025007
0.024335
0.024178
0.024131
0.024196
0.024116
0.024071
0.024123
0.024072
0.024143
0.024022
0.024048
0.024007
0.023997
0.024014
0.024002
0.024029
0.024076
0.024087
0.024065
0.024044
0.023953
0.023980
0.024024
0.023964
0.024010
0.023977
0.024027
0.024161
0.024009
0.023637
0.023077
0.022975
0.023001
0.022992
0.022986
0.023082
0.023013
0.023189
0.023008
0.022978
0.022984
0.023278
0.023095
0.023018
0.022962
0.022957
0.023086
0.023071
0.023143
0.023118
0.023030
0.023000
0.023416
0.023024
0.023073
0.022939
0.022954
0.023018
0.023256
0.023047
0.023026
0.022989
0.022979
0.023009
0.022979
0.022999
0.022922
0.022921
0.022959
0.023124
0.023006
0.022943
0.023029
0.022945
0.023062
0.022935
0.022989
0.022952
0.022976
0.023163
0.023070
0.022978
0.023020
0.022935
0.023066
0.023124
0.023016
0.022997
0.023043
0.023050
0.023353
0.023019
0.022993
0.022940
0.022977
0.022992
0.022954
0.022910
0.022937
0.023018
0.022933
0.023129
0.022992
0.023038
0.022980
0.022984
0.022894
0.025425
0.023704
0.023336
0.023118
0.023260
0.023130
0.023066
0.023072
0.023027
0.023061
0.023036
0.022990
0.023094
0.022969
0.022959
0.023166
0.023060
0.022983
0.022977
0.022950
0.023004
0.023244
0.022979
0.023011
0.022928
0.022994
0.023272
0.023084
0.022984
0.023009
0.023295
0.023004
0.023055
0.022990
0.022974
0.022982
0.023074
0.023027
0.022992
0.023002
0.023052
0.022943
0.022913
0.022939
0.022940
0.022979
0.022914
0.023175
0.023041
0.022919
0.022973
0.022920
0.022940
0.022951
0.023032
0.022964
0.022933
0.022948
0.023133
0.023032
0.022916
0.022892
0.022973
0.022958
0.023201
0.023010
0.022953
0.022965
0.023066
0.023013
0.023008
0.022963
0.023166
0.022974
0.022961
0.022993
0.023012
0.022983
0.022936
0.023165
0.023037
0.022998
0.023020
0.022952
0.022947
0.022981
0.022971
0.022963
0.022952
0.022980
0.023205
0.022977
0.022916
0.022960
0.022938
0.022975
0.022983
0.022961
0.022973
0.023024
0.023091
0.023084
0.022947
0.022961
0.027596
0.027480
0.026625
0.025116
0.023747
0.023330
0.023578
0.023547
0.023299
0.023197
0.023217
0.023263
0.023283
0.023213
0.023266
0.023226
0.023270
0.023358
0.023142
0.023035
0.023145
0.023145
0.023111
0.023137
0.023346
0.023211
0.023156
0.023291
0.023264
0.023205
0.023146
0.023086
0.023287
0.023098
0.023083
0.023192
0.023021
0.023086
0.023326
0.023101
0.023016
0.023070
0.022982
0.022956
0.023124
0.023520
0.023328
0.023125
0.023113
0.023186
0.023236
0.023227
0.023212
0.022985
0.023185
0.022961
0.023115
0.023325
0.023041
0.023125
0.023139
0.023043
0.023008
0.023004
0.023079
0.022945
0.023034
0.023148
0.023187
0.022988
0.023193
0.022967
0.022942
0.023157
0.023031
0.023003
0.022902
0.022985
0.022975
0.023043
0.023233
0.023173
0.023172
0.023001
0.023022
0.022952
0.023034
0.022984
0.023287
0.023221
0.023124
0.023104
0.023070
0.023020
0.023088
0.023049
0.022981
0.022959
0.023056
0.023279
0.022946
