0.011365
0.010229
0.009706
0.009312
0.009237
0.009114
0.009032
0.008931
0.008845
0.008899
0.008805
0.008663
0.008724
0.008757
0.008732
0.008773
0.008699
0.008639
0.008661
0.008963
0.008681
0.008700
0.008609
0.008592
0.008607
0.008583
0.008561
0.008566
0.008541
0.008530
0.008544
0.008656
0.008676
0.008719
0.008581
0.008657
0.008574
0.008656
0.008598
0.008559
0.008530
0.008538
0.008512
0.008552
0.008524
0.008596
0.008468
0.008485
0.008444
0.008490
0.008470
0.008523
0.008533
0.008553
0.008463
0.008501
0.008531
0.008528
0.008519
0.008526
0.008529
0.008460
0.008481
0.008608
0.008689
0.008537
0.008530
0.008492
0.008486
0.008438
0.008455
0.008431
0.008514
0.008510
0.008412
0.008437
0.008430
0.008421
0.008463
0.008474
0.008481
0.008406
0.008453
0.008460
0.008458
0.008508
0.008456
0.008385
0.008384
0.008407
0.008407
0.008431
0.008461
0.008395
0.008504
0.008413
0.008411
0.008445
0.008450
0.008433
0.008342
0.008418
0.008416
0.008789
0.008644
0.008596
0.008463
0.008358
0.008374
0.008395
0.008340
0.008357
0.008361
0.008341
0.008420
0.008443
0.008422
0.008443
0.008422
0.008377
0.008378
0.008392
0.008390
0.008418
0.008535
0.008401
0.008379
0.008465
0.008419
0.008429
0.008429
0.008435
0.008431
0.008470
0.008461
0.008448
0.008462
0.008437
0.008409
0.008505
0.008450
0.008399
0.008477
0.008507
0.008445
0.008354
0.008386
0.008455
0.008408
0.008396
0.008406
0.008392
0.008395
0.008475
0.008515
0.008559
0.008529
0.008443
0.008472
0.008416
0.008372
0.008401
0.008402
0.008400
0.008341
0.008371
0.008371
0.008398
0.008389
0.008404
0.008346
0.008378
0.008383
0.008377
0.008434
0.008549
0.008380
0.008348
0.008363
0.008364
0.008461
0.008440
0.008373
0.008348
0.008335
0.008393
0.008393
0.008417
0.008393
0.008335
0.008367
0.008469
0.008407
0.008419
0.008373
0.008331
0.008366
0.008376
0.008351
0.008400
0.008409
0.008324
0.008366
0.008348
0.008407
0.008427
0.008423
0.008321
0.008637
0.008416
0.008369
0.008400
0.008393
0.008380
0.008456
0.008495
0.008429
0.008420
0.008379
0.008356
0.008321
0.008366
0.008364
0.008402
0.008399
0.008387
0.008318
0.008538
0.008358
0.008360
0.008382
0.008346
0.008333
0.008319
0.008332
0.008373
0.008412
0.008386
0.008336
0.008357
0.008355
0.008355
0.008361
0.008351
0.008362
0.008323
0.008376
0.008383
0.008394
0.008395
0.008357
0.008322
0.008362
0.008373
0.008401
0.008393
0.008383
0.008558
0.008618
0.008444
0.008408
0.008397
0.008389
0.008327
0.008373
0.008376
0.008379
0.008369
0.008424
0.008586
0.008381
0.008418
0.008450
0.008462
0.008405
0.008403
0.008341
0.008380
0.008375
0.008406
0.008517
0.008399
0.008345
0.008373
0.008343
0.008356
0.008371
0.008373
0.008344
0.008346
0.008338
0.008420
0.008435
0.008384
0.008364
0.008362
0.008386
0.008369
0.008361
0.008408
0.008382
0.008318
0.008350
0.008614
0.008467
0.008391
0.008392
0.008459
0.008359
0.008339
0.008448
0.008385
0.008404
0.008316
0.008338
0.008378
0.008366
0.008389
0.008404
0.008379
0.008343
0.008348
0.008344
0.008416
0.008360
0.008349
0.008345
0.008410
0.008409
0.008377
0.008422
0.008419
0.008314
0.008362
0.008360
0.008362
0.008393
0.008379
0.008339
0.008357
0.008368
0.008380
0.008425
0.008524
0.008360
0.008373
0.008356
0.008590
0.008381
0.008371
0.008293
0.008376
0.008386
0.008369
0.008397
0.008407
0.010761
0.011640
0.010788
0.010017
0.009147
0.008841
0.008808
0.008998
0.009632
0.008937
0.008989
0.008917
0.008692
0.008547
0.008751
0.008626
0.008619
0.008744
0.008848
0.009036
0.009434
0.009177
0.008929
0.008803
0.008758
0.008714
0.008499
0.008513
0.008457
0.008626
0.008630
0.008647
0.008700
0.008591
0.008490
0.008605
0.008591
0.008520
0.008597
0.008579
0.008766
0.008636
0.008684
0.008684
0.008685
0.008568
0.008716
0.008619
0.008611
0.008482
0.008513
0.008628
0.008583
0.008623
0.008778
0.008678
0.008630
0.008534
0.008612
0.008578
0.008579
0.008572
0.008615
0.008503
0.008507
0.008717
0.008653
0.008644
0.008520
0.008465
0.008539
0.008556
0.008569
0.008580
0.008641
0.008582
0.008565
0.008687
0.008650
0.008610
0.008523
0.008555
0.008578
0.008470
0.008596
0.008508
0.008571
0.008601
0.008856
0.008778
0.008728
0.008545
0.008714
0.008619
0.008459
0.008448
0.008462
0.008399
0.008390
0.008714
0.008664
0.008513
0.008495
0.008462
0.008397
0.008407
0.008427
0.008623
0.008455
0.008487
0.008440
0.008407
0.008568
0.008459
0.008531
0.008482
0.008462
0.008394
0.008378
0.008421
0.008435
0.008442
0.008460
0.008427
0.008453
0.008472
0.008405
0.008434
0.008478
0.008491
0.008423
0.008396
0.008436
0.008426
0.008440
0.008508
0.008537
0.008846
0.008549
0.008479
0.008457
0.008483
0.008445
0.008432
0.008416
0.008409
0.008513
0.008500
0.008516
0.008441
0.008480
0.008481
0.008459
0.008429
0.008497
0.008823
0.008553
0.008463
0.008479
0.008586
0.008605
0.008505
0.008530
0.008569
0.008445
0.008445
0.008415
0.008416
0.008460
0.008422
0.008405
0.008481
0.008402
0.008429
0.008448
0.008447
0.008394
0.008383
0.008509
0.008488
0.008456
0.008469
0.008688
0.008624
0.008580
0.008484
0.008433
0.008560
0.008547
0.008428
0.008371
0.008414
0.008411
0.008445
0.008484
0.008510
0.008413
0.008400
0.008422
0.008420
0.008466
0.008513
0.008419
0.008380
0.008421
0.008405
0.008536
0.009999
0.009028
0.008729
0.008599
0.008463
0.008497
0.008429
0.008425
0.008565
0.008482
0.008435
0.008493
0.008665
0.008586
0.008499
0.008490
0.008454
0.008402
0.008602
0.008449
0.008409
0.008442
0.008455
0.008447
0.008424
0.008589
0.008469
0.008449
0.008495
0.008439
0.008410
0.008401
0.008428
0.008410
0.008475
0.008500
0.008444
0.008404
0.008415
0.008472
0.008463
0.008504
0.008465
0.008453
0.008437
0.008530
0.008550
0.008611
0.008544
0.008529
0.008594
0.008546
0.008461
0.008426
0.008481
0.008562
0.008453
0.008565
0.008747
0.008644
0.008471
0.008590
0.008498
0.008433
0.008420
0.008544
0.008504
0.008455
0.008473
0.008466
0.008475
0.008506
0.008436
0.008461
0.008528
0.008448
0.008417
0.008507
0.008459
0.008434
0.008458
0.008506
0.008643
0.008535
0.008427
0.008441
0.008433
0.008474
0.008466
0.008445
0.008408
0.008438
0.008480
0.008487
0.008509
0.008488
0.008431
0.008404
0.008523
0.008446
0.008467
0.008465
0.008439
0.008355
0.008414
0.008430
0.008428
0.008465
0.008459
0.008389
0.008412
0.008451
0.008422
0.008470
0.008493
0.008612
0.008398
0.008472
0.008428
0.008428
0.008482
0.008548
0.008890
0.008607
0.008440
0.008450
0.008428
0.008432
0.008604
0.008502
0.008510
0.008496
0.008413
0.008531
0.008537
0.008428
0.008386
0.008610
0.008395
0.008422
0.008903
0.008649
0.008435
0.008400
0.008374
0.008370
0.008479
0.008443
0.008418
0.008358
0.008411
0.008396
0.008441
0.008484
0.008454
0.008396
0.008384
0.008403
0.008400
0.008446
0.008429
0.008399
0.008366
0.008417
0.008516
0.008430
0.008464
0.008545
0.008548
0.008408
0.008462
0.008412
0.008459
0.008435
0.008386
0.008528
0.008522
0.008439
0.008428
0.008573
0.008451
0.008373
0.008406
0.008408
0.008408
0.008455
0.008522
0.008436
0.008451
0.008409
0.008413
0.008468
0.008438
0.008444
0.008611
0.008518
0.008451
0.008422
0.008620
0.008509
0.008502
0.008549
0.008514
0.008451
0.008431
0.008471
0.008466
0.008405
0.008422
0.008425
0.008431
0.008486
0.008505
0.008759
0.008430
0.008420
0.008514
0.008446
0.008520
0.008445
0.008389
0.008388
0.008432
0.008468
0.008457
0.008471
0.008423
0.008389
0.008426
0.008431
0.008452
0.008438
0.008436
0.008382
0.008391
0.008440
0.008417
0.008500
0.008461
0.008388
0.008408
0.008420
0.008535
0.008478
0.008437
0.008437
0.008372
0.008456
0.008416
0.008512
0.008511
0.008446
0.008389
0.008401
0.008480
0.008454
0.008616
0.008465
0.008461
0.008414
0.008421
0.008465
0.008407
0.008420
0.008405
0.008378
0.008491
0.008431
0.008409
0.008432
0.008457
0.008455
0.008527
0.008434
0.008426
0.008442
0.008429
0.008430
0.008396
0.008391
0.008406
0.008427
0.008513
0.008520
0.008411
0.008415
0.008385
0.008416
0.008431
0.008412
0.008476
0.008419
0.008431
0.008412
0.008445
0.008518
0.008498
0.008501
0.008373
0.008419
0.008419
0.008462
0.008430
0.008437
0.008367
0.008416
0.008459
0.008498
0.008516
0.008466
0.008397
0.008390
0.008425
0.008412
0.008472
0.008644
0.008450
0.008393
0.008539
0.008592
0.008507
0.008458
0.008441
0.008374
0.008374
0.008396
0.008424
0.008443
0.008454
0.008416
0.008409
0.008425
0.008405
0.008401
0.008538
0.008514
0.008382
0.008408
0.008397
0.008482
0.008471
0.008457
0.008471
0.008416
0.008414
0.008425
0.008456
0.008442
0.008479
0.008389
0.008424
0.008414
0.008422
0.008726
0.008535
0.008446
0.008387
0.008532
0.008472
0.008454
0.008452
0.008425
0.008391
0.008477
0.008428
0.008459
0.008453
0.008466
0.008399
0.008391
0.008391
0.008399
0.008439
0.008434
0.008402
0.008351
0.008668
0.008447
0.008406
0.008580
0.010441
0.011706
0.010628
0.009850
0.009030
0.008751
0.008928
0.008834
0.008824
0.008804
0.008992
0.008977
0.009906
0.009076
0.008583
0.008604
0.008539
0.008569
0.008652
0.008969
0.009287
0.017518
0.011963
0.009048
0.008600
0.008465
0.008363
0.008535
0.008586
0.008575
0.008474
0.008494
0.008628
0.008507
0.008955
0.008987
0.008957
0.008705
0.008475
0.008477
0.008492
0.008691
0.008542
0.008455
0.008783
0.008781
0.008538
0.008411
0.008303
0.008487
0.008378
0.008463
0.008536
0.008439
0.008416
0.008382
0.008529
0.008461
0.008493
0.008445
0.008661
0.008923
0.008587
0.008426
0.008393
0.008482
0.008441
0.008607
0.008490
0.008506
0.008425
0.008430
0.008742
0.008723
0.008414
0.008426
0.008385
0.008393
0.008379
0.008436
0.008581
0.008347
0.008441
0.008463
0.008379
0.008477
0.008405
0.008386
0.008350
0.008408
0.008370
0.008375
0.008377
0.008365
0.008341
0.008488
0.008372
0.008365
0.008383
0.008417
0.008582
0.008602
0.008653
0.008594
0.008554
0.008492
0.008378
0.008387
0.008367
0.008374
0.008346
0.008605
0.008434
0.008503
0.008399
0.008466
0.008400
0.008405
0.008433
0.008447
0.008362
0.008388
0.008381
0.008430
0.008568
0.008372
0.008324
0.008371
0.008366
0.008345
0.008425
0.008383
0.008361
0.008383
0.008385
0.008447
0.008457
0.008435
0.008517
0.008402
0.008439
0.008463
0.008414
0.008520
0.008434
0.008366
0.008386
0.008542
0.008573
0.008571
0.008554
0.008430
0.008386
0.008397
0.008538
0.008548
0.008471
0.008419
0.008370
0.008384
0.008424
0.008404
0.008428
0.008422
0.008370
0.008384
0.008440
0.008395
0.008410
0.008398
0.008407
0.008563
0.008571
0.008456
0.008410
0.008393
0.008351
0.008426
0.008357
0.008399
0.008355
0.008400
0.008371
0.008354
0.008378
0.008319
0.008345
0.008453
0.008372
0.008326
0.008318
0.008339
0.008336
0.008420
0.008385
0.008350
0.008455
0.008435
0.008399
0.008401
0.008388
0.008385
0.008325
0.008372
0.008558
0.008409
0.008452
0.008458
0.008324
0.008353
0.008396
0.008423
0.008422
0.008408
0.008348
0.008345
0.008355
0.008345
0.008410
0.008419
0.008392
0.008482
0.008401
0.008405
0.008386
0.008428
0.008409
0.008370
0.008409
0.008393
0.008410
0.008710
0.008479
0.008678
0.008489
0.008441
0.008500
0.008444
0.008437
0.008426
0.008376
0.008388
0.008457
0.008432
0.008422
0.008505
0.008343
0.008377
0.008364
0.008366
0.008369
0.008357
0.008343
0.008450
0.008345
0.008397
0.008406
0.008487
0.008396
0.008350
0.008367
0.008620
0.008460
0.008460
0.008420
0.008560
0.008599
0.008483
0.008463
0.008560
0.008412
0.008369
0.008329
0.008355
0.008386
0.008372
0.008459
0.008382
0.008354
0.008395
0.008332
0.008342
0.008366
0.008357
0.008326
0.008362
0.008357
0.008355
0.008442
0.008377
0.008335
0.008368
0.008390
0.008490
0.008462
0.008448
0.008408
0.008375
0.008408
0.008483
0.008458
0.008448
0.008473
0.008353
0.008365
0.008382
0.008475
0.008718
0.008450
0.008365
0.008329
0.008361
0.008367
0.008393
0.008471
0.008411
0.008341
0.008358
0.008414
0.008368
0.008403
0.008398
0.008319
0.008390
0.008392
0.008401
0.008444
0.008398
0.008364
0.008377
0.008373
0.008377
0.008409
0.008389
0.008344
0.008349
0.008378
0.008399
0.008451
0.008542
0.008443
0.008349
0.008464
0.008417
0.008366
0.008381
0.008336
0.008295
0.008346
0.008340
0.008564
0.008470
0.008474
0.008372
0.008389
0.008365
0.008480
0.008431
0.008445
0.008361
0.008369
0.008439
0.008422
0.008373
0.008349
0.008379
0.008375
0.008395
0.008349
0.008385
0.008372
0.008344
0.008346
0.008344
0.008392
0.008406
0.008408
0.008386
0.008316
0.008370
0.008380
0.008356
0.008379
0.008370
0.008305
0.008334
0.008397
0.008488
0.008541
0.008420
0.008378
0.008421
0.008393
0.008392
0.008404
0.008404
0.008383
0.008435
0.008430
0.008376
0.008404
0.008388
0.008428
0.008425
0.008380
0.008385
0.008384
0.008425
0.008386
0.008457
0.008505
0.008410
0.008392
0.008397
0.008395
0.008407
0.008373
0.008382
0.008389
0.008376
0.008363
0.008478
0.008407
0.008468
0.008421
0.008482
0.008452
0.008418
0.008375
0.008370
0.008371
0.008385
0.008420
0.008477
0.008351
0.008338
0.008392
0.008360
0.008367
0.008380
0.008352
0.008329
0.008347
0.008354
0.008621
0.008468
0.008452
0.008495
0.008493
0.008490
0.008435
0.008428
0.008431
0.008401
0.008390
0.008390
0.008454
0.008537
0.008402
0.008380
0.008345
0.008346
0.008358
0.008430
0.008441
0.008412
0.008310
0.008348
0.008426
0.008416
0.008619
0.008426
0.008402
0.008330
0.008366
0.008369
0.008400
0.008381
0.008395
0.008362
0.008363
0.008392
0.008420
0.008439
0.008405
0.008367
0.008385
0.008403
0.008446
0.008481
0.008432
0.008399
0.008564
0.008502
0.008404
0.008434
0.008366
0.008300
0.008777
0.008662
0.008528
0.008658
0.008476
0.008604
0.008466
0.008486
0.008600
0.008473
0.008432
0.008436
0.008442
0.008395
0.008407
0.008426
0.008392
0.008491
0.008567
0.008380
0.008362
0.008414
0.008406
0.008403
0.008428
0.008410
0.008374
0.008417
0.008393
0.008425
0.008465
0.008382
0.008332
0.008449
0.008355
0.008380
0.008392
0.008391
0.008390
0.008354
0.008363
0.008359
0.008769
0.010485
0.009782
0.009286
0.008844
0.008621
0.008679
0.008393
0.008537
0.009261
0.009416
0.009332
0.011358
0.011967
0.011332
0.012352
0.011921
0.010179
0.009056
0.009127
0.008752
0.008742
0.008634
0.008620
0.008553
0.008612
0.008555
0.009780
0.011759
0.009923
0.008840
0.008589
0.008713
0.008659
0.008609
0.008564
0.008571
0.008557
0.008583
0.008460
0.008521
0.008496
0.008497
0.008589
0.008535
0.010214
0.011577
0.010086
0.009481
0.009171
0.009098
0.009026
0.009326
0.009244
0.008715
0.008657
0.008862
0.009021
0.008812
0.008607
0.008752
0.008950
0.008688
0.008851
0.009485
0.009086
0.008918
0.009280
0.009027
0.008851
0.009085
0.009550
0.008864
0.008649
0.008657
0.008635
0.010510
0.012522
0.010021
0.013596
0.016343
0.013518
0.009760
0.008750
0.008699
0.008542
0.008477
0.008514
0.008601
0.008564
0.008536
0.008498
0.013744
0.013683
0.012599
0.010542
0.009093
0.008771
0.008670
0.008740
0.008709
0.008987
0.009509
0.009252
0.011387
0.010150
0.009317
0.008932
0.008633
0.009468
0.008967
0.008646
0.008537
0.008582
0.008824
0.010508
0.009867
0.009971
0.011079
0.010669
0.009914
0.009027
0.008814
0.008712
0.008638
0.008503
0.008696
0.009237
0.009237
0.009437
0.011493
0.009754
0.009175
0.009118
0.008805
0.008606
0.008697
0.010518
0.010166
0.009046
0.008626
0.008633
0.008585
0.009846
0.010149
0.009766
0.010956
0.010523
0.010035
0.009174
0.008696
0.008812
0.008488
0.008542
0.008546
0.009137
0.009175
0.009235
0.011374
0.009698
0.009125
0.009079
0.009106
0.009438
0.008817
0.008555
0.008517
0.008483
0.008936
0.010543
0.009820
0.010242
0.010483
0.010434
0.009784
0.009155
0.008605
0.008487
0.008583
0.008611
0.008815
0.009317
0.009192
0.009956
0.011108
0.010600
0.010894
0.010963
0.010873
0.009572
0.008868
0.008730
0.008672
0.009569
0.010422
0.009812
0.010910
0.010517
0.010228
0.009358
0.008936
0.008671
0.008545
0.008582
0.008617
0.009149
0.009347
0.009320
0.011512
0.010782
0.010791
0.010713
0.010810
0.009768
0.009044
0.008719
0.008717
0.009644
0.010857
0.010029
0.010634
0.009800
0.010326
0.009538
0.009114
0.008836
0.008767
0.008553
0.008671
0.008981
0.009324
0.009117
0.010395
0.010154
0.009219
0.009008
0.008707
0.008680
0.009654
0.008903
0.008662
0.008591
0.008682
0.009328
0.010436
0.009790
0.010496
0.010518
0.010333
0.009486
0.008904
0.008624
0.008712
0.008636
0.008717
0.009082
0.009286
0.009384
0.010772
0.010022
0.009411
0.008817
0.008684
0.009679
0.009022
0.008677
0.008666
0.008561
0.008897
0.010363
0.009676
0.010019
0.010570
0.010588
0.009833
0.009252
0.008753
0.008682
0.008576
0.008570
0.008796
0.009257
0.009280
0.009549
0.010912
0.009970
0.009432
0.008968
0.008658
0.009658
0.008968
0.008699
0.008593
0.008650
0.009724
0.010247
0.009827
0.010641
0.010481
0.010152
0.009178
0.008858
0.008678
0.008657
0.008543
0.008656
0.009301
0.009440
0.009385
0.010743
0.009820
0.009180
0.008941
0.008765
0.009402
0.009045
0.008714
0.008633
0.008647
0.009142
0.010581
0.009847
0.010381
0.010362
0.010480
0.009567
0.009189
0.008746
0.008618
0.008548
0.008611
0.009006
0.009237
0.009238
0.010604
0.010054
0.009336
0.008891
0.008772
0.009405
0.008941
0.008713
0.008745
0.008725
0.008872
0.010430
0.009719
0.009885
0.010574
0.010799
0.009908
0.009309
0.008889
0.008561
0.008636
0.008500
0.008888
0.009420
0.009256
0.010732
0.010590
0.010521
0.010542
0.010882
0.010507
0.009093
0.008652
0.008575
0.008823
0.010704
0.009844
0.010299
0.009894
0.009044
0.008656
0.008545
0.008497
0.008519
0.008740
0.008660
0.008605
0.008559
0.008526
0.008594
0.008558
0.008497
0.008531
0.008501
0.008376
0.008289
0.008298
0.008294
0.008428
0.008563
0.008391
0.008442
0.008312
0.008330
0.008321
0.008340
0.008265
0.008289
0.008281
0.008275
0.008345
0.008338
0.008322
0.008299
0.008398
0.008376
0.008407
0.008340
0.008355
0.008300
0.008326
0.008295
0.008393
0.008383
0.008334
0.008313
0.008317
0.008302
0.008301
0.008298
0.008293
0.008305
0.008309
0.008311
0.008334
0.008332
0.008285
0.008363
0.008379
0.008396
0.008324
0.008418
0.008312
0.008315
0.008313
0.008538
0.008499
0.008380
0.008318
0.008383
0.008291
0.008278
0.008268
0.008365
0.008292
0.008263
0.008293
0.008304
0.008343
0.008345
0.008299
0.008309
0.008297
0.008287
0.008280
0.008502
0.008368
0.008319
0.008409
0.008320
0.008346
0.008357
0.008482
0.008427
0.008354
0.008326
0.008294
0.008307
0.008301
0.008299
0.008305
0.008299
0.008339
0.008320
0.008387
0.008322
0.008323
0.008319
0.008312
0.008468
0.008405
0.008439
0.008347
0.008307
0.008332
0.008370
0.008367
0.008308
0.008323
0.008341
0.008303
0.008362
0.008298
0.008286
0.008305
0.008314
0.008411
0.008388
0.008414
0.008414
0.008378
0.008384
0.008321
0.008306
0.008391
0.008317
0.008306
0.008299
0.008323
0.008391
0.008305
0.008361
0.008318
